0.10000000 189942546648.18954468
0.10100000 166895066625.14022827
0.10200000 146831143775.61849976
0.10300000 129340787993.00958252
0.10400000 114073554017.34655762
0.10500000 100729436348.06796265
0.10600000 89051225068.87226868
0.10700000 78818077363.95797729
0.10800000 69840102450.02085876
0.10900000 61953792765.65779877
0.11000000 55018163031.07830048
0.11100000 48911482407.31421661
0.11200000 43528504404.78926086
0.11300000 38778115190.43227386
0.11400000 34581334146.64725494
0.11500000 30869611451.71773911
0.11600000 27583376491.49584198
0.11700000 24670798411.48880386
0.11800000 22086726349.66400909
0.11900000 19791782076.26672745
0.12000000 17751582089.89337158
0.12100000 15936069828.25556946
0.12200000 14318941669.99441338
0.12300000 12877152931.24446297
0.12400000 11590492180.30269241
0.12500000 10441213974.09281731
0.12600000 9413721617.60491180
0.12700000 8494292808.85180664
0.12800000 7670842095.83227730
0.12900000 6932714970.65246201
0.13000000 6270509186.03333378
0.13100000 5675919523.14786053
0.13200000 5141602785.61298847
0.13300000 4661060257.97312355
0.13400000 4228535261.08089304
0.13500000 3838923772.22888279
0.13600000 3487696363.78399324
0.13700000 3170829958.03747511
0.13800000 2884748104.40818882
0.13900000 2626268663.40943575
0.14000000 2392557934.44899321
0.14100000 2181090395.40671110
0.14200000 1989613334.25866008
0.14300000 1816115749.52736926
0.14400000 1658800979.35090828
0.14500000 1516062590.44383717
0.14600000 1386463119.83786368
0.14700000 1268715315.45641065
0.14800000 1161665567.50091386
0.14900000 1064279262.33447790
0.15000000 975627824.91620147
0.15100000 894877245.61460495
0.15200000 821277913.04998946
0.15300000 754155597.02974331
0.15400000 692903445.11562800
0.15500000 636974873.29920816
0.15600000 585877246.00504923
0.15700000 539166253.48707831
0.15800000 496440905.88574386
0.15900000 457339072.99136931
0.16000000 421533507.30095798
0.16100000 388728295.42433578
0.16200000 358655689.43134391
0.16300000 331073275.45614433
0.16400000 305761441.89248925
0.16500000 282521113.91586894
0.16600000 261171724.93348217
0.16700000 241549398.95919371
0.16800000 223505320.89729992
0.16900000 206904274.34744585
0.17000000 191623328.85816935
0.17100000 177550660.59720406
0.17200000 164584492.20675570
0.17300000 152632139.20101947
0.17400000 141609151.66699758
0.17500000 131438541.27072397
0.17600000 122050084.66893445
0.17700000 113379695.39826639
0.17800000 105368857.17524114
0.17900000 97964112.30376631
0.18000000 91116599.56423856
0.18100000 84781636.55965392
0.18200000 78918342.02833398
0.18300000 73489294.10776049
0.18400000 68460220.95644082
0.18500000 63799720.51674148
0.18600000 59479006.53653995
0.18700000 55471678.26603930
0.18800000 51753511.51229393
0.18900000 48302268.97154593
0.19000000 45097527.97158732
0.19100000 42120523.94588119
0.19200000 39354008.13060289
0.19300000 36782118.12732244
0.19400000 34390260.10970451
0.19500000 32165001.57409170
0.19600000 30093973.64270487
0.19700000 28165782.02580412
0.19800000 26369925.83672346
0.19900000 24696723.53229425
0.20000000 23137245.32176711
0.20100000 21683251.45077784
0.20200000 20327135.82393827
0.20300000 19061874.48093962
0.20400000 17880978.48723533
0.20500000 16778450.84195540
0.20600000 15748747.04317281
0.20700000 14786738.98441774
0.20800000 13887681.88679917
0.20900000 13047183.99858199
0.21000000 12261178.81888556
0.21100000 11525899.62458706
0.21200000 10837856.09977153
0.21300000 10193812.88538756
0.21400000 9590769.88333706
0.21500000 9025944.16422316
0.21600000 8496753.34155781
0.21700000 8000800.28753092
0.21800000 7535859.07658925
0.21900000 7099862.05318120
0.22000000 6690887.92919142
0.22100000 6307150.82491014
0.22200000 5946990.17493666
0.22300000 5608861.42727820
0.22400000 5291327.47014145
0.22500000 4993050.72658305
0.22600000 4712785.86234153
0.22700000 4449373.05686482
0.22800000 4201731.79181820
0.22900000 3968855.11524686
0.23000000 3749804.34311057
0.23100000 3543704.16313743
0.23200000 3349738.10888816
0.23300000 3167144.37460873
0.23400000 2995211.94389976
0.23500000 2833277.00746897
0.23600000 2680719.64727639
0.23700000 2536960.76624871
0.23800000 2401459.24444592
0.23900000 2273709.30412288
0.24000000 2153238.06755611
0.24100000 2039603.29281110
0.24200000 1932391.27382123
0.24300000 1831214.89224318
0.24400000 1735711.80955673
0.24500000 1645542.78879523
0.24600000 1560390.13613511
0.24700000 1479956.25334521
0.24800000 1403962.29280500
0.24900000 1332146.90745089
0.25000000 1264265.08860668
0.25100000 1200087.08520201
0.25200000 1139397.39838649
0.25300000 1081993.84600937
0.25400000 1027686.69186024
0.25500000 976297.83495724
0.25600000 927660.05452872
0.25700000 881616.30666577
0.25800000 838019.06892731
0.25900000 796729.72946027
0.26000000 757618.01745560
0.26100000 720561.47199907
0.26200000 685444.94659518
0.26300000 652160.14684496
0.26400000 620605.19894471
0.26500000 590684.24684521
0.26600000 562307.07606959
0.26700000 535388.76233460
0.26800000 509849.34325567
0.26900000 485613.51154085
0.27000000 462610.32819459
0.27100000 440772.95435894
0.27200000 420038.40051839
0.27300000 400347.29188613
0.27400000 381643.64887358
0.27500000 363874.68162356
0.27600000 346990.59765947
0.27700000 330944.42177007
0.27800000 315691.82731110
0.27900000 301190.97816295
0.28000000 287402.38063615
0.28100000 274288.74466635
0.28200000 261814.85368589
0.28300000 249947.44260150
0.28400000 238655.08334703
0.28500000 227908.07751665
0.28600000 217678.35561784
0.28700000 207939.38251478
0.28800000 198666.06866210
0.28900000 189834.68675615
0.29000000 181422.79345585
0.29100000 173409.15584893
0.29200000 165773.68236089
0.29300000 158497.35782440
0.29400000 151562.18244564
0.29500000 144951.11442146
0.29600000 138648.01597779
0.29700000 132637.60261473
0.29800000 126905.39535771
0.29900000 121437.67582768
0.30000000 116221.44395509
0.30100000 111244.37817409
0.30200000 106494.79794393
0.30300000 101961.62845440
0.30400000 97634.36738146
0.30500000 93503.05356778
0.30600000 89558.23751099
0.30700000 85790.95354974
0.30800000 82192.69364500
0.30900000 78755.38266029
0.31000000 75471.35505059
0.31100000 72333.33287566
0.31200000 69334.40505849
0.31300000 66468.00781473
0.31400000 63727.90618362
0.31500000 61108.17659504
0.31600000 58603.19041180
0.31700000 56207.59838944
0.31800000 53916.31600005
0.31900000 51724.50956933
0.32000000 49627.58317964
0.32100000 47621.16629447
0.32200000 45701.10206243
0.32300000 43863.43626166
0.32400000 42104.40684774
0.32500000 40420.43407026
0.32600000 38808.11112581
0.32700000 37264.19531649
0.32800000 35785.59968530
0.32900000 34369.38510139
0.33000000 33012.75276960
0.33100000 31713.03714042
0.33200000 30467.69919793
0.33300000 29274.32010435
0.33400000 28130.59518144
0.33500000 27034.32820981
0.33600000 25983.42602865
0.33700000 24975.89341903
0.33800000 24009.82825526
0.33900000 23083.41690948
0.34000000 22194.92989553
0.34100000 21342.71773906
0.34200000 20525.20706144
0.34300000 19740.89686592
0.34400000 18988.35501499
0.34500000 18266.21488857
0.34600000 17573.17221328
0.34700000 16907.98205369
0.34800000 16269.45595655
0.34900000 15656.45924022
0.35000000 15067.90842115
0.35100000 14502.76877040
0.35200000 13960.05199309
0.35300000 13438.81402445
0.35400000 12938.15293616
0.35500000 12457.20694720
0.35600000 11995.15253387
0.35700000 11551.20263354
0.35800000 11124.60493739
0.35900000 10714.64026754
0.36000000 10320.62103405
0.36100000 9941.88976768
0.36200000 9577.81772468
0.36300000 9227.80355958
0.36400000 8891.27206276
0.36500000 8567.67295936
0.36600000 8256.47976637
0.36700000 7957.18870501
0.36800000 7669.31766554
0.36900000 7392.40522184
0.37000000 7126.00969325
0.37100000 6869.70825132
0.37200000 6623.09606911
0.37300000 6385.78551108
0.37400000 6157.40536132
0.37500000 5937.60008837
0.37600000 5726.02914477
0.37700000 5522.36629956
0.37800000 5326.29900215
0.37900000 5137.52777601
0.38000000 4955.76564066
0.38100000 4780.73756070
0.38200000 4612.17992029
0.38300000 4449.84002219
0.38400000 4293.47560986
0.38500000 4142.85441163
0.38600000 3997.75370588
0.38700000 3857.95990621
0.38800000 3723.26816549
0.38900000 3593.48199818
0.39000000 3468.41291971
0.39100000 3347.88010229
0.39200000 3231.71004642
0.39300000 3119.73626714
0.39400000 3011.79899450
0.39500000 2907.74488750
0.39600000 2807.42676089
0.39700000 2710.70332418
0.39800000 2617.43893235
0.39900000 2527.50334764
0.40000000 2440.77151195
0.40100000 2357.12332935
0.40200000 2276.44345818
0.40300000 2198.62111237
0.40400000 2123.54987147
0.40500000 2051.12749909
0.40600000 1981.25576921
0.40700000 1913.84030019
0.40800000 1848.79039591
0.40900000 1786.01889394
0.41000000 1725.44202022
0.41100000 1666.97925005
0.41200000 1610.55317515
0.41300000 1556.08937635
0.41400000 1503.51630183
0.41500000 1452.76515061
0.41600000 1403.76976092
0.41700000 1356.46650345
0.41800000 1310.79417913
0.41900000 1266.69392116
0.42000000 1224.10910135
0.42100000 1182.98524031
0.42200000 1143.26992149
0.42300000 1104.91270878
0.42400000 1067.86506770
0.42500000 1032.08028973
0.42600000 997.51341997
0.42700000 964.12118768
0.42800000 931.86193982
0.42900000 900.69557730
0.43000000 870.58349388
0.43100000 841.48851764
0.43200000 813.37485479
0.43300000 786.20803588
0.43400000 759.95486414
0.43500000 734.58336602
0.43600000 710.06274373
0.43700000 686.36332963
0.43800000 663.45654265
0.43900000 641.31484633
0.44000000 619.91170864
0.44100000 599.22156339
0.44200000 579.21977326
0.44300000 559.88259425
0.44400000 541.18714157
0.44500000 523.11135697
0.44600000 505.63397729
0.44700000 488.73450433
0.44800000 472.39317588
0.44900000 456.59093792
0.45000000 441.30941796
0.45100000 426.53089936
0.45200000 412.23829675
0.45300000 398.41513234
0.45400000 385.04551324
0.45500000 372.11410962
0.45600000 359.60613373
0.45700000 347.50731978
0.45800000 335.80390457
0.45900000 324.48260888
0.46000000 313.53061959
0.46100000 302.93557249
0.46200000 292.68553579
0.46300000 282.76899422
0.46400000 273.17483373
0.46500000 263.89232687
0.46600000 254.91111865
0.46700000 246.22121293
0.46800000 237.81295944
0.46900000 229.67704116
0.47000000 221.80446229
0.47100000 214.18653659
0.47200000 206.81487625
0.47300000 199.68138110
0.47400000 192.77822831
0.47500000 186.09786238
0.47600000 179.63298561
0.47700000 173.37654887
0.47800000 167.32174271
0.47900000 161.46198883
0.48000000 155.79093187
0.48100000 150.30243149
0.48200000 144.99055476
0.48300000 139.84956879
0.48400000 134.87393373
0.48500000 130.05829591
0.48600000 125.39748130
0.48700000 120.88648926
0.48800000 116.52048637
0.48900000 112.29480066
0.49000000 108.20491593
0.49100000 104.24646634
0.49200000 100.41523113
0.49300000 96.70712967
0.49400000 93.11821651
0.49500000 89.64467674
0.49600000 86.28282150
0.49700000 83.02908358
0.49800000 79.88001327
0.49900000 76.83227431
0.50000000 73.88263999
0.50100000 71.02798941
0.50200000 68.26530383
0.50300000 65.59166322
0.50400000 63.00424287
0.50500000 60.50031016
0.50600000 58.07722142
0.50700000 55.73241892
0.50800000 53.46342795
0.50900000 51.26785402
0.51000000 49.14338017
0.51100000 47.08776431
0.51200000 45.09883675
0.51300000 43.17449775
0.51400000 41.31271516
0.51500000 39.51152217
0.51600000 37.76901514
0.51700000 36.08335147
0.51800000 34.45274756
0.51900000 32.87547686
0.52000000 31.34986801
0.52100000 29.87430293
0.52200000 28.44721511
0.52300000 27.06708791
0.52400000 25.73245289
0.52500000 24.44188822
0.52600000 23.19401717
0.52700000 21.98750659
0.52800000 20.82106553
0.52900000 19.69344380
0.53000000 18.60343069
0.53100000 17.54985365
0.53200000 16.53157704
0.53300000 15.54750095
0.53400000 14.59656003
0.53500000 13.67772234
0.53600000 12.78998833
0.53700000 11.93238972
0.53800000 11.10398854
0.53900000 10.30387611
0.54000000 9.53117213
0.54100000 8.78502377
0.54200000 8.06460473
0.54300000 7.36911446
0.54400000 6.69777730
0.54500000 6.04984167
0.54600000 5.42457931
0.54700000 4.82128457
0.54800000 4.23927363
0.54900000 3.67788385
0.55000000 3.13647307
0.55100000 2.61441896
0.55200000 2.11111843
0.55300000 1.62598696
0.55400000 1.15845805
0.55500000 0.70798265
0.55600000 0.27402861
0.55700000 -0.14391990
0.55800000 -0.54636281
0.55900000 -0.93378475
0.56000000 -1.30665546
0.56100000 -1.66543029
0.56200000 -2.01055065
0.56300000 -2.34244443
0.56400000 -2.66152643
0.56500000 -2.96819878
0.56600000 -3.26285132
0.56700000 -3.54586200
0.56800000 -3.81759721
0.56900000 -4.07841220
0.57000000 -4.32865137
0.57100000 -4.56864865
0.57200000 -4.79872779
0.57300000 -5.01920268
0.57400000 -5.23037770
0.57500000 -5.43254794
0.57600000 -5.62599953
0.57700000 -5.81100993
0.57800000 -5.98784815
0.57900000 -6.15677506
0.58000000 -6.31804361
0.58100000 -6.47189905
0.58200000 -6.61857924
0.58300000 -6.75831480
0.58400000 -6.89132938
0.58500000 -7.01783984
0.58600000 -7.13805648
0.58700000 -7.25218323
0.58800000 -7.36041785
0.58900000 -7.46295212
0.59000000 -7.55997200
0.59100000 -7.65165784
0.59200000 -7.73818451
0.59300000 -7.81972163
0.59400000 -7.89643364
0.59500000 -7.96848003
0.59600000 -8.03601547
0.59700000 -8.09918994
0.59800000 -8.15814889
0.59900000 -8.21303335
0.60000000 -8.26398011
0.60100000 -8.31112180
0.60200000 -8.35458704
0.60300000 -8.39450055
0.60400000 -8.43098328
0.60500000 -8.46415251
0.60600000 -8.49412198
0.60700000 -8.52100197
0.60800000 -8.54489940
0.60900000 -8.56591798
0.61000000 -8.58415825
0.61100000 -8.59971770
0.61200000 -8.61269087
0.61300000 -8.62316940
0.61400000 -8.63124217
0.61500000 -8.63699534
0.61600000 -8.64051246
0.61700000 -8.64187451
0.61800000 -8.64116003
0.61900000 -8.63844513
0.62000000 -8.63380363
0.62100000 -8.62730708
0.62200000 -8.61902482
0.62300000 -8.60902409
0.62400000 -8.59737007
0.62500000 -8.58412593
0.62600000 -8.56935290
0.62700000 -8.55311033
0.62800000 -8.53545574
0.62900000 -8.51644489
0.63000000 -8.49613179
0.63100000 -8.47456882
0.63200000 -8.45180670
0.63300000 -8.42789460
0.63400000 -8.40288017
0.63500000 -8.37680957
0.63600000 -8.34972751
0.63700000 -8.32167732
0.63800000 -8.29270099
0.63900000 -8.26283916
0.64000000 -8.23213124
0.64100000 -8.20061536
0.64200000 -8.16832848
0.64300000 -8.13530639
0.64400000 -8.10158373
0.64500000 -8.06719407
0.64600000 -8.03216990
0.64700000 -7.99654267
0.64800000 -7.96034284
0.64900000 -7.92359990
0.65000000 -7.88634239
0.65100000 -7.84859792
0.65200000 -7.81039323
0.65300000 -7.77175418
0.65400000 -7.73270582
0.65500000 -7.69327235
0.65600000 -7.65347720
0.65700000 -7.61334305
0.65800000 -7.57289180
0.65900000 -7.53214466
0.66000000 -7.49112212
0.66100000 -7.44984402
0.66200000 -7.40832950
0.66300000 -7.36659709
0.66400000 -7.32466469
0.66500000 -7.28254961
0.66600000 -7.24026854
0.66700000 -7.19783765
0.66800000 -7.15527253
0.66900000 -7.11258824
0.67000000 -7.06979933
0.67100000 -7.02691985
0.67200000 -6.98396334
0.67300000 -6.94094289
0.67400000 -6.89787112
0.67500000 -6.85476021
0.67600000 -6.81162192
0.67700000 -6.76846755
0.67800000 -6.72530805
0.67900000 -6.68215392
0.68000000 -6.63901532
0.68100000 -6.59590201
0.68200000 -6.55282342
0.68300000 -6.50978859
0.68400000 -6.46680626
0.68500000 -6.42388483
0.68600000 -6.38103236
0.68700000 -6.33825663
0.68800000 -6.29556511
0.68900000 -6.25296497
0.69000000 -6.21046312
0.69100000 -6.16806616
0.69200000 -6.12578047
0.69300000 -6.08361215
0.69400000 -6.04156704
0.69500000 -5.99965076
0.69600000 -5.95786868
0.69700000 -5.91622596
0.69800000 -5.87472752
0.69900000 -5.83337809
0.70000000 -5.79218217
0.70100000 -5.75114407
0.70200000 -5.71026791
0.70300000 -5.66955763
0.70400000 -5.62901696
0.70500000 -5.58864948
0.70600000 -5.54845858
0.70700000 -5.50844750
0.70800000 -5.46861932
0.70900000 -5.42897694
0.71000000 -5.38952315
0.71100000 -5.35026056
0.71200000 -5.31119165
0.71300000 -5.27231876
0.71400000 -5.23364412
0.71500000 -5.19516980
0.71600000 -5.15689776
0.71700000 -5.11882985
0.71800000 -5.08096778
0.71900000 -5.04331318
0.72000000 -5.00586754
0.72100000 -4.96863227
0.72200000 -4.93160865
0.72300000 -4.89479790
0.72400000 -4.85820111
0.72500000 -4.82181930
0.72600000 -4.78565339
0.72700000 -4.74970422
0.72800000 -4.71397254
0.72900000 -4.67845902
0.73000000 -4.64316427
0.73100000 -4.60808881
0.73200000 -4.57323308
0.73300000 -4.53859747
0.73400000 -4.50418229
0.73500000 -4.46998779
0.73600000 -4.43601416
0.73700000 -4.40226151
0.73800000 -4.36872992
0.73900000 -4.33541939
0.74000000 -4.30232989
0.74100000 -4.26946132
0.74200000 -4.23681352
0.74300000 -4.20438632
0.74400000 -4.17217945
0.74500000 -4.14019265
0.74600000 -4.10842557
0.74700000 -4.07687785
0.74800000 -4.04554907
0.74900000 -4.01443879
0.75000000 -3.98354651
0.75100000 -3.95287172
0.75200000 -3.92241385
0.75300000 -3.89217233
0.75400000 -3.86214651
0.75500000 -3.83233577
0.75600000 -3.80273940
0.75700000 -3.77335672
0.75800000 -3.74418697
0.75900000 -3.71522940
0.76000000 -3.68648323
0.76100000 -3.65794765
0.76200000 -3.62962182
0.76300000 -3.60150490
0.76400000 -3.57359601
0.76500000 -3.54589426
0.76600000 -3.51839875
0.76700000 -3.49110854
0.76800000 -3.46402269
0.76900000 -3.43714024
0.77000000 -3.41046022
0.77100000 -3.38398164
0.77200000 -3.35770349
0.77300000 -3.33162476
0.77400000 -3.30574442
0.77500000 -3.28006143
0.77600000 -3.25457475
0.77700000 -3.22928331
0.77800000 -3.20418604
0.77900000 -3.17928187
0.78000000 -3.15456970
0.78100000 -3.13004845
0.78200000 -3.10571702
0.78300000 -3.08157429
0.78400000 -3.05761915
0.78500000 -3.03385048
0.78600000 -3.01026716
0.78700000 -2.98686805
0.78800000 -2.96365203
0.78900000 -2.94061795
0.79000000 -2.91776468
0.79100000 -2.89509107
0.79200000 -2.87259596
0.79300000 -2.85027823
0.79400000 -2.82813670
0.79500000 -2.80617024
0.79600000 -2.78437768
0.79700000 -2.76275788
0.79800000 -2.74130968
0.79900000 -2.72003191
0.80000000 -2.69892344
0.80100000 -2.67798309
0.80200000 -2.65720973
0.80300000 -2.63660219
0.80400000 -2.61615932
0.80500000 -2.59587998
0.80600000 -2.57576301
0.80700000 -2.55580726
0.80800000 -2.53601159
0.80900000 -2.51637486
0.81000000 -2.49689593
0.81100000 -2.47757366
0.81200000 -2.45840691
0.81300000 -2.43939455
0.81400000 -2.42053545
0.81500000 -2.40182849
0.81600000 -2.38327255
0.81700000 -2.36486650
0.81800000 -2.34660923
0.81900000 -2.32849964
0.82000000 -2.31053661
0.82100000 -2.29271904
0.82200000 -2.27504584
0.82300000 -2.25751591
0.82400000 -2.24012816
0.82500000 -2.22288151
0.82600000 -2.20577488
0.82700000 -2.18880719
0.82800000 -2.17197738
0.82900000 -2.15528438
0.83000000 -2.13872712
0.83100000 -2.12230457
0.83200000 -2.10601566
0.83300000 -2.08985935
0.83400000 -2.07383461
0.83500000 -2.05794040
0.83600000 -2.04217570
0.83700000 -2.02653948
0.83800000 -2.01103073
0.83900000 -1.99564844
0.84000000 -1.98039159
0.84100000 -1.96525921
0.84200000 -1.95025028
0.84300000 -1.93536383
0.84400000 -1.92059887
0.84500000 -1.90595443
0.84600000 -1.89142953
0.84700000 -1.87702322
0.84800000 -1.86273454
0.84900000 -1.84856254
0.85000000 -1.83450627
0.85100000 -1.82056479
0.85200000 -1.80673717
0.85300000 -1.79302248
0.85400000 -1.77941980
0.85500000 -1.76592822
0.85600000 -1.75254683
0.85700000 -1.73927472
0.85800000 -1.72611101
0.85900000 -1.71305479
0.86000000 -1.70010519
0.86100000 -1.68726132
0.86200000 -1.67452232
0.86300000 -1.66188732
0.86400000 -1.64935546
0.86500000 -1.63692589
0.86600000 -1.62459775
0.86700000 -1.61237021
0.86800000 -1.60024244
0.86900000 -1.58821360
0.87000000 -1.57628287
0.87100000 -1.56444944
0.87200000 -1.55271249
0.87300000 -1.54107121
0.87400000 -1.52952482
0.87500000 -1.51807251
0.87600000 -1.50671350
0.87700000 -1.49544701
0.87800000 -1.48427227
0.87900000 -1.47318849
0.88000000 -1.46219493
0.88100000 -1.45129082
0.88200000 -1.44047542
0.88300000 -1.42974797
0.88400000 -1.41910773
0.88500000 -1.40855398
0.88600000 -1.39808598
0.88700000 -1.38770302
0.88800000 -1.37740436
0.88900000 -1.36718931
0.89000000 -1.35705716
0.89100000 -1.34700720
0.89200000 -1.33703874
0.89300000 -1.32715110
0.89400000 -1.31734358
0.89500000 -1.30761552
0.89600000 -1.29796624
0.89700000 -1.28839507
0.89800000 -1.27890135
0.89900000 -1.26948442
0.90000000 -1.26014363
0.90100000 -1.25087834
0.90200000 -1.24168791
0.90300000 -1.23257170
0.90400000 -1.22352908
0.90500000 -1.21455943
0.90600000 -1.20566213
0.90700000 -1.19683656
0.90800000 -1.18808211
0.90900000 -1.17939818
0.91000000 -1.17078417
0.91100000 -1.16223949
0.91200000 -1.15376354
0.91300000 -1.14535575
0.91400000 -1.13701552
0.91500000 -1.12874230
0.91600000 -1.12053550
0.91700000 -1.11239456
0.91800000 -1.10431893
0.91900000 -1.09630804
0.92000000 -1.08836135
0.92100000 -1.08047831
0.92200000 -1.07265837
0.92300000 -1.06490101
0.92400000 -1.05720568
0.92500000 -1.04957187
0.92600000 -1.04199904
0.92700000 -1.03448668
0.92800000 -1.02703428
0.92900000 -1.01964131
0.93000000 -1.01230729
0.93100000 -1.00503170
0.93200000 -0.99781405
0.93300000 -0.99065385
0.93400000 -0.98355060
0.93500000 -0.97650383
0.93600000 -0.96951306
0.93700000 -0.96257779
0.93800000 -0.95569758
0.93900000 -0.94887194
0.94000000 -0.94210041
0.94100000 -0.93538254
0.94200000 -0.92871786
0.94300000 -0.92210593
0.94400000 -0.91554630
0.94500000 -0.90903852
0.94600000 -0.90258215
0.94700000 -0.89617676
0.94800000 -0.88982192
0.94900000 -0.88351719
0.95000000 -0.87726214
0.95100000 -0.87105637
0.95200000 -0.86489945
0.95300000 -0.85879096
0.95400000 -0.85273050
0.95500000 -0.84671766
0.95600000 -0.84075203
0.95700000 -0.83483322
0.95800000 -0.82896083
0.95900000 -0.82313447
0.96000000 -0.81735374
0.96100000 -0.81161826
0.96200000 -0.80592765
0.96300000 -0.80028153
0.96400000 -0.79467952
0.96500000 -0.78912126
0.96600000 -0.78360636
0.96700000 -0.77813447
0.96800000 -0.77270522
0.96900000 -0.76731825
0.97000000 -0.76197320
0.97100000 -0.75666973
0.97200000 -0.75140748
0.97300000 -0.74618610
0.97400000 -0.74100525
0.97500000 -0.73586459
0.97600000 -0.73076378
0.97700000 -0.72570249
0.97800000 -0.72068037
0.97900000 -0.71569711
0.98000000 -0.71075238
0.98100000 -0.70584585
0.98200000 -0.70097720
0.98300000 -0.69614612
0.98400000 -0.69135228
0.98500000 -0.68659539
0.98600000 -0.68187512
0.98700000 -0.67719117
0.98800000 -0.67254323
0.98900000 -0.66793101
0.99000000 -0.66335421
0.99100000 -0.65881252
0.99200000 -0.65430567
0.99300000 -0.64983334
0.99400000 -0.64539527
0.99500000 -0.64099115
0.99600000 -0.63662071
0.99700000 -0.63228367
0.99800000 -0.62797974
0.99900000 -0.62370866
1.00000000 -0.61947014
1.00100000 -0.61526392
1.00200000 -0.61108973
1.00300000 -0.60694731
1.00400000 -0.60283638
1.00500000 -0.59875668
1.00600000 -0.59470797
1.00700000 -0.59068997
1.00800000 -0.58670244
1.00900000 -0.58274512
1.01000000 -0.57881776
1.01100000 -0.57492012
1.01200000 -0.57105194
1.01300000 -0.56721299
1.01400000 -0.56340302
1.01500000 -0.55962180
1.01600000 -0.55586908
1.01700000 -0.55214462
1.01800000 -0.54844821
1.01900000 -0.54477960
1.02000000 -0.54113857
1.02100000 -0.53752488
1.02200000 -0.53393832
1.02300000 -0.53037866
1.02400000 -0.52684568
1.02500000 -0.52333916
1.02600000 -0.51985888
1.02700000 -0.51640462
1.02800000 -0.51297619
1.02900000 -0.50957335
1.03000000 -0.50619590
1.03100000 -0.50284364
1.03200000 -0.49951636
1.03300000 -0.49621385
1.03400000 -0.49293590
1.03500000 -0.48968233
1.03600000 -0.48645293
1.03700000 -0.48324750
1.03800000 -0.48006585
1.03900000 -0.47690779
1.04000000 -0.47377311
1.04100000 -0.47066164
1.04200000 -0.46757318
1.04300000 -0.46450754
1.04400000 -0.46146454
1.04500000 -0.45844400
1.04600000 -0.45544573
1.04700000 -0.45246955
1.04800000 -0.44951528
1.04900000 -0.44658275
1.05000000 -0.44367178
1.05100000 -0.44078220
1.05200000 -0.43791382
1.05300000 -0.43506649
1.05400000 -0.43224002
1.05500000 -0.42943426
1.05600000 -0.42664903
1.05700000 -0.42388417
1.05800000 -0.42113951
1.05900000 -0.41841490
1.06000000 -0.41571017
1.06100000 -0.41302515
1.06200000 -0.41035970
1.06300000 -0.40771365
1.06400000 -0.40508686
1.06500000 -0.40247915
1.06600000 -0.39989039
1.06700000 -0.39732042
1.06800000 -0.39476908
1.06900000 -0.39223623
1.07000000 -0.38972173
1.07100000 -0.38722542
1.07200000 -0.38474716
1.07300000 -0.38228681
1.07400000 -0.37984422
1.07500000 -0.37741925
1.07600000 -0.37501176
1.07700000 -0.37262161
1.07800000 -0.37024866
1.07900000 -0.36789278
1.08000000 -0.36555383
1.08100000 -0.36323168
1.08200000 -0.36092619
1.08300000 -0.35863723
1.08400000 -0.35636467
1.08500000 -0.35410838
1.08600000 -0.35186823
1.08700000 -0.34964410
1.08800000 -0.34743585
1.08900000 -0.34524336
1.09000000 -0.34306651
1.09100000 -0.34090517
1.09200000 -0.33875922
1.09300000 -0.33662855
1.09400000 -0.33451302
1.09500000 -0.33241252
1.09600000 -0.33032693
1.09700000 -0.32825614
1.09800000 -0.32620002
1.09900000 -0.32415847
1.10000000 -0.32213137
1.10100000 -0.32011861
1.10200000 -0.31812006
1.10300000 -0.31613563
1.10400000 -0.31416520
1.10500000 -0.31220867
1.10600000 -0.31026591
1.10700000 -0.30833684
1.10800000 -0.30642133
1.10900000 -0.30451928
1.11000000 -0.30263060
1.11100000 -0.30075517
1.11200000 -0.29889289
1.11300000 -0.29704366
1.11400000 -0.29520738
1.11500000 -0.29338394
1.11600000 -0.29157325
1.11700000 -0.28977522
1.11800000 -0.28798973
1.11900000 -0.28621669
1.12000000 -0.28445602
1.12100000 -0.28270760
1.12200000 -0.28097136
1.12300000 -0.27924718
1.12400000 -0.27753499
1.12500000 -0.27583468
1.12600000 -0.27414617
1.12700000 -0.27246936
1.12800000 -0.27080417
1.12900000 -0.26915050
1.13000000 -0.26750828
1.13100000 -0.26587740
1.13200000 -0.26425778
1.13300000 -0.26264934
1.13400000 -0.26105199
1.13500000 -0.25946564
1.13600000 -0.25789022
1.13700000 -0.25632563
1.13800000 -0.25477180
1.13900000 -0.25322864
1.14000000 -0.25169607
1.14100000 -0.25017401
1.14200000 -0.24866238
1.14300000 -0.24716111
1.14400000 -0.24567010
1.14500000 -0.24418929
1.14600000 -0.24271859
1.14700000 -0.24125794
1.14800000 -0.23980725
1.14900000 -0.23836644
1.15000000 -0.23693545
1.15100000 -0.23551420
1.15200000 -0.23410262
1.15300000 -0.23270062
1.15400000 -0.23130815
1.15500000 -0.22992512
1.15600000 -0.22855147
1.15700000 -0.22718712
1.15800000 -0.22583201
1.15900000 -0.22448607
1.16000000 -0.22314922
1.16100000 -0.22182140
1.16200000 -0.22050254
1.16300000 -0.21919258
1.16400000 -0.21789144
1.16500000 -0.21659906
1.16600000 -0.21531538
1.16700000 -0.21404033
1.16800000 -0.21277384
1.16900000 -0.21151585
1.17000000 -0.21026631
1.17100000 -0.20902513
1.17200000 -0.20779227
1.17300000 -0.20656766
1.17400000 -0.20535124
1.17500000 -0.20414294
1.17600000 -0.20294271
1.17700000 -0.20175049
1.17800000 -0.20056622
1.17900000 -0.19938984
1.18000000 -0.19822128
1.18100000 -0.19706050
1.18200000 -0.19590744
1.18300000 -0.19476203
1.18400000 -0.19362422
1.18500000 -0.19249396
1.18600000 -0.19137118
1.18700000 -0.19025584
1.18800000 -0.18914788
1.18900000 -0.18804725
1.19000000 -0.18695388
1.19100000 -0.18586773
1.19200000 -0.18478875
1.19300000 -0.18371687
1.19400000 -0.18265206
1.19500000 -0.18159425
1.19600000 -0.18054340
1.19700000 -0.17949945
1.19800000 -0.17846236
1.19900000 -0.17743207
1.20000000 -0.17640854
1.20100000 -0.17539171
1.20200000 -0.17438154
1.20300000 -0.17337797
1.20400000 -0.17238096
1.20500000 -0.17139047
1.20600000 -0.17040644
1.20700000 -0.16942883
1.20800000 -0.16845758
1.20900000 -0.16749266
1.21000000 -0.16653402
1.21100000 -0.16558162
1.21200000 -0.16463539
1.21300000 -0.16369532
1.21400000 -0.16276134
1.21500000 -0.16183341
1.21600000 -0.16091149
1.21700000 -0.15999554
1.21800000 -0.15908552
1.21900000 -0.15818137
1.22000000 -0.15728307
1.22100000 -0.15639056
1.22200000 -0.15550380
1.22300000 -0.15462276
1.22400000 -0.15374739
1.22500000 -0.15287765
1.22600000 -0.15201351
1.22700000 -0.15115491
1.22800000 -0.15030183
1.22900000 -0.14945421
1.23000000 -0.14861203
1.23100000 -0.14777525
1.23200000 -0.14694381
1.23300000 -0.14611770
1.23400000 -0.14529686
1.23500000 -0.14448127
1.23600000 -0.14367088
1.23700000 -0.14286565
1.23800000 -0.14206556
1.23900000 -0.14127056
1.24000000 -0.14048061
1.24100000 -0.13969569
1.24200000 -0.13891576
1.24300000 -0.13814077
1.24400000 -0.13737070
1.24500000 -0.13660551
1.24600000 -0.13584517
1.24700000 -0.13508963
1.24800000 -0.13433888
1.24900000 -0.13359287
1.25000000 -0.13285157
1.25100000 -0.13211494
1.25200000 -0.13138297
1.25300000 -0.13065560
1.25400000 -0.12993281
1.25500000 -0.12921457
1.25600000 -0.12850084
1.25700000 -0.12779160
1.25800000 -0.12708681
1.25900000 -0.12638644
1.26000000 -0.12569045
1.26100000 -0.12499883
1.26200000 -0.12431154
1.26300000 -0.12362854
1.26400000 -0.12294981
1.26500000 -0.12227532
1.26600000 -0.12160504
1.26700000 -0.12093894
1.26800000 -0.12027699
1.26900000 -0.11961916
1.27000000 -0.11896542
1.27100000 -0.11831574
1.27200000 -0.11767011
1.27300000 -0.11702848
1.27400000 -0.11639083
1.27500000 -0.11575713
1.27600000 -0.11512736
1.27700000 -0.11450148
1.27800000 -0.11387948
1.27900000 -0.11326132
1.28000000 -0.11264698
1.28100000 -0.11203642
1.28200000 -0.11142964
1.28300000 -0.11082659
1.28400000 -0.11022726
1.28500000 -0.10963161
1.28600000 -0.10903963
1.28700000 -0.10845129
1.28800000 -0.10786655
1.28900000 -0.10728541
1.29000000 -0.10670782
1.29100000 -0.10613378
1.29200000 -0.10556325
1.29300000 -0.10499621
1.29400000 -0.10443264
1.29500000 -0.10387250
1.29600000 -0.10331579
1.29700000 -0.10276247
1.29800000 -0.10221253
1.29900000 -0.10166594
1.30000000 -0.10112267
1.30100000 -0.10058270
1.30200000 -0.10004602
1.30300000 -0.09951260
1.30400000 -0.09898241
1.30500000 -0.09845544
1.30600000 -0.09793167
1.30700000 -0.09741106
1.30800000 -0.09689360
1.30900000 -0.09637928
1.31000000 -0.09586806
1.31100000 -0.09535993
1.31200000 -0.09485486
1.31300000 -0.09435284
1.31400000 -0.09385384
1.31500000 -0.09335785
1.31600000 -0.09286484
1.31700000 -0.09237480
1.31800000 -0.09188770
1.31900000 -0.09140352
1.32000000 -0.09092225
1.32100000 -0.09044386
1.32200000 -0.08996834
1.32300000 -0.08949567
1.32400000 -0.08902582
1.32500000 -0.08855878
1.32600000 -0.08809453
1.32700000 -0.08763305
1.32800000 -0.08717433
1.32900000 -0.08671834
1.33000000 -0.08626506
1.33100000 -0.08581448
1.33200000 -0.08536659
1.33300000 -0.08492135
1.33400000 -0.08447876
1.33500000 -0.08403879
1.33600000 -0.08360144
1.33700000 -0.08316668
1.33800000 -0.08273449
1.33900000 -0.08230486
1.34000000 -0.08187776
1.34100000 -0.08145320
1.34200000 -0.08103114
1.34300000 -0.08061157
1.34400000 -0.08019447
1.34500000 -0.07977984
1.34600000 -0.07936764
1.34700000 -0.07895787
1.34800000 -0.07855051
1.34900000 -0.07814554
1.35000000 -0.07774296
1.35100000 -0.07734273
1.35200000 -0.07694485
1.35300000 -0.07654930
1.35400000 -0.07615607
1.35500000 -0.07576514
1.35600000 -0.07537649
1.35700000 -0.07499012
1.35800000 -0.07460600
1.35900000 -0.07422412
1.36000000 -0.07384447
1.36100000 -0.07346703
1.36200000 -0.07309179
1.36300000 -0.07271873
1.36400000 -0.07234784
1.36500000 -0.07197911
1.36600000 -0.07161251
1.36700000 -0.07124805
1.36800000 -0.07088569
1.36900000 -0.07052544
1.37000000 -0.07016727
1.37100000 -0.06981117
1.37200000 -0.06945714
1.37300000 -0.06910514
1.37400000 -0.06875519
1.37500000 -0.06840724
1.37600000 -0.06806131
1.37700000 -0.06771737
1.37800000 -0.06737541
1.37900000 -0.06703541
1.38000000 -0.06669738
1.38100000 -0.06636128
1.38200000 -0.06602711
1.38300000 -0.06569486
1.38400000 -0.06536452
1.38500000 -0.06503607
1.38600000 -0.06470950
1.38700000 -0.06438479
1.38800000 -0.06406195
1.38900000 -0.06374095
1.39000000 -0.06342178
1.39100000 -0.06310443
1.39200000 -0.06278889
1.39300000 -0.06247515
1.39400000 -0.06216320
1.39500000 -0.06185302
1.39600000 -0.06154460
1.39700000 -0.06123794
1.39800000 -0.06093302
1.39900000 -0.06062983
1.40000000 -0.06032835
1.40100000 -0.06002859
1.40200000 -0.05973052
1.40300000 -0.05943414
1.40400000 -0.05913944
1.40500000 -0.05884640
1.40600000 -0.05855502
1.40700000 -0.05826528
1.40800000 -0.05797717
1.40900000 -0.05769069
1.41000000 -0.05740582
1.41100000 -0.05712256
1.41200000 -0.05684089
1.41300000 -0.05656080
1.41400000 -0.05628228
1.41500000 -0.05600533
1.41600000 -0.05572993
1.41700000 -0.05545607
1.41800000 -0.05518375
1.41900000 -0.05491295
1.42000000 -0.05464367
1.42100000 -0.05437589
1.42200000 -0.05410961
1.42300000 -0.05384481
1.42400000 -0.05358149
1.42500000 -0.05331964
1.42600000 -0.05305925
1.42700000 -0.05280031
1.42800000 -0.05254280
1.42900000 -0.05228673
1.43000000 -0.05203208
1.43100000 -0.05177885
1.43200000 -0.05152702
1.43300000 -0.05127658
1.43400000 -0.05102754
1.43500000 -0.05077987
1.43600000 -0.05053357
1.43700000 -0.05028864
1.43800000 -0.05004506
1.43900000 -0.04980282
1.44000000 -0.04956192
1.44100000 -0.04932235
1.44200000 -0.04908410
1.44300000 -0.04884716
1.44400000 -0.04861152
1.44500000 -0.04837718
1.44600000 -0.04814413
1.44700000 -0.04791236
1.44800000 -0.04768186
1.44900000 -0.04745262
1.45000000 -0.04722464
1.45100000 -0.04699791
1.45200000 -0.04677242
1.45300000 -0.04654817
1.45400000 -0.04632514
1.45500000 -0.04610333
1.45600000 -0.04588272
1.45700000 -0.04566333
1.45800000 -0.04544513
1.45900000 -0.04522811
1.46000000 -0.04501228
1.46100000 -0.04479763
1.46200000 -0.04458414
1.46300000 -0.04437181
1.46400000 -0.04416063
1.46500000 -0.04395060
1.46600000 -0.04374171
1.46700000 -0.04353395
1.46800000 -0.04332732
1.46900000 -0.04312180
1.47000000 -0.04291740
1.47100000 -0.04271410
1.47200000 -0.04251190
1.47300000 -0.04231079
1.47400000 -0.04211076
1.47500000 -0.04191182
1.47600000 -0.04171394
1.47700000 -0.04151713
1.47800000 -0.04132138
1.47900000 -0.04112668
1.48000000 -0.04093303
1.48100000 -0.04074042
1.48200000 -0.04054884
1.48300000 -0.04035829
1.48400000 -0.04016876
1.48500000 -0.03998024
1.48600000 -0.03979274
1.48700000 -0.03960623
1.48800000 -0.03942073
1.48900000 -0.03923621
1.49000000 -0.03905268
1.49100000 -0.03887013
1.49200000 -0.03868855
1.49300000 -0.03850794
1.49400000 -0.03832829
1.49500000 -0.03814960
1.49600000 -0.03797185
1.49700000 -0.03779505
1.49800000 -0.03761919
1.49900000 -0.03744427
1.50000000 -0.03727027
1.50100000 -0.03709719
1.50200000 -0.03692503
1.50300000 -0.03675378
1.50400000 -0.03658344
1.50500000 -0.03641399
1.50600000 -0.03624544
1.50700000 -0.03607779
1.50800000 -0.03591101
1.50900000 -0.03574512
1.51000000 -0.03558010
1.51100000 -0.03541595
1.51200000 -0.03525266
1.51300000 -0.03509023
1.51400000 -0.03492865
1.51500000 -0.03476793
1.51600000 -0.03460804
1.51700000 -0.03444900
1.51800000 -0.03429079
1.51900000 -0.03413341
1.52000000 -0.03397685
1.52100000 -0.03382111
1.52200000 -0.03366618
1.52300000 -0.03351207
1.52400000 -0.03335876
1.52500000 -0.03320625
1.52600000 -0.03305453
1.52700000 -0.03290361
1.52800000 -0.03275347
1.52900000 -0.03260411
1.53000000 -0.03245553
1.53100000 -0.03230772
1.53200000 -0.03216068
1.53300000 -0.03201440
1.53400000 -0.03186889
1.53500000 -0.03172412
1.53600000 -0.03158011
1.53700000 -0.03143684
1.53800000 -0.03129432
1.53900000 -0.03115253
1.54000000 -0.03101147
1.54100000 -0.03087114
1.54200000 -0.03073154
1.54300000 -0.03059266
1.54400000 -0.03045449
1.54500000 -0.03031703
1.54600000 -0.03018029
1.54700000 -0.03004424
1.54800000 -0.02990890
1.54900000 -0.02977425
1.55000000 -0.02964029
1.55100000 -0.02950702
1.55200000 -0.02937444
1.55300000 -0.02924253
1.55400000 -0.02911130
1.55500000 -0.02898074
1.55600000 -0.02885085
1.55700000 -0.02872162
1.55800000 -0.02859306
1.55900000 -0.02846515
1.56000000 -0.02833789
1.56100000 -0.02821128
1.56200000 -0.02808532
1.56300000 -0.02796000
1.56400000 -0.02783532
1.56500000 -0.02771127
1.56600000 -0.02758785
1.56700000 -0.02746506
1.56800000 -0.02734289
1.56900000 -0.02722135
1.57000000 -0.02710041
1.57100000 -0.02698010
1.57200000 -0.02686039
1.57300000 -0.02674129
1.57400000 -0.02662279
1.57500000 -0.02650489
1.57600000 -0.02638758
1.57700000 -0.02627087
1.57800000 -0.02615474
1.57900000 -0.02603921
1.58000000 -0.02592425
1.58100000 -0.02580987
1.58200000 -0.02569607
1.58300000 -0.02558284
1.58400000 -0.02547019
1.58500000 -0.02535809
1.58600000 -0.02524656
1.58700000 -0.02513559
1.58800000 -0.02502518
1.58900000 -0.02491532
1.59000000 -0.02480601
1.59100000 -0.02469724
1.59200000 -0.02458902
1.59300000 -0.02448135
1.59400000 -0.02437421
1.59500000 -0.02426760
1.59600000 -0.02416153
1.59700000 -0.02405599
1.59800000 -0.02395097
1.59900000 -0.02384647
1.60000000 -0.02374250
1.60100000 -0.02363904
1.60200000 -0.02353610
1.60300000 -0.02343367
1.60400000 -0.02333175
1.60500000 -0.02323033
1.60600000 -0.02312942
1.60700000 -0.02302900
1.60800000 -0.02292909
1.60900000 -0.02282966
1.61000000 -0.02273074
1.61100000 -0.02263229
1.61200000 -0.02253434
1.61300000 -0.02243687
1.61400000 -0.02233988
1.61500000 -0.02224337
1.61600000 -0.02214734
1.61700000 -0.02205178
1.61800000 -0.02195668
1.61900000 -0.02186206
1.62000000 -0.02176790
1.62100000 -0.02167421
1.62200000 -0.02158097
1.62300000 -0.02148820
1.62400000 -0.02139588
1.62500000 -0.02130401
1.62600000 -0.02121259
1.62700000 -0.02112162
1.62800000 -0.02103109
1.62900000 -0.02094101
1.63000000 -0.02085136
1.63100000 -0.02076216
1.63200000 -0.02067339
1.63300000 -0.02058505
1.63400000 -0.02049715
1.63500000 -0.02040967
1.63600000 -0.02032262
1.63700000 -0.02023599
1.63800000 -0.02014978
1.63900000 -0.02006400
1.64000000 -0.01997862
1.64100000 -0.01989367
1.64200000 -0.01980913
1.64300000 -0.01972499
1.64400000 -0.01964127
1.64500000 -0.01955795
1.64600000 -0.01947503
1.64700000 -0.01939251
1.64800000 -0.01931040
1.64900000 -0.01922868
1.65000000 -0.01914735
1.65100000 -0.01906642
1.65200000 -0.01898588
1.65300000 -0.01890572
1.65400000 -0.01882596
1.65500000 -0.01874657
1.65600000 -0.01866757
1.65700000 -0.01858895
1.65800000 -0.01851071
1.65900000 -0.01843284
1.66000000 -0.01835535
1.66100000 -0.01827822
1.66200000 -0.01820147
1.66300000 -0.01812509
1.66400000 -0.01804907
1.66500000 -0.01797341
1.66600000 -0.01789812
1.66700000 -0.01782319
1.66800000 -0.01774861
1.66900000 -0.01767440
1.67000000 -0.01760053
1.67100000 -0.01752702
1.67200000 -0.01745386
1.67300000 -0.01738104
1.67400000 -0.01730858
1.67500000 -0.01723646
1.67600000 -0.01716468
1.67700000 -0.01709324
1.67800000 -0.01702214
1.67900000 -0.01695138
1.68000000 -0.01688096
1.68100000 -0.01681087
1.68200000 -0.01674111
1.68300000 -0.01667168
1.68400000 -0.01660258
1.68500000 -0.01653381
1.68600000 -0.01646536
1.68700000 -0.01639724
1.68800000 -0.01632943
1.68900000 -0.01626195
1.69000000 -0.01619479
1.69100000 -0.01612794
1.69200000 -0.01606141
1.69300000 -0.01599519
1.69400000 -0.01592928
1.69500000 -0.01586368
1.69600000 -0.01579839
1.69700000 -0.01573341
1.69800000 -0.01566873
1.69900000 -0.01560436
1.70000000 -0.01554029
1.70100000 -0.01547652
1.70200000 -0.01541304
1.70300000 -0.01534987
1.70400000 -0.01528699
1.70500000 -0.01522440
1.70600000 -0.01516211
1.70700000 -0.01510010
1.70800000 -0.01503839
1.70900000 -0.01497696
1.71000000 -0.01491582
1.71100000 -0.01485497
1.71200000 -0.01479440
1.71300000 -0.01473411
1.71400000 -0.01467410
1.71500000 -0.01461437
1.71600000 -0.01455492
1.71700000 -0.01449574
1.71800000 -0.01443684
1.71900000 -0.01437821
1.72000000 -0.01431986
1.72100000 -0.01426177
1.72200000 -0.01420395
1.72300000 -0.01414640
1.72400000 -0.01408912
1.72500000 -0.01403210
1.72600000 -0.01397535
1.72700000 -0.01391885
1.72800000 -0.01386262
1.72900000 -0.01380665
1.73000000 -0.01375093
1.73100000 -0.01369547
1.73200000 -0.01364027
1.73300000 -0.01358532
1.73400000 -0.01353063
1.73500000 -0.01347618
1.73600000 -0.01342199
1.73700000 -0.01336804
1.73800000 -0.01331434
1.73900000 -0.01326089
1.74000000 -0.01320768
1.74100000 -0.01315472
1.74200000 -0.01310200
1.74300000 -0.01304952
1.74400000 -0.01299728
1.74500000 -0.01294527
1.74600000 -0.01289351
1.74700000 -0.01284198
1.74800000 -0.01279069
1.74900000 -0.01273963
1.75000000 -0.01268880
1.75100000 -0.01263821
1.75200000 -0.01258785
1.75300000 -0.01253771
1.75400000 -0.01248780
1.75500000 -0.01243812
1.75600000 -0.01238867
1.75700000 -0.01233944
1.75800000 -0.01229043
1.75900000 -0.01224165
1.76000000 -0.01219308
1.76100000 -0.01214474
1.76200000 -0.01209661
1.76300000 -0.01204871
1.76400000 -0.01200102
1.76500000 -0.01195354
1.76600000 -0.01190628
1.76700000 -0.01185923
1.76800000 -0.01181240
1.76900000 -0.01176577
1.77000000 -0.01171936
1.77100000 -0.01167315
1.77200000 -0.01162716
1.77300000 -0.01158137
1.77400000 -0.01153578
1.77500000 -0.01149040
1.77600000 -0.01144523
1.77700000 -0.01140026
1.77800000 -0.01135548
1.77900000 -0.01131091
1.78000000 -0.01126654
1.78100000 -0.01122237
1.78200000 -0.01117840
1.78300000 -0.01113462
1.78400000 -0.01109104
1.78500000 -0.01104765
1.78600000 -0.01100446
1.78700000 -0.01096146
1.78800000 -0.01091865
1.78900000 -0.01087603
1.79000000 -0.01083360
1.79100000 -0.01079136
1.79200000 -0.01074931
1.79300000 -0.01070745
1.79400000 -0.01066577
1.79500000 -0.01062428
1.79600000 -0.01058297
1.79700000 -0.01054185
1.79800000 -0.01050090
1.79900000 -0.01046014
1.80000000 -0.01041956
1.80100000 -0.01037916
1.80200000 -0.01033894
1.80300000 -0.01029890
1.80400000 -0.01025903
1.80500000 -0.01021934
1.80600000 -0.01017983
1.80700000 -0.01014049
1.80800000 -0.01010132
1.80900000 -0.01006232
1.81000000 -0.01002350
1.81100000 -0.00998485
1.81200000 -0.00994637
1.81300000 -0.00990806
1.81400000 -0.00986991
1.81500000 -0.00983194
1.81600000 -0.00979413
1.81700000 -0.00975649
1.81800000 -0.00971901
1.81900000 -0.00968169
1.82000000 -0.00964455
1.82100000 -0.00960756
1.82200000 -0.00957073
1.82300000 -0.00953407
1.82400000 -0.00949757
1.82500000 -0.00946122
1.82600000 -0.00942504
1.82700000 -0.00938901
1.82800000 -0.00935314
1.82900000 -0.00931742
1.83000000 -0.00928187
1.83100000 -0.00924646
1.83200000 -0.00921122
1.83300000 -0.00917612
1.83400000 -0.00914118
1.83500000 -0.00910639
1.83600000 -0.00907175
1.83700000 -0.00903726
1.83800000 -0.00900292
1.83900000 -0.00896873
1.84000000 -0.00893469
1.84100000 -0.00890079
1.84200000 -0.00886704
1.84300000 -0.00883344
1.84400000 -0.00879999
1.84500000 -0.00876667
1.84600000 -0.00873351
1.84700000 -0.00870048
1.84800000 -0.00866760
1.84900000 -0.00863486
1.85000000 -0.00860226
1.85100000 -0.00856980
1.85200000 -0.00853748
1.85300000 -0.00850530
1.85400000 -0.00847326
1.85500000 -0.00844136
1.85600000 -0.00840960
1.85700000 -0.00837797
1.85800000 -0.00834647
1.85900000 -0.00831511
1.86000000 -0.00828389
1.86100000 -0.00825280
1.86200000 -0.00822184
1.86300000 -0.00819102
1.86400000 -0.00816033
1.86500000 -0.00812977
1.86600000 -0.00809934
1.86700000 -0.00806904
1.86800000 -0.00803887
1.86900000 -0.00800882
1.87000000 -0.00797891
1.87100000 -0.00794912
1.87200000 -0.00791947
1.87300000 -0.00788993
1.87400000 -0.00786053
1.87500000 -0.00783124
1.87600000 -0.00780209
1.87700000 -0.00777305
1.87800000 -0.00774414
1.87900000 -0.00771536
1.88000000 -0.00768669
1.88100000 -0.00765815
1.88200000 -0.00762973
1.88300000 -0.00760142
1.88400000 -0.00757324
1.88500000 -0.00754518
1.88600000 -0.00751723
1.88700000 -0.00748941
1.88800000 -0.00746170
1.88900000 -0.00743411
1.89000000 -0.00740663
1.89100000 -0.00737928
1.89200000 -0.00735203
1.89300000 -0.00732490
1.89400000 -0.00729789
1.89500000 -0.00727099
1.89600000 -0.00724420
1.89700000 -0.00721753
1.89800000 -0.00719097
1.89900000 -0.00716451
1.90000000 -0.00713817
1.90100000 -0.00711195
1.90200000 -0.00708583
1.90300000 -0.00705982
1.90400000 -0.00703392
1.90500000 -0.00700812
1.90600000 -0.00698244
1.90700000 -0.00695686
1.90800000 -0.00693139
1.90900000 -0.00690603
1.91000000 -0.00688077
1.91100000 -0.00685562
1.91200000 -0.00683058
1.91300000 -0.00680563
1.91400000 -0.00678080
1.91500000 -0.00675606
1.91600000 -0.00673143
1.91700000 -0.00670690
1.91800000 -0.00668247
1.91900000 -0.00665815
1.92000000 -0.00663392
1.92100000 -0.00660980
1.92200000 -0.00658578
1.92300000 -0.00656185
1.92400000 -0.00653803
1.92500000 -0.00651430
1.92600000 -0.00649068
1.92700000 -0.00646715
1.92800000 -0.00644371
1.92900000 -0.00642038
1.93000000 -0.00639714
1.93100000 -0.00637400
1.93200000 -0.00635095
1.93300000 -0.00632800
1.93400000 -0.00630514
1.93500000 -0.00628238
1.93600000 -0.00625971
1.93700000 -0.00623713
1.93800000 -0.00621465
1.93900000 -0.00619226
1.94000000 -0.00616996
1.94100000 -0.00614776
1.94200000 -0.00612564
1.94300000 -0.00610362
1.94400000 -0.00608168
1.94500000 -0.00605984
1.94600000 -0.00603809
1.94700000 -0.00601642
1.94800000 -0.00599484
1.94900000 -0.00597336
1.95000000 -0.00595196
1.95100000 -0.00593064
1.95200000 -0.00590942
1.95300000 -0.00588828
1.95400000 -0.00586723
1.95500000 -0.00584626
1.95600000 -0.00582538
1.95700000 -0.00580459
1.95800000 -0.00578388
1.95900000 -0.00576325
1.96000000 -0.00574271
1.96100000 -0.00572225
1.96200000 -0.00570187
1.96300000 -0.00568158
1.96400000 -0.00566137
1.96500000 -0.00564124
1.96600000 -0.00562120
1.96700000 -0.00560123
1.96800000 -0.00558135
1.96900000 -0.00556154
1.97000000 -0.00554182
1.97100000 -0.00552218
1.97200000 -0.00550261
1.97300000 -0.00548313
1.97400000 -0.00546372
1.97500000 -0.00544440
1.97600000 -0.00542515
1.97700000 -0.00540597
1.97800000 -0.00538688
1.97900000 -0.00536786
1.98000000 -0.00534892
1.98100000 -0.00533006
1.98200000 -0.00531127
1.98300000 -0.00529256
1.98400000 -0.00527392
1.98500000 -0.00525536
1.98600000 -0.00523687
1.98700000 -0.00521846
1.98800000 -0.00520012
1.98900000 -0.00518185
1.99000000 -0.00516366
1.99100000 -0.00514554
1.99200000 -0.00512749
1.99300000 -0.00510952
1.99400000 -0.00509161
1.99500000 -0.00507378
1.99600000 -0.00505602
1.99700000 -0.00503833
1.99800000 -0.00502072
1.99900000 -0.00500317
2.00000000 -0.00498569
