0.10000000 119999999.99999990
0.10100000 105439511.91269143
0.10200000 92763903.00960653
0.10300000 81714160.79918125
0.10400000 72068890.33616133
0.10500000 63638562.07743529
0.10600000 56260682.66909435
0.10700000 49795733.74662445
0.10800000 44123750.96066565
0.10900000 39141437.62609380
0.11000000 34759725.56840256
0.11100000 30901710.66094295
0.11200000 27500902.81557741
0.11300000 24499740.29687151
0.11400000 21848326.57164946
0.11500000 19503354.80208686
0.11600000 17427190.80170396
0.11700000 15587090.01128019
0.11800000 13954527.98827574
0.11900000 12504627.17958403
0.12000000 11215665.47846149
0.12100000 10068654.34658881
0.12200000 9046976.18879139
0.12300000 8136072.26459469
0.12400000 7323173.75988276
0.12500000 6597069.76665600
0.12600000 5947906.86492351
0.12700000 5367015.79763133
0.12800000 4846761.40167790
0.12900000 4380412.52579812
0.13000000 3962029.14627614
0.13100000 3586364.29811503
0.13200000 3248778.78415273
0.13300000 2945166.91743752
0.13400000 2671891.80112985
0.13500000 2425728.86211722
0.13600000 2203816.53514482
0.13700000 2003613.14838821
0.13800000 1822859.19306627
0.13900000 1659544.27231724
0.14000000 1511878.12100325
0.14100000 1378265.17078913
0.14200000 1257282.20580274
0.14300000 1147658.71515476
0.14400000 1048259.60103961
0.14500000 958069.94629722
0.14600000 876181.58424050
0.14700000 801781.24714152
0.14800000 734140.09878168
0.14900000 672604.48155696
0.15000000 616587.73034071
0.15100000 565562.92411774
0.15200000 519056.46271544
0.15300000 476642.37011866
0.15400000 437937.23815788
0.15500000 402595.73506076
0.15600000 370306.61267123
0.15700000 340789.15425559
0.15800000 313790.01189237
0.15900000 289080.38861963
0.16000000 266453.52591004
0.16100000 245722.46176199
0.16200000 226718.02882463
0.16300000 209287.06559051
0.16400000 193290.81685998
0.16500000 178603.50246240
0.16600000 165111.03566077
0.16700000 152709.87481243
0.16800000 141305.99374481
0.16900000 130813.95796618
0.17000000 121156.09529384
0.17100000 112261.75077130
0.17200000 104066.61688340
0.17300000 96512.13108199
0.17400000 89544.93352198
0.17500000 83116.37869116
0.17600000 77182.09531138
0.17700000 71701.58950222
0.17800000 66637.88674274
0.17900000 61957.20864907
0.18000000 57628.68101354
0.18100000 53624.06993100
0.18200000 49917.54317527
0.18300000 46485.45428911
0.18400000 43306.14711742
0.18500000 40359.77875135
0.18600000 37628.15906247
0.18700000 35094.60519461
0.18800000 32743.80954933
0.18900000 30561.71995101
0.19000000 28535.43081140
0.19100000 26653.08423349
0.19200000 24903.78010136
0.19300000 23277.49429853
0.19400000 21765.00428296
0.19500000 20357.82132372
0.19600000 19048.12877307
0.19700000 17828.72580926
0.19800000 16692.97614083
0.19900000 15634.76121286
0.20000000 14648.43750000
0.20100000 13728.79751146
0.20200000 12871.03416903
0.20300000 12070.70825165
0.20400000 11323.71862910
0.20500000 10626.27503399
0.20600000 9974.87314443
0.20700000 9366.27177153
0.20800000 8797.47196486
0.20900000 8265.69786650
0.21000000 7768.37915984
0.21100000 7303.13497371
0.21200000 6867.75911488
0.21300000 6460.20651395
0.21400000 6078.58077962
0.21500000 5721.12276633
0.21600000 5386.20006844
0.21700000 5072.29736206
0.21800000 4778.00752272
0.21900000 4502.02345328
0.22000000 4243.13056255
0.22100000 4000.19984003
0.22200000 3772.18147717
0.22300000 3558.09898986
0.22400000 3357.04380073
0.22500000 3168.17024339
0.22600000 2990.69095421
0.22700000 2823.87261991
0.22800000 2667.03205220
0.22900000 2519.53256290
0.23000000 2380.78061549
0.23100000 2250.22273090
0.23200000 2127.34262716
0.23300000 2011.65857450
0.23400000 1902.72094864
0.23500000 1800.10996686
0.23600000 1703.43359232
0.23700000 1612.32559364
0.23800000 1526.44374751
0.23900000 1445.46817337
0.24000000 1369.09978985
0.24100000 1297.05888371
0.24200000 1229.08378254
0.24300000 1164.92962350
0.24400000 1104.36721055
0.24500000 1047.18195367
0.24600000 993.17288386
0.24700000 942.15173814
0.24800000 893.94210936
0.24900000 848.37865610
0.25000000 805.30636800
0.25100000 764.57988258
0.25200000 726.06284972
0.25300000 689.62734027
0.25400000 655.15329561
0.25500000 622.52801512
0.25600000 591.64567892
0.25700000 562.40690320
0.25800000 534.71832590
0.25900000 508.49222052
0.26000000 483.64613602
0.26100000 460.10256103
0.26200000 437.78861061
0.26300000 416.63573392
0.26400000 396.57944142
0.26500000 377.55905018
0.26600000 359.51744598
0.26700000 342.40086118
0.26800000 326.15866713
0.26900000 310.74318016
0.27000000 296.10948024
0.27100000 282.21524139
0.27200000 269.02057314
0.27300000 256.48787209
0.27400000 244.58168315
0.27500000 233.26856958
0.27600000 222.51699134
0.27700000 212.29719117
0.27800000 202.58108793
0.27900000 193.34217661
0.28000000 184.55543469
0.28100000 176.19723434
0.28200000 168.24526011
0.28300000 160.67843173
0.28400000 153.47683176
0.28500000 146.62163765
0.28600000 140.09505800
0.28700000 133.88027276
0.28800000 127.96137708
0.28900000 122.32332856
0.29000000 116.95189774
0.29100000 111.83362160
0.29200000 106.95575979
0.29300000 102.30625363
0.29400000 97.87368740
0.29500000 93.64725209
0.29600000 89.61671128
0.29700000 85.77236893
0.29800000 82.10503925
0.29900000 78.60601825
0.30000000 75.26705693
0.30100000 72.08033615
0.30200000 69.03844289
0.30300000 66.13434788
0.30400000 63.36138461
0.30500000 60.71322947
0.30600000 58.18388307
0.30700000 55.76765267
0.30800000 53.45913552
0.30900000 51.25320327
0.31000000 49.14498719
0.31100000 47.12986423
0.31200000 45.20344393
0.31300000 43.36155598
0.31400000 41.60023856
0.31500000 39.91572729
0.31600000 38.30444481
0.31700000 36.76299094
0.31800000 35.28813338
0.31900000 33.87679892
0.32000000 32.52606517
0.32100000 31.23315272
0.32200000 29.99541770
0.32300000 28.81034479
0.32400000 27.67554063
0.32500000 26.58872751
0.32600000 25.54773750
0.32700000 24.55050678
0.32800000 23.59507042
0.32900000 22.67955729
0.33000000 21.80218536
0.33100000 20.96125720
0.33200000 20.15515572
0.33300000 19.38234013
0.33400000 18.64134214
0.33500000 17.93076235
0.33600000 17.24926681
0.33700000 16.59558380
0.33800000 15.96850073
0.33900000 15.36686123
0.34000000 14.78956241
0.34100000 14.23555223
0.34200000 13.70382700
0.34300000 13.19342904
0.34400000 12.70344444
0.34500000 12.23300097
0.34600000 11.78126600
0.34700000 11.34744467
0.34800000 10.93077802
0.34900000 10.53054130
0.35000000 10.14604232
0.35100000 9.77661993
0.35200000 9.42164249
0.35300000 9.08050655
0.35400000 8.75263544
0.35500000 8.43747806
0.35600000 8.13450766
0.35700000 7.84322071
0.35800000 7.56313582
0.35900000 7.29379268
0.36000000 7.03475110
0.36100000 6.78559010
0.36200000 6.54590697
0.36300000 6.31531650
0.36400000 6.09345009
0.36500000 5.87995508
0.36600000 5.67449393
0.36700000 5.47674362
0.36800000 5.28639491
0.36900000 5.10315179
0.37000000 4.92673080
0.37100000 4.75686056
0.37200000 4.59328114
0.37300000 4.43574358
0.37400000 4.28400942
0.37500000 4.13785021
0.37600000 3.99704706
0.37700000 3.86139023
0.37800000 3.73067870
0.37900000 3.60471984
0.38000000 3.48332896
0.38100000 3.36632903
0.38200000 3.25355032
0.38300000 3.14483008
0.38400000 3.04001222
0.38500000 2.93894706
0.38600000 2.84149100
0.38700000 2.74750632
0.38800000 2.65686087
0.38900000 2.56942786
0.39000000 2.48508561
0.39100000 2.40371736
0.39200000 2.32521103
0.39300000 2.24945905
0.39400000 2.17635813
0.39500000 2.10580912
0.39600000 2.03771681
0.39700000 1.97198977
0.39800000 1.90854019
0.39900000 1.84728372
0.40000000 1.78813934
0.40100000 1.73102923
0.40200000 1.67587860
0.40300000 1.62261560
0.40400000 1.57117116
0.40500000 1.52147894
0.40600000 1.47347513
0.40700000 1.42709842
0.40800000 1.38228987
0.40900000 1.33899280
0.41000000 1.29715271
0.41100000 1.25671721
0.41200000 1.21763588
0.41300000 1.17986026
0.41400000 1.14334372
0.41500000 1.10804140
0.41600000 1.07391015
0.41700000 1.04090844
0.41800000 1.00899632
0.41900000 0.97813533
0.42000000 0.94828847
0.42100000 0.91942011
0.42200000 0.89149597
0.42300000 0.86448303
0.42400000 0.83834950
0.42500000 0.81306479
0.42600000 0.78859943
0.42700000 0.76492503
0.42800000 0.74201426
0.42900000 0.71984078
0.43000000 0.69837924
0.43100000 0.67760521
0.43200000 0.65749513
0.43300000 0.63802632
0.43400000 0.61917692
0.43500000 0.60092588
0.43600000 0.58325287
0.43700000 0.56613834
0.43800000 0.54956341
0.43900000 0.53350990
0.44000000 0.51796027
0.44100000 0.50289762
0.44200000 0.48830564
0.44300000 0.47416862
0.44400000 0.46047137
0.44500000 0.44719929
0.44600000 0.43433826
0.44700000 0.42187467
0.44800000 0.40979539
0.44900000 0.39808775
0.45000000 0.38673953
0.45100000 0.37573894
0.45200000 0.36507458
0.45300000 0.35473547
0.45400000 0.34471101
0.45500000 0.33499096
0.45600000 0.32556544
0.45700000 0.31642490
0.45800000 0.30756013
0.45900000 0.29896224
0.46000000 0.29062263
0.46100000 0.28253302
0.46200000 0.27468539
0.46300000 0.26707200
0.46400000 0.25968538
0.46500000 0.25251830
0.46600000 0.24556379
0.46700000 0.23881511
0.46800000 0.23226574
0.46900000 0.22590939
0.47000000 0.21973999
0.47100000 0.21375164
0.47200000 0.20793867
0.47300000 0.20229559
0.47400000 0.19681709
0.47500000 0.19149803
0.47600000 0.18633347
0.47700000 0.18131858
0.47800000 0.17644875
0.47900000 0.17171948
0.48000000 0.16712644
0.48100000 0.16266543
0.48200000 0.15833238
0.48300000 0.15412339
0.48400000 0.15003464
0.48500000 0.14606247
0.48600000 0.14220332
0.48700000 0.13845376
0.48800000 0.13481045
0.48900000 0.13127018
0.49000000 0.12782983
0.49100000 0.12448638
0.49200000 0.12123692
0.49300000 0.11807863
0.49400000 0.11500876
0.49500000 0.11202467
0.49600000 0.10912379
0.49700000 0.10630365
0.49800000 0.10356185
0.49900000 0.10089605
0.50000000 0.09830400
0.50100000 0.09578352
0.50200000 0.09333251
0.50300000 0.09094890
0.50400000 0.08863072
0.50500000 0.08637605
0.50600000 0.08418302
0.50700000 0.08204985
0.50800000 0.07997477
0.50900000 0.07795609
0.51000000 0.07599219
0.51100000 0.07408146
0.51200000 0.07222237
0.51300000 0.07041343
0.51400000 0.06865319
0.51500000 0.06694024
0.51600000 0.06527323
0.51700000 0.06365085
0.51800000 0.06207180
0.51900000 0.06053487
0.52000000 0.05903883
0.52100000 0.05758254
0.52200000 0.05616486
0.52300000 0.05478470
0.52400000 0.05344099
0.52500000 0.05213271
0.52600000 0.05085885
0.52700000 0.04961846
0.52800000 0.04841058
0.52900000 0.04723430
0.53000000 0.04608875
0.53100000 0.04497306
0.53200000 0.04388641
0.53300000 0.04282797
0.53400000 0.04179698
0.53500000 0.04079267
0.53600000 0.03981429
0.53700000 0.03886114
0.53800000 0.03793252
0.53900000 0.03702775
0.54000000 0.03614618
0.54100000 0.03528717
0.54200000 0.03445010
0.54300000 0.03363438
0.54400000 0.03283943
0.54500000 0.03206467
0.54600000 0.03130955
0.54700000 0.03057356
0.54800000 0.02985616
0.54900000 0.02915686
0.55000000 0.02847517
0.55100000 0.02781061
0.55200000 0.02716272
0.55300000 0.02653106
0.55400000 0.02591518
0.55500000 0.02531468
0.55600000 0.02472914
0.55700000 0.02415815
0.55800000 0.02360134
0.55900000 0.02305832
0.56000000 0.02252874
0.56100000 0.02201223
0.56200000 0.02150845
0.56300000 0.02101707
0.56400000 0.02053775
0.56500000 0.02007019
0.56600000 0.01961407
0.56700000 0.01916909
0.56800000 0.01873496
0.56900000 0.01831141
0.57000000 0.01789815
0.57100000 0.01749492
0.57200000 0.01710145
0.57300000 0.01671749
0.57400000 0.01634281
0.57500000 0.01597715
0.57600000 0.01562029
0.57700000 0.01527199
0.57800000 0.01493205
0.57900000 0.01460024
0.58000000 0.01427635
0.58100000 0.01396020
0.58200000 0.01365157
0.58300000 0.01335027
0.58400000 0.01305612
0.58500000 0.01276894
0.58600000 0.01248856
0.58700000 0.01221479
0.58800000 0.01194747
0.58900000 0.01168644
0.59000000 0.01143155
0.59100000 0.01118263
0.59200000 0.01093954
0.59300000 0.01070213
0.59400000 0.01047026
0.59500000 0.01024379
0.59600000 0.01002259
0.59700000 0.00980652
0.59800000 0.00959546
0.59900000 0.00938929
0.60000000 0.00918787
0.60100000 0.00899111
0.60200000 0.00879887
0.60300000 0.00861105
0.60400000 0.00842754
0.60500000 0.00824824
0.60600000 0.00807304
0.60700000 0.00790184
0.60800000 0.00773454
0.60900000 0.00757106
0.61000000 0.00741128
0.61100000 0.00725514
0.61200000 0.00710252
0.61300000 0.00695337
0.61400000 0.00680757
0.61500000 0.00666507
0.61600000 0.00652577
0.61700000 0.00638961
0.61800000 0.00625649
0.61900000 0.00612636
0.62000000 0.00599914
0.62100000 0.00587476
0.62200000 0.00575316
0.62300000 0.00563426
0.62400000 0.00551800
0.62500000 0.00540432
0.62600000 0.00529316
0.62700000 0.00518446
0.62800000 0.00507815
0.62900000 0.00497420
0.63000000 0.00487253
0.63100000 0.00477309
0.63200000 0.00467584
0.63300000 0.00458071
0.63400000 0.00448767
0.63500000 0.00439666
0.63600000 0.00430763
0.63700000 0.00422055
0.63800000 0.00413535
0.63900000 0.00405201
0.64000000 0.00397047
0.64100000 0.00389069
0.64200000 0.00381264
0.64300000 0.00373627
0.64400000 0.00366155
0.64500000 0.00358843
0.64600000 0.00351689
0.64700000 0.00344688
0.64800000 0.00337836
0.64900000 0.00331131
0.65000000 0.00324569
0.65100000 0.00318147
0.65200000 0.00311862
0.65300000 0.00305710
0.65400000 0.00299689
0.65500000 0.00293795
0.65600000 0.00288026
0.65700000 0.00282378
0.65800000 0.00276850
0.65900000 0.00271438
0.66000000 0.00266140
0.66100000 0.00260953
0.66200000 0.00255875
0.66300000 0.00250903
0.66400000 0.00246035
0.66500000 0.00241268
0.66600000 0.00236601
0.66700000 0.00232031
0.66800000 0.00227555
0.66900000 0.00223173
0.67000000 0.00218881
0.67100000 0.00214678
0.67200000 0.00210562
0.67300000 0.00206531
0.67400000 0.00202583
0.67500000 0.00198716
0.67600000 0.00194928
0.67700000 0.00191218
0.67800000 0.00187584
0.67900000 0.00184024
0.68000000 0.00180537
0.68100000 0.00177120
0.68200000 0.00173774
0.68300000 0.00170495
0.68400000 0.00167283
0.68500000 0.00164136
0.68600000 0.00161053
0.68700000 0.00158032
0.68800000 0.00155071
0.68900000 0.00152171
0.69000000 0.00149329
0.69100000 0.00146544
0.69200000 0.00143814
0.69300000 0.00141140
0.69400000 0.00138519
0.69500000 0.00135950
0.69600000 0.00133432
0.69700000 0.00130965
0.69800000 0.00128547
0.69900000 0.00126176
0.70000000 0.00123853
0.70100000 0.00121576
0.70200000 0.00119344
0.70300000 0.00117155
0.70400000 0.00115010
0.70500000 0.00112907
0.70600000 0.00110846
0.70700000 0.00108825
0.70800000 0.00106844
0.70900000 0.00104901
0.71000000 0.00102997
0.71100000 0.00101129
0.71200000 0.00099298
0.71300000 0.00097503
0.71400000 0.00095742
0.71500000 0.00094016
0.71600000 0.00092323
0.71700000 0.00090663
0.71800000 0.00089036
0.71900000 0.00087439
0.72000000 0.00085873
0.72100000 0.00084338
0.72200000 0.00082832
0.72300000 0.00081355
0.72400000 0.00079906
0.72500000 0.00078485
0.72600000 0.00077091
0.72700000 0.00075724
0.72800000 0.00074383
0.72900000 0.00073067
0.73000000 0.00071777
0.73100000 0.00070511
0.73200000 0.00069269
0.73300000 0.00068050
0.73400000 0.00066855
0.73500000 0.00065682
0.73600000 0.00064531
0.73700000 0.00063402
0.73800000 0.00062294
0.73900000 0.00061207
0.74000000 0.00060141
0.74100000 0.00059094
0.74200000 0.00058067
0.74300000 0.00057059
0.74400000 0.00056070
0.74500000 0.00055100
0.74600000 0.00054147
0.74700000 0.00053212
0.74800000 0.00052295
0.74900000 0.00051395
0.75000000 0.00050511
0.75100000 0.00049643
0.75200000 0.00048792
0.75300000 0.00047956
0.75400000 0.00047136
0.75500000 0.00046331
0.75600000 0.00045541
0.75700000 0.00044765
0.75800000 0.00044003
0.75900000 0.00043255
0.76000000 0.00042521
0.76100000 0.00041800
0.76200000 0.00041093
0.76300000 0.00040398
0.76400000 0.00039716
0.76500000 0.00039047
0.76600000 0.00038389
0.76700000 0.00037743
0.76800000 0.00037110
0.76900000 0.00036487
0.77000000 0.00035876
0.77100000 0.00035276
0.77200000 0.00034686
0.77300000 0.00034107
0.77400000 0.00033539
0.77500000 0.00032981
0.77600000 0.00032432
0.77700000 0.00031894
0.77800000 0.00031365
0.77900000 0.00030846
0.78000000 0.00030336
0.78100000 0.00029834
0.78200000 0.00029342
0.78300000 0.00028859
0.78400000 0.00028384
0.78500000 0.00027917
0.78600000 0.00027459
0.78700000 0.00027009
0.78800000 0.00026567
0.78900000 0.00026132
0.79000000 0.00025706
0.79100000 0.00025286
0.79200000 0.00024874
0.79300000 0.00024470
0.79400000 0.00024072
0.79500000 0.00023681
0.79600000 0.00023298
0.79700000 0.00022920
0.79800000 0.00022550
0.79900000 0.00022186
0.80000000 0.00021828
0.80100000 0.00021476
0.80200000 0.00021131
0.80300000 0.00020791
0.80400000 0.00020458
0.80500000 0.00020130
0.80600000 0.00019807
0.80700000 0.00019491
0.80800000 0.00019179
0.80900000 0.00018873
0.81000000 0.00018573
0.81100000 0.00018277
0.81200000 0.00017987
0.81300000 0.00017701
0.81400000 0.00017421
0.81500000 0.00017145
0.81600000 0.00016874
0.81700000 0.00016607
0.81800000 0.00016345
0.81900000 0.00016088
0.82000000 0.00015834
0.82100000 0.00015585
0.82200000 0.00015341
0.82300000 0.00015100
0.82400000 0.00014864
0.82500000 0.00014631
0.82600000 0.00014403
0.82700000 0.00014178
0.82800000 0.00013957
0.82900000 0.00013740
0.83000000 0.00013526
0.83100000 0.00013316
0.83200000 0.00013109
0.83300000 0.00012906
0.83400000 0.00012706
0.83500000 0.00012510
0.83600000 0.00012317
0.83700000 0.00012127
0.83800000 0.00011940
0.83900000 0.00011756
0.84000000 0.00011576
0.84100000 0.00011398
0.84200000 0.00011223
0.84300000 0.00011052
0.84400000 0.00010883
0.84500000 0.00010716
0.84600000 0.00010553
0.84700000 0.00010392
0.84800000 0.00010234
0.84900000 0.00010078
0.85000000 0.00009925
0.85100000 0.00009775
0.85200000 0.00009626
0.85300000 0.00009481
0.85400000 0.00009337
0.85500000 0.00009196
0.85600000 0.00009058
0.85700000 0.00008921
0.85800000 0.00008787
0.85900000 0.00008655
0.86000000 0.00008525
0.86100000 0.00008397
0.86200000 0.00008272
0.86300000 0.00008148
0.86400000 0.00008026
0.86500000 0.00007906
0.86600000 0.00007788
0.86700000 0.00007672
0.86800000 0.00007558
0.86900000 0.00007446
0.87000000 0.00007336
0.87100000 0.00007227
0.87200000 0.00007120
0.87300000 0.00007014
0.87400000 0.00006911
0.87500000 0.00006809
0.87600000 0.00006709
0.87700000 0.00006610
0.87800000 0.00006513
0.87900000 0.00006417
0.88000000 0.00006323
0.88100000 0.00006230
0.88200000 0.00006139
0.88300000 0.00006049
0.88400000 0.00005961
0.88500000 0.00005874
0.88600000 0.00005788
0.88700000 0.00005704
0.88800000 0.00005621
0.88900000 0.00005539
0.89000000 0.00005459
0.89100000 0.00005380
0.89200000 0.00005302
0.89300000 0.00005225
0.89400000 0.00005150
0.89500000 0.00005076
0.89600000 0.00005002
0.89700000 0.00004930
0.89800000 0.00004859
0.89900000 0.00004790
0.90000000 0.00004721
0.90100000 0.00004653
0.90200000 0.00004587
0.90300000 0.00004521
0.90400000 0.00004456
0.90500000 0.00004393
0.90600000 0.00004330
0.90700000 0.00004269
0.90800000 0.00004208
0.90900000 0.00004148
0.91000000 0.00004089
0.91100000 0.00004031
0.91200000 0.00003974
0.91300000 0.00003918
0.91400000 0.00003863
0.91500000 0.00003808
0.91600000 0.00003754
0.91700000 0.00003702
0.91800000 0.00003649
0.91900000 0.00003598
0.92000000 0.00003548
0.92100000 0.00003498
0.92200000 0.00003449
0.92300000 0.00003401
0.92400000 0.00003353
0.92500000 0.00003306
0.92600000 0.00003260
0.92700000 0.00003215
0.92800000 0.00003170
0.92900000 0.00003126
0.93000000 0.00003082
0.93100000 0.00003040
0.93200000 0.00002998
0.93300000 0.00002956
0.93400000 0.00002915
0.93500000 0.00002875
0.93600000 0.00002835
0.93700000 0.00002796
0.93800000 0.00002758
0.93900000 0.00002720
0.94000000 0.00002682
0.94100000 0.00002646
0.94200000 0.00002609
0.94300000 0.00002574
0.94400000 0.00002538
0.94500000 0.00002504
0.94600000 0.00002469
0.94700000 0.00002436
0.94800000 0.00002403
0.94900000 0.00002370
0.95000000 0.00002338
0.95100000 0.00002306
0.95200000 0.00002275
0.95300000 0.00002244
0.95400000 0.00002213
0.95500000 0.00002183
0.95600000 0.00002154
0.95700000 0.00002125
0.95800000 0.00002096
0.95900000 0.00002068
0.96000000 0.00002040
0.96100000 0.00002013
0.96200000 0.00001986
0.96300000 0.00001959
0.96400000 0.00001933
0.96500000 0.00001907
0.96600000 0.00001881
0.96700000 0.00001856
0.96800000 0.00001831
0.96900000 0.00001807
0.97000000 0.00001783
0.97100000 0.00001759
0.97200000 0.00001736
0.97300000 0.00001713
0.97400000 0.00001690
0.97500000 0.00001668
0.97600000 0.00001646
0.97700000 0.00001624
0.97800000 0.00001602
0.97900000 0.00001581
0.98000000 0.00001560
0.98100000 0.00001540
0.98200000 0.00001520
0.98300000 0.00001500
0.98400000 0.00001480
0.98500000 0.00001461
0.98600000 0.00001441
0.98700000 0.00001423
0.98800000 0.00001404
0.98900000 0.00001386
0.99000000 0.00001367
0.99100000 0.00001350
0.99200000 0.00001332
0.99300000 0.00001315
0.99400000 0.00001298
0.99500000 0.00001281
0.99600000 0.00001264
0.99700000 0.00001248
0.99800000 0.00001232
0.99900000 0.00001216
1.00000000 0.00001200
1.00100000 0.00001185
1.00200000 0.00001169
1.00300000 0.00001154
1.00400000 0.00001139
1.00500000 0.00001125
1.00600000 0.00001110
1.00700000 0.00001096
1.00800000 0.00001082
1.00900000 0.00001068
1.01000000 0.00001054
1.01100000 0.00001041
1.01200000 0.00001028
1.01300000 0.00001015
1.01400000 0.00001002
1.01500000 0.00000989
1.01600000 0.00000976
1.01700000 0.00000964
1.01800000 0.00000952
1.01900000 0.00000940
1.02000000 0.00000928
1.02100000 0.00000916
1.02200000 0.00000904
1.02300000 0.00000893
1.02400000 0.00000882
1.02500000 0.00000871
1.02600000 0.00000860
1.02700000 0.00000849
1.02800000 0.00000838
1.02900000 0.00000828
1.03000000 0.00000817
1.03100000 0.00000807
1.03200000 0.00000797
1.03300000 0.00000787
1.03400000 0.00000777
1.03500000 0.00000767
1.03600000 0.00000758
1.03700000 0.00000748
1.03800000 0.00000739
1.03900000 0.00000730
1.04000000 0.00000721
1.04100000 0.00000712
1.04200000 0.00000703
1.04300000 0.00000694
1.04400000 0.00000686
1.04500000 0.00000677
1.04600000 0.00000669
1.04700000 0.00000661
1.04800000 0.00000652
1.04900000 0.00000644
1.05000000 0.00000636
1.05100000 0.00000629
1.05200000 0.00000621
1.05300000 0.00000613
1.05400000 0.00000606
1.05500000 0.00000598
1.05600000 0.00000591
1.05700000 0.00000584
1.05800000 0.00000577
1.05900000 0.00000570
1.06000000 0.00000563
1.06100000 0.00000556
1.06200000 0.00000549
1.06300000 0.00000542
1.06400000 0.00000536
1.06500000 0.00000529
1.06600000 0.00000523
1.06700000 0.00000516
1.06800000 0.00000510
1.06900000 0.00000504
1.07000000 0.00000498
1.07100000 0.00000492
1.07200000 0.00000486
1.07300000 0.00000480
1.07400000 0.00000474
1.07500000 0.00000469
1.07600000 0.00000463
1.07700000 0.00000457
1.07800000 0.00000452
1.07900000 0.00000447
1.08000000 0.00000441
1.08100000 0.00000436
1.08200000 0.00000431
1.08300000 0.00000426
1.08400000 0.00000421
1.08500000 0.00000416
1.08600000 0.00000411
1.08700000 0.00000406
1.08800000 0.00000401
1.08900000 0.00000396
1.09000000 0.00000391
1.09100000 0.00000387
1.09200000 0.00000382
1.09300000 0.00000378
1.09400000 0.00000373
1.09500000 0.00000369
1.09600000 0.00000364
1.09700000 0.00000360
1.09800000 0.00000356
1.09900000 0.00000352
1.10000000 0.00000348
1.10100000 0.00000344
1.10200000 0.00000339
1.10300000 0.00000336
1.10400000 0.00000332
1.10500000 0.00000328
1.10600000 0.00000324
1.10700000 0.00000320
1.10800000 0.00000316
1.10900000 0.00000313
1.11000000 0.00000309
1.11100000 0.00000305
1.11200000 0.00000302
1.11300000 0.00000298
1.11400000 0.00000295
1.11500000 0.00000291
1.11600000 0.00000288
1.11700000 0.00000285
1.11800000 0.00000281
1.11900000 0.00000278
1.12000000 0.00000275
1.12100000 0.00000272
1.12200000 0.00000269
1.12300000 0.00000266
1.12400000 0.00000263
1.12500000 0.00000260
1.12600000 0.00000257
1.12700000 0.00000254
1.12800000 0.00000251
1.12900000 0.00000248
1.13000000 0.00000245
1.13100000 0.00000242
1.13200000 0.00000239
1.13300000 0.00000237
1.13400000 0.00000234
1.13500000 0.00000231
1.13600000 0.00000229
1.13700000 0.00000226
1.13800000 0.00000224
1.13900000 0.00000221
1.14000000 0.00000218
1.14100000 0.00000216
1.14200000 0.00000214
1.14300000 0.00000211
1.14400000 0.00000209
1.14500000 0.00000206
1.14600000 0.00000204
1.14700000 0.00000202
1.14800000 0.00000199
1.14900000 0.00000197
1.15000000 0.00000195
1.15100000 0.00000193
1.15200000 0.00000191
1.15300000 0.00000189
1.15400000 0.00000186
1.15500000 0.00000184
1.15600000 0.00000182
1.15700000 0.00000180
1.15800000 0.00000178
1.15900000 0.00000176
1.16000000 0.00000174
1.16100000 0.00000172
1.16200000 0.00000170
1.16300000 0.00000169
1.16400000 0.00000167
1.16500000 0.00000165
1.16600000 0.00000163
1.16700000 0.00000161
1.16800000 0.00000159
1.16900000 0.00000158
1.17000000 0.00000156
1.17100000 0.00000154
1.17200000 0.00000152
1.17300000 0.00000151
1.17400000 0.00000149
1.17500000 0.00000147
1.17600000 0.00000146
1.17700000 0.00000144
1.17800000 0.00000143
1.17900000 0.00000141
1.18000000 0.00000140
1.18100000 0.00000138
1.18200000 0.00000137
1.18300000 0.00000135
1.18400000 0.00000134
1.18500000 0.00000132
1.18600000 0.00000131
1.18700000 0.00000129
1.18800000 0.00000128
1.18900000 0.00000126
1.19000000 0.00000125
1.19100000 0.00000124
1.19200000 0.00000122
1.19300000 0.00000121
1.19400000 0.00000120
1.19500000 0.00000118
1.19600000 0.00000117
1.19700000 0.00000116
1.19800000 0.00000115
1.19900000 0.00000113
1.20000000 0.00000112
1.20100000 0.00000111
1.20200000 0.00000110
1.20300000 0.00000109
1.20400000 0.00000107
1.20500000 0.00000106
1.20600000 0.00000105
1.20700000 0.00000104
1.20800000 0.00000103
1.20900000 0.00000102
1.21000000 0.00000101
1.21100000 0.00000100
1.21200000 0.00000099
1.21300000 0.00000097
1.21400000 0.00000096
1.21500000 0.00000095
1.21600000 0.00000094
1.21700000 0.00000093
1.21800000 0.00000092
1.21900000 0.00000091
1.22000000 0.00000090
1.22100000 0.00000090
1.22200000 0.00000089
1.22300000 0.00000088
1.22400000 0.00000087
1.22500000 0.00000086
1.22600000 0.00000085
1.22700000 0.00000084
1.22800000 0.00000083
1.22900000 0.00000082
1.23000000 0.00000081
1.23100000 0.00000081
1.23200000 0.00000080
1.23300000 0.00000079
1.23400000 0.00000078
1.23500000 0.00000077
1.23600000 0.00000076
1.23700000 0.00000076
1.23800000 0.00000075
1.23900000 0.00000074
1.24000000 0.00000073
1.24100000 0.00000072
1.24200000 0.00000072
1.24300000 0.00000071
1.24400000 0.00000070
1.24500000 0.00000069
1.24600000 0.00000069
1.24700000 0.00000068
1.24800000 0.00000067
1.24900000 0.00000067
1.25000000 0.00000066
1.25100000 0.00000065
1.25200000 0.00000065
1.25300000 0.00000064
1.25400000 0.00000063
1.25500000 0.00000063
1.25600000 0.00000062
1.25700000 0.00000061
1.25800000 0.00000061
1.25900000 0.00000060
1.26000000 0.00000059
1.26100000 0.00000059
1.26200000 0.00000058
1.26300000 0.00000058
1.26400000 0.00000057
1.26500000 0.00000056
1.26600000 0.00000056
1.26700000 0.00000055
1.26800000 0.00000055
1.26900000 0.00000054
1.27000000 0.00000054
1.27100000 0.00000053
1.27200000 0.00000053
1.27300000 0.00000052
1.27400000 0.00000052
1.27500000 0.00000051
1.27600000 0.00000050
1.27700000 0.00000050
1.27800000 0.00000049
1.27900000 0.00000049
1.28000000 0.00000048
1.28100000 0.00000048
1.28200000 0.00000047
1.28300000 0.00000047
1.28400000 0.00000047
1.28500000 0.00000046
1.28600000 0.00000046
1.28700000 0.00000045
1.28800000 0.00000045
1.28900000 0.00000044
1.29000000 0.00000044
1.29100000 0.00000043
1.29200000 0.00000043
1.29300000 0.00000043
1.29400000 0.00000042
1.29500000 0.00000042
1.29600000 0.00000041
1.29700000 0.00000041
1.29800000 0.00000040
1.29900000 0.00000040
1.30000000 0.00000040
1.30100000 0.00000039
1.30200000 0.00000039
1.30300000 0.00000038
1.30400000 0.00000038
1.30500000 0.00000038
1.30600000 0.00000037
1.30700000 0.00000037
1.30800000 0.00000037
1.30900000 0.00000036
1.31000000 0.00000036
1.31100000 0.00000036
1.31200000 0.00000035
1.31300000 0.00000035
1.31400000 0.00000034
1.31500000 0.00000034
1.31600000 0.00000034
1.31700000 0.00000033
1.31800000 0.00000033
1.31900000 0.00000033
1.32000000 0.00000032
1.32100000 0.00000032
1.32200000 0.00000032
1.32300000 0.00000032
1.32400000 0.00000031
1.32500000 0.00000031
1.32600000 0.00000031
1.32700000 0.00000030
1.32800000 0.00000030
1.32900000 0.00000030
1.33000000 0.00000029
1.33100000 0.00000029
1.33200000 0.00000029
1.33300000 0.00000029
1.33400000 0.00000028
1.33500000 0.00000028
1.33600000 0.00000028
1.33700000 0.00000028
1.33800000 0.00000027
1.33900000 0.00000027
1.34000000 0.00000027
1.34100000 0.00000026
1.34200000 0.00000026
1.34300000 0.00000026
1.34400000 0.00000026
1.34500000 0.00000025
1.34600000 0.00000025
1.34700000 0.00000025
1.34800000 0.00000025
1.34900000 0.00000024
1.35000000 0.00000024
1.35100000 0.00000024
1.35200000 0.00000024
1.35300000 0.00000024
1.35400000 0.00000023
1.35500000 0.00000023
1.35600000 0.00000023
1.35700000 0.00000023
1.35800000 0.00000022
1.35900000 0.00000022
1.36000000 0.00000022
1.36100000 0.00000022
1.36200000 0.00000022
1.36300000 0.00000021
1.36400000 0.00000021
1.36500000 0.00000021
1.36600000 0.00000021
1.36700000 0.00000021
1.36800000 0.00000020
1.36900000 0.00000020
1.37000000 0.00000020
1.37100000 0.00000020
1.37200000 0.00000020
1.37300000 0.00000019
1.37400000 0.00000019
1.37500000 0.00000019
1.37600000 0.00000019
1.37700000 0.00000019
1.37800000 0.00000019
1.37900000 0.00000018
1.38000000 0.00000018
1.38100000 0.00000018
1.38200000 0.00000018
1.38300000 0.00000018
1.38400000 0.00000018
1.38500000 0.00000017
1.38600000 0.00000017
1.38700000 0.00000017
1.38800000 0.00000017
1.38900000 0.00000017
1.39000000 0.00000017
1.39100000 0.00000016
1.39200000 0.00000016
1.39300000 0.00000016
1.39400000 0.00000016
1.39500000 0.00000016
1.39600000 0.00000016
1.39700000 0.00000016
1.39800000 0.00000015
1.39900000 0.00000015
1.40000000 0.00000015
1.40100000 0.00000015
1.40200000 0.00000015
1.40300000 0.00000015
1.40400000 0.00000015
1.40500000 0.00000014
1.40600000 0.00000014
1.40700000 0.00000014
1.40800000 0.00000014
1.40900000 0.00000014
1.41000000 0.00000014
1.41100000 0.00000014
1.41200000 0.00000014
1.41300000 0.00000013
1.41400000 0.00000013
1.41500000 0.00000013
1.41600000 0.00000013
1.41700000 0.00000013
1.41800000 0.00000013
1.41900000 0.00000013
1.42000000 0.00000013
1.42100000 0.00000012
1.42200000 0.00000012
1.42300000 0.00000012
1.42400000 0.00000012
1.42500000 0.00000012
1.42600000 0.00000012
1.42700000 0.00000012
1.42800000 0.00000012
1.42900000 0.00000012
1.43000000 0.00000011
1.43100000 0.00000011
1.43200000 0.00000011
1.43300000 0.00000011
1.43400000 0.00000011
1.43500000 0.00000011
1.43600000 0.00000011
1.43700000 0.00000011
1.43800000 0.00000011
1.43900000 0.00000011
1.44000000 0.00000010
1.44100000 0.00000010
1.44200000 0.00000010
1.44300000 0.00000010
1.44400000 0.00000010
1.44500000 0.00000010
1.44600000 0.00000010
1.44700000 0.00000010
1.44800000 0.00000010
1.44900000 0.00000010
1.45000000 0.00000010
1.45100000 0.00000009
1.45200000 0.00000009
1.45300000 0.00000009
1.45400000 0.00000009
1.45500000 0.00000009
1.45600000 0.00000009
1.45700000 0.00000009
1.45800000 0.00000009
1.45900000 0.00000009
1.46000000 0.00000009
1.46100000 0.00000009
1.46200000 0.00000009
1.46300000 0.00000009
1.46400000 0.00000008
1.46500000 0.00000008
1.46600000 0.00000008
1.46700000 0.00000008
1.46800000 0.00000008
1.46900000 0.00000008
1.47000000 0.00000008
1.47100000 0.00000008
1.47200000 0.00000008
1.47300000 0.00000008
1.47400000 0.00000008
1.47500000 0.00000008
1.47600000 0.00000008
1.47700000 0.00000008
1.47800000 0.00000007
1.47900000 0.00000007
1.48000000 0.00000007
1.48100000 0.00000007
1.48200000 0.00000007
1.48300000 0.00000007
1.48400000 0.00000007
1.48500000 0.00000007
1.48600000 0.00000007
1.48700000 0.00000007
1.48800000 0.00000007
1.48900000 0.00000007
1.49000000 0.00000007
1.49100000 0.00000007
1.49200000 0.00000007
1.49300000 0.00000007
1.49400000 0.00000006
1.49500000 0.00000006
1.49600000 0.00000006
1.49700000 0.00000006
1.49800000 0.00000006
1.49900000 0.00000006
1.50000000 0.00000006
1.50100000 0.00000006
1.50200000 0.00000006
1.50300000 0.00000006
1.50400000 0.00000006
1.50500000 0.00000006
1.50600000 0.00000006
1.50700000 0.00000006
1.50800000 0.00000006
1.50900000 0.00000006
1.51000000 0.00000006
1.51100000 0.00000006
1.51200000 0.00000006
1.51300000 0.00000006
1.51400000 0.00000005
1.51500000 0.00000005
1.51600000 0.00000005
1.51700000 0.00000005
1.51800000 0.00000005
1.51900000 0.00000005
1.52000000 0.00000005
1.52100000 0.00000005
1.52200000 0.00000005
1.52300000 0.00000005
1.52400000 0.00000005
1.52500000 0.00000005
1.52600000 0.00000005
1.52700000 0.00000005
1.52800000 0.00000005
1.52900000 0.00000005
1.53000000 0.00000005
1.53100000 0.00000005
1.53200000 0.00000005
1.53300000 0.00000005
1.53400000 0.00000005
1.53500000 0.00000005
1.53600000 0.00000005
1.53700000 0.00000004
1.53800000 0.00000004
1.53900000 0.00000004
1.54000000 0.00000004
1.54100000 0.00000004
1.54200000 0.00000004
1.54300000 0.00000004
1.54400000 0.00000004
1.54500000 0.00000004
1.54600000 0.00000004
1.54700000 0.00000004
1.54800000 0.00000004
1.54900000 0.00000004
1.55000000 0.00000004
1.55100000 0.00000004
1.55200000 0.00000004
1.55300000 0.00000004
1.55400000 0.00000004
1.55500000 0.00000004
1.55600000 0.00000004
1.55700000 0.00000004
1.55800000 0.00000004
1.55900000 0.00000004
1.56000000 0.00000004
1.56100000 0.00000004
1.56200000 0.00000004
1.56300000 0.00000004
1.56400000 0.00000004
1.56500000 0.00000004
1.56600000 0.00000004
1.56700000 0.00000003
1.56800000 0.00000003
1.56900000 0.00000003
1.57000000 0.00000003
1.57100000 0.00000003
1.57200000 0.00000003
1.57300000 0.00000003
1.57400000 0.00000003
1.57500000 0.00000003
1.57600000 0.00000003
1.57700000 0.00000003
1.57800000 0.00000003
1.57900000 0.00000003
1.58000000 0.00000003
1.58100000 0.00000003
1.58200000 0.00000003
1.58300000 0.00000003
1.58400000 0.00000003
1.58500000 0.00000003
1.58600000 0.00000003
1.58700000 0.00000003
1.58800000 0.00000003
1.58900000 0.00000003
1.59000000 0.00000003
1.59100000 0.00000003
1.59200000 0.00000003
1.59300000 0.00000003
1.59400000 0.00000003
1.59500000 0.00000003
1.59600000 0.00000003
1.59700000 0.00000003
1.59800000 0.00000003
1.59900000 0.00000003
1.60000000 0.00000003
1.60100000 0.00000003
1.60200000 0.00000003
1.60300000 0.00000003
1.60400000 0.00000003
1.60500000 0.00000003
1.60600000 0.00000003
1.60700000 0.00000003
1.60800000 0.00000002
1.60900000 0.00000002
1.61000000 0.00000002
1.61100000 0.00000002
1.61200000 0.00000002
1.61300000 0.00000002
1.61400000 0.00000002
1.61500000 0.00000002
1.61600000 0.00000002
1.61700000 0.00000002
1.61800000 0.00000002
1.61900000 0.00000002
1.62000000 0.00000002
1.62100000 0.00000002
1.62200000 0.00000002
1.62300000 0.00000002
1.62400000 0.00000002
1.62500000 0.00000002
1.62600000 0.00000002
1.62700000 0.00000002
1.62800000 0.00000002
1.62900000 0.00000002
1.63000000 0.00000002
1.63100000 0.00000002
1.63200000 0.00000002
1.63300000 0.00000002
1.63400000 0.00000002
1.63500000 0.00000002
1.63600000 0.00000002
1.63700000 0.00000002
1.63800000 0.00000002
1.63900000 0.00000002
1.64000000 0.00000002
1.64100000 0.00000002
1.64200000 0.00000002
1.64300000 0.00000002
1.64400000 0.00000002
1.64500000 0.00000002
1.64600000 0.00000002
1.64700000 0.00000002
1.64800000 0.00000002
1.64900000 0.00000002
1.65000000 0.00000002
1.65100000 0.00000002
1.65200000 0.00000002
1.65300000 0.00000002
1.65400000 0.00000002
1.65500000 0.00000002
1.65600000 0.00000002
1.65700000 0.00000002
1.65800000 0.00000002
1.65900000 0.00000002
1.66000000 0.00000002
1.66100000 0.00000002
1.66200000 0.00000002
1.66300000 0.00000002
1.66400000 0.00000002
1.66500000 0.00000002
1.66600000 0.00000002
1.66700000 0.00000002
1.66800000 0.00000002
1.66900000 0.00000002
1.67000000 0.00000002
1.67100000 0.00000002
1.67200000 0.00000002
1.67300000 0.00000001
1.67400000 0.00000001
1.67500000 0.00000001
1.67600000 0.00000001
1.67700000 0.00000001
1.67800000 0.00000001
1.67900000 0.00000001
1.68000000 0.00000001
1.68100000 0.00000001
1.68200000 0.00000001
1.68300000 0.00000001
1.68400000 0.00000001
1.68500000 0.00000001
1.68600000 0.00000001
1.68700000 0.00000001
1.68800000 0.00000001
1.68900000 0.00000001
1.69000000 0.00000001
1.69100000 0.00000001
1.69200000 0.00000001
1.69300000 0.00000001
1.69400000 0.00000001
1.69500000 0.00000001
1.69600000 0.00000001
1.69700000 0.00000001
1.69800000 0.00000001
1.69900000 0.00000001
1.70000000 0.00000001
1.70100000 0.00000001
1.70200000 0.00000001
1.70300000 0.00000001
1.70400000 0.00000001
1.70500000 0.00000001
1.70600000 0.00000001
1.70700000 0.00000001
1.70800000 0.00000001
1.70900000 0.00000001
1.71000000 0.00000001
1.71100000 0.00000001
1.71200000 0.00000001
1.71300000 0.00000001
1.71400000 0.00000001
1.71500000 0.00000001
1.71600000 0.00000001
1.71700000 0.00000001
1.71800000 0.00000001
1.71900000 0.00000001
1.72000000 0.00000001
1.72100000 0.00000001
1.72200000 0.00000001
1.72300000 0.00000001
1.72400000 0.00000001
1.72500000 0.00000001
1.72600000 0.00000001
1.72700000 0.00000001
1.72800000 0.00000001
1.72900000 0.00000001
1.73000000 0.00000001
1.73100000 0.00000001
1.73200000 0.00000001
1.73300000 0.00000001
1.73400000 0.00000001
1.73500000 0.00000001
1.73600000 0.00000001
1.73700000 0.00000001
1.73800000 0.00000001
1.73900000 0.00000001
1.74000000 0.00000001
1.74100000 0.00000001
1.74200000 0.00000001
1.74300000 0.00000001
1.74400000 0.00000001
1.74500000 0.00000001
1.74600000 0.00000001
1.74700000 0.00000001
1.74800000 0.00000001
1.74900000 0.00000001
1.75000000 0.00000001
1.75100000 0.00000001
1.75200000 0.00000001
1.75300000 0.00000001
1.75400000 0.00000001
1.75500000 0.00000001
1.75600000 0.00000001
1.75700000 0.00000001
1.75800000 0.00000001
1.75900000 0.00000001
1.76000000 0.00000001
1.76100000 0.00000001
1.76200000 0.00000001
1.76300000 0.00000001
1.76400000 0.00000001
1.76500000 0.00000001
1.76600000 0.00000001
1.76700000 0.00000001
1.76800000 0.00000001
1.76900000 0.00000001
1.77000000 0.00000001
1.77100000 0.00000001
1.77200000 0.00000001
1.77300000 0.00000001
1.77400000 0.00000001
1.77500000 0.00000001
1.77600000 0.00000001
1.77700000 0.00000001
1.77800000 0.00000001
1.77900000 0.00000001
1.78000000 0.00000001
1.78100000 0.00000001
1.78200000 0.00000001
1.78300000 0.00000001
1.78400000 0.00000001
1.78500000 0.00000001
1.78600000 0.00000001
1.78700000 0.00000001
1.78800000 0.00000001
1.78900000 0.00000001
1.79000000 0.00000001
1.79100000 0.00000001
1.79200000 0.00000001
1.79300000 0.00000001
1.79400000 0.00000001
1.79500000 0.00000001
1.79600000 0.00000001
1.79700000 0.00000001
1.79800000 0.00000001
1.79900000 0.00000001
1.80000000 0.00000001
1.80100000 0.00000001
1.80200000 0.00000001
1.80300000 0.00000001
1.80400000 0.00000001
1.80500000 0.00000001
1.80600000 0.00000001
1.80700000 0.00000001
1.80800000 0.00000001
1.80900000 0.00000001
1.81000000 0.00000001
1.81100000 0.00000001
1.81200000 0.00000001
1.81300000 0.00000001
1.81400000 0.00000001
1.81500000 0.00000001
1.81600000 0.00000001
1.81700000 0.00000001
1.81800000 0.00000001
1.81900000 0.00000001
1.82000000 0.00000000
1.82100000 0.00000000
1.82200000 0.00000000
1.82300000 0.00000000
1.82400000 0.00000000
1.82500000 0.00000000
1.82600000 0.00000000
1.82700000 0.00000000
1.82800000 0.00000000
1.82900000 0.00000000
1.83000000 0.00000000
1.83100000 0.00000000
1.83200000 0.00000000
1.83300000 0.00000000
1.83400000 0.00000000
1.83500000 0.00000000
1.83600000 0.00000000
1.83700000 0.00000000
1.83800000 0.00000000
1.83900000 0.00000000
1.84000000 0.00000000
1.84100000 0.00000000
1.84200000 0.00000000
1.84300000 0.00000000
1.84400000 0.00000000
1.84500000 0.00000000
1.84600000 0.00000000
1.84700000 0.00000000
1.84800000 0.00000000
1.84900000 0.00000000
1.85000000 0.00000000
1.85100000 0.00000000
1.85200000 0.00000000
1.85300000 0.00000000
1.85400000 0.00000000
1.85500000 0.00000000
1.85600000 0.00000000
1.85700000 0.00000000
1.85800000 0.00000000
1.85900000 0.00000000
1.86000000 0.00000000
1.86100000 0.00000000
1.86200000 0.00000000
1.86300000 0.00000000
1.86400000 0.00000000
1.86500000 0.00000000
1.86600000 0.00000000
1.86700000 0.00000000
1.86800000 0.00000000
1.86900000 0.00000000
1.87000000 0.00000000
1.87100000 0.00000000
1.87200000 0.00000000
1.87300000 0.00000000
1.87400000 0.00000000
1.87500000 0.00000000
1.87600000 0.00000000
1.87700000 0.00000000
1.87800000 0.00000000
1.87900000 0.00000000
1.88000000 0.00000000
1.88100000 0.00000000
1.88200000 0.00000000
1.88300000 0.00000000
1.88400000 0.00000000
1.88500000 0.00000000
1.88600000 0.00000000
1.88700000 0.00000000
1.88800000 0.00000000
1.88900000 0.00000000
1.89000000 0.00000000
1.89100000 0.00000000
1.89200000 0.00000000
1.89300000 0.00000000
1.89400000 0.00000000
1.89500000 0.00000000
1.89600000 0.00000000
1.89700000 0.00000000
1.89800000 0.00000000
1.89900000 0.00000000
1.90000000 0.00000000
1.90100000 0.00000000
1.90200000 0.00000000
1.90300000 0.00000000
1.90400000 0.00000000
1.90500000 0.00000000
1.90600000 0.00000000
1.90700000 0.00000000
1.90800000 0.00000000
1.90900000 0.00000000
1.91000000 0.00000000
1.91100000 0.00000000
1.91200000 0.00000000
1.91300000 0.00000000
1.91400000 0.00000000
1.91500000 0.00000000
1.91600000 0.00000000
1.91700000 0.00000000
1.91800000 0.00000000
1.91900000 0.00000000
1.92000000 0.00000000
1.92100000 0.00000000
1.92200000 0.00000000
1.92300000 0.00000000
1.92400000 0.00000000
1.92500000 0.00000000
1.92600000 0.00000000
1.92700000 0.00000000
1.92800000 0.00000000
1.92900000 0.00000000
1.93000000 0.00000000
1.93100000 0.00000000
1.93200000 0.00000000
1.93300000 0.00000000
1.93400000 0.00000000
1.93500000 0.00000000
1.93600000 0.00000000
1.93700000 0.00000000
1.93800000 0.00000000
1.93900000 0.00000000
1.94000000 0.00000000
1.94100000 0.00000000
1.94200000 0.00000000
1.94300000 0.00000000
1.94400000 0.00000000
1.94500000 0.00000000
1.94600000 0.00000000
1.94700000 0.00000000
1.94800000 0.00000000
1.94900000 0.00000000
1.95000000 0.00000000
1.95100000 0.00000000
1.95200000 0.00000000
1.95300000 0.00000000
1.95400000 0.00000000
1.95500000 0.00000000
1.95600000 0.00000000
1.95700000 0.00000000
1.95800000 0.00000000
1.95900000 0.00000000
1.96000000 0.00000000
1.96100000 0.00000000
1.96200000 0.00000000
1.96300000 0.00000000
1.96400000 0.00000000
1.96500000 0.00000000
1.96600000 0.00000000
1.96700000 0.00000000
1.96800000 0.00000000
1.96900000 0.00000000
1.97000000 0.00000000
1.97100000 0.00000000
1.97200000 0.00000000
1.97300000 0.00000000
1.97400000 0.00000000
1.97500000 0.00000000
1.97600000 0.00000000
1.97700000 0.00000000
1.97800000 0.00000000
1.97900000 0.00000000
1.98000000 0.00000000
1.98100000 0.00000000
1.98200000 0.00000000
1.98300000 0.00000000
1.98400000 0.00000000
1.98500000 0.00000000
1.98600000 0.00000000
1.98700000 0.00000000
1.98800000 0.00000000
1.98900000 0.00000000
1.99000000 0.00000000
1.99100000 0.00000000
1.99200000 0.00000000
1.99300000 0.00000000
1.99400000 0.00000000
1.99500000 0.00000000
1.99600000 0.00000000
1.99700000 0.00000000
1.99800000 0.00000000
1.99900000 0.00000000
2.00000000 0.00000000
