0.10000000 192097215515.85379028
0.10100000 168787974085.86267090
0.10200000 148496196467.72180176
0.10300000 130807231649.92591858
0.10400000 115366650524.94378662
0.10500000 101871037260.05569458
0.10600000 90060258194.81526184
0.10700000 79710960255.46968079
0.10800000 70631094310.19284058
0.10900000 62655294405.67488098
0.11000000 55640972924.09144592
0.11100000 49465015584.36306763
0.11200000 44020979853.16706848
0.11300000 39216716512.44854736
0.11400000 34972347484.48323059
0.11500000 31218544055.95925140
0.11600000 27895058785.63520813
0.11700000 24949471964.68286133
0.11800000 22336119800.89785004
0.11900000 20015176742.91514206
0.12000000 17951868732.67726898
0.12100000 16115797824.64288330
0.12200000 14480361662.46831703
0.12300000 13022253859.97720528
0.12400000 11721033476.99418259
0.12500000 10558753581.20070839
0.12600000 9519640401.68959045
0.12700000 8589815855.60115242
0.12800000 7757057305.27116394
0.12900000 7010589312.20167923
0.13000000 6340902922.88547230
0.13100000 5739598672.55067253
0.13200000 5199250044.98098564
0.13300000 4713284595.34918594
0.13400000 4275880341.55154371
0.13500000 3881875368.79321241
0.13600000 3526688881.32324409
0.13700000 3206252181.95340824
0.13800000 2916948270.78929710
0.13900000 2655558934.90188265
0.14000000 2419218355.06287479
0.14100000 2205372388.02978897
0.14200000 2011742796.46845746
0.14300000 1836295796.20845747
0.14400000 1677214374.48395276
0.14500000 1532873905.10534358
0.14600000 1401820648.82242107
0.14700000 1282752780.91048670
0.14800000 1174503634.45656657
0.14900000 1076026887.98206878
0.15000000 986383460.79657531
0.15100000 904729909.59102678
0.15200000 830308145.89349794
0.15300000 762436316.67967916
0.15400000 700500710.12658465
0.15500000 643948565.62762964
0.15600000 592281682.09824741
0.15700000 545050731.59298992
0.15800000 501850196.58459109
0.15900000 462313859.14437354
0.16000000 426110778.90228671
0.16100000 392941704.21837926
0.16200000 362535867.60760218
0.16300000 334648122.24922377
0.16400000 309056381.48694515
0.16500000 285559327.67789048
0.16600000 263974360.65757298
0.16700000 244135759.52275604
0.16800000 225893034.45470393
0.16900000 209109447.96370733
0.17000000 193660687.27719113
0.17100000 179433671.65755495
0.17200000 166325480.25641772
0.17300000 154242387.71904278
0.17400000 143098996.17245695
0.17500000 132817453.48590955
0.17600000 123326748.80272570
0.17700000 114562077.32568555
0.17800000 106464267.20901141
0.17900000 98979262.18219465
0.18000000 92057654.21592925
0.18100000 85654261.14857024
0.18200000 79727744.73180135
0.18300000 74240265.03447044
0.18400000 69157167.57077488
0.18500000 64446699.89926211
0.18600000 60079754.77782335
0.18700000 56029637.26174096
0.18800000 52271853.40107202
0.18900000 48783918.43389994
0.19000000 45545182.58650487
0.19100000 42536672.78317344
0.19200000 39740948.73971725
0.19300000 37141972.06804823
0.19400000 34724987.15635312
0.19500000 32476412.71227641
0.19600000 30383742.96662164
0.19700000 28435457.63380061
0.19800000 26620939.81381864
0.19900000 24930401.10007985
0.20000000 23354813.22868883
0.20100000 21885845.66908165
0.20200000 20515808.61349947
0.20300000 19237600.87470619
0.20400000 18044662.24805489
0.20500000 16930929.93606261
0.20600000 15890798.67154668
0.20700000 14919084.20953370
0.20800000 14010989.88895985
0.20900000 13162075.99298209
0.21000000 12368231.66181833
0.21100000 11625649.13470477
0.21200000 10930800.11804806
0.21300000 10280414.09537250
0.21400000 9671458.41142087
0.21500000 9101119.97793147
0.21600000 8566788.46234610
0.21700000 8066040.83314209
0.21800000 7596627.14675468
0.21900000 7156457.47127745
0.22000000 6743589.85140066
0.22100000 6356219.22746169
0.22200000 5992667.22912210
0.22300000 5651372.77112466
0.22400000 5330883.38489086
0.22500000 5029847.22545154
0.22600000 4747005.69841851
0.22700000 4481186.65644902
0.22800000 4231298.11897408
0.22900000 3996322.47289499
0.23000000 3775311.11553532
0.23100000 3567379.50440168
0.23200000 3371702.58128465
0.23300000 3187510.54094695
0.23400000 3014084.91712516
0.23500000 2850754.96083376
0.23600000 2696894.28802679
0.23700000 2551917.77556039
0.23800000 2415278.68612487
0.23900000 2286466.00439291
0.24000000 2165001.96807310
0.24100000 2050439.77887880
0.24200000 1942361.47963047
0.24300000 1840375.98481682
0.24400000 1744117.25295336
0.24500000 1653242.59000636
0.24600000 1567431.07400145
0.24700000 1486382.09171727
0.24800000 1409813.97908076
0.24900000 1337462.75753810
0.25000000 1269080.95927893
0.25100000 1204436.53474543
0.25200000 1143311.83636707
0.25300000 1085502.67292961
0.25400000 1030817.42941700
0.25500000 979076.24756014
0.25600000 930110.26269045
0.25700000 883760.89283064
0.25800000 839879.17626345
0.25900000 798325.15410259
0.26000000 758967.29465142
0.26100000 721681.95657599
0.26200000 686352.88814031
0.26300000 652870.75995704
0.26400000 621132.72889480
0.26500000 591042.03095777
0.26600000 562507.60111359
0.26700000 535443.71819414
0.26800000 509769.67313024
0.26900000 485409.45890812
0.27000000 462291.48075231
0.27100000 440348.28514717
0.27200000 419516.30640975
0.27300000 399735.62961832
0.27400000 380949.76878676
0.27500000 363105.45925373
0.27600000 346152.46332884
0.27700000 330043.38830550
0.27800000 314733.51601319
0.27900000 300180.64313945
0.28000000 286344.93160625
0.28100000 273188.76833483
0.28200000 260676.63377953
0.28300000 248774.97865403
0.28400000 237452.10831310
0.28500000 226678.07428985
0.28600000 216424.57252287
0.28700000 206664.84783926
0.28800000 197373.60428910
0.28900000 188526.92095451
0.29000000 180102.17288167
0.29100000 172077.95680801
0.29200000 164434.02137873
0.29300000 157151.20156727
0.29400000 150211.35703342
0.29500000 143597.31417037
0.29600000 137292.81160855
0.29700000 131282.44895945
0.29800000 125551.63859673
0.29900000 120086.56028548
0.30000000 114874.11848258
0.30100000 109901.90214280
0.30200000 105158.14687609
0.30300000 100631.69931124
0.30400000 96311.98353078
0.30500000 92188.96945041
0.30600000 88253.14302457
0.30700000 84495.47816709
0.30800000 80907.41028326
0.30900000 77480.81131596
0.31000000 74207.96621476
0.31100000 71081.55074265
0.31200000 68094.61054056
0.31300000 65240.54137442
0.31400000 62513.07049483
0.31500000 59906.23904321
0.31600000 57414.38544266
0.31700000 55032.12971575
0.31800000 52754.35867455
0.31900000 50576.21193213
0.32000000 48493.06868746
0.32100000 46500.53523880
0.32200000 44594.43318333
0.32300000 42770.78826331
0.32400000 41025.81982166
0.32500000 39355.93083172
0.32600000 37757.69846852
0.32700000 36227.86519051
0.32800000 34763.33030268
0.32900000 33361.14197381
0.33000000 32018.48968214
0.33100000 30732.69706513
0.33200000 29501.21515086
0.33300000 28321.61594930
0.33400000 27191.58638368
0.33500000 26108.92254268
0.33600000 25071.52423581
0.33700000 24077.38983502
0.33800000 23124.61138687
0.33900000 22211.36998014
0.34000000 21335.93135500
0.34100000 20496.64174045
0.34200000 19691.92390753
0.34300000 18920.27342650
0.34400000 18180.25511705
0.34500000 17470.49968087
0.34600000 16789.70050688
0.34700000 16136.61063979
0.34800000 15510.03990315
0.34900000 14908.85216860
0.35000000 14331.96276366
0.35100000 13778.33601043
0.35200000 13246.98288849
0.35300000 12736.95881522
0.35400000 12247.36153745
0.35500000 11777.32912855
0.35600000 11326.03808531
0.35700000 10892.70151960
0.35800000 10476.56743961
0.35900000 10076.91711615
0.36000000 9693.06352957
0.36100000 9324.34989306
0.36200000 8970.14824839
0.36300000 8629.85813043
0.36400000 8302.90529685
0.36500000 7988.74051960
0.36600000 7686.83843513
0.36700000 7396.69645027
0.36800000 7117.83370097
0.36900000 6849.79006115
0.37000000 6592.12519926
0.37100000 6344.41767996
0.37200000 6106.26410883
0.37300000 5877.27831780
0.37400000 5657.09058934
0.37500000 5445.34691743
0.37600000 5241.70830354
0.37700000 5045.85008578
0.37800000 4857.46129970
0.37900000 4676.24406900
0.38000000 4501.91302488
0.38100000 4334.19475249
0.38200000 4172.82726312
0.38300000 4017.55949100
0.38400000 3868.15081338
0.38500000 3724.37059285
0.38600000 3585.99774078
0.38700000 3452.82030078
0.38800000 3324.63505138
0.38900000 3201.24712686
0.39000000 3082.46965539
0.39100000 2968.12341371
0.39200000 2858.03649749
0.39300000 2752.04400661
0.39400000 2649.98774474
0.39500000 2551.71593240
0.39600000 2457.08293307
0.39700000 2365.94899144
0.39800000 2278.17998354
0.39900000 2193.64717796
0.40000000 2112.22700771
0.40100000 2033.80085230
0.40200000 1958.25482945
0.40300000 1885.47959599
0.40400000 1815.37015767
0.40500000 1747.82568723
0.40600000 1682.74935052
0.40700000 1620.04814029
0.40800000 1559.63271722
0.40900000 1501.41725786
0.41000000 1445.31930924
0.41100000 1391.25964982
0.41200000 1339.16215643
0.41300000 1288.95367697
0.41400000 1240.56390862
0.41500000 1193.92528132
0.41600000 1148.97284622
0.41700000 1105.64416893
0.41800000 1063.87922733
0.41900000 1023.62031376
0.42000000 984.81194141
0.42100000 947.40075455
0.42200000 911.33544278
0.42300000 876.56665870
0.42400000 843.04693922
0.42500000 810.73063008
0.42600000 779.57381359
0.42700000 749.53423939
0.42800000 720.57125812
0.42900000 692.64575785
0.43000000 665.72010317
0.43100000 639.75807676
0.43200000 614.72482350
0.43300000 590.58679677
0.43400000 567.31170705
0.43500000 544.86847261
0.43600000 523.22717221
0.43700000 502.35899981
0.43800000 482.23622105
0.43900000 462.83213158
0.44000000 444.12101704
0.44100000 426.07811470
0.44200000 408.67957665
0.44300000 391.90243450
0.44400000 375.72456544
0.44500000 360.12465979
0.44600000 345.08218974
0.44700000 330.57737943
0.44800000 316.59117615
0.44900000 303.10522282
0.45000000 290.10183143
0.45100000 277.56395761
0.45200000 265.47517623
0.45300000 253.81965794
0.45400000 242.58214662
0.45500000 231.74793778
0.45600000 221.30285776
0.45700000 211.23324378
0.45800000 201.52592475
0.45900000 192.16820290
0.46000000 183.14783601
0.46100000 174.45302046
0.46200000 166.07237486
0.46300000 157.99492436
0.46400000 150.21008554
0.46500000 142.70765191
0.46600000 135.47777997
0.46700000 128.51097580
0.46800000 121.79808216
0.46900000 115.33026611
0.47000000 109.09900708
0.47100000 103.09608544
0.47200000 97.31357144
0.47300000 91.74381465
0.47400000 86.37943373
0.47500000 81.21330666
0.47600000 76.23856129
0.47700000 71.44856626
0.47800000 66.83692227
0.47900000 62.39745371
0.48000000 58.12420053
0.48100000 54.01141049
0.48200000 50.05353167
0.48300000 46.24520527
0.48400000 42.58125866
0.48500000 39.05669873
0.48600000 35.66670542
0.48700000 32.40662560
0.48800000 29.27196703
0.48900000 26.25839272
0.49000000 23.36171533
0.49100000 20.57789189
0.49200000 17.90301868
0.49300000 15.33332627
0.49400000 12.86517481
0.49500000 10.49504942
0.49600000 8.21955581
0.49700000 6.03541602
0.49800000 3.93946432
0.49900000 1.92864329
0.50000000 -0.00000000
0.50100000 -11.76462441
0.50200000 -22.82886575
0.50300000 -33.21909178
0.50400000 -42.96094560
0.50500000 -52.07936030
0.50600000 -60.59857330
0.50700000 -68.54214059
0.50800000 -75.93295069
0.50900000 -82.79323849
0.51000000 -89.14459885
0.51100000 -95.00800005
0.51200000 -100.40379697
0.51300000 -105.35174422
0.51400000 -109.87100893
0.51500000 -113.98018349
0.51600000 -117.69729797
0.51700000 -121.03983251
0.51800000 -124.02472941
0.51900000 -126.66840508
0.52000000 -128.98676181
0.52100000 -130.99519939
0.52200000 -132.70862651
0.52300000 -134.14147201
0.52400000 -135.30769595
0.52500000 -136.22080051
0.52600000 -136.89384075
0.52700000 -137.33943510
0.52800000 -137.56977585
0.52900000 -137.59663929
0.53000000 -137.43139582
0.53100000 -137.08501985
0.53200000 -136.56809952
0.53300000 -135.89084627
0.53400000 -135.06310430
0.53500000 -134.09435976
0.53600000 -132.99374990
0.53700000 -131.77007202
0.53800000 -130.43179223
0.53900000 -128.98705410
0.54000000 -127.44368715
0.54100000 -125.80921520
0.54200000 -124.09086453
0.54300000 -122.29557194
0.54400000 -120.42999265
0.54500000 -118.50050801
0.54600000 -116.51323318
0.54700000 -114.47402449
0.54800000 -112.38848687
0.54900000 -110.26198096
0.55000000 -108.09963019
0.55100000 -105.90632766
0.55200000 -103.68674296
0.55300000 -101.44532875
0.55400000 -99.18632732
0.55500000 -96.91377692
0.55600000 -94.63151804
0.55700000 -92.34319951
0.55800000 -90.05228447
0.55900000 -87.76205629
0.56000000 -85.47562423
0.56100000 -83.19592912
0.56200000 -80.92574881
0.56300000 -78.66770357
0.56400000 -76.42426132
0.56500000 -74.19774279
0.56600000 -71.99032650
0.56700000 -69.80405370
0.56800000 -67.64083314
0.56900000 -65.50244573
0.57000000 -63.39054914
0.57100000 -61.30668224
0.57200000 -59.25226942
0.57300000 -57.22862488
0.57400000 -55.23695670
0.57500000 -53.27837092
0.57600000 -51.35387544
0.57700000 -49.46438384
0.57800000 -47.61071913
0.57900000 -45.79361732
0.58000000 -44.01373101
0.58100000 -42.27163276
0.58200000 -40.56781846
0.58300000 -38.90271055
0.58400000 -37.27666119
0.58500000 -35.68995527
0.58600000 -34.14281344
0.58700000 -32.63539493
0.58800000 -31.16780037
0.58900000 -29.74007447
0.59000000 -28.35220869
0.59100000 -27.00414371
0.59200000 -25.69577193
0.59300000 -24.42693982
0.59400000 -23.19745026
0.59500000 -22.00706468
0.59600000 -20.85550527
0.59700000 -19.74245701
0.59800000 -18.66756969
0.59900000 -17.63045978
0.60000000 -16.63071234
0.60100000 -15.66788275
0.60200000 -14.74149845
0.60300000 -13.85106057
0.60400000 -12.99604550
0.60500000 -12.17590643
0.60600000 -11.39007478
0.60700000 -10.63796158
0.60800000 -9.91895881
0.60900000 -9.23244070
0.61000000 -8.57776486
0.61100000 -7.95427353
0.61200000 -7.36129462
0.61300000 -6.79814277
0.61400000 -6.26412034
0.61500000 -5.75851838
0.61600000 -5.28061748
0.61700000 -4.82968866
0.61800000 -4.40499414
0.61900000 -4.00578809
0.62000000 -3.63131737
0.62100000 -3.28082215
0.62200000 -2.95353657
0.62300000 -2.64868931
0.62400000 -2.36550414
0.62500000 -2.10320044
0.62600000 -1.86099361
0.62700000 -1.63809561
0.62800000 -1.43371526
0.62900000 -1.24705866
0.63000000 -1.07732956
0.63100000 -0.92372960
0.63200000 -0.78545864
0.63300000 -0.66171500
0.63400000 -0.55169569
0.63500000 -0.45459663
0.63600000 -0.36961282
0.63700000 -0.29593847
0.63800000 -0.23276722
0.63900000 -0.17929219
0.64000000 -0.13470611
0.64100000 -0.09820142
0.64200000 -0.06897033
0.64300000 -0.04620489
0.64400000 -0.02909702
0.64500000 -0.01683858
0.64600000 -0.00862136
0.64700000 -0.00363714
0.64800000 -0.00107767
0.64900000 -0.00013471
0.65000000 0.00000000
0.65100000 0.26491651
0.65200000 0.52983458
0.65300000 0.79476207
0.65400000 1.05971932
0.65500000 1.32474543
0.65600000 1.58990432
0.65700000 1.85529080
0.65800000 2.12103649
0.65900000 2.38731558
0.66000000 2.65435043
0.66100000 2.92241697
0.66200000 3.19184994
0.66300000 3.46304774
0.66400000 3.73647715
0.66500000 4.01267763
0.66600000 4.29226527
0.66700000 4.57593635
0.66800000 4.86447044
0.66900000 5.15873293
0.67000000 5.45967700
0.67100000 5.76834485
0.67200000 6.08586819
0.67300000 6.41346778
0.67400000 6.75245195
0.67500000 7.10421391
0.67600000 7.47022770
0.67700000 7.85204260
0.67800000 8.25127573
0.67900000 8.66960268
0.68000000 9.10874590
0.68100000 9.57046049
0.68200000 10.05651728
0.68300000 10.56868280
0.68400000 11.10869591
0.68500000 11.67824081
0.68600000 12.27891629
0.68700000 12.91220089
0.68800000 13.57941407
0.68900000 14.28167329
0.69000000 15.01984710
0.69100000 15.79450468
0.69200000 16.60586213
0.69300000 17.45372644
0.69400000 18.33743788
0.69500000 19.25581238
0.69600000 20.20708507
0.69700000 21.18885730
0.69800000 22.19804889
0.69900000 23.23085841
0.70000000 24.28273388
0.70100000 25.34835688
0.70200000 26.42164271
0.70300000 27.49575939
0.70400000 28.56316779
0.70500000 29.61568490
0.70600000 30.64457129
0.70700000 31.64064320
0.70800000 32.59440853
0.70900000 33.49622473
0.71000000 34.33647555
0.71100000 35.10576210
0.71200000 35.79510271
0.71300000 36.39613506
0.71400000 36.90131327
0.71500000 37.30409239
0.71600000 37.59909295
0.71700000 37.78223845
0.71800000 37.85086003
0.71900000 37.80376368
0.72000000 37.64125711
0.72100000 37.36513532
0.72200000 36.97862573
0.72300000 36.48629569
0.72400000 35.89392686
0.72500000 35.20836206
0.72600000 34.43733153
0.72700000 33.58926562
0.72800000 32.67310136
0.72900000 31.69808988
0.73000000 30.67361088
0.73100000 29.60899982
0.73200000 28.51339175
0.73300000 27.39558532
0.73400000 26.26392851
0.73500000 25.12622722
0.73600000 23.98967630
0.73700000 22.86081231
0.73800000 21.74548610
0.73900000 20.64885330
0.74000000 19.57538033
0.74100000 18.52886328
0.74200000 17.51245737
0.74300000 16.52871429
0.74400000 15.57962543
0.74500000 14.66666886
0.74600000 13.79085830
0.74700000 12.95279268
0.74800000 12.15270499
0.74900000 11.39050954
0.75000000 10.66584684
0.75100000 9.97812561
0.75200000 9.32656160
0.75300000 8.71021304
0.75400000 8.12801255
0.75500000 7.57879568
0.75600000 7.06132612
0.75700000 6.57431775
0.75800000 6.11645367
0.75900000 5.68640258
0.76000000 5.28283259
0.76100000 4.90442280
0.76200000 4.54987282
0.76300000 4.21791054
0.76400000 3.90729824
0.76500000 3.61683743
0.76600000 3.34537235
0.76700000 3.09179260
0.76800000 2.85503475
0.76900000 2.63408332
0.77000000 2.42797110
0.77100000 2.23577894
0.77200000 2.05663518
0.77300000 1.88971470
0.77400000 1.73423775
0.77500000 1.58946850
0.77600000 1.45471354
0.77700000 1.32932021
0.77800000 1.21267484
0.77900000 1.10420104
0.78000000 1.00335785
0.78100000 0.90963801
0.78200000 0.82256617
0.78300000 0.74169719
0.78400000 0.66661443
0.78500000 0.59692816
0.78600000 0.53227396
0.78700000 0.47231123
0.78800000 0.41672174
0.78900000 0.36520828
0.79000000 0.31749332
0.79100000 0.27331779
0.79200000 0.23243992
0.79300000 0.19463410
0.79400000 0.15968984
0.79500000 0.12741081
0.79600000 0.09761389
0.79700000 0.07012829
0.79800000 0.04479477
0.79900000 0.02146482
0.80000000 0.00000000
0.80100000 -0.01972878
0.80200000 -0.03784187
0.80300000 -0.05445146
0.80400000 -0.06966215
0.80500000 -0.08357145
0.80600000 -0.09627026
0.80700000 -0.10784333
0.80800000 -0.11836965
0.80900000 -0.12792288
0.81000000 -0.13657167
0.81100000 -0.14438004
0.81200000 -0.15140765
0.81300000 -0.15771014
0.81400000 -0.16333938
0.81500000 -0.16834372
0.81600000 -0.17276824
0.81700000 -0.17665498
0.81800000 -0.18004312
0.81900000 -0.18296920
0.82000000 -0.18546727
0.82100000 -0.18756909
0.82200000 -0.18930427
0.82300000 -0.19070040
0.82400000 -0.19178322
0.82500000 -0.19257669
0.82600000 -0.19310319
0.82700000 -0.19338355
0.82800000 -0.19343719
0.82900000 -0.19328221
0.83000000 -0.19293548
0.83100000 -0.19241271
0.83200000 -0.19172854
0.83300000 -0.19089662
0.83400000 -0.18992965
0.83500000 -0.18883946
0.83600000 -0.18763706
0.83700000 -0.18633272
0.83800000 -0.18493597
0.83900000 -0.18345571
0.84000000 -0.18190019
0.84100000 -0.18027709
0.84200000 -0.17859356
0.84300000 -0.17685625
0.84400000 -0.17507132
0.84500000 -0.17324450
0.84600000 -0.17138111
0.84700000 -0.16948609
0.84800000 -0.16756402
0.84900000 -0.16561913
0.85000000 -0.16365537
0.85100000 -0.16167638
0.85200000 -0.15968552
0.85300000 -0.15768590
0.85400000 -0.15568041
0.85500000 -0.15367170
0.85600000 -0.15166222
0.85700000 -0.14965423
0.85800000 -0.14764979
0.85900000 -0.14565082
0.86000000 -0.14365908
0.86100000 -0.14167615
0.86200000 -0.13970352
0.86300000 -0.13774253
0.86400000 -0.13579438
0.86500000 -0.13386021
0.86600000 -0.13194101
0.86700000 -0.13003770
0.86800000 -0.12815109
0.86900000 -0.12628194
0.87000000 -0.12443090
0.87100000 -0.12259855
0.87200000 -0.12078543
0.87300000 -0.11899199
0.87400000 -0.11721864
0.87500000 -0.11546571
0.87600000 -0.11373352
0.87700000 -0.11202230
0.87800000 -0.11033228
0.87900000 -0.10866360
0.88000000 -0.10701642
0.88100000 -0.10539081
0.88200000 -0.10378685
0.88300000 -0.10220458
0.88400000 -0.10064400
0.88500000 -0.09910509
0.88600000 -0.09758782
0.88700000 -0.09609213
0.88800000 -0.09461793
0.88900000 -0.09316513
0.89000000 -0.09173361
0.89100000 -0.09032324
0.89200000 -0.08893389
0.89300000 -0.08756540
0.89400000 -0.08621760
0.89500000 -0.08489032
0.89600000 -0.08358336
0.89700000 -0.08229654
0.89800000 -0.08102966
0.89900000 -0.07978251
0.90000000 -0.07855487
0.90100000 -0.07734652
0.90200000 -0.07615726
0.90300000 -0.07498683
0.90400000 -0.07383503
0.90500000 -0.07270160
0.90600000 -0.07158633
0.90700000 -0.07048896
0.90800000 -0.06940927
0.90900000 -0.06834701
0.91000000 -0.06730194
0.91100000 -0.06627383
0.91200000 -0.06526242
0.91300000 -0.06426749
0.91400000 -0.06328878
0.91500000 -0.06232606
0.91600000 -0.06137910
0.91700000 -0.06044765
0.91800000 -0.05953147
0.91900000 -0.05863034
0.92000000 -0.05774402
0.92100000 -0.05687228
0.92200000 -0.05601489
0.92300000 -0.05517161
0.92400000 -0.05434224
0.92500000 -0.05352653
0.92600000 -0.05272428
0.92700000 -0.05193526
0.92800000 -0.05115926
0.92900000 -0.05039606
0.93000000 -0.04964546
0.93100000 -0.04890724
0.93200000 -0.04818119
0.93300000 -0.04746713
0.93400000 -0.04676483
0.93500000 -0.04607412
0.93600000 -0.04539478
0.93700000 -0.04472663
0.93800000 -0.04406948
0.93900000 -0.04342315
0.94000000 -0.04278744
0.94100000 -0.04216217
0.94200000 -0.04154718
0.94300000 -0.04094227
0.94400000 -0.04034729
0.94500000 -0.03976205
0.94600000 -0.03918638
0.94700000 -0.03862014
0.94800000 -0.03806314
0.94900000 -0.03751524
0.95000000 -0.03697627
0.95100000 -0.03644607
0.95200000 -0.03592451
0.95300000 -0.03541142
0.95400000 -0.03490665
0.95500000 -0.03441008
0.95600000 -0.03392154
0.95700000 -0.03344091
0.95800000 -0.03296804
0.95900000 -0.03250280
0.96000000 -0.03204506
0.96100000 -0.03159468
0.96200000 -0.03115154
0.96300000 -0.03071551
0.96400000 -0.03028646
0.96500000 -0.02986428
0.96600000 -0.02944885
0.96700000 -0.02904005
0.96800000 -0.02863776
0.96900000 -0.02824187
0.97000000 -0.02785226
0.97100000 -0.02746884
0.97200000 -0.02709149
0.97300000 -0.02672010
0.97400000 -0.02635457
0.97500000 -0.02599481
0.97600000 -0.02564071
0.97700000 -0.02529217
0.97800000 -0.02494909
0.97900000 -0.02461139
0.98000000 -0.02427897
0.98100000 -0.02395173
0.98200000 -0.02362960
0.98300000 -0.02331247
0.98400000 -0.02300027
0.98500000 -0.02269290
0.98600000 -0.02239029
0.98700000 -0.02209236
0.98800000 -0.02179902
0.98900000 -0.02151019
0.99000000 -0.02122581
0.99100000 -0.02094578
0.99200000 -0.02067005
0.99300000 -0.02039852
0.99400000 -0.02013114
0.99500000 -0.01986783
0.99600000 -0.01960853
0.99700000 -0.01935316
0.99800000 -0.01910165
0.99900000 -0.01885395
1.00000000 -0.01860999
1.00100000 -0.01836970
1.00200000 -0.01813302
1.00300000 -0.01789990
1.00400000 -0.01767027
1.00500000 -0.01744407
1.00600000 -0.01722125
1.00700000 -0.01700174
1.00800000 -0.01678550
1.00900000 -0.01657247
1.01000000 -0.01636260
1.01100000 -0.01615583
1.01200000 -0.01595211
1.01300000 -0.01575139
1.01400000 -0.01555362
1.01500000 -0.01535875
1.01600000 -0.01516674
1.01700000 -0.01497753
1.01800000 -0.01479109
1.01900000 -0.01460735
1.02000000 -0.01442629
1.02100000 -0.01424786
1.02200000 -0.01407201
1.02300000 -0.01389870
1.02400000 -0.01372789
1.02500000 -0.01355954
1.02600000 -0.01339361
1.02700000 -0.01323005
1.02800000 -0.01306884
1.02900000 -0.01290993
1.03000000 -0.01275329
1.03100000 -0.01259888
1.03200000 -0.01244666
1.03300000 -0.01229659
1.03400000 -0.01214865
1.03500000 -0.01200280
1.03600000 -0.01185901
1.03700000 -0.01171723
1.03800000 -0.01157745
1.03900000 -0.01143963
1.04000000 -0.01130373
1.04100000 -0.01116973
1.04200000 -0.01103760
1.04300000 -0.01090730
1.04400000 -0.01077881
1.04500000 -0.01065210
1.04600000 -0.01052715
1.04700000 -0.01040391
1.04800000 -0.01028238
1.04900000 -0.01016251
1.05000000 -0.01004429
1.05100000 -0.00992769
1.05200000 -0.00981268
1.05300000 -0.00969923
1.05400000 -0.00958734
1.05500000 -0.00947696
1.05600000 -0.00936808
1.05700000 -0.00926067
1.05800000 -0.00915471
1.05900000 -0.00905018
1.06000000 -0.00894706
1.06100000 -0.00884532
1.06200000 -0.00874495
1.06300000 -0.00864592
1.06400000 -0.00854821
1.06500000 -0.00845180
1.06600000 -0.00835667
1.06700000 -0.00826281
1.06800000 -0.00817019
1.06900000 -0.00807879
1.07000000 -0.00798861
1.07100000 -0.00789960
1.07200000 -0.00781177
1.07300000 -0.00772510
1.07400000 -0.00763955
1.07500000 -0.00755513
1.07600000 -0.00747180
1.07700000 -0.00738957
1.07800000 -0.00730840
1.07900000 -0.00722828
1.08000000 -0.00714920
1.08100000 -0.00707114
1.08200000 -0.00699409
1.08300000 -0.00691803
1.08400000 -0.00684295
1.08500000 -0.00676883
1.08600000 -0.00669566
1.08700000 -0.00662343
1.08800000 -0.00655211
1.08900000 -0.00648171
1.09000000 -0.00641220
1.09100000 -0.00634357
1.09200000 -0.00627580
1.09300000 -0.00620890
1.09400000 -0.00614284
1.09500000 -0.00607761
1.09600000 -0.00601319
1.09700000 -0.00594959
1.09800000 -0.00588678
1.09900000 -0.00582476
1.10000000 -0.00576351
1.10100000 -0.00570302
1.10200000 -0.00564328
1.10300000 -0.00558429
1.10400000 -0.00552602
1.10500000 -0.00546848
1.10600000 -0.00541164
1.10700000 -0.00535550
1.10800000 -0.00530005
1.10900000 -0.00524529
1.11000000 -0.00519119
1.11100000 -0.00513775
1.11200000 -0.00508496
1.11300000 -0.00503282
1.11400000 -0.00498131
1.11500000 -0.00493043
1.11600000 -0.00488016
1.11700000 -0.00483049
1.11800000 -0.00478143
1.11900000 -0.00473296
1.12000000 -0.00468507
1.12100000 -0.00463775
1.12200000 -0.00459100
1.12300000 -0.00454481
1.12400000 -0.00449917
1.12500000 -0.00445407
1.12600000 -0.00440951
1.12700000 -0.00436548
1.12800000 -0.00432197
1.12900000 -0.00427897
1.13000000 -0.00423648
1.13100000 -0.00419450
1.13200000 -0.00415300
1.13300000 -0.00411199
1.13400000 -0.00407146
1.13500000 -0.00403141
1.13600000 -0.00399182
1.13700000 -0.00395270
1.13800000 -0.00391403
1.13900000 -0.00387580
1.14000000 -0.00383802
1.14100000 -0.00380068
1.14200000 -0.00376377
1.14300000 -0.00372729
1.14400000 -0.00369122
1.14500000 -0.00365557
1.14600000 -0.00362033
1.14700000 -0.00358549
1.14800000 -0.00355105
1.14900000 -0.00351700
1.15000000 -0.00348334
1.15100000 -0.00345006
1.15200000 -0.00341716
1.15300000 -0.00338463
1.15400000 -0.00335247
1.15500000 -0.00332067
1.15600000 -0.00328923
1.15700000 -0.00325815
1.15800000 -0.00322741
1.15900000 -0.00319702
1.16000000 -0.00316696
1.16100000 -0.00313725
1.16200000 -0.00310786
1.16300000 -0.00307880
1.16400000 -0.00305007
1.16500000 -0.00302165
1.16600000 -0.00299355
1.16700000 -0.00296575
1.16800000 -0.00293827
1.16900000 -0.00291109
1.17000000 -0.00288420
1.17100000 -0.00285761
1.17200000 -0.00283132
1.17300000 -0.00280531
1.17400000 -0.00277958
1.17500000 -0.00275413
1.17600000 -0.00272897
1.17700000 -0.00270407
1.17800000 -0.00267945
1.17900000 -0.00265509
1.18000000 -0.00263099
1.18100000 -0.00260716
1.18200000 -0.00258358
1.18300000 -0.00256025
1.18400000 -0.00253718
1.18500000 -0.00251435
1.18600000 -0.00249177
1.18700000 -0.00246943
1.18800000 -0.00244732
1.18900000 -0.00242546
1.19000000 -0.00240382
1.19100000 -0.00238241
1.19200000 -0.00236123
1.19300000 -0.00234028
1.19400000 -0.00231954
1.19500000 -0.00229903
1.19600000 -0.00227873
1.19700000 -0.00225864
1.19800000 -0.00223877
1.19900000 -0.00221910
1.20000000 -0.00219964
1.20100000 -0.00218038
1.20200000 -0.00216132
1.20300000 -0.00214246
1.20400000 -0.00212379
1.20500000 -0.00210532
1.20600000 -0.00208704
1.20700000 -0.00206895
1.20800000 -0.00205105
1.20900000 -0.00203333
1.21000000 -0.00201579
1.21100000 -0.00199843
1.21200000 -0.00198125
1.21300000 -0.00196425
1.21400000 -0.00194742
1.21500000 -0.00193076
1.21600000 -0.00191427
1.21700000 -0.00189795
1.21800000 -0.00188180
1.21900000 -0.00186580
1.22000000 -0.00184997
1.22100000 -0.00183430
1.22200000 -0.00181879
1.22300000 -0.00180344
1.22400000 -0.00178823
1.22500000 -0.00177319
1.22600000 -0.00175829
1.22700000 -0.00174354
1.22800000 -0.00172894
1.22900000 -0.00171448
1.23000000 -0.00170017
1.23100000 -0.00168600
1.23200000 -0.00167197
1.23300000 -0.00165808
1.23400000 -0.00164433
1.23500000 -0.00163071
1.23600000 -0.00161723
1.23700000 -0.00160388
1.23800000 -0.00159066
1.23900000 -0.00157757
1.24000000 -0.00156461
1.24100000 -0.00155178
1.24200000 -0.00153907
1.24300000 -0.00152649
1.24400000 -0.00151402
1.24500000 -0.00150168
1.24600000 -0.00148946
1.24700000 -0.00147736
1.24800000 -0.00146538
1.24900000 -0.00145351
1.25000000 -0.00144175
1.25100000 -0.00143011
1.25200000 -0.00141858
1.25300000 -0.00140717
1.25400000 -0.00139586
1.25500000 -0.00138466
1.25600000 -0.00137356
1.25700000 -0.00136258
1.25800000 -0.00135169
1.25900000 -0.00134092
1.26000000 -0.00133024
1.26100000 -0.00131966
1.26200000 -0.00130919
1.26300000 -0.00129881
1.26400000 -0.00128853
1.26500000 -0.00127835
1.26600000 -0.00126827
1.26700000 -0.00125828
1.26800000 -0.00124838
1.26900000 -0.00123858
1.27000000 -0.00122887
1.27100000 -0.00121925
1.27200000 -0.00120971
1.27300000 -0.00120027
1.27400000 -0.00119092
1.27500000 -0.00118165
1.27600000 -0.00117247
1.27700000 -0.00116337
1.27800000 -0.00115436
1.27900000 -0.00114543
1.28000000 -0.00113658
1.28100000 -0.00112782
1.28200000 -0.00111913
1.28300000 -0.00111053
1.28400000 -0.00110200
1.28500000 -0.00109356
1.28600000 -0.00108518
1.28700000 -0.00107689
1.28800000 -0.00106867
1.28900000 -0.00106053
1.29000000 -0.00105246
1.29100000 -0.00104446
1.29200000 -0.00103654
1.29300000 -0.00102868
1.29400000 -0.00102090
1.29500000 -0.00101319
1.29600000 -0.00100555
1.29700000 -0.00099798
1.29800000 -0.00099047
1.29900000 -0.00098303
1.30000000 -0.00097566
1.30100000 -0.00096836
1.30200000 -0.00096112
1.30300000 -0.00095394
1.30400000 -0.00094683
1.30500000 -0.00093978
1.30600000 -0.00093280
1.30700000 -0.00092587
1.30800000 -0.00091901
1.30900000 -0.00091221
1.31000000 -0.00090547
1.31100000 -0.00089879
1.31200000 -0.00089216
1.31300000 -0.00088560
1.31400000 -0.00087909
1.31500000 -0.00087264
1.31600000 -0.00086625
1.31700000 -0.00085991
1.31800000 -0.00085363
1.31900000 -0.00084740
1.32000000 -0.00084123
1.32100000 -0.00083511
1.32200000 -0.00082904
1.32300000 -0.00082303
1.32400000 -0.00081706
1.32500000 -0.00081115
1.32600000 -0.00080529
1.32700000 -0.00079948
1.32800000 -0.00079373
1.32900000 -0.00078802
1.33000000 -0.00078236
1.33100000 -0.00077674
1.33200000 -0.00077118
1.33300000 -0.00076566
1.33400000 -0.00076019
1.33500000 -0.00075477
1.33600000 -0.00074940
1.33700000 -0.00074406
1.33800000 -0.00073878
1.33900000 -0.00073354
1.34000000 -0.00072834
1.34100000 -0.00072319
1.34200000 -0.00071808
1.34300000 -0.00071302
1.34400000 -0.00070799
1.34500000 -0.00070301
1.34600000 -0.00069807
1.34700000 -0.00069318
1.34800000 -0.00068832
1.34900000 -0.00068350
1.35000000 -0.00067873
1.35100000 -0.00067399
1.35200000 -0.00066930
1.35300000 -0.00066464
1.35400000 -0.00066002
1.35500000 -0.00065544
1.35600000 -0.00065090
1.35700000 -0.00064639
1.35800000 -0.00064192
1.35900000 -0.00063749
1.36000000 -0.00063310
1.36100000 -0.00062874
1.36200000 -0.00062442
1.36300000 -0.00062013
1.36400000 -0.00061588
1.36500000 -0.00061166
1.36600000 -0.00060748
1.36700000 -0.00060333
1.36800000 -0.00059922
1.36900000 -0.00059514
1.37000000 -0.00059109
1.37100000 -0.00058708
1.37200000 -0.00058310
1.37300000 -0.00057915
1.37400000 -0.00057523
1.37500000 -0.00057134
1.37600000 -0.00056749
1.37700000 -0.00056366
1.37800000 -0.00055987
1.37900000 -0.00055611
1.38000000 -0.00055237
1.38100000 -0.00054867
1.38200000 -0.00054500
1.38300000 -0.00054136
1.38400000 -0.00053774
1.38500000 -0.00053416
1.38600000 -0.00053060
1.38700000 -0.00052707
1.38800000 -0.00052357
1.38900000 -0.00052010
1.39000000 -0.00051665
1.39100000 -0.00051323
1.39200000 -0.00050984
1.39300000 -0.00050648
1.39400000 -0.00050314
1.39500000 -0.00049983
1.39600000 -0.00049654
1.39700000 -0.00049328
1.39800000 -0.00049005
1.39900000 -0.00048684
1.40000000 -0.00048366
1.40100000 -0.00048050
1.40200000 -0.00047736
1.40300000 -0.00047425
1.40400000 -0.00047117
1.40500000 -0.00046811
1.40600000 -0.00046507
1.40700000 -0.00046206
1.40800000 -0.00045906
1.40900000 -0.00045610
1.41000000 -0.00045315
1.41100000 -0.00045023
1.41200000 -0.00044733
1.41300000 -0.00044445
1.41400000 -0.00044160
1.41500000 -0.00043876
1.41600000 -0.00043595
1.41700000 -0.00043316
1.41800000 -0.00043039
1.41900000 -0.00042765
1.42000000 -0.00042492
1.42100000 -0.00042221
1.42200000 -0.00041953
1.42300000 -0.00041687
1.42400000 -0.00041422
1.42500000 -0.00041160
1.42600000 -0.00040899
1.42700000 -0.00040641
1.42800000 -0.00040384
1.42900000 -0.00040129
1.43000000 -0.00039877
1.43100000 -0.00039626
1.43200000 -0.00039377
1.43300000 -0.00039130
1.43400000 -0.00038885
1.43500000 -0.00038642
1.43600000 -0.00038400
1.43700000 -0.00038160
1.43800000 -0.00037922
1.43900000 -0.00037686
1.44000000 -0.00037452
1.44100000 -0.00037219
1.44200000 -0.00036988
1.44300000 -0.00036759
1.44400000 -0.00036532
1.44500000 -0.00036306
1.44600000 -0.00036082
1.44700000 -0.00035859
1.44800000 -0.00035638
1.44900000 -0.00035419
1.45000000 -0.00035201
1.45100000 -0.00034985
1.45200000 -0.00034771
1.45300000 -0.00034558
1.45400000 -0.00034347
1.45500000 -0.00034137
1.45600000 -0.00033929
1.45700000 -0.00033722
1.45800000 -0.00033517
1.45900000 -0.00033313
1.46000000 -0.00033111
1.46100000 -0.00032910
1.46200000 -0.00032710
1.46300000 -0.00032513
1.46400000 -0.00032316
1.46500000 -0.00032121
1.46600000 -0.00031927
1.46700000 -0.00031735
1.46800000 -0.00031544
1.46900000 -0.00031355
1.47000000 -0.00031167
1.47100000 -0.00030980
1.47200000 -0.00030795
1.47300000 -0.00030611
1.47400000 -0.00030428
1.47500000 -0.00030246
1.47600000 -0.00030066
1.47700000 -0.00029887
1.47800000 -0.00029710
1.47900000 -0.00029533
1.48000000 -0.00029358
1.48100000 -0.00029184
1.48200000 -0.00029012
1.48300000 -0.00028840
1.48400000 -0.00028670
1.48500000 -0.00028501
1.48600000 -0.00028333
1.48700000 -0.00028166
1.48800000 -0.00028001
1.48900000 -0.00027837
1.49000000 -0.00027674
1.49100000 -0.00027512
1.49200000 -0.00027351
1.49300000 -0.00027191
1.49400000 -0.00027032
1.49500000 -0.00026875
1.49600000 -0.00026718
1.49700000 -0.00026563
1.49800000 -0.00026409
1.49900000 -0.00026256
1.50000000 -0.00026103
1.50100000 -0.00025952
1.50200000 -0.00025802
1.50300000 -0.00025653
1.50400000 -0.00025505
1.50500000 -0.00025358
1.50600000 -0.00025213
1.50700000 -0.00025068
1.50800000 -0.00024924
1.50900000 -0.00024781
1.51000000 -0.00024639
1.51100000 -0.00024498
1.51200000 -0.00024358
1.51300000 -0.00024219
1.51400000 -0.00024081
1.51500000 -0.00023943
1.51600000 -0.00023807
1.51700000 -0.00023672
1.51800000 -0.00023538
1.51900000 -0.00023404
1.52000000 -0.00023271
1.52100000 -0.00023140
1.52200000 -0.00023009
1.52300000 -0.00022879
1.52400000 -0.00022750
1.52500000 -0.00022622
1.52600000 -0.00022495
1.52700000 -0.00022368
1.52800000 -0.00022243
1.52900000 -0.00022118
1.53000000 -0.00021994
1.53100000 -0.00021871
1.53200000 -0.00021749
1.53300000 -0.00021627
1.53400000 -0.00021507
1.53500000 -0.00021387
1.53600000 -0.00021268
1.53700000 -0.00021150
1.53800000 -0.00021032
1.53900000 -0.00020915
1.54000000 -0.00020800
1.54100000 -0.00020684
1.54200000 -0.00020570
1.54300000 -0.00020457
1.54400000 -0.00020344
1.54500000 -0.00020232
1.54600000 -0.00020120
1.54700000 -0.00020010
1.54800000 -0.00019900
1.54900000 -0.00019791
1.55000000 -0.00019682
1.55100000 -0.00019574
1.55200000 -0.00019467
1.55300000 -0.00019361
1.55400000 -0.00019255
1.55500000 -0.00019150
1.55600000 -0.00019046
1.55700000 -0.00018942
1.55800000 -0.00018839
1.55900000 -0.00018737
1.56000000 -0.00018636
1.56100000 -0.00018535
1.56200000 -0.00018434
1.56300000 -0.00018335
1.56400000 -0.00018236
1.56500000 -0.00018137
1.56600000 -0.00018040
1.56700000 -0.00017943
1.56800000 -0.00017846
1.56900000 -0.00017750
1.57000000 -0.00017655
1.57100000 -0.00017561
1.57200000 -0.00017467
1.57300000 -0.00017373
1.57400000 -0.00017280
1.57500000 -0.00017188
1.57600000 -0.00017097
1.57700000 -0.00017005
1.57800000 -0.00016915
1.57900000 -0.00016825
1.58000000 -0.00016736
1.58100000 -0.00016647
1.58200000 -0.00016559
1.58300000 -0.00016471
1.58400000 -0.00016384
1.58500000 -0.00016298
1.58600000 -0.00016212
1.58700000 -0.00016126
1.58800000 -0.00016041
1.58900000 -0.00015957
1.59000000 -0.00015873
1.59100000 -0.00015790
1.59200000 -0.00015707
1.59300000 -0.00015625
1.59400000 -0.00015543
1.59500000 -0.00015462
1.59600000 -0.00015381
1.59700000 -0.00015301
1.59800000 -0.00015221
1.59900000 -0.00015142
1.60000000 -0.00015063
1.60100000 -0.00014985
1.60200000 -0.00014907
1.60300000 -0.00014830
1.60400000 -0.00014753
1.60500000 -0.00014677
1.60600000 -0.00014601
1.60700000 -0.00014526
1.60800000 -0.00014451
1.60900000 -0.00014376
1.61000000 -0.00014302
1.61100000 -0.00014229
1.61200000 -0.00014156
1.61300000 -0.00014083
1.61400000 -0.00014011
1.61500000 -0.00013939
1.61600000 -0.00013868
1.61700000 -0.00013797
1.61800000 -0.00013727
1.61900000 -0.00013657
1.62000000 -0.00013587
1.62100000 -0.00013518
1.62200000 -0.00013449
1.62300000 -0.00013381
1.62400000 -0.00013313
1.62500000 -0.00013246
1.62600000 -0.00013179
1.62700000 -0.00013112
1.62800000 -0.00013046
1.62900000 -0.00012980
1.63000000 -0.00012914
1.63100000 -0.00012849
1.63200000 -0.00012785
1.63300000 -0.00012720
1.63400000 -0.00012656
1.63500000 -0.00012593
1.63600000 -0.00012530
1.63700000 -0.00012467
1.63800000 -0.00012405
1.63900000 -0.00012343
1.64000000 -0.00012281
1.64100000 -0.00012220
1.64200000 -0.00012159
1.64300000 -0.00012098
1.64400000 -0.00012038
1.64500000 -0.00011978
1.64600000 -0.00011919
1.64700000 -0.00011860
1.64800000 -0.00011801
1.64900000 -0.00011743
1.65000000 -0.00011685
1.65100000 -0.00011627
1.65200000 -0.00011569
1.65300000 -0.00011512
1.65400000 -0.00011456
1.65500000 -0.00011399
1.65600000 -0.00011343
1.65700000 -0.00011288
1.65800000 -0.00011232
1.65900000 -0.00011177
1.66000000 -0.00011122
1.66100000 -0.00011068
1.66200000 -0.00011014
1.66300000 -0.00010960
1.66400000 -0.00010907
1.66500000 -0.00010854
1.66600000 -0.00010801
1.66700000 -0.00010748
1.66800000 -0.00010696
1.66900000 -0.00010644
1.67000000 -0.00010592
1.67100000 -0.00010541
1.67200000 -0.00010490
1.67300000 -0.00010439
1.67400000 -0.00010389
1.67500000 -0.00010339
1.67600000 -0.00010289
1.67700000 -0.00010239
1.67800000 -0.00010190
1.67900000 -0.00010141
1.68000000 -0.00010092
1.68100000 -0.00010044
1.68200000 -0.00009996
1.68300000 -0.00009948
1.68400000 -0.00009900
1.68500000 -0.00009853
1.68600000 -0.00009806
1.68700000 -0.00009759
1.68800000 -0.00009713
1.68900000 -0.00009666
1.69000000 -0.00009620
1.69100000 -0.00009575
1.69200000 -0.00009529
1.69300000 -0.00009484
1.69400000 -0.00009439
1.69500000 -0.00009394
1.69600000 -0.00009350
1.69700000 -0.00009306
1.69800000 -0.00009262
1.69900000 -0.00009218
1.70000000 -0.00009175
1.70100000 -0.00009131
1.70200000 -0.00009088
1.70300000 -0.00009046
1.70400000 -0.00009003
1.70500000 -0.00008961
1.70600000 -0.00008919
1.70700000 -0.00008877
1.70800000 -0.00008836
1.70900000 -0.00008794
1.71000000 -0.00008753
1.71100000 -0.00008712
1.71200000 -0.00008672
1.71300000 -0.00008631
1.71400000 -0.00008591
1.71500000 -0.00008551
1.71600000 -0.00008512
1.71700000 -0.00008472
1.71800000 -0.00008433
1.71900000 -0.00008394
1.72000000 -0.00008355
1.72100000 -0.00008316
1.72200000 -0.00008278
1.72300000 -0.00008240
1.72400000 -0.00008202
1.72500000 -0.00008164
1.72600000 -0.00008126
1.72700000 -0.00008089
1.72800000 -0.00008052
1.72900000 -0.00008015
1.73000000 -0.00007978
1.73100000 -0.00007942
1.73200000 -0.00007905
1.73300000 -0.00007869
1.73400000 -0.00007833
1.73500000 -0.00007797
1.73600000 -0.00007762
1.73700000 -0.00007726
1.73800000 -0.00007691
1.73900000 -0.00007656
1.74000000 -0.00007622
1.74100000 -0.00007587
1.74200000 -0.00007553
1.74300000 -0.00007518
1.74400000 -0.00007484
1.74500000 -0.00007450
1.74600000 -0.00007417
1.74700000 -0.00007383
1.74800000 -0.00007350
1.74900000 -0.00007317
1.75000000 -0.00007284
1.75100000 -0.00007251
1.75200000 -0.00007218
1.75300000 -0.00007186
1.75400000 -0.00007154
1.75500000 -0.00007122
1.75600000 -0.00007090
1.75700000 -0.00007058
1.75800000 -0.00007027
1.75900000 -0.00006995
1.76000000 -0.00006964
1.76100000 -0.00006933
1.76200000 -0.00006902
1.76300000 -0.00006871
1.76400000 -0.00006841
1.76500000 -0.00006810
1.76600000 -0.00006780
1.76700000 -0.00006750
1.76800000 -0.00006720
1.76900000 -0.00006690
1.77000000 -0.00006661
1.77100000 -0.00006631
1.77200000 -0.00006602
1.77300000 -0.00006573
1.77400000 -0.00006544
1.77500000 -0.00006515
1.77600000 -0.00006486
1.77700000 -0.00006458
1.77800000 -0.00006430
1.77900000 -0.00006401
1.78000000 -0.00006373
1.78100000 -0.00006345
1.78200000 -0.00006318
1.78300000 -0.00006290
1.78400000 -0.00006262
1.78500000 -0.00006235
1.78600000 -0.00006208
1.78700000 -0.00006181
1.78800000 -0.00006154
1.78900000 -0.00006127
1.79000000 -0.00006100
1.79100000 -0.00006074
1.79200000 -0.00006048
1.79300000 -0.00006021
1.79400000 -0.00005995
1.79500000 -0.00005969
1.79600000 -0.00005943
1.79700000 -0.00005918
1.79800000 -0.00005892
1.79900000 -0.00005867
1.80000000 -0.00005842
1.80100000 -0.00005816
1.80200000 -0.00005791
1.80300000 -0.00005766
1.80400000 -0.00005742
1.80500000 -0.00005717
1.80600000 -0.00005693
1.80700000 -0.00005668
1.80800000 -0.00005644
1.80900000 -0.00005620
1.81000000 -0.00005596
1.81100000 -0.00005572
1.81200000 -0.00005548
1.81300000 -0.00005524
1.81400000 -0.00005501
1.81500000 -0.00005477
1.81600000 -0.00005454
1.81700000 -0.00005431
1.81800000 -0.00005408
1.81900000 -0.00005385
1.82000000 -0.00005362
1.82100000 -0.00005339
1.82200000 -0.00005317
1.82300000 -0.00005294
1.82400000 -0.00005272
1.82500000 -0.00005250
1.82600000 -0.00005228
1.82700000 -0.00005206
1.82800000 -0.00005184
1.82900000 -0.00005162
1.83000000 -0.00005140
1.83100000 -0.00005119
1.83200000 -0.00005097
1.83300000 -0.00005076
1.83400000 -0.00005055
1.83500000 -0.00005033
1.83600000 -0.00005012
1.83700000 -0.00004991
1.83800000 -0.00004971
1.83900000 -0.00004950
1.84000000 -0.00004929
1.84100000 -0.00004909
1.84200000 -0.00004888
1.84300000 -0.00004868
1.84400000 -0.00004848
1.84500000 -0.00004828
1.84600000 -0.00004808
1.84700000 -0.00004788
1.84800000 -0.00004768
1.84900000 -0.00004748
1.85000000 -0.00004728
1.85100000 -0.00004709
1.85200000 -0.00004689
1.85300000 -0.00004670
1.85400000 -0.00004651
1.85500000 -0.00004632
1.85600000 -0.00004613
1.85700000 -0.00004594
1.85800000 -0.00004575
1.85900000 -0.00004556
1.86000000 -0.00004537
1.86100000 -0.00004519
1.86200000 -0.00004500
1.86300000 -0.00004482
1.86400000 -0.00004464
1.86500000 -0.00004445
1.86600000 -0.00004427
1.86700000 -0.00004409
1.86800000 -0.00004391
1.86900000 -0.00004373
1.87000000 -0.00004356
1.87100000 -0.00004338
1.87200000 -0.00004320
1.87300000 -0.00004303
1.87400000 -0.00004285
1.87500000 -0.00004268
1.87600000 -0.00004251
1.87700000 -0.00004233
1.87800000 -0.00004216
1.87900000 -0.00004199
1.88000000 -0.00004182
1.88100000 -0.00004166
1.88200000 -0.00004149
1.88300000 -0.00004132
1.88400000 -0.00004115
1.88500000 -0.00004099
1.88600000 -0.00004082
1.88700000 -0.00004066
1.88800000 -0.00004050
1.88900000 -0.00004034
1.89000000 -0.00004017
1.89100000 -0.00004001
1.89200000 -0.00003985
1.89300000 -0.00003969
1.89400000 -0.00003954
1.89500000 -0.00003938
1.89600000 -0.00003922
1.89700000 -0.00003907
1.89800000 -0.00003891
1.89900000 -0.00003876
1.90000000 -0.00003860
1.90100000 -0.00003845
1.90200000 -0.00003830
1.90300000 -0.00003814
1.90400000 -0.00003799
1.90500000 -0.00003784
1.90600000 -0.00003769
1.90700000 -0.00003754
1.90800000 -0.00003740
1.90900000 -0.00003725
1.91000000 -0.00003710
1.91100000 -0.00003696
1.91200000 -0.00003681
1.91300000 -0.00003667
1.91400000 -0.00003652
1.91500000 -0.00003638
1.91600000 -0.00003624
1.91700000 -0.00003609
1.91800000 -0.00003595
1.91900000 -0.00003581
1.92000000 -0.00003567
1.92100000 -0.00003553
1.92200000 -0.00003539
1.92300000 -0.00003526
1.92400000 -0.00003512
1.92500000 -0.00003498
1.92600000 -0.00003485
1.92700000 -0.00003471
1.92800000 -0.00003458
1.92900000 -0.00003444
1.93000000 -0.00003431
1.93100000 -0.00003418
1.93200000 -0.00003404
1.93300000 -0.00003391
1.93400000 -0.00003378
1.93500000 -0.00003365
1.93600000 -0.00003352
1.93700000 -0.00003339
1.93800000 -0.00003326
1.93900000 -0.00003313
1.94000000 -0.00003301
1.94100000 -0.00003288
1.94200000 -0.00003275
1.94300000 -0.00003263
1.94400000 -0.00003250
1.94500000 -0.00003238
1.94600000 -0.00003225
1.94700000 -0.00003213
1.94800000 -0.00003201
1.94900000 -0.00003188
1.95000000 -0.00003176
1.95100000 -0.00003164
1.95200000 -0.00003152
1.95300000 -0.00003140
1.95400000 -0.00003128
1.95500000 -0.00003116
1.95600000 -0.00003104
1.95700000 -0.00003093
1.95800000 -0.00003081
1.95900000 -0.00003069
1.96000000 -0.00003057
1.96100000 -0.00003046
1.96200000 -0.00003034
1.96300000 -0.00003023
1.96400000 -0.00003011
1.96500000 -0.00003000
1.96600000 -0.00002989
1.96700000 -0.00002978
1.96800000 -0.00002966
1.96900000 -0.00002955
1.97000000 -0.00002944
1.97100000 -0.00002933
1.97200000 -0.00002922
1.97300000 -0.00002911
1.97400000 -0.00002900
1.97500000 -0.00002889
1.97600000 -0.00002878
1.97700000 -0.00002868
1.97800000 -0.00002857
1.97900000 -0.00002846
1.98000000 -0.00002836
1.98100000 -0.00002825
1.98200000 -0.00002814
1.98300000 -0.00002804
1.98400000 -0.00002793
1.98500000 -0.00002783
1.98600000 -0.00002773
1.98700000 -0.00002762
1.98800000 -0.00002752
1.98900000 -0.00002742
1.99000000 -0.00002732
1.99100000 -0.00002722
1.99200000 -0.00002712
1.99300000 -0.00002702
1.99400000 -0.00002692
1.99500000 -0.00002682
1.99600000 -0.00002672
1.99700000 -0.00002662
1.99800000 -0.00002652
1.99900000 -0.00002642
2.00000000 -0.00002633
