0.10000000 185461129888.94247437
0.10100000 162957116799.26013184
0.10200000 143366327862.47320557
0.10300000 126288436374.74664307
0.10400000 111381257143.17300415
0.10500000 98351855972.89012146
0.10600000 86949085638.99436951
0.10700000 76957308901.18980408
0.10800000 68191111052.20434570
0.10900000 60490838780.75156403
0.11000000 53718830223.07736969
0.11100000 47756224136.90325165
0.11200000 42500255094.60311890
0.11300000 37861957214.74578094
0.11400000 33764211844.11017227
0.11500000 30140085261.29883957
0.11600000 26931411300.31326294
0.11700000 24087581114.99381638
0.11800000 21564508389.59410477
0.11900000 19323743364.52352905
0.12000000 17331713267.36660004
0.12100000 15559070263.42794609
0.12200000 13980130986.85577393
0.12300000 12572394181.17799377
0.12400000 11316125047.78892708
0.12500000 10193996639.30468369
0.12600000 9190780096.90394783
0.12700000 8293076762.40765762
0.12800000 7489086234.72543144
0.12900000 6768405317.78016567
0.13000000 6121853549.18579102
0.13100000 5541321627.49892139
0.13200000 5019639588.88164234
0.13300000 4550462036.60075951
0.13400000 4128168111.57067156
0.13500000 3747774219.68944597
0.13600000 3404857810.87753201
0.13700000 3095490742.94047165
0.13800000 2816180966.88930273
0.13900000 2563821444.42345428
0.14000000 2335645357.34252071
0.14100000 2129186796.44330525
0.14200000 1942246227.13591051
0.14300000 1772860123.24852896
0.14400000 1619274241.54723430
0.14500000 1479920079.29261351
0.14600000 1353394117.31764650
0.14700000 1238439503.02448821
0.14800000 1133929872.53897619
0.14900000 1038855050.03359723
0.15000000 952308395.78723896
0.15100000 873475603.62333679
0.15200000 801624773.58081341
0.15300000 736097607.55801749
0.15400000 676301594.68584800
0.15500000 621703069.72412968
0.15600000 571821042.17121696
0.15700000 526221706.31977755
0.15800000 484513553.42985064
0.15900000 446343016.73756784
0.16000000 411390588.35838950
0.16100000 379367354.43628979
0.16200000 350011901.27206683
0.16300000 323087550.75334150
0.16400000 298379888.30830520
0.16500000 275694550.90356332
0.16600000 254855246.38031134
0.16700000 235701978.73924264
0.16800000 218089456.90081412
0.16900000 201885667.03405198
0.17000000 186970590.80761540
0.17100000 173235053.90938485
0.17200000 160579690.93846872
0.17300000 148914014.32511222
0.17400000 138155576.30468115
0.17500000 128229214.18366903
0.17600000 119066370.20772246
0.17700000 110604478.29079822
0.17800000 102786410.70542738
0.17900000 95559978.57953700
0.18000000 88877480.70665169
0.18100000 82695295.76343781
0.18200000 76973513.55015729
0.18300000 71675601.33327964
0.18400000 66768101.78196630
0.18500000 62220359.35728759
0.18600000 58004272.34004400
0.18700000 54094067.97451717
0.18800000 50466098.46539861
0.18900000 47098655.79709248
0.19000000 43971803.55169833
0.19100000 41067224.08702745
0.19200000 38368079.60143611
0.19300000 35858885.76024292
0.19400000 33525396.69095184
0.19500000 31354500.27312504
0.19600000 29334122.75504744
0.19700000 27453141.82463295
0.19800000 25701307.34752308
0.19900000 24069169.06207709
0.20000000 22548010.58987958
0.20100000 21129789.18233156
0.20200000 19807080.67957858
0.20300000 18573029.20812543
0.20400000 17421301.18857663
0.20500000 16346043.26554408
0.20600000 15341843.80834780
0.20700000 14403697.66411345
0.20800000 13526973.87461396
0.20900000 12707386.09504271
0.21000000 11940965.47713733
0.21100000 11224035.80096042
0.21200000 10553190.65942458
0.21300000 9925272.51753236
0.21400000 9337353.48448088
0.21500000 8786717.65142111
0.21600000 8270844.86091959
0.21700000 7787395.78617900
0.21800000 7334198.20895770
0.21900000 6909234.39499695
0.22000000 6510629.47471591
0.22100000 6136640.74505847
0.22200000 5785647.81575243
0.22300000 5456143.52994036
0.22400000 5146725.59523100
0.22500000 4856088.86675412
0.22600000 4583018.22883679
0.22700000 4326382.02649896
0.22800000 4085126.00213679
0.22900000 3858267.69655862
0.23000000 3644891.27699864
0.23100000 3444142.75788599
0.23200000 3255225.58302209
0.23300000 3077396.54044151
0.23400000 2909961.98362447
0.23500000 2752274.33491404
0.23600000 2603728.84898587
0.23700000 2463760.61604103
0.23800000 2331841.78605874
0.23900000 2207478.99696842
0.24000000 2090210.99099421
0.24100000 1979606.40469935
0.24200000 1875261.71942505
0.24300000 1776799.35988678
0.24400000 1683865.92966952
0.24500000 1596130.57326068
0.24600000 1513283.45508140
0.24700000 1435034.34673067
0.24800000 1361111.31434888
0.24900000 1291259.49864133
0.25000000 1225239.98068566
0.25100000 1162828.72718150
0.25200000 1103815.60929257
0.25300000 1048003.48968295
0.25400000 995207.37276441
0.25500000 945253.61355352
0.25600000 897979.18088841
0.25700000 853230.97107831
0.25800000 810865.16835617
0.25900000 770746.64877904
0.26000000 732748.42447256
0.26100000 696751.12534882
0.26200000 662642.51564091
0.26300000 630317.04279489
0.26400000 599675.41644207
0.26500000 570624.21534286
0.26600000 543075.52034785
0.26700000 516946.57156562
0.26800000 492159.44805846
0.26900000 468640.76850948
0.27000000 446321.41141723
0.27100000 425136.25347845
0.27200000 405023.92491559
0.27300000 385926.58059514
0.27400000 367789.68586503
0.27500000 350561.81611587
0.27600000 334194.46914111
0.27700000 318641.88943677
0.27800000 303860.90364182
0.27900000 289810.76637645
0.28000000 276453.01578712
0.28100000 263751.33815599
0.28200000 251671.44097624
0.28300000 240180.93393690
0.28400000 229249.21729865
0.28500000 218847.37717802
0.28600000 208948.08729027
0.28700000 199525.51673208
0.28800000 190555.24341365
0.28900000 182014.17277608
0.29000000 173880.46145485
0.29100000 166133.44557283
0.29200000 158753.57336747
0.29300000 151722.34187677
0.29400000 145022.23742681
0.29500000 138636.67968085
0.29600000 132549.96902571
0.29700000 126747.23708630
0.29800000 121214.40017248
0.29900000 115938.11547562
0.30000000 110905.73984409
0.30100000 106105.29097787
0.30200000 101525.41089310
0.30300000 97155.33151685
0.30400000 92984.84228153
0.30500000 89004.25959667
0.30600000 85204.39808372
0.30700000 81576.54346677
0.30800000 78112.42701893
0.30900000 74804.20147050
0.31000000 71644.41829097
0.31100000 68626.00626245
0.31200000 65742.25126734
0.31300000 62986.77721785
0.31400000 60353.52805956
0.31500000 57836.75078535
0.31600000 55430.97940010
0.31700000 53131.01978011
0.31800000 50931.93537488
0.31900000 48829.03370174
0.32000000 46817.85358735
0.32100000 44894.15311237
0.32200000 43053.89821881
0.32300000 41293.25194149
0.32400000 39608.56422782
0.32500000 37996.36231208
0.32600000 36453.34161234
0.32700000 34976.35712029
0.32800000 33562.41525586
0.32900000 32208.66616017
0.33000000 30912.39640221
0.33100000 29671.02207561
0.33200000 28482.08226383
0.33300000 27343.23285287
0.33400000 26252.24067224
0.33500000 25206.97794575
0.33600000 24205.41703493
0.33700000 23245.62545890
0.33800000 22325.76117533
0.33900000 21444.06810810
0.34000000 20598.87190819
0.34100000 19788.57593487
0.34200000 19011.65744527
0.34300000 18266.66398086
0.34400000 17552.20994028
0.34500000 16866.97332825
0.34600000 16209.69267118
0.34700000 15579.16409042
0.34800000 14974.23852468
0.34900000 14393.81909369
0.35000000 13836.85859546
0.35100000 13302.35713007
0.35200000 12789.35984325
0.35300000 12296.95478342
0.35400000 11824.27086616
0.35500000 11370.47594047
0.35600000 10934.77495145
0.35700000 10516.40819438
0.35800000 10114.64965533
0.35900000 9728.80543396
0.36000000 9358.21224401
0.36100000 9002.23598766
0.36200000 8660.27039981
0.36300000 8331.73575865
0.36400000 8016.07765932
0.36500000 7712.76584710
0.36600000 7421.29310737
0.36700000 7141.17420926
0.36800000 6871.94490039
0.36900000 6613.16094995
0.37000000 6364.39723783
0.37100000 6125.24688738
0.37200000 5895.32043962
0.37300000 5674.24506682
0.37400000 5461.66382352
0.37500000 5257.23493301
0.37600000 5060.63110759
0.37700000 4871.53890100
0.37800000 4689.65809116
0.37900000 4514.70109207
0.38000000 4346.39239312
0.38100000 4184.46802468
0.38200000 4028.67504858
0.38300000 3878.77107222
0.38400000 3734.52378528
0.38500000 3595.71051783
0.38600000 3462.11781883
0.38700000 3333.54105403
0.38800000 3209.78402234
0.38900000 3090.65858975
0.39000000 2975.98434002
0.39100000 2865.58824124
0.39200000 2759.30432758
0.39300000 2656.97339548
0.39400000 2558.44271355
0.39500000 2463.56574565
0.39600000 2372.20188629
0.39700000 2284.21620810
0.39800000 2199.47922048
0.39900000 2117.86663909
0.40000000 2039.25916563
0.40100000 1963.54227741
0.40200000 1890.60602625
0.40300000 1820.34484631
0.40400000 1752.65737041
0.40500000 1687.44625440
0.40600000 1624.61800932
0.40700000 1564.08284090
0.40800000 1505.75449608
0.40900000 1449.55011622
0.41000000 1395.39009674
0.41100000 1343.19795283
0.41200000 1292.90019103
0.41300000 1244.42618631
0.41400000 1197.70806450
0.41500000 1152.68058979
0.41600000 1109.28105699
0.41700000 1067.44918855
0.41800000 1027.12703584
0.41900000 988.25888474
0.42000000 950.79116525
0.42100000 914.67236485
0.42200000 879.85294567
0.42300000 846.28526504
0.42400000 813.92349951
0.42500000 782.72357195
0.42600000 752.64308184
0.42700000 723.64123839
0.42800000 695.67879647
0.42900000 668.71799531
0.43000000 642.72249960
0.43100000 617.65734320
0.43200000 593.48887505
0.43300000 570.18470743
0.43400000 547.71366626
0.43500000 526.04574355
0.43600000 505.15205171
0.43700000 485.00477981
0.43800000 465.57715159
0.43900000 446.84338522
0.44000000 428.77865463
0.44100000 411.35905256
0.44200000 394.56155492
0.44300000 378.36398676
0.44400000 362.74498954
0.44500000 347.68398973
0.44600000 333.16116864
0.44700000 319.15743359
0.44800000 305.65439007
0.44900000 292.63431513
0.45000000 280.08013180
0.45100000 267.97538453
0.45200000 256.30421560
0.45300000 245.05134249
0.45400000 234.20203610
0.45500000 223.74209993
0.45600000 213.65784995
0.45700000 203.93609536
0.45800000 194.56412008
0.45900000 185.52966498
0.46000000 176.82091077
0.46100000 168.42646157
0.46200000 160.33532919
0.46300000 152.53691788
0.46400000 145.02100986
0.46500000 137.77775121
0.46600000 130.79763848
0.46700000 124.07150573
0.46800000 117.59051205
0.46900000 111.34612964
0.47000000 105.33013229
0.47100000 99.53458430
0.47200000 93.95182988
0.47300000 88.57448287
0.47400000 83.39541693
0.47500000 78.40775607
0.47600000 73.60486554
0.47700000 68.98034306
0.47800000 64.52801041
0.47900000 60.24190531
0.48000000 56.11627360
0.48100000 52.14556176
0.48200000 48.32440966
0.48300000 44.64764363
0.48400000 41.11026973
0.48500000 37.70746732
0.48600000 34.43458287
0.48700000 31.28712398
0.48800000 28.26075363
0.48900000 25.35128461
0.49000000 22.55467426
0.49100000 19.86701927
0.49200000 17.28455076
0.49300000 14.80362954
0.49400000 12.42074150
0.49500000 10.13249317
0.49600000 7.93560752
0.49700000 5.82691983
0.49800000 3.80337374
0.49900000 1.86201743
0.50000000 -0.00000000
0.50100000 -10.48450164
0.50200000 -20.34482973
0.50300000 -29.60448291
0.50400000 -38.28631404
0.50500000 -46.41254319
0.50600000 -54.00477050
0.50700000 -61.08398879
0.50800000 -67.67059605
0.50900000 -73.78440778
0.51000000 -79.44466908
0.51100000 -84.67006661
0.51200000 -89.47874046
0.51300000 -93.88829569
0.51400000 -97.91581384
0.51500000 -101.57786422
0.51600000 -104.89051506
0.51700000 -107.86934444
0.51800000 -110.52945116
0.51900000 -112.88546533
0.52000000 -114.95155891
0.52100000 -116.74145601
0.52200000 -118.26844309
0.52300000 -119.54537897
0.52400000 -120.58470469
0.52500000 -121.39845327
0.52600000 -121.99825919
0.52700000 -122.39536790
0.52800000 -122.60064499
0.52900000 -122.62458539
0.53000000 -122.47732226
0.53100000 -122.16863587
0.53200000 -121.70796226
0.53300000 -121.10440174
0.53400000 -120.36672736
0.53500000 -119.50339306
0.53600000 -118.52254187
0.53700000 -117.43201384
0.53800000 -116.23935386
0.53900000 -114.95181940
0.54000000 -113.57638804
0.54100000 -112.11976493
0.54200000 -110.58839004
0.54300000 -108.98844537
0.54400000 -107.32586198
0.54500000 -105.60632686
0.54600000 -103.83528976
0.54700000 -102.01796980
0.54800000 -100.15936201
0.54900000 -98.26424373
0.55000000 -96.33718092
0.55100000 -94.38253425
0.55200000 -92.40446520
0.55300000 -90.40694193
0.55400000 -88.39374513
0.55500000 -86.36847364
0.55600000 -84.33455006
0.55700000 -82.29522619
0.55800000 -80.25358834
0.55900000 -78.21256261
0.56000000 -76.17491994
0.56100000 -74.14328117
0.56200000 -72.12012188
0.56300000 -70.10777722
0.56400000 -68.10844660
0.56500000 -66.12419819
0.56600000 -64.15697349
0.56700000 -62.20859164
0.56800000 -60.28075367
0.56900000 -58.37504674
0.57000000 -56.49294813
0.57100000 -54.63582926
0.57200000 -52.80495955
0.57300000 -51.00151017
0.57400000 -49.22655777
0.57500000 -47.48108804
0.57600000 -45.76599920
0.57700000 -44.08210543
0.57800000 -42.43014018
0.57900000 -40.81075938
0.58000000 -39.22454461
0.58100000 -37.67200614
0.58200000 -36.15358590
0.58300000 -34.66966037
0.58400000 -33.22054337
0.58500000 -31.80648881
0.58600000 -30.42769332
0.58700000 -29.08429881
0.58800000 -27.77639496
0.58900000 -26.50402162
0.59000000 -25.26717116
0.59100000 -24.06579073
0.59200000 -22.89978443
0.59300000 -21.76901546
0.59400000 -20.67330812
0.59500000 -19.61244981
0.59600000 -18.58619295
0.59700000 -17.59425679
0.59800000 -16.63632924
0.59900000 -15.71206849
0.60000000 -14.82110476
0.60100000 -13.96304180
0.60200000 -13.13745848
0.60300000 -12.34391020
0.60400000 -11.58193034
0.60500000 -10.85103158
0.60600000 -10.15070720
0.60700000 -9.48043233
0.60800000 -8.83966511
0.60900000 -8.22784785
0.61000000 -7.64440807
0.61100000 -7.08875957
0.61200000 -6.56030340
0.61300000 -6.05842877
0.61400000 -5.58251396
0.61500000 -5.13192715
0.61600000 -4.70602722
0.61700000 -4.30416450
0.61800000 -3.92568149
0.61900000 -3.56991353
0.62000000 -3.23618941
0.62100000 -2.92383199
0.62200000 -2.63215874
0.62300000 -2.36048228
0.62400000 -2.10811083
0.62500000 -1.87434870
0.62600000 -1.65849669
0.62700000 -1.45985248
0.62800000 -1.27771099
0.62900000 -1.11136473
0.63000000 -0.96010405
0.63100000 -0.82321749
0.63200000 -0.69999195
0.63300000 -0.58971300
0.63400000 -0.49166503
0.63500000 -0.40513143
0.63600000 -0.32939481
0.63700000 -0.26373705
0.63800000 -0.20743954
0.63900000 -0.15978319
0.64000000 -0.12004858
0.64100000 -0.08751601
0.64200000 -0.06146559
0.64300000 -0.04117728
0.64400000 -0.02593094
0.64500000 -0.01500635
0.64600000 -0.00768326
0.64700000 -0.00324138
0.64800000 -0.00096041
0.64900000 -0.00012005
0.65000000 0.00000000
0.65100000 0.17050990
0.65200000 0.34102080
0.65300000 0.51153777
0.65400000 0.68207389
0.65500000 0.85265433
0.65600000 1.02332023
0.65700000 1.19413262
0.65800000 1.36517622
0.65900000 1.53656312
0.66000000 1.70843646
0.66100000 1.88097383
0.66200000 2.05439069
0.66300000 2.22894345
0.66400000 2.40493257
0.66500000 2.58270524
0.66600000 2.76265801
0.66700000 2.94523903
0.66800000 3.13095006
0.66900000 3.32034810
0.67000000 3.51404665
0.67100000 3.71271650
0.67200000 3.91708607
0.67300000 4.12794108
0.67400000 4.34612362
0.67500000 4.57253041
0.67600000 4.80811019
0.67700000 5.05386014
0.67800000 5.31082110
0.67900000 5.58007155
0.68000000 5.86272009
0.68100000 6.15989639
0.68200000 6.47274021
0.68300000 6.80238856
0.68400000 7.14996064
0.68500000 7.51654045
0.68600000 7.90315703
0.68700000 8.31076203
0.68800000 8.74020469
0.68900000 9.19220426
0.69000000 9.66731977
0.69100000 10.16591756
0.69200000 10.68813672
0.69300000 11.23385301
0.69400000 11.80264184
0.69500000 12.39374106
0.69600000 13.00601476
0.69700000 13.63791906
0.69800000 14.28747147
0.69900000 14.95222523
0.70000000 15.62925053
0.70100000 16.31512425
0.70200000 17.00593004
0.70300000 17.69727059
0.70400000 18.38429345
0.70500000 19.06173174
0.70600000 19.72396043
0.70700000 20.36506853
0.70800000 20.97894658
0.70900000 21.55938828
0.71000000 22.10020426
0.71100000 22.59534506
0.71200000 23.03902974
0.71300000 23.42587602
0.71400000 23.75102708
0.71500000 24.01027037
0.71600000 24.20014346
0.71700000 24.31802256
0.71800000 24.36218991
0.71900000 24.33187698
0.72000000 24.22728185
0.72100000 24.04955982
0.72200000 23.80078819
0.72300000 23.48390668
0.72400000 23.10263656
0.72500000 22.66138212
0.72600000 22.16511884
0.72700000 21.61927278
0.72800000 21.02959615
0.72900000 20.40204330
0.73000000 19.74265137
0.73100000 19.05742897
0.73200000 18.35225578
0.73300000 17.63279492
0.73400000 16.90441944
0.73500000 16.17215352
0.73600000 15.44062802
0.73700000 14.71405011
0.73800000 13.99618560
0.73900000 13.29035285
0.74000000 12.59942661
0.74100000 11.92585019
0.74200000 11.27165438
0.74300000 10.63848156
0.74400000 10.02761346
0.74500000 9.44000141
0.74600000 8.87629789
0.74700000 8.33688838
0.74800000 7.82192285
0.74900000 7.33134614
0.75000000 6.86492688
0.75100000 6.42228448
0.75200000 6.00291419
0.75300000 5.60620985
0.75400000 5.23148444
0.75500000 4.87798849
0.75600000 4.54492627
0.75700000 4.23146997
0.75800000 3.93677200
0.75900000 3.65997548
0.76000000 3.40022316
0.76100000 3.15666486
0.76200000 2.92846360
0.76300000 2.71480060
0.76400000 2.51487923
0.76500000 2.32792809
0.76600000 2.15320330
0.76700000 1.98999014
0.76800000 1.83760418
0.76900000 1.69539181
0.77000000 1.56273049
0.77100000 1.43902862
0.77200000 1.32372519
0.77300000 1.21628910
0.77400000 1.11621848
0.77500000 1.02303973
0.77600000 0.93630653
0.77700000 0.85559882
0.77800000 0.78052162
0.77900000 0.71070394
0.78000000 0.64579760
0.78100000 0.58547610
0.78200000 0.52943350
0.78300000 0.47738328
0.78400000 0.42905729
0.78500000 0.38420467
0.78600000 0.34259088
0.78700000 0.30399668
0.78800000 0.26821726
0.78900000 0.23506133
0.79000000 0.20435024
0.79100000 0.17591727
0.79200000 0.14960679
0.79300000 0.12527358
0.79400000 0.10278219
0.79500000 0.08200623
0.79600000 0.06282785
0.79700000 0.04513712
0.79800000 0.02883154
0.79900000 0.01381554
0.80000000 0.00000000
0.80100000 -0.01269816
0.80200000 -0.02435640
0.80300000 -0.03504694
0.80400000 -0.04483709
0.80500000 -0.05378963
0.80600000 -0.06196304
0.80700000 -0.06941189
0.80800000 -0.07618701
0.80900000 -0.08233582
0.81000000 -0.08790250
0.81100000 -0.09292824
0.81200000 -0.09745147
0.81300000 -0.10150798
0.81400000 -0.10513116
0.81500000 -0.10835214
0.81600000 -0.11119992
0.81700000 -0.11370157
0.81800000 -0.11588230
0.81900000 -0.11776563
0.82000000 -0.11937348
0.82100000 -0.12072629
0.82200000 -0.12184311
0.82300000 -0.12274171
0.82400000 -0.12343865
0.82500000 -0.12394936
0.82600000 -0.12428824
0.82700000 -0.12446869
0.82800000 -0.12450321
0.82900000 -0.12440346
0.83000000 -0.12418029
0.83100000 -0.12384381
0.83200000 -0.12340346
0.83300000 -0.12286801
0.83400000 -0.12224563
0.83500000 -0.12154394
0.83600000 -0.12077004
0.83700000 -0.11993051
0.83800000 -0.11903152
0.83900000 -0.11807877
0.84000000 -0.11707757
0.84100000 -0.11603289
0.84200000 -0.11494931
0.84300000 -0.11383111
0.84400000 -0.11268227
0.84500000 -0.11150646
0.84600000 -0.11030711
0.84700000 -0.10908741
0.84800000 -0.10785029
0.84900000 -0.10659850
0.85000000 -0.10533455
0.85100000 -0.10406080
0.85200000 -0.10277941
0.85300000 -0.10149238
0.85400000 -0.10020158
0.85500000 -0.09890870
0.85600000 -0.09761532
0.85700000 -0.09632290
0.85800000 -0.09503277
0.85900000 -0.09374617
0.86000000 -0.09246421
0.86100000 -0.09118792
0.86200000 -0.08991827
0.86300000 -0.08865610
0.86400000 -0.08740220
0.86500000 -0.08615730
0.86600000 -0.08492203
0.86700000 -0.08369699
0.86800000 -0.08248270
0.86900000 -0.08127965
0.87000000 -0.08008825
0.87100000 -0.07890889
0.87200000 -0.07774190
0.87300000 -0.07658757
0.87400000 -0.07544618
0.87500000 -0.07431793
0.87600000 -0.07320303
0.87700000 -0.07210163
0.87800000 -0.07101386
0.87900000 -0.06993985
0.88000000 -0.06887966
0.88100000 -0.06783336
0.88200000 -0.06680099
0.88300000 -0.06578259
0.88400000 -0.06477814
0.88500000 -0.06378764
0.88600000 -0.06281107
0.88700000 -0.06184839
0.88800000 -0.06089954
0.88900000 -0.05996446
0.89000000 -0.05904309
0.89100000 -0.05813532
0.89200000 -0.05724109
0.89300000 -0.05636028
0.89400000 -0.05549278
0.89500000 -0.05463849
0.89600000 -0.05379729
0.89700000 -0.05296905
0.89800000 -0.05215364
0.89900000 -0.05135092
0.90000000 -0.05056077
0.90100000 -0.04978304
0.90200000 -0.04901758
0.90300000 -0.04826425
0.90400000 -0.04752291
0.90500000 -0.04679340
0.90600000 -0.04607556
0.90700000 -0.04536926
0.90800000 -0.04467433
0.90900000 -0.04399062
0.91000000 -0.04331798
0.91100000 -0.04265625
0.91200000 -0.04200527
0.91300000 -0.04136489
0.91400000 -0.04073496
0.91500000 -0.04011532
0.91600000 -0.03950582
0.91700000 -0.03890630
0.91800000 -0.03831662
0.91900000 -0.03773662
0.92000000 -0.03716615
0.92100000 -0.03660507
0.92200000 -0.03605322
0.92300000 -0.03551046
0.92400000 -0.03497664
0.92500000 -0.03445162
0.92600000 -0.03393526
0.92700000 -0.03342742
0.92800000 -0.03292796
0.92900000 -0.03243674
0.93000000 -0.03195362
0.93100000 -0.03147848
0.93200000 -0.03101117
0.93300000 -0.03055157
0.93400000 -0.03009955
0.93500000 -0.02965498
0.93600000 -0.02921773
0.93700000 -0.02878769
0.93800000 -0.02836472
0.93900000 -0.02794872
0.94000000 -0.02753955
0.94100000 -0.02713711
0.94200000 -0.02674127
0.94300000 -0.02635194
0.94400000 -0.02596898
0.94500000 -0.02559230
0.94600000 -0.02522178
0.94700000 -0.02485733
0.94800000 -0.02449882
0.94900000 -0.02414617
0.95000000 -0.02379927
0.95100000 -0.02345802
0.95200000 -0.02312232
0.95300000 -0.02279207
0.95400000 -0.02246719
0.95500000 -0.02214758
0.95600000 -0.02183314
0.95700000 -0.02152379
0.95800000 -0.02121943
0.95900000 -0.02091998
0.96000000 -0.02062536
0.96100000 -0.02033548
0.96200000 -0.02005026
0.96300000 -0.01976962
0.96400000 -0.01949347
0.96500000 -0.01922174
0.96600000 -0.01895435
0.96700000 -0.01869123
0.96800000 -0.01843230
0.96900000 -0.01817749
0.97000000 -0.01792673
0.97100000 -0.01767994
0.97200000 -0.01743707
0.97300000 -0.01719803
0.97400000 -0.01696276
0.97500000 -0.01673121
0.97600000 -0.01650329
0.97700000 -0.01627896
0.97800000 -0.01605814
0.97900000 -0.01584079
0.98000000 -0.01562683
0.98100000 -0.01541621
0.98200000 -0.01520887
0.98300000 -0.01500475
0.98400000 -0.01480381
0.98500000 -0.01460598
0.98600000 -0.01441121
0.98700000 -0.01421945
0.98800000 -0.01403064
0.98900000 -0.01384474
0.99000000 -0.01366170
0.99100000 -0.01348147
0.99200000 -0.01330399
0.99300000 -0.01312923
0.99400000 -0.01295713
0.99500000 -0.01278766
0.99600000 -0.01262076
0.99700000 -0.01245639
0.99800000 -0.01229452
0.99900000 -0.01213509
1.00000000 -0.01197806
1.00100000 -0.01182341
1.00200000 -0.01167107
1.00300000 -0.01152103
1.00400000 -0.01137323
1.00500000 -0.01122764
1.00600000 -0.01108422
1.00700000 -0.01094294
1.00800000 -0.01080376
1.00900000 -0.01066665
1.01000000 -0.01053156
1.01100000 -0.01039848
1.01200000 -0.01026736
1.01300000 -0.01013817
1.01400000 -0.01001087
1.01500000 -0.00988545
1.01600000 -0.00976186
1.01700000 -0.00964008
1.01800000 -0.00952008
1.01900000 -0.00940182
1.02000000 -0.00928529
1.02100000 -0.00917044
1.02200000 -0.00905726
1.02300000 -0.00894571
1.02400000 -0.00883577
1.02500000 -0.00872741
1.02600000 -0.00862061
1.02700000 -0.00851534
1.02800000 -0.00841158
1.02900000 -0.00830930
1.03000000 -0.00820848
1.03100000 -0.00810910
1.03200000 -0.00801112
1.03300000 -0.00791453
1.03400000 -0.00781931
1.03500000 -0.00772544
1.03600000 -0.00763289
1.03700000 -0.00754164
1.03800000 -0.00745167
1.03900000 -0.00736296
1.04000000 -0.00727549
1.04100000 -0.00718924
1.04200000 -0.00710420
1.04300000 -0.00702033
1.04400000 -0.00693764
1.04500000 -0.00685608
1.04600000 -0.00677565
1.04700000 -0.00669634
1.04800000 -0.00661811
1.04900000 -0.00654096
1.05000000 -0.00646487
1.05100000 -0.00638982
1.05200000 -0.00631579
1.05300000 -0.00624278
1.05400000 -0.00617076
1.05500000 -0.00609971
1.05600000 -0.00602963
1.05700000 -0.00596050
1.05800000 -0.00589231
1.05900000 -0.00582503
1.06000000 -0.00575865
1.06100000 -0.00569317
1.06200000 -0.00562857
1.06300000 -0.00556483
1.06400000 -0.00550194
1.06500000 -0.00543988
1.06600000 -0.00537866
1.06700000 -0.00531824
1.06800000 -0.00525863
1.06900000 -0.00519981
1.07000000 -0.00514176
1.07100000 -0.00508447
1.07200000 -0.00502794
1.07300000 -0.00497215
1.07400000 -0.00491709
1.07500000 -0.00486276
1.07600000 -0.00480913
1.07700000 -0.00475619
1.07800000 -0.00470395
1.07900000 -0.00465238
1.08000000 -0.00460149
1.08100000 -0.00455124
1.08200000 -0.00450165
1.08300000 -0.00445270
1.08400000 -0.00440437
1.08500000 -0.00435667
1.08600000 -0.00430957
1.08700000 -0.00426308
1.08800000 -0.00421718
1.08900000 -0.00417186
1.09000000 -0.00412712
1.09100000 -0.00408295
1.09200000 -0.00403934
1.09300000 -0.00399627
1.09400000 -0.00395375
1.09500000 -0.00391177
1.09600000 -0.00387031
1.09700000 -0.00382937
1.09800000 -0.00378895
1.09900000 -0.00374903
1.10000000 -0.00370960
1.10100000 -0.00367067
1.10200000 -0.00363222
1.10300000 -0.00359425
1.10400000 -0.00355675
1.10500000 -0.00351971
1.10600000 -0.00348313
1.10700000 -0.00344700
1.10800000 -0.00341131
1.10900000 -0.00337606
1.11000000 -0.00334124
1.11100000 -0.00330684
1.11200000 -0.00327287
1.11300000 -0.00323931
1.11400000 -0.00320615
1.11500000 -0.00317340
1.11600000 -0.00314105
1.11700000 -0.00310908
1.11800000 -0.00307750
1.11900000 -0.00304630
1.12000000 -0.00301548
1.12100000 -0.00298503
1.12200000 -0.00295494
1.12300000 -0.00292521
1.12400000 -0.00289583
1.12500000 -0.00286680
1.12600000 -0.00283812
1.12700000 -0.00280978
1.12800000 -0.00278178
1.12900000 -0.00275410
1.13000000 -0.00272676
1.13100000 -0.00269973
1.13200000 -0.00267302
1.13300000 -0.00264663
1.13400000 -0.00262054
1.13500000 -0.00259476
1.13600000 -0.00256928
1.13700000 -0.00254410
1.13800000 -0.00251921
1.13900000 -0.00249461
1.14000000 -0.00247029
1.14100000 -0.00244626
1.14200000 -0.00242250
1.14300000 -0.00239902
1.14400000 -0.00237580
1.14500000 -0.00235286
1.14600000 -0.00233017
1.14700000 -0.00230775
1.14800000 -0.00228558
1.14900000 -0.00226367
1.15000000 -0.00224200
1.15100000 -0.00222058
1.15200000 -0.00219941
1.15300000 -0.00217847
1.15400000 -0.00215777
1.15500000 -0.00213731
1.15600000 -0.00211707
1.15700000 -0.00209706
1.15800000 -0.00207728
1.15900000 -0.00205772
1.16000000 -0.00203837
1.16100000 -0.00201925
1.16200000 -0.00200033
1.16300000 -0.00198163
1.16400000 -0.00196313
1.16500000 -0.00194484
1.16600000 -0.00192676
1.16700000 -0.00190887
1.16800000 -0.00189118
1.16900000 -0.00187368
1.17000000 -0.00185638
1.17100000 -0.00183926
1.17200000 -0.00182234
1.17300000 -0.00180560
1.17400000 -0.00178904
1.17500000 -0.00177266
1.17600000 -0.00175646
1.17700000 -0.00174044
1.17800000 -0.00172459
1.17900000 -0.00170891
1.18000000 -0.00169340
1.18100000 -0.00167806
1.18200000 -0.00166288
1.18300000 -0.00164787
1.18400000 -0.00163302
1.18500000 -0.00161833
1.18600000 -0.00160379
1.18700000 -0.00158941
1.18800000 -0.00157519
1.18900000 -0.00156111
1.19000000 -0.00154719
1.19100000 -0.00153341
1.19200000 -0.00151978
1.19300000 -0.00150629
1.19400000 -0.00149294
1.19500000 -0.00147974
1.19600000 -0.00146667
1.19700000 -0.00145374
1.19800000 -0.00144095
1.19900000 -0.00142829
1.20000000 -0.00141577
1.20100000 -0.00140337
1.20200000 -0.00139110
1.20300000 -0.00137896
1.20400000 -0.00136695
1.20500000 -0.00135506
1.20600000 -0.00134330
1.20700000 -0.00133165
1.20800000 -0.00132013
1.20900000 -0.00130872
1.21000000 -0.00129744
1.21100000 -0.00128626
1.21200000 -0.00127521
1.21300000 -0.00126426
1.21400000 -0.00125343
1.21500000 -0.00124271
1.21600000 -0.00123209
1.21700000 -0.00122159
1.21800000 -0.00121119
1.21900000 -0.00120090
1.22000000 -0.00119071
1.22100000 -0.00118062
1.22200000 -0.00117064
1.22300000 -0.00116076
1.22400000 -0.00115097
1.22500000 -0.00114129
1.22600000 -0.00113170
1.22700000 -0.00112220
1.22800000 -0.00111281
1.22900000 -0.00110350
1.23000000 -0.00109429
1.23100000 -0.00108517
1.23200000 -0.00107614
1.23300000 -0.00106720
1.23400000 -0.00105835
1.23500000 -0.00104958
1.23600000 -0.00104091
1.23700000 -0.00103231
1.23800000 -0.00102381
1.23900000 -0.00101538
1.24000000 -0.00100704
1.24100000 -0.00099878
1.24200000 -0.00099060
1.24300000 -0.00098250
1.24400000 -0.00097448
1.24500000 -0.00096654
1.24600000 -0.00095867
1.24700000 -0.00095088
1.24800000 -0.00094317
1.24900000 -0.00093553
1.25000000 -0.00092797
1.25100000 -0.00092047
1.25200000 -0.00091305
1.25300000 -0.00090570
1.25400000 -0.00089842
1.25500000 -0.00089122
1.25600000 -0.00088408
1.25700000 -0.00087700
1.25800000 -0.00087000
1.25900000 -0.00086306
1.26000000 -0.00085619
1.26100000 -0.00084938
1.26200000 -0.00084264
1.26300000 -0.00083596
1.26400000 -0.00082935
1.26500000 -0.00082279
1.26600000 -0.00081630
1.26700000 -0.00080987
1.26800000 -0.00080350
1.26900000 -0.00079719
1.27000000 -0.00079094
1.27100000 -0.00078475
1.27200000 -0.00077862
1.27300000 -0.00077254
1.27400000 -0.00076652
1.27500000 -0.00076055
1.27600000 -0.00075464
1.27700000 -0.00074879
1.27800000 -0.00074299
1.27900000 -0.00073724
1.28000000 -0.00073155
1.28100000 -0.00072591
1.28200000 -0.00072032
1.28300000 -0.00071478
1.28400000 -0.00070929
1.28500000 -0.00070385
1.28600000 -0.00069846
1.28700000 -0.00069313
1.28800000 -0.00068784
1.28900000 -0.00068259
1.29000000 -0.00067740
1.29100000 -0.00067225
1.29200000 -0.00066715
1.29300000 -0.00066210
1.29400000 -0.00065709
1.29500000 -0.00065213
1.29600000 -0.00064721
1.29700000 -0.00064233
1.29800000 -0.00063750
1.29900000 -0.00063272
1.30000000 -0.00062797
1.30100000 -0.00062327
1.30200000 -0.00061861
1.30300000 -0.00061399
1.30400000 -0.00060942
1.30500000 -0.00060488
1.30600000 -0.00060038
1.30700000 -0.00059593
1.30800000 -0.00059151
1.30900000 -0.00058713
1.31000000 -0.00058279
1.31100000 -0.00057849
1.31200000 -0.00057423
1.31300000 -0.00057000
1.31400000 -0.00056582
1.31500000 -0.00056166
1.31600000 -0.00055755
1.31700000 -0.00055347
1.31800000 -0.00054943
1.31900000 -0.00054542
1.32000000 -0.00054144
1.32100000 -0.00053750
1.32200000 -0.00053360
1.32300000 -0.00052973
1.32400000 -0.00052589
1.32500000 -0.00052209
1.32600000 -0.00051832
1.32700000 -0.00051458
1.32800000 -0.00051087
1.32900000 -0.00050720
1.33000000 -0.00050355
1.33100000 -0.00049994
1.33200000 -0.00049636
1.33300000 -0.00049281
1.33400000 -0.00048929
1.33500000 -0.00048580
1.33600000 -0.00048234
1.33700000 -0.00047891
1.33800000 -0.00047551
1.33900000 -0.00047213
1.34000000 -0.00046879
1.34100000 -0.00046547
1.34200000 -0.00046218
1.34300000 -0.00045892
1.34400000 -0.00045569
1.34500000 -0.00045248
1.34600000 -0.00044930
1.34700000 -0.00044615
1.34800000 -0.00044303
1.34900000 -0.00043993
1.35000000 -0.00043685
1.35100000 -0.00043381
1.35200000 -0.00043078
1.35300000 -0.00042779
1.35400000 -0.00042481
1.35500000 -0.00042186
1.35600000 -0.00041894
1.35700000 -0.00041604
1.35800000 -0.00041317
1.35900000 -0.00041031
1.36000000 -0.00040749
1.36100000 -0.00040468
1.36200000 -0.00040190
1.36300000 -0.00039914
1.36400000 -0.00039640
1.36500000 -0.00039369
1.36600000 -0.00039100
1.36700000 -0.00038833
1.36800000 -0.00038568
1.36900000 -0.00038305
1.37000000 -0.00038045
1.37100000 -0.00037786
1.37200000 -0.00037530
1.37300000 -0.00037276
1.37400000 -0.00037024
1.37500000 -0.00036774
1.37600000 -0.00036525
1.37700000 -0.00036279
1.37800000 -0.00036035
1.37900000 -0.00035793
1.38000000 -0.00035553
1.38100000 -0.00035315
1.38200000 -0.00035078
1.38300000 -0.00034844
1.38400000 -0.00034611
1.38500000 -0.00034380
1.38600000 -0.00034151
1.38700000 -0.00033924
1.38800000 -0.00033699
1.38900000 -0.00033475
1.39000000 -0.00033254
1.39100000 -0.00033034
1.39200000 -0.00032815
1.39300000 -0.00032599
1.39400000 -0.00032384
1.39500000 -0.00032171
1.39600000 -0.00031959
1.39700000 -0.00031750
1.39800000 -0.00031541
1.39900000 -0.00031335
1.40000000 -0.00031130
1.40100000 -0.00030927
1.40200000 -0.00030725
1.40300000 -0.00030525
1.40400000 -0.00030326
1.40500000 -0.00030129
1.40600000 -0.00029934
1.40700000 -0.00029740
1.40800000 -0.00029547
1.40900000 -0.00029356
1.41000000 -0.00029167
1.41100000 -0.00028978
1.41200000 -0.00028792
1.41300000 -0.00028607
1.41400000 -0.00028423
1.41500000 -0.00028241
1.41600000 -0.00028060
1.41700000 -0.00027880
1.41800000 -0.00027702
1.41900000 -0.00027525
1.42000000 -0.00027349
1.42100000 -0.00027175
1.42200000 -0.00027002
1.42300000 -0.00026831
1.42400000 -0.00026661
1.42500000 -0.00026492
1.42600000 -0.00026324
1.42700000 -0.00026158
1.42800000 -0.00025993
1.42900000 -0.00025829
1.43000000 -0.00025666
1.43100000 -0.00025505
1.43200000 -0.00025345
1.43300000 -0.00025186
1.43400000 -0.00025028
1.43500000 -0.00024871
1.43600000 -0.00024716
1.43700000 -0.00024561
1.43800000 -0.00024408
1.43900000 -0.00024256
1.44000000 -0.00024105
1.44100000 -0.00023956
1.44200000 -0.00023807
1.44300000 -0.00023659
1.44400000 -0.00023513
1.44500000 -0.00023368
1.44600000 -0.00023223
1.44700000 -0.00023080
1.44800000 -0.00022938
1.44900000 -0.00022797
1.45000000 -0.00022657
1.45100000 -0.00022518
1.45200000 -0.00022380
1.45300000 -0.00022243
1.45400000 -0.00022107
1.45500000 -0.00021972
1.45600000 -0.00021838
1.45700000 -0.00021705
1.45800000 -0.00021572
1.45900000 -0.00021441
1.46000000 -0.00021311
1.46100000 -0.00021182
1.46200000 -0.00021054
1.46300000 -0.00020926
1.46400000 -0.00020800
1.46500000 -0.00020674
1.46600000 -0.00020550
1.46700000 -0.00020426
1.46800000 -0.00020303
1.46900000 -0.00020181
1.47000000 -0.00020060
1.47100000 -0.00019940
1.47200000 -0.00019821
1.47300000 -0.00019702
1.47400000 -0.00019584
1.47500000 -0.00019468
1.47600000 -0.00019352
1.47700000 -0.00019236
1.47800000 -0.00019122
1.47900000 -0.00019009
1.48000000 -0.00018896
1.48100000 -0.00018784
1.48200000 -0.00018673
1.48300000 -0.00018563
1.48400000 -0.00018453
1.48500000 -0.00018344
1.48600000 -0.00018236
1.48700000 -0.00018129
1.48800000 -0.00018022
1.48900000 -0.00017917
1.49000000 -0.00017812
1.49100000 -0.00017707
1.49200000 -0.00017604
1.49300000 -0.00017501
1.49400000 -0.00017399
1.49500000 -0.00017298
1.49600000 -0.00017197
1.49700000 -0.00017097
1.49800000 -0.00016998
1.49900000 -0.00016899
1.50000000 -0.00016801
1.50100000 -0.00016704
1.50200000 -0.00016607
1.50300000 -0.00016511
1.50400000 -0.00016416
1.50500000 -0.00016322
1.50600000 -0.00016228
1.50700000 -0.00016134
1.50800000 -0.00016042
1.50900000 -0.00015950
1.51000000 -0.00015858
1.51100000 -0.00015768
1.51200000 -0.00015678
1.51300000 -0.00015588
1.51400000 -0.00015499
1.51500000 -0.00015411
1.51600000 -0.00015323
1.51700000 -0.00015236
1.51800000 -0.00015150
1.51900000 -0.00015064
1.52000000 -0.00014978
1.52100000 -0.00014894
1.52200000 -0.00014809
1.52300000 -0.00014726
1.52400000 -0.00014643
1.52500000 -0.00014560
1.52600000 -0.00014478
1.52700000 -0.00014397
1.52800000 -0.00014316
1.52900000 -0.00014236
1.53000000 -0.00014156
1.53100000 -0.00014077
1.53200000 -0.00013998
1.53300000 -0.00013920
1.53400000 -0.00013842
1.53500000 -0.00013765
1.53600000 -0.00013689
1.53700000 -0.00013613
1.53800000 -0.00013537
1.53900000 -0.00013462
1.54000000 -0.00013387
1.54100000 -0.00013313
1.54200000 -0.00013240
1.54300000 -0.00013167
1.54400000 -0.00013094
1.54500000 -0.00013022
1.54600000 -0.00012950
1.54700000 -0.00012879
1.54800000 -0.00012808
1.54900000 -0.00012738
1.55000000 -0.00012668
1.55100000 -0.00012599
1.55200000 -0.00012530
1.55300000 -0.00012461
1.55400000 -0.00012393
1.55500000 -0.00012326
1.55600000 -0.00012259
1.55700000 -0.00012192
1.55800000 -0.00012126
1.55900000 -0.00012060
1.56000000 -0.00011995
1.56100000 -0.00011930
1.56200000 -0.00011865
1.56300000 -0.00011801
1.56400000 -0.00011737
1.56500000 -0.00011674
1.56600000 -0.00011611
1.56700000 -0.00011549
1.56800000 -0.00011486
1.56900000 -0.00011425
1.57000000 -0.00011364
1.57100000 -0.00011303
1.57200000 -0.00011242
1.57300000 -0.00011182
1.57400000 -0.00011122
1.57500000 -0.00011063
1.57600000 -0.00011004
1.57700000 -0.00010945
1.57800000 -0.00010887
1.57900000 -0.00010829
1.58000000 -0.00010772
1.58100000 -0.00010715
1.58200000 -0.00010658
1.58300000 -0.00010602
1.58400000 -0.00010545
1.58500000 -0.00010490
1.58600000 -0.00010434
1.58700000 -0.00010379
1.58800000 -0.00010325
1.58900000 -0.00010271
1.59000000 -0.00010217
1.59100000 -0.00010163
1.59200000 -0.00010110
1.59300000 -0.00010057
1.59400000 -0.00010004
1.59500000 -0.00009952
1.59600000 -0.00009900
1.59700000 -0.00009848
1.59800000 -0.00009797
1.59900000 -0.00009746
1.60000000 -0.00009695
1.60100000 -0.00009645
1.60200000 -0.00009595
1.60300000 -0.00009545
1.60400000 -0.00009496
1.60500000 -0.00009447
1.60600000 -0.00009398
1.60700000 -0.00009349
1.60800000 -0.00009301
1.60900000 -0.00009253
1.61000000 -0.00009206
1.61100000 -0.00009158
1.61200000 -0.00009111
1.61300000 -0.00009065
1.61400000 -0.00009018
1.61500000 -0.00008972
1.61600000 -0.00008926
1.61700000 -0.00008880
1.61800000 -0.00008835
1.61900000 -0.00008790
1.62000000 -0.00008745
1.62100000 -0.00008701
1.62200000 -0.00008656
1.62300000 -0.00008613
1.62400000 -0.00008569
1.62500000 -0.00008525
1.62600000 -0.00008482
1.62700000 -0.00008439
1.62800000 -0.00008397
1.62900000 -0.00008354
1.63000000 -0.00008312
1.63100000 -0.00008270
1.63200000 -0.00008229
1.63300000 -0.00008187
1.63400000 -0.00008146
1.63500000 -0.00008105
1.63600000 -0.00008065
1.63700000 -0.00008024
1.63800000 -0.00007984
1.63900000 -0.00007944
1.64000000 -0.00007904
1.64100000 -0.00007865
1.64200000 -0.00007826
1.64300000 -0.00007787
1.64400000 -0.00007748
1.64500000 -0.00007710
1.64600000 -0.00007671
1.64700000 -0.00007633
1.64800000 -0.00007596
1.64900000 -0.00007558
1.65000000 -0.00007521
1.65100000 -0.00007483
1.65200000 -0.00007446
1.65300000 -0.00007410
1.65400000 -0.00007373
1.65500000 -0.00007337
1.65600000 -0.00007301
1.65700000 -0.00007265
1.65800000 -0.00007229
1.65900000 -0.00007194
1.66000000 -0.00007159
1.66100000 -0.00007124
1.66200000 -0.00007089
1.66300000 -0.00007054
1.66400000 -0.00007020
1.66500000 -0.00006986
1.66600000 -0.00006952
1.66700000 -0.00006918
1.66800000 -0.00006884
1.66900000 -0.00006851
1.67000000 -0.00006818
1.67100000 -0.00006785
1.67200000 -0.00006752
1.67300000 -0.00006719
1.67400000 -0.00006687
1.67500000 -0.00006654
1.67600000 -0.00006622
1.67700000 -0.00006590
1.67800000 -0.00006559
1.67900000 -0.00006527
1.68000000 -0.00006496
1.68100000 -0.00006465
1.68200000 -0.00006434
1.68300000 -0.00006403
1.68400000 -0.00006372
1.68500000 -0.00006342
1.68600000 -0.00006311
1.68700000 -0.00006281
1.68800000 -0.00006251
1.68900000 -0.00006222
1.69000000 -0.00006192
1.69100000 -0.00006163
1.69200000 -0.00006133
1.69300000 -0.00006104
1.69400000 -0.00006075
1.69500000 -0.00006046
1.69600000 -0.00006018
1.69700000 -0.00005989
1.69800000 -0.00005961
1.69900000 -0.00005933
1.70000000 -0.00005905
1.70100000 -0.00005877
1.70200000 -0.00005850
1.70300000 -0.00005822
1.70400000 -0.00005795
1.70500000 -0.00005768
1.70600000 -0.00005741
1.70700000 -0.00005714
1.70800000 -0.00005687
1.70900000 -0.00005660
1.71000000 -0.00005634
1.71100000 -0.00005608
1.71200000 -0.00005581
1.71300000 -0.00005555
1.71400000 -0.00005530
1.71500000 -0.00005504
1.71600000 -0.00005478
1.71700000 -0.00005453
1.71800000 -0.00005428
1.71900000 -0.00005403
1.72000000 -0.00005378
1.72100000 -0.00005353
1.72200000 -0.00005328
1.72300000 -0.00005303
1.72400000 -0.00005279
1.72500000 -0.00005255
1.72600000 -0.00005230
1.72700000 -0.00005206
1.72800000 -0.00005182
1.72900000 -0.00005159
1.73000000 -0.00005135
1.73100000 -0.00005111
1.73200000 -0.00005088
1.73300000 -0.00005065
1.73400000 -0.00005042
1.73500000 -0.00005019
1.73600000 -0.00004996
1.73700000 -0.00004973
1.73800000 -0.00004950
1.73900000 -0.00004928
1.74000000 -0.00004905
1.74100000 -0.00004883
1.74200000 -0.00004861
1.74300000 -0.00004839
1.74400000 -0.00004817
1.74500000 -0.00004795
1.74600000 -0.00004774
1.74700000 -0.00004752
1.74800000 -0.00004731
1.74900000 -0.00004709
1.75000000 -0.00004688
1.75100000 -0.00004667
1.75200000 -0.00004646
1.75300000 -0.00004625
1.75400000 -0.00004604
1.75500000 -0.00004584
1.75600000 -0.00004563
1.75700000 -0.00004543
1.75800000 -0.00004523
1.75900000 -0.00004502
1.76000000 -0.00004482
1.76100000 -0.00004462
1.76200000 -0.00004442
1.76300000 -0.00004423
1.76400000 -0.00004403
1.76500000 -0.00004383
1.76600000 -0.00004364
1.76700000 -0.00004345
1.76800000 -0.00004325
1.76900000 -0.00004306
1.77000000 -0.00004287
1.77100000 -0.00004268
1.77200000 -0.00004249
1.77300000 -0.00004231
1.77400000 -0.00004212
1.77500000 -0.00004193
1.77600000 -0.00004175
1.77700000 -0.00004157
1.77800000 -0.00004138
1.77900000 -0.00004120
1.78000000 -0.00004102
1.78100000 -0.00004084
1.78200000 -0.00004066
1.78300000 -0.00004048
1.78400000 -0.00004031
1.78500000 -0.00004013
1.78600000 -0.00003996
1.78700000 -0.00003978
1.78800000 -0.00003961
1.78900000 -0.00003944
1.79000000 -0.00003926
1.79100000 -0.00003909
1.79200000 -0.00003892
1.79300000 -0.00003876
1.79400000 -0.00003859
1.79500000 -0.00003842
1.79600000 -0.00003825
1.79700000 -0.00003809
1.79800000 -0.00003792
1.79900000 -0.00003776
1.80000000 -0.00003760
1.80100000 -0.00003744
1.80200000 -0.00003728
1.80300000 -0.00003712
1.80400000 -0.00003696
1.80500000 -0.00003680
1.80600000 -0.00003664
1.80700000 -0.00003648
1.80800000 -0.00003633
1.80900000 -0.00003617
1.81000000 -0.00003602
1.81100000 -0.00003586
1.81200000 -0.00003571
1.81300000 -0.00003556
1.81400000 -0.00003541
1.81500000 -0.00003525
1.81600000 -0.00003510
1.81700000 -0.00003496
1.81800000 -0.00003481
1.81900000 -0.00003466
1.82000000 -0.00003451
1.82100000 -0.00003437
1.82200000 -0.00003422
1.82300000 -0.00003408
1.82400000 -0.00003393
1.82500000 -0.00003379
1.82600000 -0.00003365
1.82700000 -0.00003351
1.82800000 -0.00003336
1.82900000 -0.00003322
1.83000000 -0.00003308
1.83100000 -0.00003295
1.83200000 -0.00003281
1.83300000 -0.00003267
1.83400000 -0.00003253
1.83500000 -0.00003240
1.83600000 -0.00003226
1.83700000 -0.00003213
1.83800000 -0.00003199
1.83900000 -0.00003186
1.84000000 -0.00003173
1.84100000 -0.00003159
1.84200000 -0.00003146
1.84300000 -0.00003133
1.84400000 -0.00003120
1.84500000 -0.00003107
1.84600000 -0.00003094
1.84700000 -0.00003081
1.84800000 -0.00003069
1.84900000 -0.00003056
1.85000000 -0.00003043
1.85100000 -0.00003031
1.85200000 -0.00003018
1.85300000 -0.00003006
1.85400000 -0.00002993
1.85500000 -0.00002981
1.85600000 -0.00002969
1.85700000 -0.00002957
1.85800000 -0.00002945
1.85900000 -0.00002932
1.86000000 -0.00002920
1.86100000 -0.00002908
1.86200000 -0.00002897
1.86300000 -0.00002885
1.86400000 -0.00002873
1.86500000 -0.00002861
1.86600000 -0.00002850
1.86700000 -0.00002838
1.86800000 -0.00002826
1.86900000 -0.00002815
1.87000000 -0.00002803
1.87100000 -0.00002792
1.87200000 -0.00002781
1.87300000 -0.00002769
1.87400000 -0.00002758
1.87500000 -0.00002747
1.87600000 -0.00002736
1.87700000 -0.00002725
1.87800000 -0.00002714
1.87900000 -0.00002703
1.88000000 -0.00002692
1.88100000 -0.00002681
1.88200000 -0.00002670
1.88300000 -0.00002660
1.88400000 -0.00002649
1.88500000 -0.00002638
1.88600000 -0.00002628
1.88700000 -0.00002617
1.88800000 -0.00002607
1.88900000 -0.00002596
1.89000000 -0.00002586
1.89100000 -0.00002575
1.89200000 -0.00002565
1.89300000 -0.00002555
1.89400000 -0.00002545
1.89500000 -0.00002535
1.89600000 -0.00002524
1.89700000 -0.00002514
1.89800000 -0.00002504
1.89900000 -0.00002494
1.90000000 -0.00002485
1.90100000 -0.00002475
1.90200000 -0.00002465
1.90300000 -0.00002455
1.90400000 -0.00002445
1.90500000 -0.00002436
1.90600000 -0.00002426
1.90700000 -0.00002417
1.90800000 -0.00002407
1.90900000 -0.00002398
1.91000000 -0.00002388
1.91100000 -0.00002379
1.91200000 -0.00002369
1.91300000 -0.00002360
1.91400000 -0.00002351
1.91500000 -0.00002342
1.91600000 -0.00002332
1.91700000 -0.00002323
1.91800000 -0.00002314
1.91900000 -0.00002305
1.92000000 -0.00002296
1.92100000 -0.00002287
1.92200000 -0.00002278
1.92300000 -0.00002269
1.92400000 -0.00002260
1.92500000 -0.00002252
1.92600000 -0.00002243
1.92700000 -0.00002234
1.92800000 -0.00002225
1.92900000 -0.00002217
1.93000000 -0.00002208
1.93100000 -0.00002200
1.93200000 -0.00002191
1.93300000 -0.00002183
1.93400000 -0.00002174
1.93500000 -0.00002166
1.93600000 -0.00002157
1.93700000 -0.00002149
1.93800000 -0.00002141
1.93900000 -0.00002133
1.94000000 -0.00002124
1.94100000 -0.00002116
1.94200000 -0.00002108
1.94300000 -0.00002100
1.94400000 -0.00002092
1.94500000 -0.00002084
1.94600000 -0.00002076
1.94700000 -0.00002068
1.94800000 -0.00002060
1.94900000 -0.00002052
1.95000000 -0.00002044
1.95100000 -0.00002037
1.95200000 -0.00002029
1.95300000 -0.00002021
1.95400000 -0.00002013
1.95500000 -0.00002006
1.95600000 -0.00001998
1.95700000 -0.00001990
1.95800000 -0.00001983
1.95900000 -0.00001975
1.96000000 -0.00001968
1.96100000 -0.00001960
1.96200000 -0.00001953
1.96300000 -0.00001946
1.96400000 -0.00001938
1.96500000 -0.00001931
1.96600000 -0.00001924
1.96700000 -0.00001916
1.96800000 -0.00001909
1.96900000 -0.00001902
1.97000000 -0.00001895
1.97100000 -0.00001888
1.97200000 -0.00001881
1.97300000 -0.00001874
1.97400000 -0.00001867
1.97500000 -0.00001860
1.97600000 -0.00001853
1.97700000 -0.00001846
1.97800000 -0.00001839
1.97900000 -0.00001832
1.98000000 -0.00001825
1.98100000 -0.00001818
1.98200000 -0.00001811
1.98300000 -0.00001805
1.98400000 -0.00001798
1.98500000 -0.00001791
1.98600000 -0.00001785
1.98700000 -0.00001778
1.98800000 -0.00001771
1.98900000 -0.00001765
1.99000000 -0.00001758
1.99100000 -0.00001752
1.99200000 -0.00001745
1.99300000 -0.00001739
1.99400000 -0.00001732
1.99500000 -0.00001726
1.99600000 -0.00001720
1.99700000 -0.00001713
1.99800000 -0.00001707
1.99900000 -0.00001701
2.00000000 -0.00001694
