0.10000000 278582401750.67797852
0.10100000 244779431050.20568848
0.10200000 215352344204.24047852
0.10300000 189699822389.74737549
0.10400000 167307879225.44161987
0.10500000 147736506643.83300781
0.10600000 130608463434.34599304
0.10700000 115599846800.47169495
0.10800000 102432150260.03060913
0.10900000 90865562722.96478271
0.11000000 80693305778.91484070
0.11100000 71736840864.06085205
0.11200000 63841806460.35758972
0.11300000 56874568945.96734619
0.11400000 50719290081.74931335
0.11500000 45275430129.18601990
0.11600000 40455618854.19390869
0.11700000 36183837670.18358612
0.11800000 32393865312.84054947
0.11900000 29027947045.19120789
0.12000000 26035653731.84361267
0.12100000 23372902414.77483749
0.12200000 21001114449.32514191
0.12300000 18886490965.82521057
0.12400000 16999388531.11061478
0.12500000 15313780495.33613396
0.12600000 13806791705.82053757
0.12700000 12458296119.64931870
0.12800000 11250568407.22067451
0.12900000 10167981956.95694542
0.13000000 9196746806.18222427
0.13100000 8324681967.28353024
0.13200000 7541017418.89904976
0.13300000 6836221711.69391632
0.13400000 6201851716.25197697
0.13500000 5630421532.60236168
0.13600000 5115288000.21652317
0.13700000 4650550605.12163067
0.13800000 4230963886.46534395
0.13900000 3851860706.33383894
0.14000000 3509084970.52518988
0.14100000 3198932579.92984343
0.14200000 2918099556.91270161
0.14300000 2663636432.64014149
0.14400000 2432908103.04799891
0.14500000 2223558465.98429489
0.14600000 2033479242.42886710
0.14700000 1860782462.66940236
0.14800000 1703776165.66800714
0.14900000 1560942918.09056759
0.15000000 1430920809.87709546
0.15100000 1312486626.90142083
0.15200000 1204540939.13998461
0.15300000 1106094875.64362359
0.15400000 1016258386.16958773
0.15500000 934229814.17217207
0.15600000 859286627.47407222
0.15700000 790777171.78104842
0.15800000 728113328.63242447
0.15900000 670763973.72067499
0.16000000 618249144.04140508
0.16100000 570134833.28902578
0.16200000 526028344.49930447
0.16300000 485574137.33567846
0.16400000 448450114.77565098
0.16500000 414364300.40994114
0.16600000 383051863.23577380
0.16700000 354272451.80681747
0.16800000 327807803.98270655
0.16900000 303459602.37625390
0.17000000 281047548.99198174
0.17100000 260407635.54256597
0.17200000 241390588.56990835
0.17300000 223860470.82816193
0.17400000 207693422.44492978
0.17500000 192776527.19706184
0.17600000 179006790.84777051
0.17700000 166290219.91745737
0.17800000 154540990.52368703
0.17900000 143680698.04552394
0.18000000 133637679.36088324
0.18100000 124346400.28749242
0.18200000 115746901.64155652
0.18300000 107784298.02471538
0.18400000 100408324.06944652
0.18500000 93572923.42455417
0.18600000 87235876.25359194
0.18700000 81358461.45685764
0.18800000 75905150.21803112
0.18900000 70843327.82493404
0.19000000 66143041.02499474
0.19100000 61776768.45395909
0.19200000 57719211.92488424
0.19300000 53947106.58673959
0.19400000 50439048.16089994
0.19500000 47175335.64200117
0.19600000 44137828.00930048
0.19700000 41309813.63784605
0.19800000 38675891.22719441
0.19900000 36221861.18069824
0.20000000 33934626.47192509
0.20100000 31802102.12780749
0.20200000 29813132.54177614
0.20300000 27957415.90537812
0.20400000 26225435.11461181
0.20500000 24608394.56820126
0.20600000 23098162.32998679
0.20700000 21687217.17714602
0.20800000 20368600.10063878
0.20900000 19135869.86458692
0.21000000 17983062.26769882
0.21100000 16904652.78272769
0.21200000 15895522.27966491
0.21300000 14950925.56523509
0.21400000 14066462.49556103
0.21500000 13238051.44086063
0.21600000 12461904.90095146
0.21700000 11734507.08837868
0.21800000 11052593.31233090
0.21900000 10413131.01133243
0.22000000 9813302.29614742
0.22100000 9250487.87653487
0.22200000 8722252.25657377
0.22300000 8226330.09334136
0.22400000 7760613.62287413
0.22500000 7323141.06565514
0.22600000 6912085.93143424
0.22700000 6525747.15006841
0.22800000 6162539.96133336
0.22900000 5820987.50236206
0.23000000 5499713.03656217
0.23100000 5197432.77260156
0.23200000 4912949.22636930
0.23300000 4645145.08275948
0.23400000 4392977.51771964
0.23500000 4155472.94428782
0.23600000 3931722.14933870
0.23700000 3720875.79049811
0.23800000 3522140.22518735
0.23900000 3334773.64604690
0.24000000 3158082.49908229
0.24100000 2991418.16278962
0.24200000 2834173.86827114
0.24300000 2685781.84195666
0.24400000 2545710.65401653
0.24500000 2413462.75689967
0.24600000 2288572.19966483
0.24700000 2170602.50490631
0.24800000 2059144.69611399
0.24900000 1953815.46426131
0.25000000 1854255.46328980
0.25100000 1760127.72496295
0.25200000 1671116.18430019
0.25300000 1586924.30748040
0.25400000 1507273.81472835
0.25500000 1431903.49127062
0.25600000 1360568.07997545
0.25700000 1293037.24977646
0.25800000 1229094.63442672
0.25900000 1168536.93654173
0.26000000 1111173.09226822
0.26100000 1056823.49226530
0.26200000 1005319.25500627
0.26300000 956501.54870595
0.26400000 910220.95845224
0.26500000 866336.89537298
0.26600000 824717.04490206
0.26700000 785236.85142409
0.26800000 747779.03677499
0.26900000 712233.15025991
0.27000000 678495.14801873
0.27100000 646466.99972644
0.27200000 616056.32076031
0.27300000 587176.02809966
0.27400000 559744.01834792
0.27500000 533682.86638122
0.27600000 508919.54323390
0.27700000 485385.15192943
0.27800000 463014.68005628
0.27900000 441746.76797233
0.28000000 421523.49159968
0.28100000 402290.15884398
0.28200000 383995.11873931
0.28300000 366589.58248221
0.28400000 350027.45557564
0.28500000 334265.18035775
0.28600000 319261.58823950
0.28700000 304977.76102167
0.28800000 291376.90070441
0.28900000 278424.20724235
0.29000000 266086.76373524
0.29100000 254333.42857843
0.29200000 243134.73412930
0.29300000 232462.79147579
0.29400000 222291.20092027
0.29500000 212594.96781813
0.29600000 203350.42343410
0.29700000 194535.15050161
0.29800000 186127.91319131
0.29900000 178108.59121393
0.30000000 170458.11780080
0.30100000 163158.42132200
0.30200000 156192.37031777
0.30300000 149543.72173312
0.30400000 143197.07215947
0.30500000 137137.81189942
0.30600000 131352.08168279
0.30700000 125826.73187295
0.30800000 120549.28401267
0.30900000 115507.89456843
0.31000000 110691.32074087
0.31100000 106088.88821764
0.31200000 101690.46075245
0.31300000 97486.41146161
0.31400000 93467.59573597
0.31500000 89625.32567273
0.31600000 85951.34593731
0.31700000 82437.81097118
0.31800000 79077.26346674
0.31900000 75862.61403501
0.32000000 72787.12199681
0.32100000 69844.37723189
0.32200000 67028.28302489
0.32300000 64333.03985044
0.32400000 61753.13004335
0.32500000 59283.30330305
0.32600000 56918.56298452
0.32700000 54654.15313085
0.32800000 52485.54620511
0.32900000 50408.43148204
0.33000000 48418.70406207
0.33100000 46512.45447261
0.33200000 44685.95882363
0.33300000 42935.66948638
0.33400000 41258.20626611
0.33500000 39650.34804106
0.33600000 38109.02484202
0.33700000 36631.31034790
0.33800000 35214.41477438
0.33900000 33855.67813390
0.34000000 32552.56384678
0.34100000 31302.65268395
0.34200000 30103.63702344
0.34300000 28953.31540335
0.34400000 27849.58735532
0.34500000 26790.44850323
0.34600000 25773.98591282
0.34700000 24798.37367874
0.34800000 23861.86873627
0.34900000 22962.80688565
0.35000000 22099.59901769
0.35100000 21270.72752992
0.35200000 20474.74292320
0.35300000 19710.26056920
0.35400000 18975.95763970
0.35500000 18270.57018923
0.35600000 17592.89038301
0.35700000 16941.76386252
0.35800000 16316.08724150
0.35900000 15714.80572573
0.36000000 15136.91084993
0.36100000 14581.43832593
0.36200000 14047.46599620
0.36300000 13534.11188738
0.36400000 13040.53235871
0.36500000 12565.92034039
0.36600000 12109.50365734
0.36700000 11670.54343401
0.36800000 11248.33257613
0.36900000 10842.19432537
0.37000000 10451.48088344
0.37100000 10075.57210193
0.37200000 9713.87423470
0.37300000 9365.81874959
0.37400000 9030.86119660
0.37500000 8708.48012961
0.37600000 8398.17607900
0.37700000 8099.47057269
0.37800000 7811.90520316
0.37900000 7535.04073814
0.38000000 7268.45627298
0.38100000 7011.74842236
0.38200000 6764.53054976
0.38300000 6526.43203255
0.38400000 6297.09756113
0.38500000 6076.18647039
0.38600000 5863.37210196
0.38700000 5658.34119577
0.38800000 5460.79330939
0.38900000 5270.44026400
0.39000000 5087.00561557
0.39100000 4910.22415002
0.39200000 4739.84140142
0.39300000 4575.61319181
0.39400000 4417.30519194
0.39500000 4264.69250167
0.39600000 4117.55924930
0.39700000 3975.69820879
0.39800000 3838.91043411
0.39900000 3707.00490987
0.40000000 3579.79821752
0.40100000 3457.11421638
0.40200000 3338.78373866
0.40300000 3224.64429814
0.40400000 3114.53981149
0.40500000 3008.32033199
0.40600000 2905.84179484
0.40700000 2806.96577361
0.40800000 2711.55924733
0.40900000 2619.49437778
0.41000000 2530.64829632
0.41100000 2444.90290008
0.41200000 2362.14465689
0.41300000 2282.26441864
0.41400000 2205.15724269
0.41500000 2130.72222089
0.41600000 2058.86231601
0.41700000 1989.48420507
0.41800000 1922.49812939
0.41900000 1857.81775104
0.42000000 1795.36001532
0.42100000 1735.04501913
0.42200000 1676.79588485
0.42300000 1620.53863955
0.42400000 1566.20209929
0.42500000 1513.71775828
0.42600000 1463.01968263
0.42700000 1414.04440860
0.42800000 1366.73084507
0.42900000 1321.02018003
0.43000000 1276.85579103
0.43100000 1234.18315921
0.43200000 1192.94978703
0.43300000 1153.10511929
0.43400000 1114.60046740
0.43500000 1077.38893684
0.43600000 1041.42535746
0.43700000 1006.66621679
0.43800000 973.06959589
0.43900000 940.59510795
0.44000000 909.20383933
0.44100000 878.85829297
0.44200000 849.52233412
0.44300000 821.16113823
0.44400000 793.74114097
0.44500000 767.22999022
0.44600000 741.59650003
0.44700000 716.81060635
0.44800000 692.84332462
0.44900000 669.66670895
0.45000000 647.25381300
0.45100000 625.57865239
0.45200000 604.61616856
0.45300000 584.34219410
0.45400000 564.73341942
0.45500000 545.76736077
0.45600000 527.42232947
0.45700000 509.67740235
0.45800000 492.51239337
0.45900000 475.90782636
0.46000000 459.84490873
0.46100000 444.30550632
0.46200000 429.27211917
0.46300000 414.72785819
0.46400000 400.65642280
0.46500000 387.04207941
0.46600000 373.86964068
0.46700000 361.12444563
0.46800000 348.79234051
0.46900000 336.85966037
0.47000000 325.31321136
0.47100000 314.14025366
0.47200000 303.32848516
0.47300000 292.86602562
0.47400000 282.74140152
0.47500000 272.94353149
0.47600000 263.46171223
0.47700000 254.28560501
0.47800000 245.40522264
0.47900000 236.81091694
0.48000000 228.49336674
0.48100000 220.44356619
0.48200000 212.65281364
0.48300000 205.11270090
0.48400000 197.81510281
0.48500000 190.75216733
0.48600000 183.91630591
0.48700000 177.30018425
0.48800000 170.89671335
0.48900000 164.69904097
0.49000000 158.70054337
0.49100000 152.89481729
0.49200000 147.27567233
0.49300000 141.83712351
0.49400000 136.57338421
0.49500000 131.47885922
0.49600000 126.54813820
0.49700000 121.77598925
0.49800000 117.15735280
0.49900000 112.68733566
0.50000000 108.36120533
0.50100000 104.17438447
0.50200000 100.12244561
0.50300000 96.20110605
0.50400000 92.40622287
0.50500000 88.73378824
0.50600000 85.17992475
0.50700000 81.74088108
0.50800000 78.41302766
0.50900000 75.19285257
0.51000000 72.07695758
0.51100000 69.06205432
0.51200000 66.14496057
0.51300000 63.32259670
0.51400000 60.59198223
0.51500000 57.95023252
0.51600000 55.39455554
0.51700000 52.92224882
0.51800000 50.53069641
0.51900000 48.21736607
0.52000000 45.97980641
0.52100000 43.81564429
0.52200000 41.72258216
0.52300000 39.69839561
0.52400000 37.74093091
0.52500000 35.84810273
0.52600000 34.01789185
0.52700000 32.24834300
0.52800000 30.53756277
0.52900000 28.88371757
0.53000000 27.28503168
0.53100000 25.73978535
0.53200000 24.24631299
0.53300000 22.80300139
0.53400000 21.40828804
0.53500000 20.06065944
0.53600000 18.75864956
0.53700000 17.50083826
0.53800000 16.28584986
0.53900000 15.11235162
0.54000000 13.97905246
0.54100000 12.88470152
0.54200000 11.82808694
0.54300000 10.80803454
0.54400000 9.82340671
0.54500000 8.87310111
0.54600000 7.95604966
0.54700000 7.07121737
0.54800000 6.21760133
0.54900000 5.39422965
0.55000000 4.60016050
0.55100000 3.83448115
0.55200000 3.09630703
0.55300000 2.38478087
0.55400000 1.69907181
0.55500000 1.03837456
0.55600000 0.40190862
0.55700000 -0.21108252
0.55800000 -0.80133212
0.55900000 -1.36955097
0.56000000 -1.91642801
0.56100000 -2.44263110
0.56200000 -2.94880762
0.56300000 -3.43558516
0.56400000 -3.90357210
0.56500000 -4.35335821
0.56600000 -4.78551528
0.56700000 -5.20059760
0.56800000 -5.59914257
0.56900000 -5.98167122
0.57000000 -6.34868868
0.57100000 -6.70068469
0.57200000 -7.03813409
0.57300000 -7.36149727
0.57400000 -7.67122063
0.57500000 -7.96773697
0.57600000 -8.25146598
0.57700000 -8.52281456
0.57800000 -8.78217729
0.57900000 -9.02993676
0.58000000 -9.26646395
0.58100000 -9.49211861
0.58200000 -9.70724955
0.58300000 -9.91219504
0.58400000 -10.10728309
0.58500000 -10.29283176
0.58600000 -10.46914950
0.58700000 -10.63653540
0.58800000 -10.79527952
0.58900000 -10.94566311
0.59000000 -11.08795893
0.59100000 -11.22243149
0.59200000 -11.34933729
0.59300000 -11.46892505
0.59400000 -11.58143600
0.59500000 -11.68710404
0.59600000 -11.78615602
0.59700000 -11.87881192
0.59800000 -11.96528504
0.59900000 -12.04578225
0.60000000 -12.12050416
0.60100000 -12.18964531
0.60200000 -12.25339432
0.60300000 -12.31193413
0.60400000 -12.36544214
0.60500000 -12.41409035
0.60600000 -12.45804557
0.60700000 -12.49746955
0.60800000 -12.53251912
0.60900000 -12.56334637
0.61000000 -12.59009877
0.61100000 -12.61291930
0.61200000 -12.63194660
0.61300000 -12.64731512
0.61400000 -12.65915518
0.61500000 -12.66759317
0.61600000 -12.67275160
0.61700000 -12.67474928
0.61800000 -12.67370137
0.61900000 -12.66971953
0.62000000 -12.66291200
0.62100000 -12.65338371
0.62200000 -12.64123640
0.62300000 -12.62656867
0.62400000 -12.60947610
0.62500000 -12.59005136
0.62600000 -12.56838425
0.62700000 -12.54456181
0.62800000 -12.51866842
0.62900000 -12.49078583
0.63000000 -12.46099329
0.63100000 -12.42936760
0.63200000 -12.39598316
0.63300000 -12.36091208
0.63400000 -12.32422425
0.63500000 -12.28598737
0.63600000 -12.24626701
0.63700000 -12.20512674
0.63800000 -12.16262812
0.63900000 -12.11883077
0.64000000 -12.07379248
0.64100000 -12.02756920
0.64200000 -11.98021511
0.64300000 -11.93178271
0.64400000 -11.88232281
0.64500000 -11.83188464
0.64600000 -11.78051585
0.64700000 -11.72826258
0.64800000 -11.67516950
0.64900000 -11.62127986
0.65000000 -11.56663550
0.65100000 -11.51127695
0.65200000 -11.45524340
0.65300000 -11.39857280
0.65400000 -11.34130187
0.65500000 -11.28346611
0.65600000 -11.22509990
0.65700000 -11.16623647
0.65800000 -11.10690797
0.65900000 -11.04714550
0.66000000 -10.98697912
0.66100000 -10.92643789
0.66200000 -10.86554993
0.66300000 -10.80434240
0.66400000 -10.74284155
0.66500000 -10.68107276
0.66600000 -10.61906053
0.66700000 -10.55682856
0.66800000 -10.49439971
0.66900000 -10.43179609
0.67000000 -10.36903902
0.67100000 -10.30614911
0.67200000 -10.24314623
0.67300000 -10.18004957
0.67400000 -10.11687764
0.67500000 -10.05364831
0.67600000 -9.99037881
0.67700000 -9.92708575
0.67800000 -9.86378514
0.67900000 -9.80049242
0.68000000 -9.73722247
0.68100000 -9.67398962
0.68200000 -9.61080768
0.68300000 -9.54768994
0.68400000 -9.48464919
0.68500000 -9.42169775
0.68600000 -9.35884746
0.68700000 -9.29610973
0.68800000 -9.23349550
0.68900000 -9.17101529
0.69000000 -9.10867924
0.69100000 -9.04649704
0.69200000 -8.98447803
0.69300000 -8.92263115
0.69400000 -8.86096499
0.69500000 -8.79948778
0.69600000 -8.73820740
0.69700000 -8.67713140
0.69800000 -8.61626703
0.69900000 -8.55562119
0.70000000 -8.49520051
0.70100000 -8.43501130
0.70200000 -8.37505961
0.70300000 -8.31535119
0.70400000 -8.25589154
0.70500000 -8.19668590
0.70600000 -8.13773925
0.70700000 -8.07905634
0.70800000 -8.02064167
0.70900000 -7.96249952
0.71000000 -7.90463395
0.71100000 -7.84704882
0.71200000 -7.78974775
0.71300000 -7.73273419
0.71400000 -7.67601137
0.71500000 -7.61958237
0.71600000 -7.56345005
0.71700000 -7.50761711
0.71800000 -7.45208608
0.71900000 -7.39685933
0.72000000 -7.34193906
0.72100000 -7.28732732
0.72200000 -7.23302602
0.72300000 -7.17903692
0.72400000 -7.12536163
0.72500000 -7.07200164
0.72600000 -7.01895831
0.72700000 -6.96623285
0.72800000 -6.91382639
0.72900000 -6.86173990
0.73000000 -6.80997427
0.73100000 -6.75853025
0.73200000 -6.70740852
0.73300000 -6.65660963
0.73400000 -6.60613403
0.73500000 -6.55598209
0.73600000 -6.50615409
0.73700000 -6.45665021
0.73800000 -6.40747055
0.73900000 -6.35861511
0.74000000 -6.31008384
0.74100000 -6.26187660
0.74200000 -6.21399317
0.74300000 -6.16643326
0.74400000 -6.11919653
0.74500000 -6.07228255
0.74600000 -6.02569083
0.74700000 -5.97942084
0.74800000 -5.93347197
0.74900000 -5.88784355
0.75000000 -5.84253488
0.75100000 -5.79754519
0.75200000 -5.75287365
0.75300000 -5.70851941
0.75400000 -5.66448155
0.75500000 -5.62075913
0.75600000 -5.57735113
0.75700000 -5.53425652
0.75800000 -5.49147422
0.75900000 -5.44900312
0.76000000 -5.40684207
0.76100000 -5.36498988
0.76200000 -5.32344534
0.76300000 -5.28220718
0.76400000 -5.24127415
0.76500000 -5.20064492
0.76600000 -5.16031816
0.76700000 -5.12029252
0.76800000 -5.08056661
0.76900000 -5.04113902
0.77000000 -5.00200833
0.77100000 -4.96317307
0.77200000 -4.92463178
0.77300000 -4.88638298
0.77400000 -4.84842515
0.77500000 -4.81075677
0.77600000 -4.77337630
0.77700000 -4.73628219
0.77800000 -4.69947286
0.77900000 -4.66294674
0.78000000 -4.62670223
0.78100000 -4.59073773
0.78200000 -4.55505163
0.78300000 -4.51964229
0.78400000 -4.48450808
0.78500000 -4.44964737
0.78600000 -4.41505850
0.78700000 -4.38073981
0.78800000 -4.34668964
0.78900000 -4.31290633
0.79000000 -4.27938820
0.79100000 -4.24613356
0.79200000 -4.21314075
0.79300000 -4.18040807
0.79400000 -4.14793383
0.79500000 -4.11571635
0.79600000 -4.08375394
0.79700000 -4.05204489
0.79800000 -4.02058752
0.79900000 -3.98938014
0.80000000 -3.95842104
0.80100000 -3.92770854
0.80200000 -3.89724094
0.80300000 -3.86701655
0.80400000 -3.83703367
0.80500000 -3.80729064
0.80600000 -3.77778574
0.80700000 -3.74851732
0.80800000 -3.71948367
0.80900000 -3.69068314
0.81000000 -3.66211403
0.81100000 -3.63377470
0.81200000 -3.60566346
0.81300000 -3.57777867
0.81400000 -3.55011866
0.81500000 -3.52268179
0.81600000 -3.49546640
0.81700000 -3.46847086
0.81800000 -3.44169354
0.81900000 -3.41513280
0.82000000 -3.38878702
0.82100000 -3.36265459
0.82200000 -3.33673390
0.82300000 -3.31102333
0.82400000 -3.28552130
0.82500000 -3.26022622
0.82600000 -3.23513649
0.82700000 -3.21025055
0.82800000 -3.18556682
0.82900000 -3.16108375
0.83000000 -3.13679978
0.83100000 -3.11271337
0.83200000 -3.08882297
0.83300000 -3.06512705
0.83400000 -3.04162410
0.83500000 -3.01831259
0.83600000 -2.99519103
0.83700000 -2.97225791
0.83800000 -2.94951174
0.83900000 -2.92695104
0.84000000 -2.90457434
0.84100000 -2.88238017
0.84200000 -2.86036708
0.84300000 -2.83853361
0.84400000 -2.81687834
0.84500000 -2.79539982
0.84600000 -2.77409665
0.84700000 -2.75296739
0.84800000 -2.73201066
0.84900000 -2.71122506
0.85000000 -2.69060919
0.85100000 -2.67016169
0.85200000 -2.64988118
0.85300000 -2.62976630
0.85400000 -2.60981571
0.85500000 -2.59002806
0.85600000 -2.57040202
0.85700000 -2.55093626
0.85800000 -2.53162948
0.85900000 -2.51248036
0.86000000 -2.49348761
0.86100000 -2.47464994
0.86200000 -2.45596607
0.86300000 -2.43743474
0.86400000 -2.41905467
0.86500000 -2.40082463
0.86600000 -2.38274337
0.86700000 -2.36480965
0.86800000 -2.34702225
0.86900000 -2.32937995
0.87000000 -2.31188155
0.87100000 -2.29452584
0.87200000 -2.27731165
0.87300000 -2.26023778
0.87400000 -2.24330307
0.87500000 -2.22650635
0.87600000 -2.20984647
0.87700000 -2.19332229
0.87800000 -2.17693266
0.87900000 -2.16067646
0.88000000 -2.14455257
0.88100000 -2.12855988
0.88200000 -2.11269728
0.88300000 -2.09696369
0.88400000 -2.08135801
0.88500000 -2.06587917
0.88600000 -2.05052611
0.88700000 -2.03529776
0.88800000 -2.02019307
0.88900000 -2.00521099
0.89000000 -1.99035050
0.89100000 -1.97561056
0.89200000 -1.96099016
0.89300000 -1.94648828
0.89400000 -1.93210392
0.89500000 -1.91783610
0.89600000 -1.90368382
0.89700000 -1.88964610
0.89800000 -1.87572197
0.89900000 -1.86191048
0.90000000 -1.84821066
0.90100000 -1.83462157
0.90200000 -1.82114227
0.90300000 -1.80777183
0.90400000 -1.79450932
0.90500000 -1.78135384
0.90600000 -1.76830446
0.90700000 -1.75536029
0.90800000 -1.74252043
0.90900000 -1.72978400
0.91000000 -1.71715012
0.91100000 -1.70461792
0.91200000 -1.69218653
0.91300000 -1.67985509
0.91400000 -1.66762277
0.91500000 -1.65548870
0.91600000 -1.64345206
0.91700000 -1.63151202
0.91800000 -1.61966776
0.91900000 -1.60791846
0.92000000 -1.59626331
0.92100000 -1.58470151
0.92200000 -1.57323228
0.92300000 -1.56185481
0.92400000 -1.55056833
0.92500000 -1.53937207
0.92600000 -1.52826526
0.92700000 -1.51724713
0.92800000 -1.50631694
0.92900000 -1.49547393
0.93000000 -1.48471736
0.93100000 -1.47404649
0.93200000 -1.46346061
0.93300000 -1.45295898
0.93400000 -1.44254089
0.93500000 -1.43220562
0.93600000 -1.42195248
0.93700000 -1.41178076
0.93800000 -1.40168978
0.93900000 -1.39167884
0.94000000 -1.38174727
0.94100000 -1.37189439
0.94200000 -1.36211953
0.94300000 -1.35242203
0.94400000 -1.34280124
0.94500000 -1.33325650
0.94600000 -1.32378716
0.94700000 -1.31439259
0.94800000 -1.30507215
0.94900000 -1.29582521
0.95000000 -1.28665115
0.95100000 -1.27754934
0.95200000 -1.26851919
0.95300000 -1.25956008
0.95400000 -1.25067140
0.95500000 -1.24185257
0.95600000 -1.23310298
0.95700000 -1.22442206
0.95800000 -1.21580922
0.95900000 -1.20726389
0.96000000 -1.19878548
0.96100000 -1.19037345
0.96200000 -1.18202722
0.96300000 -1.17374625
0.96400000 -1.16552997
0.96500000 -1.15737784
0.96600000 -1.14928933
0.96700000 -1.14126389
0.96800000 -1.13330098
0.96900000 -1.12540010
0.97000000 -1.11756070
0.97100000 -1.10978227
0.97200000 -1.10206430
0.97300000 -1.09440628
0.97400000 -1.08680770
0.97500000 -1.07926807
0.97600000 -1.07178688
0.97700000 -1.06436365
0.97800000 -1.05699788
0.97900000 -1.04968910
0.98000000 -1.04243682
0.98100000 -1.03524058
0.98200000 -1.02809990
0.98300000 -1.02101431
0.98400000 -1.01398335
0.98500000 -1.00700657
0.98600000 -1.00008350
0.98700000 -0.99321371
0.98800000 -0.98639674
0.98900000 -0.97963215
0.99000000 -0.97291951
0.99100000 -0.96625837
0.99200000 -0.95964831
0.99300000 -0.95308890
0.99400000 -0.94657972
0.99500000 -0.94012035
0.99600000 -0.93371037
0.99700000 -0.92734938
0.99800000 -0.92103695
0.99900000 -0.91477270
1.00000000 -0.90855621
1.00100000 -0.90238709
1.00200000 -0.89626494
1.00300000 -0.89018938
1.00400000 -0.88416002
1.00500000 -0.87817647
1.00600000 -0.87223835
1.00700000 -0.86634529
1.00800000 -0.86049691
1.00900000 -0.85469284
1.01000000 -0.84893272
1.01100000 -0.84321618
1.01200000 -0.83754285
1.01300000 -0.83191239
1.01400000 -0.82632443
1.01500000 -0.82077864
1.01600000 -0.81527464
1.01700000 -0.80981211
1.01800000 -0.80439071
1.01900000 -0.79901008
1.02000000 -0.79366990
1.02100000 -0.78836982
1.02200000 -0.78310953
1.02300000 -0.77788870
1.02400000 -0.77270699
1.02500000 -0.76756409
1.02600000 -0.76245969
1.02700000 -0.75739345
1.02800000 -0.75236507
1.02900000 -0.74737424
1.03000000 -0.74242066
1.03100000 -0.73750401
1.03200000 -0.73262399
1.03300000 -0.72778031
1.03400000 -0.72297266
1.03500000 -0.71820075
1.03600000 -0.71346430
1.03700000 -0.70876301
1.03800000 -0.70409659
1.03900000 -0.69946476
1.04000000 -0.69486723
1.04100000 -0.69030374
1.04200000 -0.68577399
1.04300000 -0.68127772
1.04400000 -0.67681466
1.04500000 -0.67238453
1.04600000 -0.66798707
1.04700000 -0.66362201
1.04800000 -0.65928908
1.04900000 -0.65498804
1.05000000 -0.65071862
1.05100000 -0.64648056
1.05200000 -0.64227361
1.05300000 -0.63809751
1.05400000 -0.63395203
1.05500000 -0.62983691
1.05600000 -0.62575191
1.05700000 -0.62169678
1.05800000 -0.61767129
1.05900000 -0.61367519
1.06000000 -0.60970824
1.06100000 -0.60577022
1.06200000 -0.60186090
1.06300000 -0.59798003
1.06400000 -0.59412739
1.06500000 -0.59030276
1.06600000 -0.58650590
1.06700000 -0.58273661
1.06800000 -0.57899465
1.06900000 -0.57527981
1.07000000 -0.57159187
1.07100000 -0.56793062
1.07200000 -0.56429584
1.07300000 -0.56068732
1.07400000 -0.55710485
1.07500000 -0.55354823
1.07600000 -0.55001724
1.07700000 -0.54651169
1.07800000 -0.54303137
1.07900000 -0.53957608
1.08000000 -0.53614562
1.08100000 -0.53273980
1.08200000 -0.52935841
1.08300000 -0.52600127
1.08400000 -0.52266819
1.08500000 -0.51935896
1.08600000 -0.51607341
1.08700000 -0.51281134
1.08800000 -0.50957258
1.08900000 -0.50635693
1.09000000 -0.50316421
1.09100000 -0.49999425
1.09200000 -0.49684686
1.09300000 -0.49372187
1.09400000 -0.49061909
1.09500000 -0.48753836
1.09600000 -0.48447950
1.09700000 -0.48144234
1.09800000 -0.47842670
1.09900000 -0.47543243
1.10000000 -0.47245935
1.10100000 -0.46950729
1.10200000 -0.46657609
1.10300000 -0.46366559
1.10400000 -0.46077563
1.10500000 -0.45790604
1.10600000 -0.45505667
1.10700000 -0.45222736
1.10800000 -0.44941795
1.10900000 -0.44662828
1.11000000 -0.44385821
1.11100000 -0.44110758
1.11200000 -0.43837624
1.11300000 -0.43566403
1.11400000 -0.43297082
1.11500000 -0.43029645
1.11600000 -0.42764077
1.11700000 -0.42500365
1.11800000 -0.42238494
1.11900000 -0.41978449
1.12000000 -0.41720216
1.12100000 -0.41463782
1.12200000 -0.41209132
1.12300000 -0.40956253
1.12400000 -0.40705131
1.12500000 -0.40455753
1.12600000 -0.40208105
1.12700000 -0.39962173
1.12800000 -0.39717945
1.12900000 -0.39475407
1.13000000 -0.39234547
1.13100000 -0.38995352
1.13200000 -0.38757808
1.13300000 -0.38521903
1.13400000 -0.38287625
1.13500000 -0.38054961
1.13600000 -0.37823898
1.13700000 -0.37594426
1.13800000 -0.37366530
1.13900000 -0.37140200
1.14000000 -0.36915423
1.14100000 -0.36692188
1.14200000 -0.36470483
1.14300000 -0.36250295
1.14400000 -0.36031615
1.14500000 -0.35814429
1.14600000 -0.35598727
1.14700000 -0.35384498
1.14800000 -0.35171730
1.14900000 -0.34960412
1.15000000 -0.34750533
1.15100000 -0.34542083
1.15200000 -0.34335050
1.15300000 -0.34129424
1.15400000 -0.33925195
1.15500000 -0.33722351
1.15600000 -0.33520882
1.15700000 -0.33320778
1.15800000 -0.33122028
1.15900000 -0.32924623
1.16000000 -0.32728552
1.16100000 -0.32533805
1.16200000 -0.32340373
1.16300000 -0.32148245
1.16400000 -0.31957411
1.16500000 -0.31767863
1.16600000 -0.31579589
1.16700000 -0.31392581
1.16800000 -0.31206830
1.16900000 -0.31022325
1.17000000 -0.30839058
1.17100000 -0.30657019
1.17200000 -0.30476200
1.17300000 -0.30296590
1.17400000 -0.30118181
1.17500000 -0.29940965
1.17600000 -0.29764931
1.17700000 -0.29590072
1.17800000 -0.29416379
1.17900000 -0.29243843
1.18000000 -0.29072455
1.18100000 -0.28902207
1.18200000 -0.28733091
1.18300000 -0.28565098
1.18400000 -0.28398219
1.18500000 -0.28232447
1.18600000 -0.28067774
1.18700000 -0.27904190
1.18800000 -0.27741689
1.18900000 -0.27580263
1.19000000 -0.27419902
1.19100000 -0.27260601
1.19200000 -0.27102349
1.19300000 -0.26945141
1.19400000 -0.26788968
1.19500000 -0.26633823
1.19600000 -0.26479698
1.19700000 -0.26326586
1.19800000 -0.26174479
1.19900000 -0.26023370
1.20000000 -0.25873252
1.20100000 -0.25724117
1.20200000 -0.25575959
1.20300000 -0.25428769
1.20400000 -0.25282541
1.20500000 -0.25137269
1.20600000 -0.24992944
1.20700000 -0.24849561
1.20800000 -0.24707112
1.20900000 -0.24565591
1.21000000 -0.24424990
1.21100000 -0.24285304
1.21200000 -0.24146525
1.21300000 -0.24008646
1.21400000 -0.23871663
1.21500000 -0.23735567
1.21600000 -0.23600352
1.21700000 -0.23466013
1.21800000 -0.23332543
1.21900000 -0.23199935
1.22000000 -0.23068183
1.22100000 -0.22937282
1.22200000 -0.22807224
1.22300000 -0.22678005
1.22400000 -0.22549618
1.22500000 -0.22422056
1.22600000 -0.22295314
1.22700000 -0.22169387
1.22800000 -0.22044268
1.22900000 -0.21919951
1.23000000 -0.21796432
1.23100000 -0.21673703
1.23200000 -0.21551759
1.23300000 -0.21430596
1.23400000 -0.21310207
1.23500000 -0.21190586
1.23600000 -0.21071729
1.23700000 -0.20953629
1.23800000 -0.20836282
1.23900000 -0.20719682
1.24000000 -0.20603824
1.24100000 -0.20488702
1.24200000 -0.20374311
1.24300000 -0.20260646
1.24400000 -0.20147703
1.24500000 -0.20035475
1.24600000 -0.19923958
1.24700000 -0.19813146
1.24800000 -0.19703036
1.24900000 -0.19593621
1.25000000 -0.19484897
1.25100000 -0.19376858
1.25200000 -0.19269502
1.25300000 -0.19162821
1.25400000 -0.19056812
1.25500000 -0.18951470
1.25600000 -0.18846790
1.25700000 -0.18742768
1.25800000 -0.18639398
1.25900000 -0.18536677
1.26000000 -0.18434600
1.26100000 -0.18333162
1.26200000 -0.18232359
1.26300000 -0.18132186
1.26400000 -0.18032639
1.26500000 -0.17933714
1.26600000 -0.17835406
1.26700000 -0.17737711
1.26800000 -0.17640625
1.26900000 -0.17544143
1.27000000 -0.17448261
1.27100000 -0.17352976
1.27200000 -0.17258282
1.27300000 -0.17164176
1.27400000 -0.17070654
1.27500000 -0.16977712
1.27600000 -0.16885345
1.27700000 -0.16793551
1.27800000 -0.16702323
1.27900000 -0.16611660
1.28000000 -0.16521556
1.28100000 -0.16432009
1.28200000 -0.16343014
1.28300000 -0.16254567
1.28400000 -0.16166665
1.28500000 -0.16079303
1.28600000 -0.15992479
1.28700000 -0.15906189
1.28800000 -0.15820428
1.28900000 -0.15735193
1.29000000 -0.15650481
1.29100000 -0.15566288
1.29200000 -0.15482610
1.29300000 -0.15399444
1.29400000 -0.15316786
1.29500000 -0.15234634
1.29600000 -0.15152983
1.29700000 -0.15071830
1.29800000 -0.14991171
1.29900000 -0.14911004
1.30000000 -0.14831325
1.30100000 -0.14752130
1.30200000 -0.14673417
1.30300000 -0.14595181
1.30400000 -0.14517421
1.30500000 -0.14440132
1.30600000 -0.14363311
1.30700000 -0.14286955
1.30800000 -0.14211062
1.30900000 -0.14135627
1.31000000 -0.14060649
1.31100000 -0.13986123
1.31200000 -0.13912046
1.31300000 -0.13838416
1.31400000 -0.13765230
1.31500000 -0.13692485
1.31600000 -0.13620177
1.31700000 -0.13548304
1.31800000 -0.13476862
1.31900000 -0.13405850
1.32000000 -0.13335263
1.32100000 -0.13265100
1.32200000 -0.13195357
1.32300000 -0.13126031
1.32400000 -0.13057120
1.32500000 -0.12988621
1.32600000 -0.12920531
1.32700000 -0.12852848
1.32800000 -0.12785568
1.32900000 -0.12718690
1.33000000 -0.12652209
1.33100000 -0.12586124
1.33200000 -0.12520433
1.33300000 -0.12455132
1.33400000 -0.12390218
1.33500000 -0.12325690
1.33600000 -0.12261544
1.33700000 -0.12197779
1.33800000 -0.12134391
1.33900000 -0.12071379
1.34000000 -0.12008739
1.34100000 -0.11946469
1.34200000 -0.11884567
1.34300000 -0.11823030
1.34400000 -0.11761856
1.34500000 -0.11701043
1.34600000 -0.11640587
1.34700000 -0.11580488
1.34800000 -0.11520742
1.34900000 -0.11461347
1.35000000 -0.11402300
1.35100000 -0.11343600
1.35200000 -0.11285245
1.35300000 -0.11227231
1.35400000 -0.11169557
1.35500000 -0.11112220
1.35600000 -0.11055219
1.35700000 -0.10998550
1.35800000 -0.10942213
1.35900000 -0.10886204
1.36000000 -0.10830522
1.36100000 -0.10775164
1.36200000 -0.10720129
1.36300000 -0.10665414
1.36400000 -0.10611017
1.36500000 -0.10556935
1.36600000 -0.10503168
1.36700000 -0.10449713
1.36800000 -0.10396568
1.36900000 -0.10343731
1.37000000 -0.10291200
1.37100000 -0.10238972
1.37200000 -0.10187047
1.37300000 -0.10135421
1.37400000 -0.10084094
1.37500000 -0.10033063
1.37600000 -0.09982326
1.37700000 -0.09931881
1.37800000 -0.09881727
1.37900000 -0.09831861
1.38000000 -0.09782282
1.38100000 -0.09732988
1.38200000 -0.09683977
1.38300000 -0.09635247
1.38400000 -0.09586796
1.38500000 -0.09538623
1.38600000 -0.09490726
1.38700000 -0.09443103
1.38800000 -0.09395752
1.38900000 -0.09348672
1.39000000 -0.09301861
1.39100000 -0.09255316
1.39200000 -0.09209037
1.39300000 -0.09163022
1.39400000 -0.09117269
1.39500000 -0.09071776
1.39600000 -0.09026542
1.39700000 -0.08981564
1.39800000 -0.08936843
1.39900000 -0.08892374
1.40000000 -0.08848159
1.40100000 -0.08804193
1.40200000 -0.08760477
1.40300000 -0.08717008
1.40400000 -0.08673785
1.40500000 -0.08630806
1.40600000 -0.08588069
1.40700000 -0.08545574
1.40800000 -0.08503319
1.40900000 -0.08461302
1.41000000 -0.08419521
1.41100000 -0.08377975
1.41200000 -0.08336663
1.41300000 -0.08295584
1.41400000 -0.08254735
1.41500000 -0.08214115
1.41600000 -0.08173723
1.41700000 -0.08133557
1.41800000 -0.08093617
1.41900000 -0.08053900
1.42000000 -0.08014405
1.42100000 -0.07975131
1.42200000 -0.07936076
1.42300000 -0.07897239
1.42400000 -0.07858619
1.42500000 -0.07820214
1.42600000 -0.07782023
1.42700000 -0.07744045
1.42800000 -0.07706278
1.42900000 -0.07668721
1.43000000 -0.07631372
1.43100000 -0.07594231
1.43200000 -0.07557296
1.43300000 -0.07520566
1.43400000 -0.07484039
1.43500000 -0.07447714
1.43600000 -0.07411591
1.43700000 -0.07375667
1.43800000 -0.07339942
1.43900000 -0.07304414
1.44000000 -0.07269081
1.44100000 -0.07233944
1.44200000 -0.07199001
1.44300000 -0.07164250
1.44400000 -0.07129690
1.44500000 -0.07095320
1.44600000 -0.07061139
1.44700000 -0.07027146
1.44800000 -0.06993339
1.44900000 -0.06959718
1.45000000 -0.06926281
1.45100000 -0.06893027
1.45200000 -0.06859955
1.45300000 -0.06827064
1.45400000 -0.06794353
1.45500000 -0.06761821
1.45600000 -0.06729466
1.45700000 -0.06697288
1.45800000 -0.06665285
1.45900000 -0.06633457
1.46000000 -0.06601802
1.46100000 -0.06570319
1.46200000 -0.06539007
1.46300000 -0.06507865
1.46400000 -0.06476893
1.46500000 -0.06446088
1.46600000 -0.06415451
1.46700000 -0.06384980
1.46800000 -0.06354673
1.46900000 -0.06324531
1.47000000 -0.06294552
1.47100000 -0.06264734
1.47200000 -0.06235078
1.47300000 -0.06205582
1.47400000 -0.06176245
1.47500000 -0.06147066
1.47600000 -0.06118045
1.47700000 -0.06089179
1.47800000 -0.06060469
1.47900000 -0.06031914
1.48000000 -0.06003511
1.48100000 -0.05975261
1.48200000 -0.05947163
1.48300000 -0.05919216
1.48400000 -0.05891418
1.48500000 -0.05863769
1.48600000 -0.05836268
1.48700000 -0.05808914
1.48800000 -0.05781707
1.48900000 -0.05754644
1.49000000 -0.05727727
1.49100000 -0.05700952
1.49200000 -0.05674321
1.49300000 -0.05647831
1.49400000 -0.05621483
1.49500000 -0.05595274
1.49600000 -0.05569205
1.49700000 -0.05543275
1.49800000 -0.05517482
1.49900000 -0.05491826
1.50000000 -0.05466306
1.50100000 -0.05440921
1.50200000 -0.05415671
1.50300000 -0.05390554
1.50400000 -0.05365571
1.50500000 -0.05340719
1.50600000 -0.05315998
1.50700000 -0.05291409
1.50800000 -0.05266948
1.50900000 -0.05242617
1.51000000 -0.05218414
1.51100000 -0.05194339
1.51200000 -0.05170390
1.51300000 -0.05146567
1.51400000 -0.05122869
1.51500000 -0.05099296
1.51600000 -0.05075846
1.51700000 -0.05052520
1.51800000 -0.05029315
1.51900000 -0.05006233
1.52000000 -0.04983271
1.52100000 -0.04960429
1.52200000 -0.04937707
1.52300000 -0.04915103
1.52400000 -0.04892618
1.52500000 -0.04870249
1.52600000 -0.04847998
1.52700000 -0.04825862
1.52800000 -0.04803842
1.52900000 -0.04781936
1.53000000 -0.04760144
1.53100000 -0.04738466
1.53200000 -0.04716900
1.53300000 -0.04695446
1.53400000 -0.04674103
1.53500000 -0.04652871
1.53600000 -0.04631749
1.53700000 -0.04610737
1.53800000 -0.04589833
1.53900000 -0.04569037
1.54000000 -0.04548349
1.54100000 -0.04527768
1.54200000 -0.04507292
1.54300000 -0.04486923
1.54400000 -0.04466658
1.54500000 -0.04446498
1.54600000 -0.04426442
1.54700000 -0.04406489
1.54800000 -0.04386638
1.54900000 -0.04366890
1.55000000 -0.04347243
1.55100000 -0.04327697
1.55200000 -0.04308251
1.55300000 -0.04288905
1.55400000 -0.04269657
1.55500000 -0.04250509
1.55600000 -0.04231458
1.55700000 -0.04212505
1.55800000 -0.04193649
1.55900000 -0.04174888
1.56000000 -0.04156224
1.56100000 -0.04137655
1.56200000 -0.04119180
1.56300000 -0.04100800
1.56400000 -0.04082513
1.56500000 -0.04064319
1.56600000 -0.04046218
1.56700000 -0.04028209
1.56800000 -0.04010291
1.56900000 -0.03992464
1.57000000 -0.03974728
1.57100000 -0.03957081
1.57200000 -0.03939524
1.57300000 -0.03922055
1.57400000 -0.03904675
1.57500000 -0.03887383
1.57600000 -0.03870179
1.57700000 -0.03853061
1.57800000 -0.03836029
1.57900000 -0.03819084
1.58000000 -0.03802223
1.58100000 -0.03785448
1.58200000 -0.03768757
1.58300000 -0.03752151
1.58400000 -0.03735627
1.58500000 -0.03719187
1.58600000 -0.03702829
1.58700000 -0.03686553
1.58800000 -0.03670359
1.58900000 -0.03654247
1.59000000 -0.03638214
1.59100000 -0.03622262
1.59200000 -0.03606390
1.59300000 -0.03590598
1.59400000 -0.03574884
1.59500000 -0.03559248
1.59600000 -0.03543691
1.59700000 -0.03528211
1.59800000 -0.03512809
1.59900000 -0.03497483
1.60000000 -0.03482233
1.60100000 -0.03467059
1.60200000 -0.03451961
1.60300000 -0.03436938
1.60400000 -0.03421989
1.60500000 -0.03407115
1.60600000 -0.03392314
1.60700000 -0.03377587
1.60800000 -0.03362933
1.60900000 -0.03348351
1.61000000 -0.03333841
1.61100000 -0.03319403
1.61200000 -0.03305037
1.61300000 -0.03290741
1.61400000 -0.03276516
1.61500000 -0.03262361
1.61600000 -0.03248276
1.61700000 -0.03234260
1.61800000 -0.03220314
1.61900000 -0.03206436
1.62000000 -0.03192626
1.62100000 -0.03178884
1.62200000 -0.03165210
1.62300000 -0.03151602
1.62400000 -0.03138062
1.62500000 -0.03124588
1.62600000 -0.03111179
1.62700000 -0.03097837
1.62800000 -0.03084560
1.62900000 -0.03071347
1.63000000 -0.03058200
1.63100000 -0.03045116
1.63200000 -0.03032097
1.63300000 -0.03019141
1.63400000 -0.03006248
1.63500000 -0.02993418
1.63600000 -0.02980650
1.63700000 -0.02967945
1.63800000 -0.02955301
1.63900000 -0.02942719
1.64000000 -0.02930198
1.64100000 -0.02917738
1.64200000 -0.02905338
1.64300000 -0.02892999
1.64400000 -0.02880719
1.64500000 -0.02868499
1.64600000 -0.02856338
1.64700000 -0.02844235
1.64800000 -0.02832192
1.64900000 -0.02820206
1.65000000 -0.02808278
1.65100000 -0.02796408
1.65200000 -0.02784595
1.65300000 -0.02772840
1.65400000 -0.02761140
1.65500000 -0.02749497
1.65600000 -0.02737911
1.65700000 -0.02726379
1.65800000 -0.02714904
1.65900000 -0.02703483
1.66000000 -0.02692117
1.66100000 -0.02680806
1.66200000 -0.02669549
1.66300000 -0.02658346
1.66400000 -0.02647197
1.66500000 -0.02636101
1.66600000 -0.02625058
1.66700000 -0.02614068
1.66800000 -0.02603130
1.66900000 -0.02592245
1.67000000 -0.02581411
1.67100000 -0.02570629
1.67200000 -0.02559899
1.67300000 -0.02549220
1.67400000 -0.02538591
1.67500000 -0.02528014
1.67600000 -0.02517486
1.67700000 -0.02507009
1.67800000 -0.02496581
1.67900000 -0.02486203
1.68000000 -0.02475874
1.68100000 -0.02465594
1.68200000 -0.02455363
1.68300000 -0.02445180
1.68400000 -0.02435045
1.68500000 -0.02424958
1.68600000 -0.02414920
1.68700000 -0.02404928
1.68800000 -0.02394984
1.68900000 -0.02385086
1.69000000 -0.02375235
1.69100000 -0.02365431
1.69200000 -0.02355673
1.69300000 -0.02345961
1.69400000 -0.02336294
1.69500000 -0.02326674
1.69600000 -0.02317098
1.69700000 -0.02307567
1.69800000 -0.02298081
1.69900000 -0.02288639
1.70000000 -0.02279242
1.70100000 -0.02269889
1.70200000 -0.02260580
1.70300000 -0.02251314
1.70400000 -0.02242091
1.70500000 -0.02232912
1.70600000 -0.02223776
1.70700000 -0.02214682
1.70800000 -0.02205630
1.70900000 -0.02196621
1.71000000 -0.02187654
1.71100000 -0.02178729
1.71200000 -0.02169845
1.71300000 -0.02161003
1.71400000 -0.02152202
1.71500000 -0.02143441
1.71600000 -0.02134722
1.71700000 -0.02126042
1.71800000 -0.02117403
1.71900000 -0.02108805
1.72000000 -0.02100246
1.72100000 -0.02091726
1.72200000 -0.02083247
1.72300000 -0.02074806
1.72400000 -0.02066404
1.72500000 -0.02058042
1.72600000 -0.02049718
1.72700000 -0.02041432
1.72800000 -0.02033184
1.72900000 -0.02024975
1.73000000 -0.02016804
1.73100000 -0.02008670
1.73200000 -0.02000573
1.73300000 -0.01992514
1.73400000 -0.01984492
1.73500000 -0.01976506
1.73600000 -0.01968558
1.73700000 -0.01960646
1.73800000 -0.01952770
1.73900000 -0.01944930
1.74000000 -0.01937126
1.74100000 -0.01929358
1.74200000 -0.01921626
1.74300000 -0.01913929
1.74400000 -0.01906267
1.74500000 -0.01898640
1.74600000 -0.01891048
1.74700000 -0.01883491
1.74800000 -0.01875968
1.74900000 -0.01868479
1.75000000 -0.01861025
1.75100000 -0.01853604
1.75200000 -0.01846217
1.75300000 -0.01838864
1.75400000 -0.01831544
1.75500000 -0.01824258
1.75600000 -0.01817005
1.75700000 -0.01809784
1.75800000 -0.01802597
1.75900000 -0.01795441
1.76000000 -0.01788319
1.76100000 -0.01781228
1.76200000 -0.01774170
1.76300000 -0.01767144
1.76400000 -0.01760149
1.76500000 -0.01753186
1.76600000 -0.01746254
1.76700000 -0.01739354
1.76800000 -0.01732485
1.76900000 -0.01725647
1.77000000 -0.01718839
1.77100000 -0.01712063
1.77200000 -0.01705316
1.77300000 -0.01698601
1.77400000 -0.01691915
1.77500000 -0.01685259
1.77600000 -0.01678633
1.77700000 -0.01672037
1.77800000 -0.01665471
1.77900000 -0.01658934
1.78000000 -0.01652426
1.78100000 -0.01645948
1.78200000 -0.01639498
1.78300000 -0.01633078
1.78400000 -0.01626686
1.78500000 -0.01620322
1.78600000 -0.01613987
1.78700000 -0.01607680
1.78800000 -0.01601402
1.78900000 -0.01595151
1.79000000 -0.01588928
1.79100000 -0.01582733
1.79200000 -0.01576566
1.79300000 -0.01570426
1.79400000 -0.01564313
1.79500000 -0.01558228
1.79600000 -0.01552169
1.79700000 -0.01546138
1.79800000 -0.01540133
1.79900000 -0.01534154
1.80000000 -0.01528203
1.80100000 -0.01522277
1.80200000 -0.01516378
1.80300000 -0.01510505
1.80400000 -0.01504658
1.80500000 -0.01498837
1.80600000 -0.01493041
1.80700000 -0.01487271
1.80800000 -0.01481527
1.80900000 -0.01475808
1.81000000 -0.01470114
1.81100000 -0.01464445
1.81200000 -0.01458801
1.81300000 -0.01453182
1.81400000 -0.01447587
1.81500000 -0.01442018
1.81600000 -0.01436472
1.81700000 -0.01430951
1.81800000 -0.01425455
1.81900000 -0.01419982
1.82000000 -0.01414533
1.82100000 -0.01409108
1.82200000 -0.01403707
1.82300000 -0.01398330
1.82400000 -0.01392976
1.82500000 -0.01387646
1.82600000 -0.01382339
1.82700000 -0.01377055
1.82800000 -0.01371794
1.82900000 -0.01366556
1.83000000 -0.01361340
1.83100000 -0.01356148
1.83200000 -0.01350978
1.83300000 -0.01345831
1.83400000 -0.01340706
1.83500000 -0.01335603
1.83600000 -0.01330523
1.83700000 -0.01325464
1.83800000 -0.01320428
1.83900000 -0.01315413
1.84000000 -0.01310421
1.84100000 -0.01305449
1.84200000 -0.01300500
1.84300000 -0.01295571
1.84400000 -0.01290664
1.84500000 -0.01285779
1.84600000 -0.01280914
1.84700000 -0.01276071
1.84800000 -0.01271248
1.84900000 -0.01266446
1.85000000 -0.01261665
1.85100000 -0.01256904
1.85200000 -0.01252164
1.85300000 -0.01247445
1.85400000 -0.01242745
1.85500000 -0.01238066
1.85600000 -0.01233407
1.85700000 -0.01228768
1.85800000 -0.01224149
1.85900000 -0.01219550
1.86000000 -0.01214971
1.86100000 -0.01210411
1.86200000 -0.01205870
1.86300000 -0.01201350
1.86400000 -0.01196848
1.86500000 -0.01192366
1.86600000 -0.01187903
1.86700000 -0.01183459
1.86800000 -0.01179034
1.86900000 -0.01174628
1.87000000 -0.01170240
1.87100000 -0.01165872
1.87200000 -0.01161522
1.87300000 -0.01157190
1.87400000 -0.01152877
1.87500000 -0.01148582
1.87600000 -0.01144306
1.87700000 -0.01140048
1.87800000 -0.01135808
1.87900000 -0.01131586
1.88000000 -0.01127381
1.88100000 -0.01123195
1.88200000 -0.01119026
1.88300000 -0.01114875
1.88400000 -0.01110742
1.88500000 -0.01106626
1.88600000 -0.01102528
1.88700000 -0.01098447
1.88800000 -0.01094383
1.88900000 -0.01090336
1.89000000 -0.01086306
1.89100000 -0.01082294
1.89200000 -0.01078298
1.89300000 -0.01074319
1.89400000 -0.01070357
1.89500000 -0.01066412
1.89600000 -0.01062483
1.89700000 -0.01058571
1.89800000 -0.01054675
1.89900000 -0.01050795
1.90000000 -0.01046932
1.90100000 -0.01043085
1.90200000 -0.01039255
1.90300000 -0.01035440
1.90400000 -0.01031641
1.90500000 -0.01027858
1.90600000 -0.01024091
1.90700000 -0.01020340
1.90800000 -0.01016605
1.90900000 -0.01012885
1.91000000 -0.01009180
1.91100000 -0.01005491
1.91200000 -0.01001818
1.91300000 -0.00998160
1.91400000 -0.00994517
1.91500000 -0.00990889
1.91600000 -0.00987276
1.91700000 -0.00983679
1.91800000 -0.00980096
1.91900000 -0.00976528
1.92000000 -0.00972976
1.92100000 -0.00969437
1.92200000 -0.00965914
1.92300000 -0.00962405
1.92400000 -0.00958911
1.92500000 -0.00955431
1.92600000 -0.00951966
1.92700000 -0.00948515
1.92800000 -0.00945078
1.92900000 -0.00941656
1.93000000 -0.00938247
1.93100000 -0.00934853
1.93200000 -0.00931473
1.93300000 -0.00928106
1.93400000 -0.00924754
1.93500000 -0.00921416
1.93600000 -0.00918091
1.93700000 -0.00914780
1.93800000 -0.00911482
1.93900000 -0.00908198
1.94000000 -0.00904928
1.94100000 -0.00901671
1.94200000 -0.00898427
1.94300000 -0.00895197
1.94400000 -0.00891980
1.94500000 -0.00888777
1.94600000 -0.00885586
1.94700000 -0.00882408
1.94800000 -0.00879244
1.94900000 -0.00876092
1.95000000 -0.00872954
1.95100000 -0.00869828
1.95200000 -0.00866715
1.95300000 -0.00863615
1.95400000 -0.00860527
1.95500000 -0.00857452
1.95600000 -0.00854389
1.95700000 -0.00851339
1.95800000 -0.00848302
1.95900000 -0.00845277
1.96000000 -0.00842264
1.96100000 -0.00839263
1.96200000 -0.00836275
1.96300000 -0.00833298
1.96400000 -0.00830334
1.96500000 -0.00827382
1.96600000 -0.00824442
1.96700000 -0.00821514
1.96800000 -0.00818598
1.96900000 -0.00815693
1.97000000 -0.00812800
1.97100000 -0.00809919
1.97200000 -0.00807050
1.97300000 -0.00804192
1.97400000 -0.00801346
1.97500000 -0.00798511
1.97600000 -0.00795688
1.97700000 -0.00792876
1.97800000 -0.00790076
1.97900000 -0.00787287
1.98000000 -0.00784509
1.98100000 -0.00781742
1.98200000 -0.00778986
1.98300000 -0.00776242
1.98400000 -0.00773508
1.98500000 -0.00770786
1.98600000 -0.00768074
1.98700000 -0.00765374
1.98800000 -0.00762684
1.98900000 -0.00760005
1.99000000 -0.00757337
1.99100000 -0.00754679
1.99200000 -0.00752032
1.99300000 -0.00749396
1.99400000 -0.00746770
1.99500000 -0.00744155
1.99600000 -0.00741550
1.99700000 -0.00738956
1.99800000 -0.00736372
1.99900000 -0.00733798
2.00000000 -0.00731234
