0.10000000 531839130614.93066406
0.10100000 467306186550.39263916
0.10200000 411127202571.73187256
0.10300000 362154206380.42675781
0.10400000 319405951248.57037354
0.10500000 282042421774.59027100
0.10600000 249343430192.84234619
0.10700000 220690616619.08233643
0.10800000 195552286860.05841064
0.10900000 173470619743.84182739
0.11000000 154050856487.01922607
0.11100000 136952150740.47981262
0.11200000 121879812333.40994263
0.11300000 108578722533.21037292
0.11400000 96827735610.61230469
0.11500000 86434912064.80966187
0.11600000 77233454176.18836975
0.11700000 69078235552.16865540
0.11800000 61842833779.05923462
0.11900000 55416989813.54684448
0.12000000 49704429851.70144653
0.12100000 44620995519.11559296
0.12200000 40093036675.98435974
0.12300000 36056028207.48449707
0.12400000 32453378104.84753799
0.12500000 29235399127.45989227
0.12600000 26358420529.29375458
0.12700000 23784019864.78506088
0.12800000 21478357868.33037567
0.12900000 19411601917.82689285
0.13000000 17557425720.89333725
0.13100000 15892574664.81401253
0.13200000 14396487799.71636581
0.13300000 13050968722.32474899
0.13400000 11839898731.02649879
0.13500000 10748986562.24087143
0.13600000 9765549818.59518051
0.13700000 8878323882.50493050
0.13800000 8077294692.34292984
0.13900000 7353552257.54642010
0.14000000 6699162216.45718098
0.14100000 6107053107.13879108
0.14200000 5570917335.92424870
0.14300000 5085124098.67663383
0.14400000 4644642742.18254280
0.14500000 4244975253.24274397
0.14600000 3882096735.54601908
0.14700000 3552402883.27795029
0.14800000 3252663589.00255919
0.14900000 2979981934.53653860
0.15000000 2731757909.76536417
0.15100000 2505656287.72089386
0.15200000 2299578156.53997040
0.15300000 2111635671.68328142
0.15400000 1940129646.32375836
0.15500000 1783529645.23778296
0.15600000 1640456288.81413794
0.15700000 1509665509.76381946
0.15800000 1390034536.48008275
0.15900000 1280549404.37583375
0.16000000 1180293820.44268250
0.16100000 1088439227.18814015
0.16200000 1004235930.40776289
0.16300000 927005171.27720416
0.16400000 856132037.29896986
0.16500000 791059118.96443307
0.16600000 731280829.81375015
0.16700000 676338317.08574235
0.16800000 625814898.51243985
0.16900000 579331968.17284834
0.17000000 536545320.80287421
0.17100000 497141849.67217129
0.17200000 460836578.17891592
0.17300000 427369989.76285452
0.17400000 396505624.66759324
0.17500000 368027915.55802715
0.17600000 341740237.07301646
0.17700000 317463147.11514592
0.17800000 295032800.09067523
0.17900000 274299514.45054567
0.18000000 255126478.77986795
0.18100000 237388582.36703098
0.18200000 220971357.67933515
0.18300000 205770023.50172940
0.18400000 191688618.67803428
0.18500000 178639217.44687614
0.18600000 166541218.30231184
0.18700000 155320699.14491004
0.18800000 144909832.23442304
0.18900000 135246353.12032861
0.19000000 126273078.32044449
0.19100000 117937467.04846734
0.19200000 110191222.76568809
0.19300000 102989930.75650287
0.19400000 96292728.30717261
0.19500000 90062004.40745676
0.19600000 84263126.19957362
0.19700000 78864189.67225152
0.19800000 73835792.34282568
0.19900000 69150825.89042391
0.20000000 64784286.90094790
0.20100000 60713104.06217795
0.20200000 56915980.30702716
0.20300000 53373248.54663096
0.20400000 50066739.76425891
0.20500000 46979662.35747513
0.20600000 44096491.72088388
0.20700000 41402869.15636966
0.20800000 38885509.28303767
0.20900000 36532115.19602957
0.21000000 34331300.69287957
0.21100000 32272518.94884378
0.21200000 30345997.07936029
0.21300000 28542676.07908517
0.21400000 26854155.67334378
0.21500000 25272643.65982484
0.21600000 23790909.35636188
0.21700000 22402240.80508657
0.21800000 21100405.41444990
0.21900000 19879613.74890737
0.22000000 18734486.20173598
0.22100000 17660022.30974840
0.22200000 16651572.48982265
0.22300000 15704811.99637897
0.22400000 14815716.91639606
0.22500000 13980542.03443254
0.22600000 13195800.41455629
0.22700000 12458244.55922150
0.22800000 11764849.01709096
0.22900000 11112794.32269120
0.23000000 10499452.16070960
0.23100000 9922371.65678480
0.23200000 9379266.70488685
0.23300000 8868004.24890445
0.23400000 8386593.44291932
0.23500000 7933175.62091312
0.23600000 7506015.01237388
0.23700000 7103490.14549640
0.23800000 6724085.88444858
0.23900000 6366386.05154407
0.24000000 6029066.58915710
0.24100000 5710889.21987109
0.24200000 5410695.56669946
0.24300000 5127401.69828090
0.24400000 4859993.06675884
0.24500000 4607519.80862665
0.24600000 4369092.38117831
0.24700000 4143877.50936659
0.24800000 3931094.41985399
0.24900000 3730011.34086249
0.25000000 3539942.24809870
0.25100000 3360243.83856564
0.25200000 3190312.71548218
0.25300000 3029582.76882622
0.25400000 2877522.73720867
0.25500000 2733633.93788027
0.25600000 2597448.15268041
0.25700000 2468525.65866414
0.25800000 2346453.39299646
0.25900000 2230843.24248876
0.26000000 2121330.44887569
0.26100000 2017572.12159738
0.26200000 1919245.85046651
0.26300000 1826048.41116590
0.26400000 1737694.55704519
0.26500000 1653915.89116660
0.26600000 1574459.81299485
0.26700000 1499088.53453689
0.26800000 1427578.16111589
0.26900000 1359717.83231438
0.27000000 1295308.91894485
0.27100000 1234164.27220502
0.27200000 1176107.52145150
0.27300000 1120972.41728117
0.27400000 1068602.21684603
0.27500000 1018849.10854597
0.27600000 971573.67344653
0.27700000 926644.38095618
0.27800000 883937.11647108
0.27900000 843334.73885626
0.28000000 804726.66578121
0.28100000 768008.48506577
0.28200000 733081.59032050
0.28300000 699852.83928421
0.28400000 668234.23337167
0.28500000 638142.61704661
0.28600000 609499.39572995
0.28700000 582230.27104137
0.28800000 556264.99225387
0.28900000 531537.12291721
0.29000000 507983.82167637
0.29100000 485545.63637699
0.29200000 464166.31061048
0.29300000 443792.60190833
0.29400000 424374.11084780
0.29500000 405863.12038008
0.29600000 388214.44473782
0.29700000 371385.28732125
0.29800000 355335.10700160
0.29900000 340025.49231751
0.30000000 325420.04307425
0.30100000 311484.25888745
0.30200000 298185.43424301
0.30300000 285492.55967232
0.30400000 273376.22866808
0.30500000 261808.54998980
0.30600000 250763.06503078
0.30700000 240214.66993927
0.30800000 230139.54220601
0.30900000 220515.07144882
0.31000000 211319.79414166
0.31100000 202533.33205185
0.31200000 194136.33416377
0.31300000 186110.42188125
0.31400000 178438.13731412
0.31500000 171102.89446612
0.31600000 164088.93315304
0.31700000 157381.27549044
0.31800000 150965.68480013
0.31900000 144828.62679411
0.32000000 138957.23290300
0.32100000 133339.26562452
0.32200000 127963.08577479
0.32300000 122817.62153266
0.32400000 117892.33917366
0.32500000 113177.21539673
0.32600000 108662.71115227
0.32700000 104339.74688616
0.32800000 100199.67911884
0.32900000 96234.27828390
0.33000000 92435.70775487
0.33100000 88796.50399317
0.33200000 85309.55775420
0.33300000 81968.09629219
0.33400000 78765.66650803
0.33500000 75696.11898748
0.33600000 72753.59288022
0.33700000 69932.50157327
0.33800000 67227.51911472
0.33900000 64633.56734654
0.34000000 62145.80370749
0.34100000 59759.60966936
0.34200000 57470.57977202
0.34300000 55274.51122457
0.34400000 53167.39404198
0.34500000 51145.40168798
0.34600000 49204.88219720
0.34700000 47342.34975032
0.34800000 45554.47667834
0.34900000 43838.08587261
0.35000000 42190.14357923
0.35100000 40607.75255712
0.35200000 39088.14558066
0.35300000 37628.67926847
0.35400000 36226.82822124
0.35500000 34880.17945216
0.35600000 33586.42709485
0.35700000 32343.36737390
0.35800000 31148.89382469
0.35900000 30000.99274912
0.36000000 28897.73889533
0.36100000 27837.29134951
0.36200000 26817.88962911
0.36300000 25837.84996682
0.36400000 24895.56177572
0.36500000 23989.48428620
0.36600000 23118.14334582
0.36700000 22280.12837402
0.36800000 21474.08946352
0.36900000 20698.73462116
0.37000000 19952.82714111
0.37100000 19235.18310369
0.37200000 18544.66899351
0.37300000 17880.19943103
0.37400000 17240.73501169
0.37500000 16625.28024744
0.37600000 16032.88160537
0.37700000 15462.62563878
0.37800000 14913.63720603
0.37900000 14385.07777282
0.38000000 13876.14379386
0.38100000 13386.06516995
0.38200000 12914.10377681
0.38300000 12459.55206214
0.38400000 12021.73170761
0.38500000 11599.99235256
0.38600000 11193.71037647
0.38700000 10802.28773738
0.38800000 10425.15086338
0.38900000 10061.74959492
0.39000000 9711.55617517
0.39100000 9374.06428641
0.39200000 9048.78812998
0.39300000 8735.26154800
0.39400000 8433.03718460
0.39500000 8141.68568500
0.39600000 7860.79493049
0.39700000 7589.96930770
0.39800000 7328.82901057
0.39900000 7077.00937338
0.40000000 6834.16023346
0.40100000 6599.94532218
0.40200000 6374.04168290
0.40300000 6156.13911462
0.40400000 5945.93964012
0.40500000 5743.15699744
0.40600000 5547.51615379
0.40700000 5358.75284052
0.40800000 5176.61310854
0.40900000 5000.85290303
0.41000000 4831.23765661
0.41100000 4667.54190015
0.41200000 4509.54889043
0.41300000 4357.05025377
0.41400000 4209.84564513
0.41500000 4067.74242170
0.41600000 3930.55533057
0.41700000 3798.10620967
0.41800000 3670.22370156
0.41900000 3546.74297925
0.42000000 3427.50548379
0.42100000 3312.35867288
0.42200000 3201.15578016
0.42300000 3093.75558459
0.42400000 2990.02218956
0.42500000 2889.82481126
0.42600000 2793.03757592
0.42700000 2699.53932550
0.42800000 2609.21343149
0.42900000 2521.94761643
0.43000000 2437.63378287
0.43100000 2356.16784940
0.43200000 2277.44959342
0.43300000 2201.38250046
0.43400000 2127.87361958
0.43500000 2056.83342487
0.43600000 1988.17568243
0.43700000 1921.81732296
0.43800000 1857.67831942
0.43900000 1795.68156973
0.44000000 1735.75278418
0.44100000 1677.82037749
0.44200000 1621.81536514
0.44300000 1567.67126389
0.44400000 1515.32399640
0.44500000 1464.71179952
0.44600000 1415.77513642
0.44700000 1368.45661213
0.44800000 1322.70089245
0.44900000 1278.45462617
0.45000000 1235.66637028
0.45100000 1194.28651821
0.45200000 1154.26723089
0.45300000 1115.56237055
0.45400000 1078.12743707
0.45500000 1041.91950692
0.45600000 1006.89717444
0.45700000 973.02049539
0.45800000 940.25093281
0.45900000 908.55130486
0.46000000 877.88573484
0.46100000 848.21960297
0.46200000 819.51950022
0.46300000 791.75318381
0.46400000 764.88953445
0.46500000 738.89851525
0.46600000 713.75113221
0.46700000 689.41939620
0.46800000 665.87628643
0.46900000 643.09571526
0.47000000 621.05249441
0.47100000 599.72230245
0.47200000 579.08165349
0.47300000 559.10786709
0.47400000 539.77903926
0.47500000 521.07401466
0.47600000 502.97235972
0.47700000 485.45433684
0.47800000 468.50087958
0.47900000 452.09356871
0.48000000 436.21460923
0.48100000 420.84680817
0.48200000 405.97355332
0.48300000 391.57879262
0.48400000 377.64701445
0.48500000 364.16322854
0.48600000 351.11294765
0.48700000 338.48216992
0.48800000 326.25736184
0.48900000 314.42544186
0.49000000 302.97376462
0.49100000 291.89010574
0.49200000 281.16264717
0.49300000 270.77996307
0.49400000 260.73100622
0.49500000 251.00509487
0.49600000 241.59190019
0.49700000 232.48143402
0.49800000 223.66403716
0.49900000 215.13036807
0.50000000 206.87139198
0.50100000 198.87837034
0.50200000 191.14285072
0.50300000 183.65665701
0.50400000 176.41188003
0.50500000 169.40086845
0.50600000 162.61621998
0.50700000 156.05077298
0.50800000 149.69759826
0.50900000 143.54999127
0.51000000 137.60146447
0.51100000 131.84574007
0.51200000 126.27674291
0.51300000 120.88859370
0.51400000 115.67560244
0.51500000 110.63226208
0.51600000 105.75324240
0.51700000 101.03338411
0.51800000 96.46769315
0.51900000 92.05133522
0.52000000 87.77963042
0.52100000 83.64804819
0.52200000 79.65220231
0.52300000 75.78784616
0.52400000 72.05086810
0.52500000 68.43728703
0.52600000 64.94324808
0.52700000 61.56501846
0.52800000 58.29898348
0.52900000 55.14164264
0.53000000 52.08960594
0.53100000 49.13959022
0.53200000 46.28841571
0.53300000 43.53300266
0.53400000 40.87036807
0.53500000 38.29762256
0.53600000 35.81196733
0.53700000 33.41069123
0.53800000 31.09116791
0.53900000 28.85085310
0.54000000 26.68728197
0.54100000 24.59806654
0.54200000 22.58089324
0.54300000 20.63352049
0.54400000 18.75377644
0.54500000 16.93955666
0.54600000 15.18882208
0.54700000 13.49959680
0.54800000 11.86996618
0.54900000 10.29807479
0.55000000 8.78212459
0.55100000 7.32037310
0.55200000 5.91113160
0.55300000 4.55276348
0.55400000 3.24368254
0.55500000 1.98235143
0.55600000 0.76728010
0.55700000 -0.40297571
0.55800000 -1.52981587
0.55900000 -2.61459730
0.56000000 -3.65863529
0.56100000 -4.66320482
0.56200000 -5.62954183
0.56300000 -6.55884441
0.56400000 -7.45227401
0.56500000 -8.31095659
0.56600000 -9.13598371
0.56700000 -9.92841359
0.56800000 -10.68927219
0.56900000 -11.41955415
0.57000000 -12.12022384
0.57100000 -12.79221622
0.57200000 -13.43643780
0.57300000 -14.05376752
0.57400000 -14.64505756
0.57500000 -15.21113422
0.57600000 -15.75279868
0.57700000 -16.27082780
0.57800000 -16.76597483
0.57900000 -17.23897018
0.58000000 -17.69052209
0.58100000 -18.12131734
0.58200000 -18.53202188
0.58300000 -18.92328145
0.58400000 -19.29572226
0.58500000 -19.64995154
0.58600000 -19.98655813
0.58700000 -20.30611304
0.58800000 -20.60916998
0.58900000 -20.89626593
0.59000000 -21.16792160
0.59100000 -21.42464194
0.59200000 -21.66691664
0.59300000 -21.89522055
0.59400000 -22.11001418
0.59500000 -22.31174408
0.59600000 -22.50084332
0.59700000 -22.67773184
0.59800000 -22.84281689
0.59900000 -22.99649339
0.60000000 -23.13914431
0.60100000 -23.27114104
0.60200000 -23.39284370
0.60300000 -23.50460153
0.60400000 -23.60675318
0.60500000 -23.69962704
0.60600000 -23.78354155
0.60700000 -23.85880551
0.60800000 -23.92571833
0.60900000 -23.98457035
0.61000000 -24.03564311
0.61100000 -24.07920957
0.61200000 -24.11553443
0.61300000 -24.14487432
0.61400000 -24.16747807
0.61500000 -24.18358695
0.61600000 -24.19343488
0.61700000 -24.19724863
0.61800000 -24.19524807
0.61900000 -24.18764637
0.62000000 -24.17465017
0.62100000 -24.15645981
0.62200000 -24.13326949
0.62300000 -24.10526745
0.62400000 -24.07263620
0.62500000 -24.03555260
0.62600000 -23.99418811
0.62700000 -23.94870892
0.62800000 -23.89927608
0.62900000 -23.84604568
0.63000000 -23.78916902
0.63100000 -23.72879268
0.63200000 -23.66505875
0.63300000 -23.59810489
0.63400000 -23.52806448
0.63500000 -23.45506679
0.63600000 -23.37923702
0.63700000 -23.30069650
0.63800000 -23.21956277
0.63900000 -23.13594966
0.64000000 -23.04996747
0.64100000 -22.96172302
0.64200000 -22.87131976
0.64300000 -22.77885789
0.64400000 -22.68443445
0.64500000 -22.58814340
0.64600000 -22.49007571
0.64700000 -22.39031947
0.64800000 -22.28895996
0.64900000 -22.18607973
0.65000000 -22.08175869
0.65100000 -21.97607417
0.65200000 -21.86910104
0.65300000 -21.76091171
0.65400000 -21.65157629
0.65500000 -21.54116257
0.65600000 -21.42973617
0.65700000 -21.31736053
0.65800000 -21.20409703
0.65900000 -21.09000504
0.66000000 -20.97514195
0.66100000 -20.85956325
0.66200000 -20.74332260
0.66300000 -20.62647186
0.66400000 -20.50906114
0.66500000 -20.39113890
0.66600000 -20.27275192
0.66700000 -20.15394543
0.66800000 -20.03476309
0.66900000 -19.91524708
0.67000000 -19.79543813
0.67100000 -19.67537557
0.67200000 -19.55509734
0.67300000 -19.43464008
0.67400000 -19.31403913
0.67500000 -19.19332860
0.67600000 -19.07254137
0.67700000 -18.95170915
0.67800000 -18.83086253
0.67900000 -18.71003098
0.68000000 -18.58924289
0.68100000 -18.46852564
0.68200000 -18.34790557
0.68300000 -18.22740806
0.68400000 -18.10705754
0.68500000 -17.98687752
0.68600000 -17.86689061
0.68700000 -17.74711857
0.68800000 -17.62758231
0.68900000 -17.50830193
0.69000000 -17.38929673
0.69100000 -17.27058526
0.69200000 -17.15218533
0.69300000 -17.03411401
0.69400000 -16.91638771
0.69500000 -16.79902212
0.69600000 -16.68203230
0.69700000 -16.56543268
0.69800000 -16.44923706
0.69900000 -16.33345864
0.70000000 -16.21811006
0.70100000 -16.10320339
0.70200000 -15.98875016
0.70300000 -15.87476136
0.70400000 -15.76124748
0.70500000 -15.64821853
0.70600000 -15.53568402
0.70700000 -15.42365300
0.70800000 -15.31213409
0.70900000 -15.20113545
0.71000000 -15.09066482
0.71100000 -14.98072956
0.71200000 -14.87133661
0.71300000 -14.76249254
0.71400000 -14.65420353
0.71500000 -14.54647543
0.71600000 -14.43931373
0.71700000 -14.33272357
0.71800000 -14.22670979
0.71900000 -14.12127690
0.72000000 -14.01642911
0.72100000 -13.91217034
0.72200000 -13.80850423
0.72300000 -13.70543412
0.72400000 -13.60296312
0.72500000 -13.50109405
0.72600000 -13.39982949
0.72700000 -13.29917181
0.72800000 -13.19912310
0.72900000 -13.09968526
0.73000000 -13.00085996
0.73100000 -12.90264866
0.73200000 -12.80505263
0.73300000 -12.70807292
0.73400000 -12.61171042
0.73500000 -12.51596582
0.73600000 -12.42083964
0.73700000 -12.32633222
0.73800000 -12.23244377
0.73900000 -12.13917430
0.74000000 -12.04652370
0.74100000 -11.95449169
0.74200000 -11.86307787
0.74300000 -11.77228169
0.74400000 -11.68210247
0.74500000 -11.59253941
0.74600000 -11.50359159
0.74700000 -11.41525797
0.74800000 -11.32753739
0.74900000 -11.24042860
0.75000000 -11.15393023
0.75100000 -11.06804081
0.75200000 -10.98275879
0.75300000 -10.89808251
0.75400000 -10.81401024
0.75500000 -10.73054015
0.75600000 -10.64767033
0.75700000 -10.56539881
0.75800000 -10.48372352
0.75900000 -10.40264233
0.76000000 -10.32215305
0.76100000 -10.24225341
0.76200000 -10.16294110
0.76300000 -10.08421371
0.76400000 -10.00606883
0.76500000 -9.92850394
0.76600000 -9.85151649
0.76700000 -9.77510391
0.76800000 -9.69926353
0.76900000 -9.62399268
0.77000000 -9.54928862
0.77100000 -9.47514859
0.77200000 -9.40156977
0.77300000 -9.32854933
0.77400000 -9.25608438
0.77500000 -9.18417201
0.77600000 -9.11280930
0.77700000 -9.04199326
0.77800000 -8.97172091
0.77900000 -8.90198923
0.78000000 -8.83279517
0.78100000 -8.76413567
0.78200000 -8.69600765
0.78300000 -8.62840801
0.78400000 -8.56133362
0.78500000 -8.49478135
0.78600000 -8.42874804
0.78700000 -8.36323055
0.78800000 -8.29822569
0.78900000 -8.23373027
0.79000000 -8.16974110
0.79100000 -8.10625498
0.79200000 -8.04326870
0.79300000 -7.98077904
0.79400000 -7.91878277
0.79500000 -7.85727667
0.79600000 -7.79625752
0.79700000 -7.73572207
0.79800000 -7.67566709
0.79900000 -7.61608936
0.80000000 -7.55698562
0.80100000 -7.49835266
0.80200000 -7.44018724
0.80300000 -7.38248613
0.80400000 -7.32524611
0.80500000 -7.26846394
0.80600000 -7.21213642
0.80700000 -7.15626033
0.80800000 -7.10083246
0.80900000 -7.04584962
0.81000000 -6.99130861
0.81100000 -6.93720624
0.81200000 -6.88353934
0.81300000 -6.83030473
0.81400000 -6.77749926
0.81500000 -6.72511977
0.81600000 -6.67316313
0.81700000 -6.62162619
0.81800000 -6.57050585
0.81900000 -6.51979898
0.82000000 -6.46950250
0.82100000 -6.41961331
0.82200000 -6.37012835
0.82300000 -6.32104454
0.82400000 -6.27235885
0.82500000 -6.22406823
0.82600000 -6.17616966
0.82700000 -6.12866014
0.82800000 -6.08153666
0.82900000 -6.03479626
0.83000000 -5.98843595
0.83100000 -5.94245279
0.83200000 -5.89684385
0.83300000 -5.85160619
0.83400000 -5.80673692
0.83500000 -5.76223313
0.83600000 -5.71809196
0.83700000 -5.67431055
0.83800000 -5.63088604
0.83900000 -5.58781562
0.84000000 -5.54509646
0.84100000 -5.50272578
0.84200000 -5.46070078
0.84300000 -5.41901872
0.84400000 -5.37767683
0.84500000 -5.33667239
0.84600000 -5.29600269
0.84700000 -5.25566503
0.84800000 -5.21565672
0.84900000 -5.17597511
0.85000000 -5.13661755
0.85100000 -5.09758140
0.85200000 -5.05886407
0.85300000 -5.02046294
0.85400000 -4.98237544
0.85500000 -4.94459902
0.85600000 -4.90713112
0.85700000 -4.86996922
0.85800000 -4.83311082
0.85900000 -4.79655341
0.86000000 -4.76029452
0.86100000 -4.72433170
0.86200000 -4.68866250
0.86300000 -4.65328449
0.86400000 -4.61819528
0.86500000 -4.58339248
0.86600000 -4.54887370
0.86700000 -4.51463660
0.86800000 -4.48067884
0.86900000 -4.44699808
0.87000000 -4.41359204
0.87100000 -4.38045843
0.87200000 -4.34759496
0.87300000 -4.31499940
0.87400000 -4.28266949
0.87500000 -4.25060303
0.87600000 -4.21879781
0.87700000 -4.18725164
0.87800000 -4.15596235
0.87900000 -4.12492778
0.88000000 -4.09414581
0.88100000 -4.06361431
0.88200000 -4.03333117
0.88300000 -4.00329431
0.88400000 -3.97350166
0.88500000 -3.94395115
0.88600000 -3.91464076
0.88700000 -3.88556845
0.88800000 -3.85673222
0.88900000 -3.82813007
0.89000000 -3.79976004
0.89100000 -3.77162016
0.89200000 -3.74370848
0.89300000 -3.71602308
0.89400000 -3.68856204
0.89500000 -3.66132346
0.89600000 -3.63430547
0.89700000 -3.60750619
0.89800000 -3.58092377
0.89900000 -3.55455637
0.90000000 -3.52840217
0.90100000 -3.50245936
0.90200000 -3.47672616
0.90300000 -3.45120077
0.90400000 -3.42588144
0.90500000 -3.40076641
0.90600000 -3.37585396
0.90700000 -3.35114236
0.90800000 -3.32662991
0.90900000 -3.30231491
0.91000000 -3.27819568
0.91100000 -3.25427057
0.91200000 -3.23053792
0.91300000 -3.20699609
0.91400000 -3.18364346
0.91500000 -3.16047843
0.91600000 -3.13749939
0.91700000 -3.11470477
0.91800000 -3.09209299
0.91900000 -3.06966251
0.92000000 -3.04741177
0.92100000 -3.02533925
0.92200000 -3.00344344
0.92300000 -2.98172282
0.92400000 -2.96017591
0.92500000 -2.93880123
0.92600000 -2.91759731
0.92700000 -2.89656271
0.92800000 -2.87569597
0.92900000 -2.85499568
0.93000000 -2.83446041
0.93100000 -2.81408876
0.93200000 -2.79387935
0.93300000 -2.77383078
0.93400000 -2.75394169
0.93500000 -2.73421073
0.93600000 -2.71463655
0.93700000 -2.69521782
0.93800000 -2.67595322
0.93900000 -2.65684143
0.94000000 -2.63788115
0.94100000 -2.61907111
0.94200000 -2.60041002
0.94300000 -2.58189661
0.94400000 -2.56352964
0.94500000 -2.54530786
0.94600000 -2.52723003
0.94700000 -2.50929494
0.94800000 -2.49150137
0.94900000 -2.47384812
0.95000000 -2.45633400
0.95100000 -2.43895784
0.95200000 -2.42171846
0.95300000 -2.40461469
0.95400000 -2.38764540
0.95500000 -2.37080945
0.95600000 -2.35410570
0.95700000 -2.33753303
0.95800000 -2.32109033
0.95900000 -2.30477651
0.96000000 -2.28859047
0.96100000 -2.27253113
0.96200000 -2.25659743
0.96300000 -2.24078829
0.96400000 -2.22510267
0.96500000 -2.20953952
0.96600000 -2.19409781
0.96700000 -2.17877651
0.96800000 -2.16357461
0.96900000 -2.14849109
0.97000000 -2.13352497
0.97100000 -2.11867524
0.97200000 -2.10394094
0.97300000 -2.08932108
0.97400000 -2.07481470
0.97500000 -2.06042086
0.97600000 -2.04613859
0.97700000 -2.03196696
0.97800000 -2.01790505
0.97900000 -2.00395192
0.98000000 -1.99010667
0.98100000 -1.97636838
0.98200000 -1.96273617
0.98300000 -1.94920913
0.98400000 -1.93578640
0.98500000 -1.92246708
0.98600000 -1.90925033
0.98700000 -1.89613527
0.98800000 -1.88312105
0.98900000 -1.87020683
0.99000000 -1.85739178
0.99100000 -1.84467507
0.99200000 -1.83205586
0.99300000 -1.81953336
0.99400000 -1.80710674
0.99500000 -1.79477522
0.99600000 -1.78253799
0.99700000 -1.77039427
0.99800000 -1.75834327
0.99900000 -1.74638424
1.00000000 -1.73451640
1.00100000 -1.72273899
1.00200000 -1.71105126
1.00300000 -1.69945246
1.00400000 -1.68794186
1.00500000 -1.67651872
1.00600000 -1.66518231
1.00700000 -1.65393192
1.00800000 -1.64276683
1.00900000 -1.63168634
1.01000000 -1.62068974
1.01100000 -1.60977634
1.01200000 -1.59894544
1.01300000 -1.58819638
1.01400000 -1.57752847
1.01500000 -1.56694103
1.01600000 -1.55643341
1.01700000 -1.54600495
1.01800000 -1.53565498
1.01900000 -1.52538288
1.02000000 -1.51518798
1.02100000 -1.50506966
1.02200000 -1.49502729
1.02300000 -1.48506024
1.02400000 -1.47516790
1.02500000 -1.46534964
1.02600000 -1.45560485
1.02700000 -1.44593295
1.02800000 -1.43633332
1.02900000 -1.42680537
1.03000000 -1.41734853
1.03100000 -1.40796219
1.03200000 -1.39864580
1.03300000 -1.38939877
1.03400000 -1.38022053
1.03500000 -1.37111053
1.03600000 -1.36206821
1.03700000 -1.35309301
1.03800000 -1.34418439
1.03900000 -1.33534181
1.04000000 -1.32656472
1.04100000 -1.31785259
1.04200000 -1.30920489
1.04300000 -1.30062111
1.04400000 -1.29210071
1.04500000 -1.28364319
1.04600000 -1.27524804
1.04700000 -1.26691474
1.04800000 -1.25864280
1.04900000 -1.25043171
1.05000000 -1.24228099
1.05100000 -1.23419015
1.05200000 -1.22615870
1.05300000 -1.21818616
1.05400000 -1.21027206
1.05500000 -1.20241593
1.05600000 -1.19461729
1.05700000 -1.18687568
1.05800000 -1.17919064
1.05900000 -1.17156172
1.06000000 -1.16398847
1.06100000 -1.15647043
1.06200000 -1.14900716
1.06300000 -1.14159823
1.06400000 -1.13424320
1.06500000 -1.12694163
1.06600000 -1.11969309
1.06700000 -1.11249716
1.06800000 -1.10535342
1.06900000 -1.09826146
1.07000000 -1.09122085
1.07100000 -1.08423118
1.07200000 -1.07729205
1.07300000 -1.07040306
1.07400000 -1.06356381
1.07500000 -1.05677389
1.07600000 -1.05003292
1.07700000 -1.04334050
1.07800000 -1.03669625
1.07900000 -1.03009979
1.08000000 -1.02355073
1.08100000 -1.01704871
1.08200000 -1.01059333
1.08300000 -1.00418425
1.08400000 -0.99782108
1.08500000 -0.99150347
1.08600000 -0.98523106
1.08700000 -0.97900348
1.08800000 -0.97282038
1.08900000 -0.96668141
1.09000000 -0.96058623
1.09100000 -0.95453448
1.09200000 -0.94852583
1.09300000 -0.94255993
1.09400000 -0.93663645
1.09500000 -0.93075505
1.09600000 -0.92491541
1.09700000 -0.91911719
1.09800000 -0.91336007
1.09900000 -0.90764373
1.10000000 -0.90196784
1.10100000 -0.89633210
1.10200000 -0.89073618
1.10300000 -0.88517977
1.10400000 -0.87966257
1.10500000 -0.87418427
1.10600000 -0.86874456
1.10700000 -0.86334314
1.10800000 -0.85797972
1.10900000 -0.85265400
1.11000000 -0.84736568
1.11100000 -0.84211447
1.11200000 -0.83690009
1.11300000 -0.83172224
1.11400000 -0.82658065
1.11500000 -0.82147504
1.11600000 -0.81640511
1.11700000 -0.81137061
1.11800000 -0.80637124
1.11900000 -0.80140675
1.12000000 -0.79647685
1.12100000 -0.79158129
1.12200000 -0.78671980
1.12300000 -0.78189211
1.12400000 -0.77709796
1.12500000 -0.77233710
1.12600000 -0.76760927
1.12700000 -0.76291421
1.12800000 -0.75825168
1.12900000 -0.75362141
1.13000000 -0.74902317
1.13100000 -0.74445671
1.13200000 -0.73992178
1.13300000 -0.73541815
1.13400000 -0.73094556
1.13500000 -0.72650380
1.13600000 -0.72209261
1.13700000 -0.71771176
1.13800000 -0.71336103
1.13900000 -0.70904018
1.14000000 -0.70474899
1.14100000 -0.70048723
1.14200000 -0.69625467
1.14300000 -0.69205109
1.14400000 -0.68787628
1.14500000 -0.68373001
1.14600000 -0.67961206
1.14700000 -0.67552223
1.14800000 -0.67146029
1.14900000 -0.66742605
1.15000000 -0.66341927
1.15100000 -0.65943977
1.15200000 -0.65548732
1.15300000 -0.65156174
1.15400000 -0.64766281
1.15500000 -0.64379033
1.15600000 -0.63994411
1.15700000 -0.63612394
1.15800000 -0.63232963
1.15900000 -0.62856099
1.16000000 -0.62481782
1.16100000 -0.62109992
1.16200000 -0.61740712
1.16300000 -0.61373922
1.16400000 -0.61009603
1.16500000 -0.60647738
1.16600000 -0.60288307
1.16700000 -0.59931292
1.16800000 -0.59576675
1.16900000 -0.59224439
1.17000000 -0.58874566
1.17100000 -0.58527037
1.17200000 -0.58181836
1.17300000 -0.57838944
1.17400000 -0.57498346
1.17500000 -0.57160024
1.17600000 -0.56823960
1.17700000 -0.56490138
1.17800000 -0.56158542
1.17900000 -0.55829155
1.18000000 -0.55501960
1.18100000 -0.55176941
1.18200000 -0.54854082
1.18300000 -0.54533368
1.18400000 -0.54214782
1.18500000 -0.53898308
1.18600000 -0.53583932
1.18700000 -0.53271636
1.18800000 -0.52961407
1.18900000 -0.52653229
1.19000000 -0.52347086
1.19100000 -0.52042965
1.19200000 -0.51740849
1.19300000 -0.51440724
1.19400000 -0.51142576
1.19500000 -0.50846390
1.19600000 -0.50552152
1.19700000 -0.50259846
1.19800000 -0.49969461
1.19900000 -0.49680980
1.20000000 -0.49394390
1.20100000 -0.49109678
1.20200000 -0.48826830
1.20300000 -0.48545832
1.20400000 -0.48266670
1.20500000 -0.47989332
1.20600000 -0.47713803
1.20700000 -0.47440071
1.20800000 -0.47168123
1.20900000 -0.46897946
1.21000000 -0.46629527
1.21100000 -0.46362852
1.21200000 -0.46097910
1.21300000 -0.45834689
1.21400000 -0.45573174
1.21500000 -0.45313355
1.21600000 -0.45055218
1.21700000 -0.44798752
1.21800000 -0.44543945
1.21900000 -0.44290785
1.22000000 -0.44039259
1.22100000 -0.43789356
1.22200000 -0.43541065
1.22300000 -0.43294373
1.22400000 -0.43049270
1.22500000 -0.42805743
1.22600000 -0.42563782
1.22700000 -0.42323375
1.22800000 -0.42084512
1.22900000 -0.41847180
1.23000000 -0.41611369
1.23100000 -0.41377069
1.23200000 -0.41144268
1.23300000 -0.40912956
1.23400000 -0.40683122
1.23500000 -0.40454755
1.23600000 -0.40227846
1.23700000 -0.40002383
1.23800000 -0.39778357
1.23900000 -0.39555756
1.24000000 -0.39334572
1.24100000 -0.39114794
1.24200000 -0.38896412
1.24300000 -0.38679416
1.24400000 -0.38463796
1.24500000 -0.38249543
1.24600000 -0.38036646
1.24700000 -0.37825097
1.24800000 -0.37614886
1.24900000 -0.37406003
1.25000000 -0.37198439
1.25100000 -0.36992184
1.25200000 -0.36787230
1.25300000 -0.36583567
1.25400000 -0.36381187
1.25500000 -0.36180079
1.25600000 -0.35980236
1.25700000 -0.35781647
1.25800000 -0.35584306
1.25900000 -0.35388202
1.26000000 -0.35193327
1.26100000 -0.34999673
1.26200000 -0.34807230
1.26300000 -0.34615991
1.26400000 -0.34425947
1.26500000 -0.34237090
1.26600000 -0.34049411
1.26700000 -0.33862903
1.26800000 -0.33677556
1.26900000 -0.33493364
1.27000000 -0.33310317
1.27100000 -0.33128408
1.27200000 -0.32947630
1.27300000 -0.32767973
1.27400000 -0.32589431
1.27500000 -0.32411996
1.27600000 -0.32235660
1.27700000 -0.32060415
1.27800000 -0.31886254
1.27900000 -0.31713169
1.28000000 -0.31541153
1.28100000 -0.31370199
1.28200000 -0.31200299
1.28300000 -0.31031446
1.28400000 -0.30863633
1.28500000 -0.30696852
1.28600000 -0.30531097
1.28700000 -0.30366360
1.28800000 -0.30202635
1.28900000 -0.30039914
1.29000000 -0.29878191
1.29100000 -0.29717458
1.29200000 -0.29557710
1.29300000 -0.29398939
1.29400000 -0.29241138
1.29500000 -0.29084301
1.29600000 -0.28928422
1.29700000 -0.28773493
1.29800000 -0.28619509
1.29900000 -0.28466462
1.30000000 -0.28314347
1.30100000 -0.28163157
1.30200000 -0.28012886
1.30300000 -0.27863528
1.30400000 -0.27715076
1.30500000 -0.27567524
1.30600000 -0.27420866
1.30700000 -0.27275097
1.30800000 -0.27130209
1.30900000 -0.26986198
1.31000000 -0.26843056
1.31100000 -0.26700779
1.31200000 -0.26559361
1.31300000 -0.26418795
1.31400000 -0.26279076
1.31500000 -0.26140198
1.31600000 -0.26002156
1.31700000 -0.25864943
1.31800000 -0.25728555
1.31900000 -0.25592986
1.32000000 -0.25458230
1.32100000 -0.25324282
1.32200000 -0.25191136
1.32300000 -0.25058787
1.32400000 -0.24927230
1.32500000 -0.24796459
1.32600000 -0.24666469
1.32700000 -0.24537255
1.32800000 -0.24408812
1.32900000 -0.24281135
1.33000000 -0.24154217
1.33100000 -0.24028056
1.33200000 -0.23902644
1.33300000 -0.23777978
1.33400000 -0.23654053
1.33500000 -0.23530863
1.33600000 -0.23408403
1.33700000 -0.23286669
1.33800000 -0.23165656
1.33900000 -0.23045359
1.34000000 -0.22925774
1.34100000 -0.22806895
1.34200000 -0.22688719
1.34300000 -0.22571239
1.34400000 -0.22454453
1.34500000 -0.22338354
1.34600000 -0.22222940
1.34700000 -0.22108204
1.34800000 -0.21994143
1.34900000 -0.21880753
1.35000000 -0.21768028
1.35100000 -0.21655964
1.35200000 -0.21544558
1.35300000 -0.21433804
1.35400000 -0.21323699
1.35500000 -0.21214238
1.35600000 -0.21105418
1.35700000 -0.20997233
1.35800000 -0.20889679
1.35900000 -0.20782754
1.36000000 -0.20676451
1.36100000 -0.20570768
1.36200000 -0.20465701
1.36300000 -0.20361244
1.36400000 -0.20257395
1.36500000 -0.20154150
1.36600000 -0.20051503
1.36700000 -0.19949453
1.36800000 -0.19847994
1.36900000 -0.19747123
1.37000000 -0.19646835
1.37100000 -0.19547129
1.37200000 -0.19447998
1.37300000 -0.19349440
1.37400000 -0.19251452
1.37500000 -0.19154029
1.37600000 -0.19057167
1.37700000 -0.18960863
1.37800000 -0.18865114
1.37900000 -0.18769916
1.38000000 -0.18675265
1.38100000 -0.18581158
1.38200000 -0.18487592
1.38300000 -0.18394562
1.38400000 -0.18302065
1.38500000 -0.18210099
1.38600000 -0.18118659
1.38700000 -0.18027742
1.38800000 -0.17937345
1.38900000 -0.17847465
1.39000000 -0.17758097
1.39100000 -0.17669240
1.39200000 -0.17580889
1.39300000 -0.17493042
1.39400000 -0.17405695
1.39500000 -0.17318845
1.39600000 -0.17232488
1.39700000 -0.17146623
1.39800000 -0.17061245
1.39900000 -0.16976351
1.40000000 -0.16891939
1.40100000 -0.16808005
1.40200000 -0.16724547
1.40300000 -0.16641560
1.40400000 -0.16559043
1.40500000 -0.16476993
1.40600000 -0.16395405
1.40700000 -0.16314278
1.40800000 -0.16233609
1.40900000 -0.16153394
1.41000000 -0.16073631
1.41100000 -0.15994316
1.41200000 -0.15915448
1.41300000 -0.15837023
1.41400000 -0.15759039
1.41500000 -0.15681492
1.41600000 -0.15604380
1.41700000 -0.15527700
1.41800000 -0.15451450
1.41900000 -0.15375627
1.42000000 -0.15300227
1.42100000 -0.15225249
1.42200000 -0.15150690
1.42300000 -0.15076547
1.42400000 -0.15002818
1.42500000 -0.14929500
1.42600000 -0.14856590
1.42700000 -0.14784085
1.42800000 -0.14711985
1.42900000 -0.14640285
1.43000000 -0.14568983
1.43100000 -0.14498077
1.43200000 -0.14427565
1.43300000 -0.14357444
1.43400000 -0.14287711
1.43500000 -0.14218364
1.43600000 -0.14149401
1.43700000 -0.14080819
1.43800000 -0.14012616
1.43900000 -0.13944789
1.44000000 -0.13877337
1.44100000 -0.13810257
1.44200000 -0.13743547
1.44300000 -0.13677204
1.44400000 -0.13611226
1.44500000 -0.13545611
1.44600000 -0.13480356
1.44700000 -0.13415460
1.44800000 -0.13350920
1.44900000 -0.13286734
1.45000000 -0.13222900
1.45100000 -0.13159415
1.45200000 -0.13096278
1.45300000 -0.13033487
1.45400000 -0.12971038
1.45500000 -0.12908931
1.45600000 -0.12847163
1.45700000 -0.12785732
1.45800000 -0.12724635
1.45900000 -0.12663872
1.46000000 -0.12603439
1.46100000 -0.12543335
1.46200000 -0.12483558
1.46300000 -0.12424106
1.46400000 -0.12364977
1.46500000 -0.12306169
1.46600000 -0.12247679
1.46700000 -0.12189506
1.46800000 -0.12131649
1.46900000 -0.12074105
1.47000000 -0.12016871
1.47100000 -0.11959948
1.47200000 -0.11903331
1.47300000 -0.11847021
1.47400000 -0.11791014
1.47500000 -0.11735309
1.47600000 -0.11679904
1.47700000 -0.11624797
1.47800000 -0.11569987
1.47900000 -0.11515471
1.48000000 -0.11461249
1.48100000 -0.11407317
1.48200000 -0.11353675
1.48300000 -0.11300321
1.48400000 -0.11247253
1.48500000 -0.11194468
1.48600000 -0.11141967
1.48700000 -0.11089746
1.48800000 -0.11037804
1.48900000 -0.10986139
1.49000000 -0.10934751
1.49100000 -0.10883636
1.49200000 -0.10832794
1.49300000 -0.10782223
1.49400000 -0.10731921
1.49500000 -0.10681887
1.49600000 -0.10632119
1.49700000 -0.10582615
1.49800000 -0.10533374
1.49900000 -0.10484395
1.50000000 -0.10435675
1.50100000 -0.10387213
1.50200000 -0.10339008
1.50300000 -0.10291058
1.50400000 -0.10243362
1.50500000 -0.10195918
1.50600000 -0.10148724
1.50700000 -0.10101780
1.50800000 -0.10055083
1.50900000 -0.10008633
1.51000000 -0.09962427
1.51100000 -0.09916465
1.51200000 -0.09870744
1.51300000 -0.09825264
1.51400000 -0.09780023
1.51500000 -0.09735019
1.51600000 -0.09690252
1.51700000 -0.09645720
1.51800000 -0.09601420
1.51900000 -0.09557353
1.52000000 -0.09513517
1.52100000 -0.09469910
1.52200000 -0.09426531
1.52300000 -0.09383379
1.52400000 -0.09340452
1.52500000 -0.09297749
1.52600000 -0.09255268
1.52700000 -0.09213009
1.52800000 -0.09170971
1.52900000 -0.09129151
1.53000000 -0.09087548
1.53100000 -0.09046162
1.53200000 -0.09004991
1.53300000 -0.08964033
1.53400000 -0.08923288
1.53500000 -0.08882754
1.53600000 -0.08842431
1.53700000 -0.08802316
1.53800000 -0.08762408
1.53900000 -0.08722707
1.54000000 -0.08683212
1.54100000 -0.08643920
1.54200000 -0.08604831
1.54300000 -0.08565944
1.54400000 -0.08527257
1.54500000 -0.08488770
1.54600000 -0.08450480
1.54700000 -0.08412388
1.54800000 -0.08374492
1.54900000 -0.08336790
1.55000000 -0.08299282
1.55100000 -0.08261967
1.55200000 -0.08224842
1.55300000 -0.08187909
1.55400000 -0.08151164
1.55500000 -0.08114608
1.55600000 -0.08078238
1.55700000 -0.08042055
1.55800000 -0.08006056
1.55900000 -0.07970242
1.56000000 -0.07934610
1.56100000 -0.07899159
1.56200000 -0.07863890
1.56300000 -0.07828800
1.56400000 -0.07793889
1.56500000 -0.07759155
1.56600000 -0.07724598
1.56700000 -0.07690217
1.56800000 -0.07656010
1.56900000 -0.07621977
1.57000000 -0.07588116
1.57100000 -0.07554427
1.57200000 -0.07520909
1.57300000 -0.07487560
1.57400000 -0.07454380
1.57500000 -0.07421368
1.57600000 -0.07388523
1.57700000 -0.07355843
1.57800000 -0.07323328
1.57900000 -0.07290978
1.58000000 -0.07258790
1.58100000 -0.07226765
1.58200000 -0.07194900
1.58300000 -0.07163196
1.58400000 -0.07131652
1.58500000 -0.07100266
1.58600000 -0.07069037
1.58700000 -0.07037966
1.58800000 -0.07007050
1.58900000 -0.06976289
1.59000000 -0.06945682
1.59100000 -0.06915228
1.59200000 -0.06884927
1.59300000 -0.06854777
1.59400000 -0.06824778
1.59500000 -0.06794929
1.59600000 -0.06765228
1.59700000 -0.06735676
1.59800000 -0.06706271
1.59900000 -0.06677013
1.60000000 -0.06647900
1.60100000 -0.06618932
1.60200000 -0.06590108
1.60300000 -0.06561427
1.60400000 -0.06532889
1.60500000 -0.06504492
1.60600000 -0.06476236
1.60700000 -0.06448120
1.60800000 -0.06420144
1.60900000 -0.06392306
1.61000000 -0.06364606
1.61100000 -0.06337043
1.61200000 -0.06309616
1.61300000 -0.06282324
1.61400000 -0.06255167
1.61500000 -0.06228144
1.61600000 -0.06201254
1.61700000 -0.06174497
1.61800000 -0.06147872
1.61900000 -0.06121377
1.62000000 -0.06095013
1.62100000 -0.06068779
1.62200000 -0.06042673
1.62300000 -0.06016695
1.62400000 -0.05990845
1.62500000 -0.05965122
1.62600000 -0.05939524
1.62700000 -0.05914052
1.62800000 -0.05888705
1.62900000 -0.05863482
1.63000000 -0.05838381
1.63100000 -0.05813404
1.63200000 -0.05788549
1.63300000 -0.05763814
1.63400000 -0.05739201
1.63500000 -0.05714707
1.63600000 -0.05690333
1.63700000 -0.05666077
1.63800000 -0.05641939
1.63900000 -0.05617919
1.64000000 -0.05594015
1.64100000 -0.05570227
1.64200000 -0.05546555
1.64300000 -0.05522998
1.64400000 -0.05499555
1.64500000 -0.05476225
1.64600000 -0.05453008
1.64700000 -0.05429904
1.64800000 -0.05406911
1.64900000 -0.05384030
1.65000000 -0.05361259
1.65100000 -0.05338598
1.65200000 -0.05316046
1.65300000 -0.05293603
1.65400000 -0.05271268
1.65500000 -0.05249041
1.65600000 -0.05226920
1.65700000 -0.05204906
1.65800000 -0.05182998
1.65900000 -0.05161195
1.66000000 -0.05139497
1.66100000 -0.05117903
1.66200000 -0.05096412
1.66300000 -0.05075024
1.66400000 -0.05053739
1.66500000 -0.05032556
1.66600000 -0.05011474
1.66700000 -0.04990493
1.66800000 -0.04969612
1.66900000 -0.04948831
1.67000000 -0.04928149
1.67100000 -0.04907565
1.67200000 -0.04887080
1.67300000 -0.04866692
1.67400000 -0.04846402
1.67500000 -0.04826208
1.67600000 -0.04806110
1.67700000 -0.04786107
1.67800000 -0.04766200
1.67900000 -0.04746387
1.68000000 -0.04726668
1.68100000 -0.04707043
1.68200000 -0.04687510
1.68300000 -0.04668070
1.68400000 -0.04648723
1.68500000 -0.04629466
1.68600000 -0.04610301
1.68700000 -0.04591226
1.68800000 -0.04572241
1.68900000 -0.04553346
1.69000000 -0.04534540
1.69100000 -0.04515823
1.69200000 -0.04497194
1.69300000 -0.04478653
1.69400000 -0.04460199
1.69500000 -0.04441831
1.69600000 -0.04423550
1.69700000 -0.04405355
1.69800000 -0.04387245
1.69900000 -0.04369221
1.70000000 -0.04351280
1.70100000 -0.04333424
1.70200000 -0.04315652
1.70300000 -0.04297963
1.70400000 -0.04280356
1.70500000 -0.04262832
1.70600000 -0.04245390
1.70700000 -0.04228029
1.70800000 -0.04210749
1.70900000 -0.04193550
1.71000000 -0.04176431
1.71100000 -0.04159392
1.71200000 -0.04142432
1.71300000 -0.04125551
1.71400000 -0.04108748
1.71500000 -0.04092024
1.71600000 -0.04075377
1.71700000 -0.04058808
1.71800000 -0.04042316
1.71900000 -0.04025900
1.72000000 -0.04009560
1.72100000 -0.03993296
1.72200000 -0.03977107
1.72300000 -0.03960993
1.72400000 -0.03944954
1.72500000 -0.03928989
1.72600000 -0.03913097
1.72700000 -0.03897279
1.72800000 -0.03881534
1.72900000 -0.03865862
1.73000000 -0.03850261
1.73100000 -0.03834733
1.73200000 -0.03819276
1.73300000 -0.03803890
1.73400000 -0.03788575
1.73500000 -0.03773331
1.73600000 -0.03758156
1.73700000 -0.03743051
1.73800000 -0.03728015
1.73900000 -0.03713049
1.74000000 -0.03698151
1.74100000 -0.03683321
1.74200000 -0.03668559
1.74300000 -0.03653864
1.74400000 -0.03639237
1.74500000 -0.03624677
1.74600000 -0.03610183
1.74700000 -0.03595755
1.74800000 -0.03581393
1.74900000 -0.03567097
1.75000000 -0.03552865
1.75100000 -0.03538699
1.75200000 -0.03524597
1.75300000 -0.03510559
1.75400000 -0.03496585
1.75500000 -0.03482674
1.75600000 -0.03468827
1.75700000 -0.03455043
1.75800000 -0.03441321
1.75900000 -0.03427661
1.76000000 -0.03414063
1.76100000 -0.03400527
1.76200000 -0.03387052
1.76300000 -0.03373638
1.76400000 -0.03360284
1.76500000 -0.03346991
1.76600000 -0.03333758
1.76700000 -0.03320585
1.76800000 -0.03307471
1.76900000 -0.03294416
1.77000000 -0.03281421
1.77100000 -0.03268483
1.77200000 -0.03255604
1.77300000 -0.03242783
1.77400000 -0.03230019
1.77500000 -0.03217313
1.77600000 -0.03204664
1.77700000 -0.03192071
1.77800000 -0.03179536
1.77900000 -0.03167056
1.78000000 -0.03154632
1.78100000 -0.03142264
1.78200000 -0.03129951
1.78300000 -0.03117694
1.78400000 -0.03105491
1.78500000 -0.03093342
1.78600000 -0.03081248
1.78700000 -0.03069208
1.78800000 -0.03057222
1.78900000 -0.03045289
1.79000000 -0.03033409
1.79100000 -0.03021582
1.79200000 -0.03009808
1.79300000 -0.02998086
1.79400000 -0.02986416
1.79500000 -0.02974798
1.79600000 -0.02963232
1.79700000 -0.02951717
1.79800000 -0.02940253
1.79900000 -0.02928840
1.80000000 -0.02917478
1.80100000 -0.02906166
1.80200000 -0.02894904
1.80300000 -0.02883691
1.80400000 -0.02872529
1.80500000 -0.02861416
1.80600000 -0.02850351
1.80700000 -0.02839336
1.80800000 -0.02828369
1.80900000 -0.02817451
1.81000000 -0.02806581
1.81100000 -0.02795758
1.81200000 -0.02784983
1.81300000 -0.02774256
1.81400000 -0.02763576
1.81500000 -0.02752943
1.81600000 -0.02742356
1.81700000 -0.02731816
1.81800000 -0.02721322
1.81900000 -0.02710875
1.82000000 -0.02700473
1.82100000 -0.02690116
1.82200000 -0.02679805
1.82300000 -0.02669539
1.82400000 -0.02659318
1.82500000 -0.02649142
1.82600000 -0.02639010
1.82700000 -0.02628922
1.82800000 -0.02618879
1.82900000 -0.02608879
1.83000000 -0.02598923
1.83100000 -0.02589010
1.83200000 -0.02579140
1.83300000 -0.02569314
1.83400000 -0.02559530
1.83500000 -0.02549788
1.83600000 -0.02540089
1.83700000 -0.02530432
1.83800000 -0.02520817
1.83900000 -0.02511244
1.84000000 -0.02501712
1.84100000 -0.02492222
1.84200000 -0.02482772
1.84300000 -0.02473364
1.84400000 -0.02463996
1.84500000 -0.02454669
1.84600000 -0.02445382
1.84700000 -0.02436135
1.84800000 -0.02426928
1.84900000 -0.02417761
1.85000000 -0.02408633
1.85100000 -0.02399545
1.85200000 -0.02390496
1.85300000 -0.02381485
1.85400000 -0.02372514
1.85500000 -0.02363581
1.85600000 -0.02354687
1.85700000 -0.02345831
1.85800000 -0.02337012
1.85900000 -0.02328232
1.86000000 -0.02319489
1.86100000 -0.02310784
1.86200000 -0.02302116
1.86300000 -0.02293486
1.86400000 -0.02284892
1.86500000 -0.02276335
1.86600000 -0.02267814
1.86700000 -0.02259330
1.86800000 -0.02250883
1.86900000 -0.02242471
1.87000000 -0.02234095
1.87100000 -0.02225755
1.87200000 -0.02217450
1.87300000 -0.02209181
1.87400000 -0.02200947
1.87500000 -0.02192748
1.87600000 -0.02184584
1.87700000 -0.02176455
1.87800000 -0.02168360
1.87900000 -0.02160300
1.88000000 -0.02152274
1.88100000 -0.02144281
1.88200000 -0.02136323
1.88300000 -0.02128399
1.88400000 -0.02120508
1.88500000 -0.02112650
1.88600000 -0.02104826
1.88700000 -0.02097034
1.88800000 -0.02089276
1.88900000 -0.02081551
1.89000000 -0.02073858
1.89100000 -0.02066197
1.89200000 -0.02058569
1.89300000 -0.02050973
1.89400000 -0.02043409
1.89500000 -0.02035877
1.89600000 -0.02028377
1.89700000 -0.02020908
1.89800000 -0.02013470
1.89900000 -0.02006064
1.90000000 -0.01998689
1.90100000 -0.01991345
1.90200000 -0.01984032
1.90300000 -0.01976749
1.90400000 -0.01969497
1.90500000 -0.01962275
1.90600000 -0.01955083
1.90700000 -0.01947922
1.90800000 -0.01940791
1.90900000 -0.01933689
1.91000000 -0.01926617
1.91100000 -0.01919574
1.91200000 -0.01912561
1.91300000 -0.01905578
1.91400000 -0.01898623
1.91500000 -0.01891697
1.91600000 -0.01884800
1.91700000 -0.01877932
1.91800000 -0.01871093
1.91900000 -0.01864282
1.92000000 -0.01857499
1.92100000 -0.01850744
1.92200000 -0.01844018
1.92300000 -0.01837319
1.92400000 -0.01830648
1.92500000 -0.01824005
1.92600000 -0.01817389
1.92700000 -0.01810801
1.92800000 -0.01804240
1.92900000 -0.01797706
1.93000000 -0.01791199
1.93100000 -0.01784719
1.93200000 -0.01778266
1.93300000 -0.01771840
1.93400000 -0.01765440
1.93500000 -0.01759066
1.93600000 -0.01752719
1.93700000 -0.01746398
1.93800000 -0.01740102
1.93900000 -0.01733833
1.94000000 -0.01727590
1.94100000 -0.01721372
1.94200000 -0.01715180
1.94300000 -0.01709013
1.94400000 -0.01702871
1.94500000 -0.01696755
1.94600000 -0.01690664
1.94700000 -0.01684598
1.94800000 -0.01678556
1.94900000 -0.01672540
1.95000000 -0.01666548
1.95100000 -0.01660580
1.95200000 -0.01654637
1.95300000 -0.01648719
1.95400000 -0.01642824
1.95500000 -0.01636953
1.95600000 -0.01631107
1.95700000 -0.01625284
1.95800000 -0.01619485
1.95900000 -0.01613710
1.96000000 -0.01607958
1.96100000 -0.01602230
1.96200000 -0.01596524
1.96300000 -0.01590842
1.96400000 -0.01585184
1.96500000 -0.01579548
1.96600000 -0.01573935
1.96700000 -0.01568345
1.96800000 -0.01562777
1.96900000 -0.01557232
1.97000000 -0.01551710
1.97100000 -0.01546210
1.97200000 -0.01540732
1.97300000 -0.01535276
1.97400000 -0.01529842
1.97500000 -0.01524431
1.97600000 -0.01519041
1.97700000 -0.01513673
1.97800000 -0.01508326
1.97900000 -0.01503002
1.98000000 -0.01497698
1.98100000 -0.01492416
1.98200000 -0.01487156
1.98300000 -0.01481916
1.98400000 -0.01476698
1.98500000 -0.01471500
1.98600000 -0.01466324
1.98700000 -0.01461168
1.98800000 -0.01456033
1.98900000 -0.01450918
1.99000000 -0.01445824
1.99100000 -0.01440751
1.99200000 -0.01435698
1.99300000 -0.01430665
1.99400000 -0.01425652
1.99500000 -0.01420659
1.99600000 -0.01415686
1.99700000 -0.01410733
1.99800000 -0.01405800
1.99900000 -0.01400887
2.00000000 -0.01395993
