0.10000000 157170449058.42581177
0.10100000 138099251524.79672241
0.10200000 121496888019.04510498
0.10300000 107024098622.66665649
0.10400000 94390895884.04492188
0.10500000 83349030485.50010681
0.10600000 73685665795.75793457
0.10700000 65218058390.83882141
0.10800000 57789077162.88504028
0.10900000 51263422695.55217743
0.11000000 45524432392.43845367
0.11100000 40471376387.20615387
0.11200000 36017165334.40942383
0.11300000 32086404419.27608490
0.11400000 28613738850.94083023
0.11500000 25542445136.69393158
0.11600000 22823229915.51971817
0.11700000 20413204334.74052429
0.11800000 18275007109.82551193
0.11900000 16376053698.74875641
0.12000000 14687892599.46322060
0.12100000 13185652765.61690331
0.12200000 11847568632.92862320
0.12300000 10654571339.98134995
0.12400000 9589936481.17705917
0.12500000 8638980202.80057907
0.12600000 7788796692.29148197
0.12700000 7028031154.58276176
0.12800000 6346683249.76731491
0.12900000 5735936709.98319244
0.13000000 5188011482.36084080
0.13100000 4696035277.54145908
0.13200000 4253931854.98444271
0.13300000 3856323759.83115244
0.13400000 3498447552.17853546
0.13500000 3176079847.19444609
0.13600000 2885472721.08265400
0.13700000 2623297239.78006077
0.13800000 2386594039.73669767
0.13900000 2172730037.64699507
0.14000000 1979360472.32417011
0.14100000 1804395590.20619082
0.14200000 1645971378.92873764
0.14300000 1502423833.26146555
0.14400000 1372266306.39596128
0.14500000 1254169558.72255397
0.14600000 1146944167.21834445
0.14700000 1049525002.56312549
0.14800000 960957519.10082734
0.14900000 880385635.62169254
0.15000000 807041013.37901616
0.15100000 740233562.39265835
0.15200000 679343028.45831645
0.15300000 623811531.82882845
0.15400000 573136944.64902377
0.15500000 526867008.24078792
0.15600000 484594103.53492969
0.15700000 445950598.57608265
0.15800000 410604706.29648370
0.15900000 378256793.84539646
0.16000000 348636091.82914364
0.16100000 321497757.99685574
0.16200000 296620255.31531090
0.16300000 273803009.11300129
0.16400000 252864312.12568238
0.16500000 233639449.91827402
0.16600000 215979022.35619608
0.16700000 199747439.60952765
0.16800000 184821573.64475778
0.16900000 171089548.33394235
0.17000000 158449653.22679272
0.17100000 146809367.71981770
0.17200000 136084483.84615993
0.17300000 126198317.22467136
0.17400000 117080996.86837387
0.17500000 108668825.57938056
0.17600000 100903703.56586650
0.17700000 93732608.72101545
0.17800000 87107127.71646388
0.17900000 80983032.69452290
0.18000000 75319898.90394212
0.18100000 70080759.12155747
0.18200000 65231791.14420110
0.18300000 60742035.02820309
0.18400000 56583137.10336127
0.18500000 52729118.09939627
0.18600000 49156163.00003730
0.18700000 45842430.48687897
0.18800000 42767880.05542256
0.18900000 39914115.08228177
0.19000000 37264240.29804944
0.19100000 34802732.27714191
0.19200000 32515321.69613230
0.19300000 30388886.23749400
0.19400000 28411353.12792529
0.19500000 26571610.40095343
0.19600000 24859426.06359953
0.19700000 23265374.42765504
0.19800000 21780768.93857888
0.19900000 20397600.90006533
0.20000000 19108483.55074541
0.20100000 17906601.00197590
0.20200000 16785661.59286320
0.20300000 15739855.26112324
0.20400000 14763814.56659037
0.20500000 13852579.03859668
0.20600000 13001562.54944729
0.20700000 12206523.44416394
0.20800000 11463537.18187624
0.20900000 10768971.26698535
0.21000000 10119462.26876045
0.21100000 9511894.74657663
0.21200000 8943381.91476659
0.21300000 8411247.89621387
0.21400000 7913011.42752617
0.21500000 7446370.89103484
0.21600000 7009190.56010135
0.21700000 6599487.95438899
0.21800000 6215422.21098110
0.21900000 5855283.38559064
0.22000000 5517482.60569145
0.22100000 5200543.00428684
0.22200000 4903091.36928172
0.22300000 4623850.44910200
0.22400000 4361631.86036525
0.22500000 4115329.54809672
0.22600000 3883913.75325151
0.22700000 3666425.44618556
0.22800000 3461971.18825152
0.22900000 3269718.38691409
0.23000000 3088890.91271071
0.23100000 2918765.04905592
0.23200000 2758665.74832381
0.23300000 2607963.16986569
0.23400000 2466069.47764786
0.23500000 2332435.87704580
0.23600000 2206549.87202192
0.23700000 2087932.72545850
0.23800000 1976137.10682944
0.23900000 1870744.91268511
0.24000000 1771365.24660526
0.24100000 1677632.54635538
0.24200000 1589204.84697039
0.24300000 1505762.16939558
0.24400000 1427005.02514366
0.24500000 1352653.02818702
0.24600000 1282443.60600118
0.24700000 1216130.80231413
0.24800000 1153484.16470244
0.24900000 1094287.71071299
0.25000000 1038338.96668276
0.25100000 985448.07388262
0.25200000 935436.95702760
0.25300000 888138.55057877
0.25400000 843396.07861391
0.25500000 801062.38436739
0.25600000 760999.30583764
0.25700000 723077.09413416
0.25800000 687173.87148828
0.25900000 653175.12608394
0.26000000 620973.24107844
0.26100000 590467.05538035
0.26200000 561561.45393298
0.26300000 534166.98541939
0.26400000 508199.50545938
0.26500000 483579.84351090
0.26600000 460233.49182021
0.26700000 438090.31488612
0.26800000 417084.27801565
0.26900000 397153.19365210
0.27000000 378238.48425189
0.27100000 360284.96057496
0.27200000 343240.61433525
0.27300000 327056.42423317
0.27400000 311686.17446189
0.27500000 297086.28484396
0.27600000 283215.65181450
0.27700000 270035.49952268
0.27800000 257509.24037443
0.27900000 245602.34438682
0.28000000 234282.21676875
0.28100000 223518.08318304
0.28200000 213280.88218325
0.28300000 203543.16435330
0.28400000 194278.99771072
0.28500000 185463.87896442
0.28600000 177074.65024599
0.28700000 169089.42095939
0.28800000 161487.49441835
0.28900000 154249.29896278
0.29000000 147356.32326682
0.29100000 140791.05557019
0.29200000 134536.92658260
0.29300000 128578.25582777
0.29400000 122900.20120916
0.29500000 117488.71159394
0.29600000 112330.48222518
0.29700000 107412.91278500
0.29800000 102724.06794278
0.29900000 98252.64023357
0.30000000 93987.91512211
0.30100000 89919.73811684
0.30200000 86038.48380771
0.30300000 82335.02670920
0.30400000 78800.71379791
0.30500000 75427.33864125
0.30600000 72207.11702010
0.30700000 69132.66395489
0.30800000 66196.97204994
0.30900000 63393.39107670
0.31000000 60715.60872117
0.31100000 58157.63242581
0.31200000 55713.77226046
0.31300000 53378.62476089
0.31400000 51147.05767759
0.31500000 49014.19558081
0.31600000 46975.40627127
0.31700000 45026.28794925
0.31800000 43162.65709736
0.31900000 41380.53703538
0.32000000 39676.14710792
0.32100000 38045.89246811
0.32200000 36486.35442272
0.32300000 34994.28130635
0.32400000 33566.57985409
0.32500000 32200.30704413
0.32600000 30892.66238334
0.32700000 29640.98061042
0.32800000 28442.72479310
0.32900000 27295.47979676
0.33000000 26196.94610357
0.33100000 25144.93396238
0.33200000 24137.35785070
0.33300000 23172.23123124
0.33400000 22247.66158665
0.33500000 21361.84571674
0.33600000 20513.06528384
0.33700000 19699.68259229
0.33800000 18920.13658926
0.33900000 18172.93907466
0.34000000 17456.67110863
0.34100000 16769.97960582
0.34200000 16111.57410616
0.34300000 15480.22371259
0.34400000 14874.75418668
0.34500000 14294.04519344
0.34600000 13737.02768744
0.34700000 13202.68143256
0.34800000 12690.03264803
0.34900000 12198.15177431
0.35000000 11726.15135209
0.35100000 11273.18400853
0.35200000 10838.44054513
0.35300000 10421.14812154
0.35400000 10020.56853064
0.35500000 9635.99655972
0.35600000 9266.75843344
0.35700000 8912.21033422
0.35800000 8571.73699604
0.35900000 8244.75036776
0.36000000 7930.68834238
0.36100000 7629.01354887
0.36200000 7339.21220322
0.36300000 7060.79301581
0.36400000 6793.28615197
0.36500000 6536.24224331
0.36600000 6289.23144692
0.36700000 6051.84255022
0.36800000 5823.68211898
0.36900000 5604.37368640
0.37000000 5393.55698121
0.37100000 5190.88719269
0.37200000 4996.03427086
0.37300000 4808.68226002
0.37400000 4628.52866400
0.37500000 4455.28384153
0.37600000 4288.67043017
0.37700000 4128.42279746
0.37800000 3974.28651793
0.37900000 3826.01787463
0.38000000 3683.38338400
0.38100000 3546.15934295
0.38200000 3414.13139710
0.38300000 3287.09412900
0.38400000 3164.85066549
0.38500000 3047.21230324
0.38600000 2933.99815155
0.38700000 2825.03479155
0.38800000 2720.15595113
0.38900000 2619.20219470
0.39000000 2522.02062713
0.39100000 2428.46461122
0.39200000 2338.39349795
0.39300000 2251.67236905
0.39400000 2168.17179115
0.39500000 2087.76758106
0.39600000 2010.34058160
0.39700000 1935.77644754
0.39800000 1863.96544108
0.39900000 1794.80223651
0.40000000 1728.18573358
0.40100000 1664.01887916
0.40200000 1602.20849682
0.40300000 1542.66512399
0.40400000 1485.30285628
0.40500000 1430.03919864
0.40600000 1376.79492315
0.40700000 1325.49393297
0.40800000 1276.06313227
0.40900000 1228.43230188
0.41000000 1182.53398028
0.41100000 1138.30334985
0.41200000 1095.67812799
0.41300000 1054.59846297
0.41400000 1015.00683433
0.41500000 976.84795745
0.41600000 940.06869237
0.41700000 904.61795640
0.41800000 870.44664054
0.41900000 837.50752944
0.42000000 805.75522479
0.42100000 775.14607191
0.42200000 745.63808955
0.42300000 717.19090258
0.42400000 689.76567755
0.42500000 663.32506098
0.42600000 637.83312021
0.42700000 613.25528677
0.42800000 589.55830210
0.42900000 566.71016552
0.43000000 544.68008441
0.43100000 523.43842644
0.43200000 502.95667377
0.43300000 483.20737918
0.43400000 464.16412395
0.43500000 445.80147759
0.43600000 428.09495908
0.43700000 411.02099984
0.43800000 394.55690813
0.43900000 378.68083493
0.44000000 363.37174121
0.44100000 348.60936657
0.44200000 334.37419908
0.44300000 320.64744641
0.44400000 307.41100809
0.44500000 294.64744892
0.44600000 282.33997343
0.44700000 270.47240135
0.44800000 259.02914412
0.44900000 247.99518231
0.45000000 237.35604390
0.45100000 227.09778350
0.45200000 217.20696237
0.45300000 207.67062923
0.45400000 198.47630178
0.45500000 189.61194910
0.45600000 181.06597453
0.45700000 172.82719945
0.45800000 164.88484753
0.45900000 157.22852965
0.46000000 149.84822946
0.46100000 142.73428947
0.46200000 135.87739762
0.46300000 129.26857448
0.46400000 122.89916089
0.46500000 116.76080611
0.46600000 110.84545634
0.46700000 105.14534384
0.46800000 99.65297631
0.46900000 94.36112681
0.47000000 89.26282397
0.47100000 84.35134263
0.47200000 79.62019481
0.47300000 75.06312107
0.47400000 70.67408214
0.47500000 66.44725090
0.47600000 62.37700469
0.47700000 58.45791785
0.47800000 54.68475459
0.47900000 51.05246213
0.48000000 47.55616407
0.48100000 44.19115403
0.48200000 40.95288955
0.48300000 37.83698613
0.48400000 34.83921163
0.48500000 31.95548078
0.48600000 29.18184989
0.48700000 26.51451185
0.48800000 23.94979121
0.48900000 21.48413950
0.49000000 19.11413073
0.49100000 16.83645700
0.49200000 14.64792437
0.49300000 12.54544877
0.49400000 10.52605212
0.49500000 8.58685862
0.49600000 6.72509112
0.49700000 4.93806765
0.49800000 3.22319808
0.49900000 1.57798087
0.50000000 -0.00000000
0.50100000 -7.40431647
0.50200000 -14.36783197
0.50300000 -20.90714160
0.50400000 -27.03838441
0.50500000 -32.77725254
0.50600000 -38.13900036
0.50700000 -43.13845330
0.50800000 -47.79001675
0.50900000 -52.10768472
0.51000000 -56.10504839
0.51100000 -59.79530458
0.51200000 -63.19126408
0.51300000 -66.30535987
0.51400000 -69.14965519
0.51500000 -71.73585155
0.51600000 -74.07529657
0.51700000 -76.17899175
0.51800000 -78.05760006
0.51900000 -79.72145355
0.52000000 -81.18056064
0.52100000 -82.44461353
0.52200000 -83.52299531
0.52300000 -84.42478709
0.52400000 -85.15877491
0.52500000 -85.73345669
0.52600000 -86.15704886
0.52700000 -86.43749315
0.52800000 -86.58246299
0.52900000 -86.59937007
0.53000000 -86.49537058
0.53100000 -86.27737150
0.53200000 -85.95203670
0.53300000 -85.52579297
0.53400000 -85.00483596
0.53500000 -84.39513599
0.53600000 -83.70244378
0.53700000 -82.93229609
0.53800000 -82.09002126
0.53900000 -81.18074460
0.54000000 -80.20939380
0.54100000 -79.18070413
0.54200000 -78.09922361
0.54300000 -76.96931805
0.54400000 -75.79517606
0.54500000 -74.58081389
0.54600000 -73.33008022
0.54700000 -72.04666089
0.54800000 -70.73408345
0.54900000 -69.39572175
0.55000000 -68.03480032
0.55100000 -66.65439875
0.55200000 -65.25745593
0.55300000 -63.84677425
0.55400000 -62.42502368
0.55500000 -60.99474577
0.55600000 -59.55835763
0.55700000 -58.11815571
0.55800000 -56.67631963
0.55900000 -55.23491584
0.56000000 -53.79590121
0.56100000 -52.36112663
0.56200000 -50.93234039
0.56300000 -49.51119162
0.56400000 -48.09923355
0.56500000 -46.69792678
0.56600000 -45.30864241
0.56700000 -43.93266514
0.56800000 -42.57119629
0.56900000 -41.22535672
0.57000000 -39.89618971
0.57100000 -38.58466377
0.57200000 -37.29167539
0.57300000 -36.01805168
0.57400000 -34.76455297
0.57500000 -33.53187537
0.57600000 -32.32065323
0.57700000 -31.13146152
0.57800000 -29.96481823
0.57900000 -28.82118658
0.58000000 -27.70097729
0.58100000 -26.60455072
0.58200000 -25.53221897
0.58300000 -24.48424791
0.58400000 -23.46085917
0.58500000 -22.46223207
0.58600000 -21.48850547
0.58700000 -20.53977959
0.58800000 -19.61611775
0.58900000 -18.71754811
0.59000000 -17.84406527
0.59100000 -16.99563192
0.59200000 -16.17218032
0.59300000 -15.37361386
0.59400000 -14.59980847
0.59500000 -13.85061400
0.59600000 -13.12585560
0.59700000 -12.42533502
0.59800000 -11.74883183
0.59900000 -11.09610466
0.60000000 -10.46689236
0.60100000 -9.86091509
0.60200000 -9.27787543
0.60300000 -8.71745942
0.60400000 -8.17933752
0.60500000 -7.66316556
0.60600000 -7.16858570
0.60700000 -6.69522727
0.60800000 -6.24270759
0.60900000 -5.81063282
0.61000000 -5.39859867
0.61100000 -5.00619115
0.61200000 -4.63298726
0.61300000 -4.27855567
0.61400000 -3.94245730
0.61500000 -3.62424596
0.61600000 -3.32346887
0.61700000 -3.03966723
0.61800000 -2.77237671
0.61900000 -2.52112790
0.62000000 -2.28544678
0.62100000 -2.06485516
0.62200000 -1.85887103
0.62300000 -1.66700892
0.62400000 -1.48878032
0.62500000 -1.32369391
0.62600000 -1.17125589
0.62700000 -1.03097030
0.62800000 -0.90233917
0.62900000 -0.78486288
0.63000000 -0.67804026
0.63100000 -0.58136886
0.63200000 -0.49434509
0.63300000 -0.41646440
0.63400000 -0.34722141
0.63500000 -0.28611006
0.63600000 -0.23262368
0.63700000 -0.18625517
0.63800000 -0.14649700
0.63900000 -0.11284135
0.64000000 -0.08478015
0.64100000 -0.06180515
0.64200000 -0.04340794
0.64300000 -0.02908003
0.64400000 -0.01831283
0.64500000 -0.01059772
0.64600000 -0.00542603
0.64700000 -0.00228911
0.64800000 -0.00067825
0.64900000 -0.00008478
0.65000000 0.00000000
0.65100000 0.00000072
0.65200000 0.00000145
0.65300000 0.00000217
0.65400000 0.00000289
0.65500000 0.00000361
0.65600000 0.00000434
0.65700000 0.00000506
0.65800000 0.00000578
0.65900000 0.00000651
0.66000000 0.00000724
0.66100000 0.00000797
0.66200000 0.00000871
0.66300000 0.00000944
0.66400000 0.00001019
0.66500000 0.00001094
0.66600000 0.00001171
0.66700000 0.00001248
0.66800000 0.00001327
0.66900000 0.00001407
0.67000000 0.00001489
0.67100000 0.00001573
0.67200000 0.00001660
0.67300000 0.00001749
0.67400000 0.00001842
0.67500000 0.00001938
0.67600000 0.00002037
0.67700000 0.00002141
0.67800000 0.00002250
0.67900000 0.00002364
0.68000000 0.00002484
0.68100000 0.00002610
0.68200000 0.00002743
0.68300000 0.00002882
0.68400000 0.00003030
0.68500000 0.00003185
0.68600000 0.00003349
0.68700000 0.00003522
0.68800000 0.00003703
0.68900000 0.00003895
0.69000000 0.00004096
0.69100000 0.00004308
0.69200000 0.00004529
0.69300000 0.00004760
0.69400000 0.00005001
0.69500000 0.00005252
0.69600000 0.00005511
0.69700000 0.00005779
0.69800000 0.00006054
0.69900000 0.00006336
0.70000000 0.00006623
0.70100000 0.00006913
0.70200000 0.00007206
0.70300000 0.00007499
0.70400000 0.00007790
0.70500000 0.00008077
0.70600000 0.00008358
0.70700000 0.00008629
0.70800000 0.00008889
0.70900000 0.00009135
0.71000000 0.00009364
0.71100000 0.00009574
0.71200000 0.00009762
0.71300000 0.00009926
0.71400000 0.00010064
0.71500000 0.00010174
0.71600000 0.00010254
0.71700000 0.00010304
0.71800000 0.00010323
0.71900000 0.00010310
0.72000000 0.00010266
0.72100000 0.00010190
0.72200000 0.00010085
0.72300000 0.00009951
0.72400000 0.00009789
0.72500000 0.00009602
0.72600000 0.00009392
0.72700000 0.00009161
0.72800000 0.00008911
0.72900000 0.00008645
0.73000000 0.00008366
0.73100000 0.00008075
0.73200000 0.00007776
0.73300000 0.00007472
0.73400000 0.00007163
0.73500000 0.00006853
0.73600000 0.00006543
0.73700000 0.00006235
0.73800000 0.00005931
0.73900000 0.00005632
0.74000000 0.00005339
0.74100000 0.00005053
0.74200000 0.00004776
0.74300000 0.00004508
0.74400000 0.00004249
0.74500000 0.00004000
0.74600000 0.00003761
0.74700000 0.00003533
0.74800000 0.00003314
0.74900000 0.00003107
0.75000000 0.00002909
0.75100000 0.00002721
0.75200000 0.00002544
0.75300000 0.00002376
0.75400000 0.00002217
0.75500000 0.00002067
0.75600000 0.00001926
0.75700000 0.00001793
0.75800000 0.00001668
0.75900000 0.00001551
0.76000000 0.00001441
0.76100000 0.00001338
0.76200000 0.00001241
0.76300000 0.00001150
0.76400000 0.00001066
0.76500000 0.00000986
0.76600000 0.00000912
0.76700000 0.00000843
0.76800000 0.00000779
0.76900000 0.00000718
0.77000000 0.00000662
0.77100000 0.00000610
0.77200000 0.00000561
0.77300000 0.00000515
0.77400000 0.00000473
0.77500000 0.00000433
0.77600000 0.00000397
0.77700000 0.00000363
0.77800000 0.00000331
0.77900000 0.00000301
0.78000000 0.00000274
0.78100000 0.00000248
0.78200000 0.00000224
0.78300000 0.00000202
0.78400000 0.00000182
0.78500000 0.00000163
0.78600000 0.00000145
0.78700000 0.00000129
0.78800000 0.00000114
0.78900000 0.00000100
0.79000000 0.00000087
0.79100000 0.00000075
0.79200000 0.00000063
0.79300000 0.00000053
0.79400000 0.00000044
0.79500000 0.00000035
0.79600000 0.00000027
0.79700000 0.00000019
0.79800000 0.00000012
0.79900000 0.00000006
0.80000000 0.00000000
0.80100000 -0.00000005
0.80200000 -0.00000010
0.80300000 -0.00000015
0.80400000 -0.00000019
0.80500000 -0.00000023
0.80600000 -0.00000026
0.80700000 -0.00000029
0.80800000 -0.00000032
0.80900000 -0.00000035
0.81000000 -0.00000037
0.81100000 -0.00000039
0.81200000 -0.00000041
0.81300000 -0.00000043
0.81400000 -0.00000045
0.81500000 -0.00000046
0.81600000 -0.00000047
0.81700000 -0.00000048
0.81800000 -0.00000049
0.81900000 -0.00000050
0.82000000 -0.00000051
0.82100000 -0.00000051
0.82200000 -0.00000052
0.82300000 -0.00000052
0.82400000 -0.00000052
0.82500000 -0.00000053
0.82600000 -0.00000053
0.82700000 -0.00000053
0.82800000 -0.00000053
0.82900000 -0.00000053
0.83000000 -0.00000053
0.83100000 -0.00000052
0.83200000 -0.00000052
0.83300000 -0.00000052
0.83400000 -0.00000052
0.83500000 -0.00000052
0.83600000 -0.00000051
0.83700000 -0.00000051
0.83800000 -0.00000050
0.83900000 -0.00000050
0.84000000 -0.00000050
0.84100000 -0.00000049
0.84200000 -0.00000049
0.84300000 -0.00000048
0.84400000 -0.00000048
0.84500000 -0.00000047
0.84600000 -0.00000047
0.84700000 -0.00000046
0.84800000 -0.00000046
0.84900000 -0.00000045
0.85000000 -0.00000045
0.85100000 -0.00000044
0.85200000 -0.00000044
0.85300000 -0.00000043
0.85400000 -0.00000042
0.85500000 -0.00000042
0.85600000 -0.00000041
0.85700000 -0.00000041
0.85800000 -0.00000040
0.85900000 -0.00000040
0.86000000 -0.00000039
0.86100000 -0.00000039
0.86200000 -0.00000038
0.86300000 -0.00000038
0.86400000 -0.00000037
0.86500000 -0.00000037
0.86600000 -0.00000036
0.86700000 -0.00000035
0.86800000 -0.00000035
0.86900000 -0.00000034
0.87000000 -0.00000034
0.87100000 -0.00000033
0.87200000 -0.00000033
0.87300000 -0.00000032
0.87400000 -0.00000032
0.87500000 -0.00000031
0.87600000 -0.00000031
0.87700000 -0.00000031
0.87800000 -0.00000030
0.87900000 -0.00000030
0.88000000 -0.00000029
0.88100000 -0.00000029
0.88200000 -0.00000028
0.88300000 -0.00000028
0.88400000 -0.00000027
0.88500000 -0.00000027
0.88600000 -0.00000027
0.88700000 -0.00000026
0.88800000 -0.00000026
0.88900000 -0.00000025
0.89000000 -0.00000025
0.89100000 -0.00000025
0.89200000 -0.00000024
0.89300000 -0.00000024
0.89400000 -0.00000024
0.89500000 -0.00000023
0.89600000 -0.00000023
0.89700000 -0.00000022
0.89800000 -0.00000022
0.89900000 -0.00000022
0.90000000 -0.00000021
0.90100000 -0.00000021
0.90200000 -0.00000021
0.90300000 -0.00000020
0.90400000 -0.00000020
0.90500000 -0.00000020
0.90600000 -0.00000020
0.90700000 -0.00000019
0.90800000 -0.00000019
0.90900000 -0.00000019
0.91000000 -0.00000018
0.91100000 -0.00000018
0.91200000 -0.00000018
0.91300000 -0.00000018
0.91400000 -0.00000017
0.91500000 -0.00000017
0.91600000 -0.00000017
0.91700000 -0.00000016
0.91800000 -0.00000016
0.91900000 -0.00000016
0.92000000 -0.00000016
0.92100000 -0.00000016
0.92200000 -0.00000015
0.92300000 -0.00000015
0.92400000 -0.00000015
0.92500000 -0.00000015
0.92600000 -0.00000014
0.92700000 -0.00000014
0.92800000 -0.00000014
0.92900000 -0.00000014
0.93000000 -0.00000014
0.93100000 -0.00000013
0.93200000 -0.00000013
0.93300000 -0.00000013
0.93400000 -0.00000013
0.93500000 -0.00000013
0.93600000 -0.00000012
0.93700000 -0.00000012
0.93800000 -0.00000012
0.93900000 -0.00000012
0.94000000 -0.00000012
0.94100000 -0.00000011
0.94200000 -0.00000011
0.94300000 -0.00000011
0.94400000 -0.00000011
0.94500000 -0.00000011
0.94600000 -0.00000011
0.94700000 -0.00000011
0.94800000 -0.00000010
0.94900000 -0.00000010
0.95000000 -0.00000010
0.95100000 -0.00000010
0.95200000 -0.00000010
0.95300000 -0.00000010
0.95400000 -0.00000010
0.95500000 -0.00000009
0.95600000 -0.00000009
0.95700000 -0.00000009
0.95800000 -0.00000009
0.95900000 -0.00000009
0.96000000 -0.00000009
0.96100000 -0.00000009
0.96200000 -0.00000008
0.96300000 -0.00000008
0.96400000 -0.00000008
0.96500000 -0.00000008
0.96600000 -0.00000008
0.96700000 -0.00000008
0.96800000 -0.00000008
0.96900000 -0.00000008
0.97000000 -0.00000008
0.97100000 -0.00000007
0.97200000 -0.00000007
0.97300000 -0.00000007
0.97400000 -0.00000007
0.97500000 -0.00000007
0.97600000 -0.00000007
0.97700000 -0.00000007
0.97800000 -0.00000007
0.97900000 -0.00000007
0.98000000 -0.00000007
0.98100000 -0.00000007
0.98200000 -0.00000006
0.98300000 -0.00000006
0.98400000 -0.00000006
0.98500000 -0.00000006
0.98600000 -0.00000006
0.98700000 -0.00000006
0.98800000 -0.00000006
0.98900000 -0.00000006
0.99000000 -0.00000006
0.99100000 -0.00000006
0.99200000 -0.00000006
0.99300000 -0.00000006
0.99400000 -0.00000005
0.99500000 -0.00000005
0.99600000 -0.00000005
0.99700000 -0.00000005
0.99800000 -0.00000005
0.99900000 -0.00000005
1.00000000 -0.00000005
1.00100000 -0.00000005
1.00200000 -0.00000005
1.00300000 -0.00000005
1.00400000 -0.00000005
1.00500000 -0.00000005
1.00600000 -0.00000005
1.00700000 -0.00000005
1.00800000 -0.00000005
1.00900000 -0.00000005
1.01000000 -0.00000004
1.01100000 -0.00000004
1.01200000 -0.00000004
1.01300000 -0.00000004
1.01400000 -0.00000004
1.01500000 -0.00000004
1.01600000 -0.00000004
1.01700000 -0.00000004
1.01800000 -0.00000004
1.01900000 -0.00000004
1.02000000 -0.00000004
1.02100000 -0.00000004
1.02200000 -0.00000004
1.02300000 -0.00000004
1.02400000 -0.00000004
1.02500000 -0.00000004
1.02600000 -0.00000004
1.02700000 -0.00000004
1.02800000 -0.00000004
1.02900000 -0.00000004
1.03000000 -0.00000003
1.03100000 -0.00000003
1.03200000 -0.00000003
1.03300000 -0.00000003
1.03400000 -0.00000003
1.03500000 -0.00000003
1.03600000 -0.00000003
1.03700000 -0.00000003
1.03800000 -0.00000003
1.03900000 -0.00000003
1.04000000 -0.00000003
1.04100000 -0.00000003
1.04200000 -0.00000003
1.04300000 -0.00000003
1.04400000 -0.00000003
1.04500000 -0.00000003
1.04600000 -0.00000003
1.04700000 -0.00000003
1.04800000 -0.00000003
1.04900000 -0.00000003
1.05000000 -0.00000003
1.05100000 -0.00000003
1.05200000 -0.00000003
1.05300000 -0.00000003
1.05400000 -0.00000003
1.05500000 -0.00000003
1.05600000 -0.00000003
1.05700000 -0.00000003
1.05800000 -0.00000002
1.05900000 -0.00000002
1.06000000 -0.00000002
1.06100000 -0.00000002
1.06200000 -0.00000002
1.06300000 -0.00000002
1.06400000 -0.00000002
1.06500000 -0.00000002
1.06600000 -0.00000002
1.06700000 -0.00000002
1.06800000 -0.00000002
1.06900000 -0.00000002
1.07000000 -0.00000002
1.07100000 -0.00000002
1.07200000 -0.00000002
1.07300000 -0.00000002
1.07400000 -0.00000002
1.07500000 -0.00000002
1.07600000 -0.00000002
1.07700000 -0.00000002
1.07800000 -0.00000002
1.07900000 -0.00000002
1.08000000 -0.00000002
1.08100000 -0.00000002
1.08200000 -0.00000002
1.08300000 -0.00000002
1.08400000 -0.00000002
1.08500000 -0.00000002
1.08600000 -0.00000002
1.08700000 -0.00000002
1.08800000 -0.00000002
1.08900000 -0.00000002
1.09000000 -0.00000002
1.09100000 -0.00000002
1.09200000 -0.00000002
1.09300000 -0.00000002
1.09400000 -0.00000002
1.09500000 -0.00000002
1.09600000 -0.00000002
1.09700000 -0.00000002
1.09800000 -0.00000002
1.09900000 -0.00000002
1.10000000 -0.00000002
1.10100000 -0.00000002
1.10200000 -0.00000002
1.10300000 -0.00000002
1.10400000 -0.00000002
1.10500000 -0.00000001
1.10600000 -0.00000001
1.10700000 -0.00000001
1.10800000 -0.00000001
1.10900000 -0.00000001
1.11000000 -0.00000001
1.11100000 -0.00000001
1.11200000 -0.00000001
1.11300000 -0.00000001
1.11400000 -0.00000001
1.11500000 -0.00000001
1.11600000 -0.00000001
1.11700000 -0.00000001
1.11800000 -0.00000001
1.11900000 -0.00000001
1.12000000 -0.00000001
1.12100000 -0.00000001
1.12200000 -0.00000001
1.12300000 -0.00000001
1.12400000 -0.00000001
1.12500000 -0.00000001
1.12600000 -0.00000001
1.12700000 -0.00000001
1.12800000 -0.00000001
1.12900000 -0.00000001
1.13000000 -0.00000001
1.13100000 -0.00000001
1.13200000 -0.00000001
1.13300000 -0.00000001
1.13400000 -0.00000001
1.13500000 -0.00000001
1.13600000 -0.00000001
1.13700000 -0.00000001
1.13800000 -0.00000001
1.13900000 -0.00000001
1.14000000 -0.00000001
1.14100000 -0.00000001
1.14200000 -0.00000001
1.14300000 -0.00000001
1.14400000 -0.00000001
1.14500000 -0.00000001
1.14600000 -0.00000001
1.14700000 -0.00000001
1.14800000 -0.00000001
1.14900000 -0.00000001
1.15000000 -0.00000001
1.15100000 -0.00000001
1.15200000 -0.00000001
1.15300000 -0.00000001
1.15400000 -0.00000001
1.15500000 -0.00000001
1.15600000 -0.00000001
1.15700000 -0.00000001
1.15800000 -0.00000001
1.15900000 -0.00000001
1.16000000 -0.00000001
1.16100000 -0.00000001
1.16200000 -0.00000001
1.16300000 -0.00000001
1.16400000 -0.00000001
1.16500000 -0.00000001
1.16600000 -0.00000001
1.16700000 -0.00000001
1.16800000 -0.00000001
1.16900000 -0.00000001
1.17000000 -0.00000001
1.17100000 -0.00000001
1.17200000 -0.00000001
1.17300000 -0.00000001
1.17400000 -0.00000001
1.17500000 -0.00000001
1.17600000 -0.00000001
1.17700000 -0.00000001
1.17800000 -0.00000001
1.17900000 -0.00000001
1.18000000 -0.00000001
1.18100000 -0.00000001
1.18200000 -0.00000001
1.18300000 -0.00000001
1.18400000 -0.00000001
1.18500000 -0.00000001
1.18600000 -0.00000001
1.18700000 -0.00000001
1.18800000 -0.00000001
1.18900000 -0.00000001
1.19000000 -0.00000001
1.19100000 -0.00000001
1.19200000 -0.00000001
1.19300000 -0.00000001
1.19400000 -0.00000001
1.19500000 -0.00000001
1.19600000 -0.00000001
1.19700000 -0.00000001
1.19800000 -0.00000001
1.19900000 -0.00000001
1.20000000 -0.00000001
1.20100000 -0.00000001
1.20200000 -0.00000001
1.20300000 -0.00000001
1.20400000 -0.00000001
1.20500000 -0.00000001
1.20600000 -0.00000001
1.20700000 -0.00000001
1.20800000 -0.00000001
1.20900000 -0.00000001
1.21000000 -0.00000001
1.21100000 -0.00000001
1.21200000 -0.00000001
1.21300000 -0.00000001
1.21400000 -0.00000001
1.21500000 -0.00000001
1.21600000 -0.00000001
1.21700000 -0.00000001
1.21800000 -0.00000001
1.21900000 -0.00000001
1.22000000 -0.00000001
1.22100000 -0.00000001
1.22200000 -0.00000000
1.22300000 -0.00000000
1.22400000 -0.00000000
1.22500000 -0.00000000
1.22600000 -0.00000000
1.22700000 -0.00000000
1.22800000 -0.00000000
1.22900000 -0.00000000
1.23000000 -0.00000000
1.23100000 -0.00000000
1.23200000 -0.00000000
1.23300000 -0.00000000
1.23400000 -0.00000000
1.23500000 -0.00000000
1.23600000 -0.00000000
1.23700000 -0.00000000
1.23800000 -0.00000000
1.23900000 -0.00000000
1.24000000 -0.00000000
1.24100000 -0.00000000
1.24200000 -0.00000000
1.24300000 -0.00000000
1.24400000 -0.00000000
1.24500000 -0.00000000
1.24600000 -0.00000000
1.24700000 -0.00000000
1.24800000 -0.00000000
1.24900000 -0.00000000
1.25000000 -0.00000000
1.25100000 -0.00000000
1.25200000 -0.00000000
1.25300000 -0.00000000
1.25400000 -0.00000000
1.25500000 -0.00000000
1.25600000 -0.00000000
1.25700000 -0.00000000
1.25800000 -0.00000000
1.25900000 -0.00000000
1.26000000 -0.00000000
1.26100000 -0.00000000
1.26200000 -0.00000000
1.26300000 -0.00000000
1.26400000 -0.00000000
1.26500000 -0.00000000
1.26600000 -0.00000000
1.26700000 -0.00000000
1.26800000 -0.00000000
1.26900000 -0.00000000
1.27000000 -0.00000000
1.27100000 -0.00000000
1.27200000 -0.00000000
1.27300000 -0.00000000
1.27400000 -0.00000000
1.27500000 -0.00000000
1.27600000 -0.00000000
1.27700000 -0.00000000
1.27800000 -0.00000000
1.27900000 -0.00000000
1.28000000 -0.00000000
1.28100000 -0.00000000
1.28200000 -0.00000000
1.28300000 -0.00000000
1.28400000 -0.00000000
1.28500000 -0.00000000
1.28600000 -0.00000000
1.28700000 -0.00000000
1.28800000 -0.00000000
1.28900000 -0.00000000
1.29000000 -0.00000000
1.29100000 -0.00000000
1.29200000 -0.00000000
1.29300000 -0.00000000
1.29400000 -0.00000000
1.29500000 -0.00000000
1.29600000 -0.00000000
1.29700000 -0.00000000
1.29800000 -0.00000000
1.29900000 -0.00000000
1.30000000 -0.00000000
1.30100000 -0.00000000
1.30200000 -0.00000000
1.30300000 -0.00000000
1.30400000 -0.00000000
1.30500000 -0.00000000
1.30600000 -0.00000000
1.30700000 -0.00000000
1.30800000 -0.00000000
1.30900000 -0.00000000
1.31000000 -0.00000000
1.31100000 -0.00000000
1.31200000 -0.00000000
1.31300000 -0.00000000
1.31400000 -0.00000000
1.31500000 -0.00000000
1.31600000 -0.00000000
1.31700000 -0.00000000
1.31800000 -0.00000000
1.31900000 -0.00000000
1.32000000 -0.00000000
1.32100000 -0.00000000
1.32200000 -0.00000000
1.32300000 -0.00000000
1.32400000 -0.00000000
1.32500000 -0.00000000
1.32600000 -0.00000000
1.32700000 -0.00000000
1.32800000 -0.00000000
1.32900000 -0.00000000
1.33000000 -0.00000000
1.33100000 -0.00000000
1.33200000 -0.00000000
1.33300000 -0.00000000
1.33400000 -0.00000000
1.33500000 -0.00000000
1.33600000 -0.00000000
1.33700000 -0.00000000
1.33800000 -0.00000000
1.33900000 -0.00000000
1.34000000 -0.00000000
1.34100000 -0.00000000
1.34200000 -0.00000000
1.34300000 -0.00000000
1.34400000 -0.00000000
1.34500000 -0.00000000
1.34600000 -0.00000000
1.34700000 -0.00000000
1.34800000 -0.00000000
1.34900000 -0.00000000
1.35000000 -0.00000000
1.35100000 -0.00000000
1.35200000 -0.00000000
1.35300000 -0.00000000
1.35400000 -0.00000000
1.35500000 -0.00000000
1.35600000 -0.00000000
1.35700000 -0.00000000
1.35800000 -0.00000000
1.35900000 -0.00000000
1.36000000 -0.00000000
1.36100000 -0.00000000
1.36200000 -0.00000000
1.36300000 -0.00000000
1.36400000 -0.00000000
1.36500000 -0.00000000
1.36600000 -0.00000000
1.36700000 -0.00000000
1.36800000 -0.00000000
1.36900000 -0.00000000
1.37000000 -0.00000000
1.37100000 -0.00000000
1.37200000 -0.00000000
1.37300000 -0.00000000
1.37400000 -0.00000000
1.37500000 -0.00000000
1.37600000 -0.00000000
1.37700000 -0.00000000
1.37800000 -0.00000000
1.37900000 -0.00000000
1.38000000 -0.00000000
1.38100000 -0.00000000
1.38200000 -0.00000000
1.38300000 -0.00000000
1.38400000 -0.00000000
1.38500000 -0.00000000
1.38600000 -0.00000000
1.38700000 -0.00000000
1.38800000 -0.00000000
1.38900000 -0.00000000
1.39000000 -0.00000000
1.39100000 -0.00000000
1.39200000 -0.00000000
1.39300000 -0.00000000
1.39400000 -0.00000000
1.39500000 -0.00000000
1.39600000 -0.00000000
1.39700000 -0.00000000
1.39800000 -0.00000000
1.39900000 -0.00000000
1.40000000 -0.00000000
1.40100000 -0.00000000
1.40200000 -0.00000000
1.40300000 -0.00000000
1.40400000 -0.00000000
1.40500000 -0.00000000
1.40600000 -0.00000000
1.40700000 -0.00000000
1.40800000 -0.00000000
1.40900000 -0.00000000
1.41000000 -0.00000000
1.41100000 -0.00000000
1.41200000 -0.00000000
1.41300000 -0.00000000
1.41400000 -0.00000000
1.41500000 -0.00000000
1.41600000 -0.00000000
1.41700000 -0.00000000
1.41800000 -0.00000000
1.41900000 -0.00000000
1.42000000 -0.00000000
1.42100000 -0.00000000
1.42200000 -0.00000000
1.42300000 -0.00000000
1.42400000 -0.00000000
1.42500000 -0.00000000
1.42600000 -0.00000000
1.42700000 -0.00000000
1.42800000 -0.00000000
1.42900000 -0.00000000
1.43000000 -0.00000000
1.43100000 -0.00000000
1.43200000 -0.00000000
1.43300000 -0.00000000
1.43400000 -0.00000000
1.43500000 -0.00000000
1.43600000 -0.00000000
1.43700000 -0.00000000
1.43800000 -0.00000000
1.43900000 -0.00000000
1.44000000 -0.00000000
1.44100000 -0.00000000
1.44200000 -0.00000000
1.44300000 -0.00000000
1.44400000 -0.00000000
1.44500000 -0.00000000
1.44600000 -0.00000000
1.44700000 -0.00000000
1.44800000 -0.00000000
1.44900000 -0.00000000
1.45000000 -0.00000000
1.45100000 -0.00000000
1.45200000 -0.00000000
1.45300000 -0.00000000
1.45400000 -0.00000000
1.45500000 -0.00000000
1.45600000 -0.00000000
1.45700000 -0.00000000
1.45800000 -0.00000000
1.45900000 -0.00000000
1.46000000 -0.00000000
1.46100000 -0.00000000
1.46200000 -0.00000000
1.46300000 -0.00000000
1.46400000 -0.00000000
1.46500000 -0.00000000
1.46600000 -0.00000000
1.46700000 -0.00000000
1.46800000 -0.00000000
1.46900000 -0.00000000
1.47000000 -0.00000000
1.47100000 -0.00000000
1.47200000 -0.00000000
1.47300000 -0.00000000
1.47400000 -0.00000000
1.47500000 -0.00000000
1.47600000 -0.00000000
1.47700000 -0.00000000
1.47800000 -0.00000000
1.47900000 -0.00000000
1.48000000 -0.00000000
1.48100000 -0.00000000
1.48200000 -0.00000000
1.48300000 -0.00000000
1.48400000 -0.00000000
1.48500000 -0.00000000
1.48600000 -0.00000000
1.48700000 -0.00000000
1.48800000 -0.00000000
1.48900000 -0.00000000
1.49000000 -0.00000000
1.49100000 -0.00000000
1.49200000 -0.00000000
1.49300000 -0.00000000
1.49400000 -0.00000000
1.49500000 -0.00000000
1.49600000 -0.00000000
1.49700000 -0.00000000
1.49800000 -0.00000000
1.49900000 -0.00000000
1.50000000 -0.00000000
1.50100000 -0.00000000
1.50200000 -0.00000000
1.50300000 -0.00000000
1.50400000 -0.00000000
1.50500000 -0.00000000
1.50600000 -0.00000000
1.50700000 -0.00000000
1.50800000 -0.00000000
1.50900000 -0.00000000
1.51000000 -0.00000000
1.51100000 -0.00000000
1.51200000 -0.00000000
1.51300000 -0.00000000
1.51400000 -0.00000000
1.51500000 -0.00000000
1.51600000 -0.00000000
1.51700000 -0.00000000
1.51800000 -0.00000000
1.51900000 -0.00000000
1.52000000 -0.00000000
1.52100000 -0.00000000
1.52200000 -0.00000000
1.52300000 -0.00000000
1.52400000 -0.00000000
1.52500000 -0.00000000
1.52600000 -0.00000000
1.52700000 -0.00000000
1.52800000 -0.00000000
1.52900000 -0.00000000
1.53000000 -0.00000000
1.53100000 -0.00000000
1.53200000 -0.00000000
1.53300000 -0.00000000
1.53400000 -0.00000000
1.53500000 -0.00000000
1.53600000 -0.00000000
1.53700000 -0.00000000
1.53800000 -0.00000000
1.53900000 -0.00000000
1.54000000 -0.00000000
1.54100000 -0.00000000
1.54200000 -0.00000000
1.54300000 -0.00000000
1.54400000 -0.00000000
1.54500000 -0.00000000
1.54600000 -0.00000000
1.54700000 -0.00000000
1.54800000 -0.00000000
1.54900000 -0.00000000
1.55000000 -0.00000000
1.55100000 -0.00000000
1.55200000 -0.00000000
1.55300000 -0.00000000
1.55400000 -0.00000000
1.55500000 -0.00000000
1.55600000 -0.00000000
1.55700000 -0.00000000
1.55800000 -0.00000000
1.55900000 -0.00000000
1.56000000 -0.00000000
1.56100000 -0.00000000
1.56200000 -0.00000000
1.56300000 -0.00000000
1.56400000 -0.00000000
1.56500000 -0.00000000
1.56600000 -0.00000000
1.56700000 -0.00000000
1.56800000 -0.00000000
1.56900000 -0.00000000
1.57000000 -0.00000000
1.57100000 -0.00000000
1.57200000 -0.00000000
1.57300000 -0.00000000
1.57400000 -0.00000000
1.57500000 -0.00000000
1.57600000 -0.00000000
1.57700000 -0.00000000
1.57800000 -0.00000000
1.57900000 -0.00000000
1.58000000 -0.00000000
1.58100000 -0.00000000
1.58200000 -0.00000000
1.58300000 -0.00000000
1.58400000 -0.00000000
1.58500000 -0.00000000
1.58600000 -0.00000000
1.58700000 -0.00000000
1.58800000 -0.00000000
1.58900000 -0.00000000
1.59000000 -0.00000000
1.59100000 -0.00000000
1.59200000 -0.00000000
1.59300000 -0.00000000
1.59400000 -0.00000000
1.59500000 -0.00000000
1.59600000 -0.00000000
1.59700000 -0.00000000
1.59800000 -0.00000000
1.59900000 -0.00000000
1.60000000 -0.00000000
1.60100000 -0.00000000
1.60200000 -0.00000000
1.60300000 -0.00000000
1.60400000 -0.00000000
1.60500000 -0.00000000
1.60600000 -0.00000000
1.60700000 -0.00000000
1.60800000 -0.00000000
1.60900000 -0.00000000
1.61000000 -0.00000000
1.61100000 -0.00000000
1.61200000 -0.00000000
1.61300000 -0.00000000
1.61400000 -0.00000000
1.61500000 -0.00000000
1.61600000 -0.00000000
1.61700000 -0.00000000
1.61800000 -0.00000000
1.61900000 -0.00000000
1.62000000 -0.00000000
1.62100000 -0.00000000
1.62200000 -0.00000000
1.62300000 -0.00000000
1.62400000 -0.00000000
1.62500000 -0.00000000
1.62600000 -0.00000000
1.62700000 -0.00000000
1.62800000 -0.00000000
1.62900000 -0.00000000
1.63000000 -0.00000000
1.63100000 -0.00000000
1.63200000 -0.00000000
1.63300000 -0.00000000
1.63400000 -0.00000000
1.63500000 -0.00000000
1.63600000 -0.00000000
1.63700000 -0.00000000
1.63800000 -0.00000000
1.63900000 -0.00000000
1.64000000 -0.00000000
1.64100000 -0.00000000
1.64200000 -0.00000000
1.64300000 -0.00000000
1.64400000 -0.00000000
1.64500000 -0.00000000
1.64600000 -0.00000000
1.64700000 -0.00000000
1.64800000 -0.00000000
1.64900000 -0.00000000
1.65000000 -0.00000000
1.65100000 -0.00000000
1.65200000 -0.00000000
1.65300000 -0.00000000
1.65400000 -0.00000000
1.65500000 -0.00000000
1.65600000 -0.00000000
1.65700000 -0.00000000
1.65800000 -0.00000000
1.65900000 -0.00000000
1.66000000 -0.00000000
1.66100000 -0.00000000
1.66200000 -0.00000000
1.66300000 -0.00000000
1.66400000 -0.00000000
1.66500000 -0.00000000
1.66600000 -0.00000000
1.66700000 -0.00000000
1.66800000 -0.00000000
1.66900000 -0.00000000
1.67000000 -0.00000000
1.67100000 -0.00000000
1.67200000 -0.00000000
1.67300000 -0.00000000
1.67400000 -0.00000000
1.67500000 -0.00000000
1.67600000 -0.00000000
1.67700000 -0.00000000
1.67800000 -0.00000000
1.67900000 -0.00000000
1.68000000 -0.00000000
1.68100000 -0.00000000
1.68200000 -0.00000000
1.68300000 -0.00000000
1.68400000 -0.00000000
1.68500000 -0.00000000
1.68600000 -0.00000000
1.68700000 -0.00000000
1.68800000 -0.00000000
1.68900000 -0.00000000
1.69000000 -0.00000000
1.69100000 -0.00000000
1.69200000 -0.00000000
1.69300000 -0.00000000
1.69400000 -0.00000000
1.69500000 -0.00000000
1.69600000 -0.00000000
1.69700000 -0.00000000
1.69800000 -0.00000000
1.69900000 -0.00000000
1.70000000 -0.00000000
1.70100000 -0.00000000
1.70200000 -0.00000000
1.70300000 -0.00000000
1.70400000 -0.00000000
1.70500000 -0.00000000
1.70600000 -0.00000000
1.70700000 -0.00000000
1.70800000 -0.00000000
1.70900000 -0.00000000
1.71000000 -0.00000000
1.71100000 -0.00000000
1.71200000 -0.00000000
1.71300000 -0.00000000
1.71400000 -0.00000000
1.71500000 -0.00000000
1.71600000 -0.00000000
1.71700000 -0.00000000
1.71800000 -0.00000000
1.71900000 -0.00000000
1.72000000 -0.00000000
1.72100000 -0.00000000
1.72200000 -0.00000000
1.72300000 -0.00000000
1.72400000 -0.00000000
1.72500000 -0.00000000
1.72600000 -0.00000000
1.72700000 -0.00000000
1.72800000 -0.00000000
1.72900000 -0.00000000
1.73000000 -0.00000000
1.73100000 -0.00000000
1.73200000 -0.00000000
1.73300000 -0.00000000
1.73400000 -0.00000000
1.73500000 -0.00000000
1.73600000 -0.00000000
1.73700000 -0.00000000
1.73800000 -0.00000000
1.73900000 -0.00000000
1.74000000 -0.00000000
1.74100000 -0.00000000
1.74200000 -0.00000000
1.74300000 -0.00000000
1.74400000 -0.00000000
1.74500000 -0.00000000
1.74600000 -0.00000000
1.74700000 -0.00000000
1.74800000 -0.00000000
1.74900000 -0.00000000
1.75000000 -0.00000000
1.75100000 -0.00000000
1.75200000 -0.00000000
1.75300000 -0.00000000
1.75400000 -0.00000000
1.75500000 -0.00000000
1.75600000 -0.00000000
1.75700000 -0.00000000
1.75800000 -0.00000000
1.75900000 -0.00000000
1.76000000 -0.00000000
1.76100000 -0.00000000
1.76200000 -0.00000000
1.76300000 -0.00000000
1.76400000 -0.00000000
1.76500000 -0.00000000
1.76600000 -0.00000000
1.76700000 -0.00000000
1.76800000 -0.00000000
1.76900000 -0.00000000
1.77000000 -0.00000000
1.77100000 -0.00000000
1.77200000 -0.00000000
1.77300000 -0.00000000
1.77400000 -0.00000000
1.77500000 -0.00000000
1.77600000 -0.00000000
1.77700000 -0.00000000
1.77800000 -0.00000000
1.77900000 -0.00000000
1.78000000 -0.00000000
1.78100000 -0.00000000
1.78200000 -0.00000000
1.78300000 -0.00000000
1.78400000 -0.00000000
1.78500000 -0.00000000
1.78600000 -0.00000000
1.78700000 -0.00000000
1.78800000 -0.00000000
1.78900000 -0.00000000
1.79000000 -0.00000000
1.79100000 -0.00000000
1.79200000 -0.00000000
1.79300000 -0.00000000
1.79400000 -0.00000000
1.79500000 -0.00000000
1.79600000 -0.00000000
1.79700000 -0.00000000
1.79800000 -0.00000000
1.79900000 -0.00000000
1.80000000 -0.00000000
1.80100000 -0.00000000
1.80200000 -0.00000000
1.80300000 -0.00000000
1.80400000 -0.00000000
1.80500000 -0.00000000
1.80600000 -0.00000000
1.80700000 -0.00000000
1.80800000 -0.00000000
1.80900000 -0.00000000
1.81000000 -0.00000000
1.81100000 -0.00000000
1.81200000 -0.00000000
1.81300000 -0.00000000
1.81400000 -0.00000000
1.81500000 -0.00000000
1.81600000 -0.00000000
1.81700000 -0.00000000
1.81800000 -0.00000000
1.81900000 -0.00000000
1.82000000 -0.00000000
1.82100000 -0.00000000
1.82200000 -0.00000000
1.82300000 -0.00000000
1.82400000 -0.00000000
1.82500000 -0.00000000
1.82600000 -0.00000000
1.82700000 -0.00000000
1.82800000 -0.00000000
1.82900000 -0.00000000
1.83000000 -0.00000000
1.83100000 -0.00000000
1.83200000 -0.00000000
1.83300000 -0.00000000
1.83400000 -0.00000000
1.83500000 -0.00000000
1.83600000 -0.00000000
1.83700000 -0.00000000
1.83800000 -0.00000000
1.83900000 -0.00000000
1.84000000 -0.00000000
1.84100000 -0.00000000
1.84200000 -0.00000000
1.84300000 -0.00000000
1.84400000 -0.00000000
1.84500000 -0.00000000
1.84600000 -0.00000000
1.84700000 -0.00000000
1.84800000 -0.00000000
1.84900000 -0.00000000
1.85000000 -0.00000000
1.85100000 -0.00000000
1.85200000 -0.00000000
1.85300000 -0.00000000
1.85400000 -0.00000000
1.85500000 -0.00000000
1.85600000 -0.00000000
1.85700000 -0.00000000
1.85800000 -0.00000000
1.85900000 -0.00000000
1.86000000 -0.00000000
1.86100000 -0.00000000
1.86200000 -0.00000000
1.86300000 -0.00000000
1.86400000 -0.00000000
1.86500000 -0.00000000
1.86600000 -0.00000000
1.86700000 -0.00000000
1.86800000 -0.00000000
1.86900000 -0.00000000
1.87000000 -0.00000000
1.87100000 -0.00000000
1.87200000 -0.00000000
1.87300000 -0.00000000
1.87400000 -0.00000000
1.87500000 -0.00000000
1.87600000 -0.00000000
1.87700000 -0.00000000
1.87800000 -0.00000000
1.87900000 -0.00000000
1.88000000 -0.00000000
1.88100000 -0.00000000
1.88200000 -0.00000000
1.88300000 -0.00000000
1.88400000 -0.00000000
1.88500000 -0.00000000
1.88600000 -0.00000000
1.88700000 -0.00000000
1.88800000 -0.00000000
1.88900000 -0.00000000
1.89000000 -0.00000000
1.89100000 -0.00000000
1.89200000 -0.00000000
1.89300000 -0.00000000
1.89400000 -0.00000000
1.89500000 -0.00000000
1.89600000 -0.00000000
1.89700000 -0.00000000
1.89800000 -0.00000000
1.89900000 -0.00000000
1.90000000 -0.00000000
1.90100000 -0.00000000
1.90200000 -0.00000000
1.90300000 -0.00000000
1.90400000 -0.00000000
1.90500000 -0.00000000
1.90600000 -0.00000000
1.90700000 -0.00000000
1.90800000 -0.00000000
1.90900000 -0.00000000
1.91000000 -0.00000000
1.91100000 -0.00000000
1.91200000 -0.00000000
1.91300000 -0.00000000
1.91400000 -0.00000000
1.91500000 -0.00000000
1.91600000 -0.00000000
1.91700000 -0.00000000
1.91800000 -0.00000000
1.91900000 -0.00000000
1.92000000 -0.00000000
1.92100000 -0.00000000
1.92200000 -0.00000000
1.92300000 -0.00000000
1.92400000 -0.00000000
1.92500000 -0.00000000
1.92600000 -0.00000000
1.92700000 -0.00000000
1.92800000 -0.00000000
1.92900000 -0.00000000
1.93000000 -0.00000000
1.93100000 -0.00000000
1.93200000 -0.00000000
1.93300000 -0.00000000
1.93400000 -0.00000000
1.93500000 -0.00000000
1.93600000 -0.00000000
1.93700000 -0.00000000
1.93800000 -0.00000000
1.93900000 -0.00000000
1.94000000 -0.00000000
1.94100000 -0.00000000
1.94200000 -0.00000000
1.94300000 -0.00000000
1.94400000 -0.00000000
1.94500000 -0.00000000
1.94600000 -0.00000000
1.94700000 -0.00000000
1.94800000 -0.00000000
1.94900000 -0.00000000
1.95000000 -0.00000000
1.95100000 -0.00000000
1.95200000 -0.00000000
1.95300000 -0.00000000
1.95400000 -0.00000000
1.95500000 -0.00000000
1.95600000 -0.00000000
1.95700000 -0.00000000
1.95800000 -0.00000000
1.95900000 -0.00000000
1.96000000 -0.00000000
1.96100000 -0.00000000
1.96200000 -0.00000000
1.96300000 -0.00000000
1.96400000 -0.00000000
1.96500000 -0.00000000
1.96600000 -0.00000000
1.96700000 -0.00000000
1.96800000 -0.00000000
1.96900000 -0.00000000
1.97000000 -0.00000000
1.97100000 -0.00000000
1.97200000 -0.00000000
1.97300000 -0.00000000
1.97400000 -0.00000000
1.97500000 -0.00000000
1.97600000 -0.00000000
1.97700000 -0.00000000
1.97800000 -0.00000000
1.97900000 -0.00000000
1.98000000 -0.00000000
1.98100000 -0.00000000
1.98200000 -0.00000000
1.98300000 -0.00000000
1.98400000 -0.00000000
1.98500000 -0.00000000
1.98600000 -0.00000000
1.98700000 -0.00000000
1.98800000 -0.00000000
1.98900000 -0.00000000
1.99000000 -0.00000000
1.99100000 -0.00000000
1.99200000 -0.00000000
1.99300000 -0.00000000
1.99400000 -0.00000000
1.99500000 -0.00000000
1.99600000 -0.00000000
1.99700000 -0.00000000
1.99800000 -0.00000000
1.99900000 -0.00000000
2.00000000 -0.00000000
