0.10000000 337464591211.61669922
0.10100000 296516901703.99914551
0.10200000 260869998774.68222046
0.10300000 229795466667.58035278
0.10400000 202670680970.81906128
0.10500000 178962631911.73406982
0.10600000 158214343205.69638062
0.10700000 140033450783.29864502
0.10800000 124082582019.53706360
0.10900000 110071238480.31869507
0.11000000 97748936318.54910278
0.11100000 86899400410.32826233
0.11200000 77335642825.84225464
0.11300000 68895784655.00134277
0.11400000 61439503667.20996094
0.11500000 54845009679.21851349
0.11600000 49006465566.55760956
0.11700000 43831785177.74510956
0.11800000 39240750481.23638916
0.11900000 35163399488.83389282
0.12000000 31538644179.71055603
0.12100000 28313084061.53406525
0.12200000 25439986367.02341080
0.12300000 22878408374.51099014
0.12400000 20592441107.00444794
0.12500000 18550556827.30490875
0.12600000 16725045407.27806091
0.12700000 15091526890.39337540
0.12800000 13628529456.92867851
0.12900000 12317123597.85920715
0.13000000 11140604653.85255814
0.13100000 10084217019.45936775
0.13200000 9134914282.43907547
0.13300000 8281150391.66558361
0.13400000 7512697647.18705273
0.13500000 6820487901.99331570
0.13600000 6196473872.98956108
0.13700000 5633507892.11324787
0.13800000 5125235798.83188248
0.13900000 4666003991.99076366
0.14000000 4250777930.20437765
0.14100000 3875070602.50592327
0.14200000 3534879690.53288603
0.14300000 3226632314.99362564
0.14400000 2947136406.64678001
0.14500000 2693537869.02188396
0.14600000 2463282809.57860470
0.14700000 2254084210.46088982
0.14800000 2063892491.59329057
0.14900000 1890869489.41425586
0.15000000 1733365435.60111785
0.15100000 1589898573.04194808
0.15200000 1459137092.18548131
0.15300000 1339883110.72284389
0.15400000 1231058454.15543222
0.15500000 1131692024.89492655
0.15600000 1040908573.73563743
0.15700000 957918710.36204255
0.15800000 882010009.45700502
0.15900000 812539086.34799933
0.16000000 748924531.30470204
0.16100000 690640604.87056994
0.16200000 637211608.22302103
0.16300000 588206852.72708321
0.16400000 543236161.76232255
0.16500000 501945845.72386050
0.16600000 464015097.96515328
0.16700000 429152765.48416746
0.16800000 397094453.46086955
0.16900000 367599927.42396212
0.17000000 340450780.93801421
0.17100000 315448340.32769918
0.17200000 292411781.15400261
0.17300000 271176433.98047793
0.17400000 251592259.46169904
0.17500000 233522474.99098626
0.17600000 216842317.09514022
0.17700000 201437925.49091995
0.17800000 187205336.24801177
0.17900000 174049572.85969147
0.18000000 161883825.22579718
0.18100000 150628707.62098512
0.18200000 140211587.67034003
0.18300000 130565979.19812113
0.18400000 121630992.56594317
0.18500000 113350836.78474402
0.18600000 105674368.27991931
0.18700000 98554681.71932980
0.18800000 91948738.78684223
0.18900000 85817031.20611328
0.19000000 80123274.69618681
0.19100000 74834130.87718225
0.19200000 69918954.44537114
0.19300000 65349563.20620955
0.19400000 61100028.79490834
0.19500000 57146486.12996959
0.19600000 53466959.83853899
0.19700000 50041206.06584531
0.19800000 46850568.23657868
0.19900000 43877845.47570946
0.20000000 41107172.52167289
0.20100000 38523910.07754862
0.20200000 36114544.64719700
0.20300000 33866596.99446940
0.20400000 31768538.44565476
0.20500000 29809714.32920743
0.20600000 27980273.91337036
0.20700000 26271106.26231551
0.20800000 24673781.48554653
0.20900000 23180496.90414733
0.21000000 21784027.70155335
0.21100000 20477681.66634968
0.21200000 19255257.67059409
0.21300000 18111007.55970523
0.21400000 17039601.15939552
0.21500000 16036094.13176981
0.21600000 15095898.43683438
0.21700000 14214755.17751326
0.21800000 13388709.62607357
0.21900000 12614088.24781861
0.22000000 11887477.55419676
0.22100000 11205704.63225702
0.22200000 10565819.21080413
0.22300000 9965077.13579761
0.22400000 9400925.13861798
0.22500000 8870986.79089588
0.22600000 8373049.54876012
0.22700000 7905052.79769650
0.22800000 7465076.81679700
0.22900000 7051332.58808858
0.23000000 6662152.38292645
0.23100000 6295981.06317417
0.23200000 5951368.04012463
0.23300000 5626959.83888818
0.23400000 5321493.22032857
0.23500000 5033788.81660320
0.23600000 4762745.23999438
0.23700000 4507333.62803522
0.23800000 4266592.59096559
0.23900000 4039623.53032499
0.24000000 3825586.30002468
0.24100000 3623695.18356106
0.24200000 3433215.16315573
0.24300000 3253458.45855205
0.24400000 3083781.31497912
0.24500000 2923581.02142619
0.24600000 2772293.14186671
0.24700000 2629388.94344332
0.24800000 2494373.00688354
0.24900000 2366781.00557108
0.25000000 2246177.64075787
0.25100000 2132154.72137558
0.25200000 2024329.37780000
0.25300000 1922342.39974331
0.25400000 1825856.68920503
0.25500000 1734555.82010736
0.25600000 1648142.69687936
0.25700000 1566338.30484284
0.25800000 1488880.54579418
0.25900000 1415523.15267442
0.26000000 1346034.67767945
0.26100000 1280197.54858501
0.26200000 1217807.18845077
0.26300000 1158671.19422788
0.26400000 1102608.57012510
0.26500000 1049449.01189500
0.26600000 999032.23848364
0.26700000 951207.36774781
0.26800000 905832.33318425
0.26900000 862773.33883758
0.27000000 821904.34975905
0.27100000 783106.61557771
0.27200000 746268.22492101
0.27300000 711283.68858436
0.27400000 678053.54949873
0.27500000 646484.01768452
0.27600000 616486.62850833
0.27700000 587977.92267815
0.27800000 560879.14652272
0.27900000 535115.97120284
0.28000000 510618.22959689
0.28100000 487319.66969054
0.28200000 465157.72338194
0.28300000 444073.28968867
0.28400000 424010.53141321
0.28500000 404916.68438791
0.28600000 386741.87848103
0.28700000 369438.96960125
0.28800000 352963.38198966
0.28900000 337272.96013675
0.29000000 322327.82970656
0.29100000 308090.26689159
0.29200000 294524.57566117
0.29300000 281596.97240136
0.29400000 269275.47747842
0.29500000 257529.81328879
0.29600000 246331.30838721
0.29700000 235652.80731218
0.29800000 225468.58575220
0.29900000 215754.27072051
0.30000000 206486.76542687
0.30100000 197644.17855597
0.30200000 189205.75768038
0.30300000 181151.82655398
0.30400000 173463.72604772
0.30500000 166123.75850543
0.30600000 159115.13531120
0.30700000 152421.92747337
0.30800000 146029.01904262
0.30900000 139922.06319312
0.31000000 134087.44080655
0.31100000 128512.22140909
0.31200000 123184.12632058
0.31300000 118091.49388418
0.31400000 113223.24665289
0.31500000 108568.86041719
0.31600000 104118.33496496
0.31700000 99862.16647191
0.31800000 95791.32142675
0.31900000 91897.21200150
0.32000000 88171.67278250
0.32100000 84606.93878318
0.32200000 81195.62466424
0.32300000 77930.70509156
0.32400000 74805.49616615
0.32500000 71813.63786483
0.32600000 68949.07743352
0.32700000 66206.05367896
0.32800000 63579.08210755
0.32900000 61062.94086347
0.33000000 58652.65742065
0.33100000 56343.49598614
0.33200000 54130.94557498
0.33300000 52010.70871873
0.33400000 49978.69077236
0.33500000 48030.98978610
0.33600000 46163.88691090
0.33700000 44373.83730780
0.33800000 42657.46153351
0.33900000 41011.53737584
0.34000000 39432.99211439
0.34100000 37918.89518306
0.34200000 36466.45121248
0.34300000 35072.99343178
0.34400000 33735.97740997
0.34500000 32452.97511868
0.34600000 31221.66929894
0.34700000 30039.84811538
0.34800000 28905.40008280
0.34900000 27816.30925012
0.35000000 26770.65062825
0.35100000 25766.58584874
0.35200000 24802.35904106
0.35300000 23876.29291678
0.35400000 22986.78504990
0.35500000 22132.30434286
0.35600000 21311.38766852
0.35700000 20522.63667892
0.35800000 19764.71477209
0.35900000 19036.34420867
0.36000000 18336.30337049
0.36100000 17663.42415392
0.36200000 17016.58949085
0.36300000 16394.73099085
0.36400000 15796.82669817
0.36500000 15221.89895779
0.36600000 14669.01238491
0.36700000 14137.27193257
0.36800000 13625.82105245
0.36900000 13133.83994414
0.37000000 12660.54388835
0.37100000 12205.18165984
0.37200000 11767.03401612
0.37300000 11345.41225802
0.37400000 10939.65685861
0.37500000 10549.13615701
0.37600000 10173.24511388
0.37700000 9811.40412556
0.37800000 9463.05789382
0.37900000 9127.67434870
0.38000000 8804.74362158
0.38100000 8493.77706617
0.38200000 8194.30632505
0.38300000 7905.88243943
0.38400000 7628.07500019
0.38500000 7360.47133799
0.38600000 7102.67575079
0.38700000 6854.30876669
0.38800000 6615.00644069
0.38900000 6384.41968344
0.39000000 6162.21362068
0.39100000 5948.06698173
0.39200000 5741.67151581
0.39300000 5542.73143462
0.39400000 5350.96288023
0.39500000 5166.09341679
0.39600000 4987.86154518
0.39700000 4816.01623929
0.39800000 4650.31650314
0.39900000 4490.53094763
0.40000000 4336.43738623
0.40100000 4187.82244848
0.40200000 4044.48121070
0.40300000 3906.21684297
0.40400000 3772.84027164
0.40500000 3644.16985671
0.40600000 3520.03108330
0.40700000 3400.25626666
0.40800000 3284.68427006
0.40900000 3173.16023490
0.41000000 3065.53532259
0.41100000 2961.66646760
0.41200000 2861.41614119
0.41300000 2764.65212531
0.41400000 2671.24729625
0.41500000 2581.07941758
0.41600000 2494.03094189
0.41700000 2409.98882114
0.41800000 2328.84432492
0.41900000 2250.49286660
0.42000000 2174.83383674
0.42100000 2101.77044363
0.42200000 2031.20956051
0.42300000 1963.06157927
0.42400000 1897.24027028
0.42500000 1833.66264810
0.42600000 1772.24884282
0.42700000 1712.92197678
0.42800000 1655.60804641
0.42900000 1600.23580899
0.43000000 1546.73667413
0.43100000 1495.04459968
0.43200000 1445.09599202
0.43300000 1396.82961041
0.43400000 1350.18647528
0.43500000 1305.10978030
0.43600000 1261.54480802
0.43700000 1219.43884898
0.43800000 1178.74112411
0.43900000 1139.40271031
0.44000000 1101.37646901
0.44100000 1064.61697762
0.44200000 1029.08046383
0.44300000 994.72474245
0.44400000 961.50915486
0.44500000 929.39451088
0.44600000 898.34303299
0.44700000 868.31830270
0.44800000 839.28520914
0.44900000 811.20989970
0.45000000 784.05973257
0.45100000 757.80323120
0.45200000 732.41004055
0.45300000 707.85088512
0.45400000 684.09752852
0.45500000 661.12273475
0.45600000 638.90023092
0.45700000 617.40467148
0.45800000 596.61160379
0.45900000 576.49743511
0.46000000 557.03940080
0.46100000 538.21553379
0.46200000 520.00463526
0.46300000 502.38624639
0.46400000 485.34062126
0.46500000 468.84870074
0.46600000 452.89208746
0.46700000 437.45302164
0.46800000 422.51435794
0.46900000 408.05954313
0.47000000 394.07259467
0.47100000 380.53808001
0.47200000 367.44109680
0.47300000 354.76725376
0.47400000 342.50265229
0.47500000 330.63386883
0.47600000 319.14793777
0.47700000 308.03233516
0.47800000 297.27496288
0.47900000 286.86413348
0.48000000 276.78855562
0.48100000 267.03731995
0.48200000 257.59988562
0.48300000 248.46606722
0.48400000 239.62602226
0.48500000 231.07023906
0.48600000 222.78952512
0.48700000 214.77499592
0.48800000 207.01806412
0.48900000 199.51042918
0.49000000 192.24406731
0.49100000 185.21122186
0.49200000 178.40439398
0.49300000 171.81633371
0.49400000 165.44003133
0.49500000 159.26870901
0.49600000 153.29581286
0.49700000 147.51500516
0.49800000 141.92015691
0.49900000 136.50534069
0.50000000 131.26482372
0.50100000 126.19306118
0.50200000 121.28468980
0.50300000 116.53452165
0.50400000 111.93753816
0.50500000 107.48888439
0.50600000 103.18386339
0.50700000 99.01793095
0.50800000 94.98669032
0.50900000 91.08588732
0.51000000 87.31140543
0.51100000 83.65926126
0.51200000 80.12559996
0.51300000 76.70669100
0.51400000 73.39892393
0.51500000 70.19880439
0.51600000 67.10295024
0.51700000 64.10808777
0.51800000 61.21104816
0.51900000 58.40876390
0.52000000 55.69826550
0.52100000 53.07667820
0.52200000 50.54121885
0.52300000 48.08919286
0.52400000 45.71799131
0.52500000 43.42508808
0.52600000 41.20803717
0.52700000 39.06447005
0.52800000 36.99209309
0.52900000 34.98868515
0.53000000 33.05209520
0.53100000 31.18023998
0.53200000 29.37110187
0.53300000 27.62272669
0.53400000 25.93322165
0.53500000 24.30075336
0.53600000 22.72354594
0.53700000 21.19987908
0.53800000 19.72808630
0.53900000 18.30655322
0.54000000 16.93371582
0.54100000 15.60805889
0.54200000 14.32811440
0.54300000 13.09246003
0.54400000 11.89971767
0.54500000 10.74855203
0.54600000 9.63766925
0.54700000 8.56581559
0.54800000 7.53177616
0.54900000 6.53437364
0.55000000 5.57246715
0.55100000 4.64495103
0.55200000 3.75075374
0.55300000 2.88883683
0.55400000 2.05819380
0.55500000 1.25784918
0.55600000 0.48685749
0.55700000 -0.25569768
0.55800000 -0.97070459
0.55900000 -1.65902424
0.56000000 -2.32149120
0.56100000 -2.95891449
0.56200000 -3.57207833
0.56300000 -4.16174294
0.56400000 -4.72864529
0.56500000 -5.27349984
0.56600000 -5.79699919
0.56700000 -6.29981481
0.56800000 -6.78259771
0.56900000 -7.24597900
0.57000000 -7.69057060
0.57100000 -8.11696577
0.57200000 -8.52573970
0.57300000 -8.91745010
0.57400000 -9.29263771
0.57500000 -9.65182683
0.57600000 -9.99552583
0.57700000 -10.32422764
0.57800000 -10.63841022
0.57900000 -10.93853703
0.58000000 -11.22505747
0.58100000 -11.49840732
0.58200000 -11.75900912
0.58300000 -12.00727263
0.58400000 -12.24359520
0.58500000 -12.46836211
0.58600000 -12.68194701
0.58700000 -12.88471220
0.58800000 -13.07700905
0.58900000 -13.25917826
0.59000000 -13.43155025
0.59100000 -13.59444542
0.59200000 -13.74817449
0.59300000 -13.89303876
0.59400000 -14.02933043
0.59500000 -14.15733285
0.59600000 -14.27732082
0.59700000 -14.38956080
0.59800000 -14.49431119
0.59900000 -14.59182259
0.60000000 -14.68233800
0.60100000 -14.76609306
0.60200000 -14.84331630
0.60300000 -14.91422930
0.60400000 -14.97904696
0.60500000 -15.03797763
0.60600000 -15.09122339
0.60700000 -15.13898016
0.60800000 -15.18143794
0.60900000 -15.21878095
0.61000000 -15.25118783
0.61100000 -15.27883179
0.61200000 -15.30188077
0.61300000 -15.32049763
0.61400000 -15.33484025
0.61500000 -15.34506172
0.61600000 -15.35131046
0.61700000 -15.35373038
0.61800000 -15.35246098
0.61900000 -15.34763752
0.62000000 -15.33939112
0.62100000 -15.32784890
0.62200000 -15.31313409
0.62300000 -15.29536613
0.62400000 -15.27466082
0.62500000 -15.25113040
0.62600000 -15.22488365
0.62700000 -15.19602602
0.62800000 -15.16465970
0.62900000 -15.13088375
0.63000000 -15.09479415
0.63100000 -15.05648393
0.63200000 -15.01604323
0.63300000 -14.97355941
0.63400000 -14.92911711
0.63500000 -14.88279833
0.63600000 -14.83468254
0.63700000 -14.78484671
0.63800000 -14.73336542
0.63900000 -14.68031092
0.64000000 -14.62575317
0.64100000 -14.56975996
0.64200000 -14.51239694
0.64300000 -14.45372769
0.64400000 -14.39381377
0.64500000 -14.33271480
0.64600000 -14.27048852
0.64700000 -14.20719081
0.64800000 -14.14287579
0.64900000 -14.07759583
0.65000000 -14.01140164
0.65100000 -13.94434230
0.65200000 -13.87646530
0.65300000 -13.80781660
0.65400000 -13.73844067
0.65500000 -13.66838054
0.65600000 -13.59767783
0.65700000 -13.52637281
0.65800000 -13.45450443
0.65900000 -13.38211034
0.66000000 -13.30922697
0.66100000 -13.23588954
0.66200000 -13.16213208
0.66300000 -13.08798750
0.66400000 -13.01348761
0.66500000 -12.93866314
0.66600000 -12.86354378
0.66700000 -12.78815823
0.66800000 -12.71253420
0.66900000 -12.63669844
0.67000000 -12.56067682
0.67100000 -12.48449426
0.67200000 -12.40817486
0.67300000 -12.33174186
0.67400000 -12.25521769
0.67500000 -12.17862398
0.67600000 -12.10198161
0.67700000 -12.02531069
0.67800000 -11.94863063
0.67900000 -11.87196013
0.68000000 -11.79531722
0.68100000 -11.71871924
0.68200000 -11.64218294
0.68300000 -11.56572440
0.68400000 -11.48935913
0.68500000 -11.41310205
0.68600000 -11.33696750
0.68700000 -11.26096929
0.68800000 -11.18512068
0.68900000 -11.10943444
0.69000000 -11.03392280
0.69100000 -10.95859755
0.69200000 -10.88346998
0.69300000 -10.80855092
0.69400000 -10.73385077
0.69500000 -10.65937951
0.69600000 -10.58514669
0.69700000 -10.51116145
0.69800000 -10.43743256
0.69900000 -10.36396840
0.70000000 -10.29077698
0.70100000 -10.21786596
0.70200000 -10.14524266
0.70300000 -10.07291405
0.70400000 -10.00088680
0.70500000 -9.92916724
0.70600000 -9.85776141
0.70700000 -9.78667506
0.70800000 -9.71591365
0.70900000 -9.64548237
0.71000000 -9.57538613
0.71100000 -9.50562959
0.71200000 -9.43621716
0.71300000 -9.36715300
0.71400000 -9.29844105
0.71500000 -9.23008501
0.71600000 -9.16208835
0.71700000 -9.09445436
0.71800000 -9.02718609
0.71900000 -8.96028641
0.72000000 -8.89375799
0.72100000 -8.82760332
0.72200000 -8.76182471
0.72300000 -8.69642427
0.72400000 -8.63140398
0.72500000 -8.56676563
0.72600000 -8.50251086
0.72700000 -8.43864116
0.72800000 -8.37515787
0.72900000 -8.31206220
0.73000000 -8.24935519
0.73100000 -8.18703778
0.73200000 -8.12511077
0.73300000 -8.06357484
0.73400000 -8.00243054
0.73500000 -7.94167831
0.73600000 -7.88131848
0.73700000 -7.82135128
0.73800000 -7.76177682
0.73900000 -7.70259512
0.74000000 -7.64380611
0.74100000 -7.58540961
0.74200000 -7.52740536
0.74300000 -7.46979302
0.74400000 -7.41257216
0.74500000 -7.35574227
0.74600000 -7.29930276
0.74700000 -7.24325297
0.74800000 -7.18759218
0.74900000 -7.13231957
0.75000000 -7.07743430
0.75100000 -7.02293542
0.75200000 -6.96882194
0.75300000 -6.91509283
0.75400000 -6.86174697
0.75500000 -6.80878321
0.75600000 -6.75620034
0.75700000 -6.70399710
0.75800000 -6.65217218
0.75900000 -6.60072424
0.76000000 -6.54965188
0.76100000 -6.49895365
0.76200000 -6.44862810
0.76300000 -6.39867370
0.76400000 -6.34908891
0.76500000 -6.29987214
0.76600000 -6.25102178
0.76700000 -6.20253617
0.76800000 -6.15441365
0.76900000 -6.10665250
0.77000000 -6.05925100
0.77100000 -6.01220738
0.77200000 -5.96551987
0.77300000 -5.91918666
0.77400000 -5.87320592
0.77500000 -5.82757581
0.77600000 -5.78229447
0.77700000 -5.73736001
0.77800000 -5.69277053
0.77900000 -5.64852412
0.78000000 -5.60461884
0.78100000 -5.56105276
0.78200000 -5.51782390
0.78300000 -5.47493032
0.78400000 -5.43237002
0.78500000 -5.39014102
0.78600000 -5.34824132
0.78700000 -5.30666891
0.78800000 -5.26542177
0.78900000 -5.22449790
0.79000000 -5.18389525
0.79100000 -5.14361179
0.79200000 -5.10364550
0.79300000 -5.06399432
0.79400000 -5.02465621
0.79500000 -4.98562913
0.79600000 -4.94691102
0.79700000 -4.90849984
0.79800000 -4.87039352
0.79900000 -4.83259003
0.80000000 -4.79508731
0.80100000 -4.75788330
0.80200000 -4.72097595
0.80300000 -4.68436322
0.80400000 -4.64804306
0.80500000 -4.61201343
0.80600000 -4.57627228
0.80700000 -4.54081757
0.80800000 -4.50564727
0.80900000 -4.47075934
0.81000000 -4.43615177
0.81100000 -4.40182253
0.81200000 -4.36776961
0.81300000 -4.33399098
0.81400000 -4.30048465
0.81500000 -4.26724862
0.81600000 -4.23428089
0.81700000 -4.20157948
0.81800000 -4.16914240
0.81900000 -4.13696769
0.82000000 -4.10505337
0.82100000 -4.07339750
0.82200000 -4.04199811
0.82300000 -4.01085326
0.82400000 -3.97996103
0.82500000 -3.94931948
0.82600000 -3.91892670
0.82700000 -3.88878078
0.82800000 -3.85887981
0.82900000 -3.82922191
0.83000000 -3.79980519
0.83100000 -3.77062778
0.83200000 -3.74168782
0.83300000 -3.71298345
0.83400000 -3.68451283
0.83500000 -3.65627412
0.83600000 -3.62826550
0.83700000 -3.60048515
0.83800000 -3.57293126
0.83900000 -3.54560205
0.84000000 -3.51849573
0.84100000 -3.49161052
0.84200000 -3.46494466
0.84300000 -3.43849640
0.84400000 -3.41226399
0.84500000 -3.38624570
0.84600000 -3.36043980
0.84700000 -3.33484459
0.84800000 -3.30945837
0.84900000 -3.28427945
0.85000000 -3.25930613
0.85100000 -3.23453677
0.85200000 -3.20996970
0.85300000 -3.18560327
0.85400000 -3.16143585
0.85500000 -3.13746581
0.85600000 -3.11369153
0.85700000 -3.09011142
0.85800000 -3.06672389
0.85900000 -3.04352734
0.86000000 -3.02052021
0.86100000 -2.99770095
0.86200000 -2.97506799
0.86300000 -2.95261980
0.86400000 -2.93035487
0.86500000 -2.90827166
0.86600000 -2.88636867
0.86700000 -2.86464441
0.86800000 -2.84309740
0.86900000 -2.82172617
0.87000000 -2.80052924
0.87100000 -2.77950517
0.87200000 -2.75865252
0.87300000 -2.73796986
0.87400000 -2.71745576
0.87500000 -2.69710883
0.87600000 -2.67692766
0.87700000 -2.65691086
0.87800000 -2.63705706
0.87900000 -2.61736489
0.88000000 -2.59783300
0.88100000 -2.57846003
0.88200000 -2.55924466
0.88300000 -2.54018556
0.88400000 -2.52128141
0.88500000 -2.50253091
0.88600000 -2.48393276
0.88700000 -2.46548569
0.88800000 -2.44718842
0.88900000 -2.42903968
0.89000000 -2.41103822
0.89100000 -2.39318279
0.89200000 -2.37547217
0.89300000 -2.35790512
0.89400000 -2.34048044
0.89500000 -2.32319691
0.89600000 -2.30605335
0.89700000 -2.28904857
0.89800000 -2.27218139
0.89900000 -2.25545065
0.90000000 -2.23885519
0.90100000 -2.22239386
0.90200000 -2.20606552
0.90300000 -2.18986906
0.90400000 -2.17380334
0.90500000 -2.15786726
0.90600000 -2.14205972
0.90700000 -2.12637962
0.90800000 -2.11082588
0.90900000 -2.09539744
0.91000000 -2.08009321
0.91100000 -2.06491216
0.91200000 -2.04985323
0.91300000 -2.03491537
0.91400000 -2.02009758
0.91500000 -2.00539881
0.91600000 -1.99081807
0.91700000 -1.97635434
0.91800000 -1.96200663
0.91900000 -1.94777395
0.92000000 -1.93365533
0.92100000 -1.91964979
0.92200000 -1.90575637
0.92300000 -1.89197412
0.92400000 -1.87830210
0.92500000 -1.86473935
0.92600000 -1.85128496
0.92700000 -1.83793800
0.92800000 -1.82469756
0.92900000 -1.81156273
0.93000000 -1.79853262
0.93100000 -1.78560632
0.93200000 -1.77278297
0.93300000 -1.76006167
0.93400000 -1.74744157
0.93500000 -1.73492181
0.93600000 -1.72250153
0.93700000 -1.71017988
0.93800000 -1.69795603
0.93900000 -1.68582914
0.94000000 -1.67379840
0.94100000 -1.66186298
0.94200000 -1.65002207
0.94300000 -1.63827487
0.94400000 -1.62662059
0.94500000 -1.61505844
0.94600000 -1.60358763
0.94700000 -1.59220738
0.94800000 -1.58091694
0.94900000 -1.56971553
0.95000000 -1.55860241
0.95100000 -1.54757682
0.95200000 -1.53663802
0.95300000 -1.52578528
0.95400000 -1.51501786
0.95500000 -1.50433504
0.95600000 -1.49373611
0.95700000 -1.48322036
0.95800000 -1.47278708
0.95900000 -1.46243557
0.96000000 -1.45216514
0.96100000 -1.44197511
0.96200000 -1.43186480
0.96300000 -1.42183352
0.96400000 -1.41188062
0.96500000 -1.40200543
0.96600000 -1.39220730
0.96700000 -1.38248557
0.96800000 -1.37283960
0.96900000 -1.36326875
0.97000000 -1.35377239
0.97100000 -1.34434989
0.97200000 -1.33500062
0.97300000 -1.32572397
0.97400000 -1.31651933
0.97500000 -1.30738609
0.97600000 -1.29832365
0.97700000 -1.28933142
0.97800000 -1.28040880
0.97900000 -1.27155521
0.98000000 -1.26277006
0.98100000 -1.25405279
0.98200000 -1.24540283
0.98300000 -1.23681960
0.98400000 -1.22830256
0.98500000 -1.21985114
0.98600000 -1.21146479
0.98700000 -1.20314297
0.98800000 -1.19488514
0.98900000 -1.18669077
0.99000000 -1.17855931
0.99100000 -1.17049025
0.99200000 -1.16248307
0.99300000 -1.15453724
0.99400000 -1.14665225
0.99500000 -1.13882761
0.99600000 -1.13106279
0.99700000 -1.12335731
0.99800000 -1.11571067
0.99900000 -1.10812238
1.00000000 -1.10059195
1.00100000 -1.09311891
1.00200000 -1.08570276
1.00300000 -1.07834305
1.00400000 -1.07103930
1.00500000 -1.06379104
1.00600000 -1.05659782
1.00700000 -1.04945918
1.00800000 -1.04237467
1.00900000 -1.03534383
1.01000000 -1.02836623
1.01100000 -1.02144141
1.01200000 -1.01456895
1.01300000 -1.00774842
1.01400000 -1.00097937
1.01500000 -0.99426139
1.01600000 -0.98759406
1.01700000 -0.98097695
1.01800000 -0.97440965
1.01900000 -0.96789175
1.02000000 -0.96142285
1.02100000 -0.95500254
1.02200000 -0.94863041
1.02300000 -0.94230608
1.02400000 -0.93602915
1.02500000 -0.92979923
1.02600000 -0.92361594
1.02700000 -0.91747888
1.02800000 -0.91138769
1.02900000 -0.90534198
1.03000000 -0.89934139
1.03100000 -0.89338554
1.03200000 -0.88747406
1.03300000 -0.88160660
1.03400000 -0.87578279
1.03500000 -0.87000228
1.03600000 -0.86426471
1.03700000 -0.85856973
1.03800000 -0.85291700
1.03900000 -0.84730617
1.04000000 -0.84173690
1.04100000 -0.83620884
1.04200000 -0.83072168
1.04300000 -0.82527506
1.04400000 -0.81986867
1.04500000 -0.81450217
1.04600000 -0.80917524
1.04700000 -0.80388757
1.04800000 -0.79863882
1.04900000 -0.79342869
1.05000000 -0.78825687
1.05100000 -0.78312304
1.05200000 -0.77802689
1.05300000 -0.77296813
1.05400000 -0.76794644
1.05500000 -0.76296153
1.05600000 -0.75801311
1.05700000 -0.75310088
1.05800000 -0.74822454
1.05900000 -0.74338381
1.06000000 -0.73857840
1.06100000 -0.73380802
1.06200000 -0.72907240
1.06300000 -0.72437126
1.06400000 -0.71970431
1.06500000 -0.71507129
1.06600000 -0.71047192
1.06700000 -0.70590594
1.06800000 -0.70137307
1.06900000 -0.69687304
1.07000000 -0.69240561
1.07100000 -0.68797050
1.07200000 -0.68356746
1.07300000 -0.67919623
1.07400000 -0.67485656
1.07500000 -0.67054819
1.07600000 -0.66627089
1.07700000 -0.66202439
1.07800000 -0.65780845
1.07900000 -0.65362284
1.08000000 -0.64946731
1.08100000 -0.64534162
1.08200000 -0.64124553
1.08300000 -0.63717882
1.08400000 -0.63314124
1.08500000 -0.62913256
1.08600000 -0.62515256
1.08700000 -0.62120102
1.08800000 -0.61727769
1.08900000 -0.61338237
1.09000000 -0.60951483
1.09100000 -0.60567485
1.09200000 -0.60186222
1.09300000 -0.59807672
1.09400000 -0.59431813
1.09500000 -0.59058624
1.09600000 -0.58688085
1.09700000 -0.58320174
1.09800000 -0.57954871
1.09900000 -0.57592156
1.10000000 -0.57232007
1.10100000 -0.56874406
1.10200000 -0.56519331
1.10300000 -0.56166764
1.10400000 -0.55816684
1.10500000 -0.55469073
1.10600000 -0.55123911
1.10700000 -0.54781178
1.10800000 -0.54440856
1.10900000 -0.54102926
1.11000000 -0.53767370
1.11100000 -0.53434168
1.11200000 -0.53103303
1.11300000 -0.52774757
1.11400000 -0.52448511
1.11500000 -0.52124547
1.11600000 -0.51802848
1.11700000 -0.51483397
1.11800000 -0.51166175
1.11900000 -0.50851166
1.12000000 -0.50538353
1.12100000 -0.50227718
1.12200000 -0.49919244
1.12300000 -0.49612916
1.12400000 -0.49308716
1.12500000 -0.49006628
1.12600000 -0.48706636
1.12700000 -0.48408723
1.12800000 -0.48112874
1.12900000 -0.47819073
1.13000000 -0.47527304
1.13100000 -0.47237551
1.13200000 -0.46949799
1.13300000 -0.46664032
1.13400000 -0.46380236
1.13500000 -0.46098396
1.13600000 -0.45818495
1.13700000 -0.45540520
1.13800000 -0.45264456
1.13900000 -0.44990288
1.14000000 -0.44718002
1.14100000 -0.44447583
1.14200000 -0.44179017
1.14300000 -0.43912290
1.14400000 -0.43647388
1.14500000 -0.43384297
1.14600000 -0.43123004
1.14700000 -0.42863494
1.14800000 -0.42605754
1.14900000 -0.42349772
1.15000000 -0.42095532
1.15100000 -0.41843023
1.15200000 -0.41592231
1.15300000 -0.41343144
1.15400000 -0.41095747
1.15500000 -0.40850029
1.15600000 -0.40605977
1.15700000 -0.40363579
1.15800000 -0.40122821
1.15900000 -0.39883691
1.16000000 -0.39646178
1.16100000 -0.39410269
1.16200000 -0.39175952
1.16300000 -0.38943215
1.16400000 -0.38712046
1.16500000 -0.38482434
1.16600000 -0.38254366
1.16700000 -0.38027832
1.16800000 -0.37802819
1.16900000 -0.37579317
1.17000000 -0.37357314
1.17100000 -0.37136798
1.17200000 -0.36917760
1.17300000 -0.36700187
1.17400000 -0.36484070
1.17500000 -0.36269396
1.17600000 -0.36056155
1.17700000 -0.35844338
1.17800000 -0.35633932
1.17900000 -0.35424928
1.18000000 -0.35217315
1.18100000 -0.35011083
1.18200000 -0.34806221
1.18300000 -0.34602720
1.18400000 -0.34400570
1.18500000 -0.34199760
1.18600000 -0.34000280
1.18700000 -0.33802122
1.18800000 -0.33605274
1.18900000 -0.33409727
1.19000000 -0.33215473
1.19100000 -0.33022500
1.19200000 -0.32830801
1.19300000 -0.32640364
1.19400000 -0.32451182
1.19500000 -0.32263245
1.19600000 -0.32076544
1.19700000 -0.31891069
1.19800000 -0.31706813
1.19900000 -0.31523765
1.20000000 -0.31341917
1.20100000 -0.31161260
1.20200000 -0.30981786
1.20300000 -0.30803486
1.20400000 -0.30626351
1.20500000 -0.30450374
1.20600000 -0.30275544
1.20700000 -0.30101855
1.20800000 -0.29929297
1.20900000 -0.29757863
1.21000000 -0.29587545
1.21100000 -0.29418334
1.21200000 -0.29250222
1.21300000 -0.29083201
1.21400000 -0.28917264
1.21500000 -0.28752402
1.21600000 -0.28588609
1.21700000 -0.28425875
1.21800000 -0.28264194
1.21900000 -0.28103557
1.22000000 -0.27943958
1.22100000 -0.27785389
1.22200000 -0.27627842
1.22300000 -0.27471311
1.22400000 -0.27315787
1.22500000 -0.27161263
1.22600000 -0.27007733
1.22700000 -0.26855189
1.22800000 -0.26703625
1.22900000 -0.26553032
1.23000000 -0.26403405
1.23100000 -0.26254735
1.23200000 -0.26107018
1.23300000 -0.25960245
1.23400000 -0.25814409
1.23500000 -0.25669505
1.23600000 -0.25525526
1.23700000 -0.25382464
1.23800000 -0.25240314
1.23900000 -0.25099069
1.24000000 -0.24958723
1.24100000 -0.24819268
1.24200000 -0.24680699
1.24300000 -0.24543010
1.24400000 -0.24406194
1.24500000 -0.24270246
1.24600000 -0.24135158
1.24700000 -0.24000925
1.24800000 -0.23867541
1.24900000 -0.23735000
1.25000000 -0.23603295
1.25100000 -0.23472422
1.25200000 -0.23342373
1.25300000 -0.23213144
1.25400000 -0.23084729
1.25500000 -0.22957122
1.25600000 -0.22830316
1.25700000 -0.22704307
1.25800000 -0.22579089
1.25900000 -0.22454657
1.26000000 -0.22331004
1.26100000 -0.22208126
1.26200000 -0.22086016
1.26300000 -0.21964671
1.26400000 -0.21844083
1.26500000 -0.21724249
1.26600000 -0.21605162
1.26700000 -0.21486818
1.26800000 -0.21369211
1.26900000 -0.21252337
1.27000000 -0.21136189
1.27100000 -0.21020764
1.27200000 -0.20906055
1.27300000 -0.20792059
1.27400000 -0.20678770
1.27500000 -0.20566183
1.27600000 -0.20454293
1.27700000 -0.20343096
1.27800000 -0.20232587
1.27900000 -0.20122761
1.28000000 -0.20013613
1.28100000 -0.19905138
1.28200000 -0.19797333
1.28300000 -0.19690191
1.28400000 -0.19583710
1.28500000 -0.19477884
1.28600000 -0.19372708
1.28700000 -0.19268179
1.28800000 -0.19164291
1.28900000 -0.19061041
1.29000000 -0.18958423
1.29100000 -0.18856435
1.29200000 -0.18755071
1.29300000 -0.18654326
1.29400000 -0.18554198
1.29500000 -0.18454682
1.29600000 -0.18355772
1.29700000 -0.18257466
1.29800000 -0.18159760
1.29900000 -0.18062648
1.30000000 -0.17966127
1.30100000 -0.17870194
1.30200000 -0.17774843
1.30300000 -0.17680072
1.30400000 -0.17585875
1.30500000 -0.17492250
1.30600000 -0.17399192
1.30700000 -0.17306698
1.30800000 -0.17214764
1.30900000 -0.17123385
1.31000000 -0.17032558
1.31100000 -0.16942280
1.31200000 -0.16852547
1.31300000 -0.16763354
1.31400000 -0.16674699
1.31500000 -0.16586578
1.31600000 -0.16498987
1.31700000 -0.16411922
1.31800000 -0.16325381
1.31900000 -0.16239359
1.32000000 -0.16153853
1.32100000 -0.16068860
1.32200000 -0.15984375
1.32300000 -0.15900397
1.32400000 -0.15816921
1.32500000 -0.15733944
1.32600000 -0.15651462
1.32700000 -0.15569473
1.32800000 -0.15487972
1.32900000 -0.15406958
1.33000000 -0.15326426
1.33100000 -0.15246373
1.33200000 -0.15166797
1.33300000 -0.15087693
1.33400000 -0.15009060
1.33500000 -0.14930893
1.33600000 -0.14853189
1.33700000 -0.14775946
1.33800000 -0.14699160
1.33900000 -0.14622829
1.34000000 -0.14546949
1.34100000 -0.14471518
1.34200000 -0.14396532
1.34300000 -0.14321989
1.34400000 -0.14247885
1.34500000 -0.14174218
1.34600000 -0.14100984
1.34700000 -0.14028182
1.34800000 -0.13955808
1.34900000 -0.13883858
1.35000000 -0.13812332
1.35100000 -0.13741225
1.35200000 -0.13670535
1.35300000 -0.13600259
1.35400000 -0.13530395
1.35500000 -0.13460939
1.35600000 -0.13391890
1.35700000 -0.13323244
1.35800000 -0.13254999
1.35900000 -0.13187152
1.36000000 -0.13119701
1.36100000 -0.13052642
1.36200000 -0.12985974
1.36300000 -0.12919694
1.36400000 -0.12853800
1.36500000 -0.12788288
1.36600000 -0.12723156
1.36700000 -0.12658403
1.36800000 -0.12594025
1.36900000 -0.12530019
1.37000000 -0.12466385
1.37100000 -0.12403118
1.37200000 -0.12340218
1.37300000 -0.12277681
1.37400000 -0.12215505
1.37500000 -0.12153687
1.37600000 -0.12092226
1.37700000 -0.12031119
1.37800000 -0.11970364
1.37900000 -0.11909959
1.38000000 -0.11849901
1.38100000 -0.11790187
1.38200000 -0.11730817
1.38300000 -0.11671787
1.38400000 -0.11613096
1.38500000 -0.11554741
1.38600000 -0.11496720
1.38700000 -0.11439032
1.38800000 -0.11381673
1.38900000 -0.11324641
1.39000000 -0.11267936
1.39100000 -0.11211553
1.39200000 -0.11155493
1.39300000 -0.11099752
1.39400000 -0.11044328
1.39500000 -0.10989219
1.39600000 -0.10934424
1.39700000 -0.10879940
1.39800000 -0.10825766
1.39900000 -0.10771899
1.40000000 -0.10718338
1.40100000 -0.10665080
1.40200000 -0.10612123
1.40300000 -0.10559466
1.40400000 -0.10507107
1.40500000 -0.10455044
1.40600000 -0.10403275
1.40700000 -0.10351798
1.40800000 -0.10300611
1.40900000 -0.10249713
1.41000000 -0.10199101
1.41100000 -0.10148775
1.41200000 -0.10098731
1.41300000 -0.10048968
1.41400000 -0.09999485
1.41500000 -0.09950280
1.41600000 -0.09901351
1.41700000 -0.09852696
1.41800000 -0.09804313
1.41900000 -0.09756201
1.42000000 -0.09708358
1.42100000 -0.09660783
1.42200000 -0.09613474
1.42300000 -0.09566428
1.42400000 -0.09519645
1.42500000 -0.09473123
1.42600000 -0.09426860
1.42700000 -0.09380854
1.42800000 -0.09335105
1.42900000 -0.09289609
1.43000000 -0.09244367
1.43100000 -0.09199375
1.43200000 -0.09154634
1.43300000 -0.09110140
1.43400000 -0.09065893
1.43500000 -0.09021890
1.43600000 -0.08978132
1.43700000 -0.08934615
1.43800000 -0.08891338
1.43900000 -0.08848301
1.44000000 -0.08805501
1.44100000 -0.08762937
1.44200000 -0.08720608
1.44300000 -0.08678511
1.44400000 -0.08636647
1.44500000 -0.08595012
1.44600000 -0.08553607
1.44700000 -0.08512429
1.44800000 -0.08471477
1.44900000 -0.08430749
1.45000000 -0.08390245
1.45100000 -0.08349962
1.45200000 -0.08309900
1.45300000 -0.08270058
1.45400000 -0.08230433
1.45500000 -0.08191024
1.45600000 -0.08151831
1.45700000 -0.08112851
1.45800000 -0.08074084
1.45900000 -0.08035528
1.46000000 -0.07997182
1.46100000 -0.07959045
1.46200000 -0.07921115
1.46300000 -0.07883391
1.46400000 -0.07845872
1.46500000 -0.07808557
1.46600000 -0.07771444
1.46700000 -0.07734532
1.46800000 -0.07697820
1.46900000 -0.07661307
1.47000000 -0.07624991
1.47100000 -0.07588872
1.47200000 -0.07552947
1.47300000 -0.07517217
1.47400000 -0.07481679
1.47500000 -0.07446333
1.47600000 -0.07411177
1.47700000 -0.07376210
1.47800000 -0.07341432
1.47900000 -0.07306841
1.48000000 -0.07272435
1.48100000 -0.07238214
1.48200000 -0.07204177
1.48300000 -0.07170323
1.48400000 -0.07136650
1.48500000 -0.07103157
1.48600000 -0.07069843
1.48700000 -0.07036708
1.48800000 -0.07003749
1.48900000 -0.06970967
1.49000000 -0.06938360
1.49100000 -0.06905926
1.49200000 -0.06873666
1.49300000 -0.06841577
1.49400000 -0.06809660
1.49500000 -0.06777912
1.49600000 -0.06746333
1.49700000 -0.06714921
1.49800000 -0.06683677
1.49900000 -0.06652598
1.50000000 -0.06621684
1.50100000 -0.06590934
1.50200000 -0.06560347
1.50300000 -0.06529921
1.50400000 -0.06499657
1.50500000 -0.06469553
1.50600000 -0.06439607
1.50700000 -0.06409820
1.50800000 -0.06380190
1.50900000 -0.06350716
1.51000000 -0.06321397
1.51100000 -0.06292233
1.51200000 -0.06263222
1.51300000 -0.06234364
1.51400000 -0.06205657
1.51500000 -0.06177102
1.51600000 -0.06148696
1.51700000 -0.06120439
1.51800000 -0.06092330
1.51900000 -0.06064368
1.52000000 -0.06036553
1.52100000 -0.06008883
1.52200000 -0.05981358
1.52300000 -0.05953977
1.52400000 -0.05926739
1.52500000 -0.05899643
1.52600000 -0.05872688
1.52700000 -0.05845874
1.52800000 -0.05819199
1.52900000 -0.05792663
1.53000000 -0.05766266
1.53100000 -0.05740005
1.53200000 -0.05713881
1.53300000 -0.05687892
1.53400000 -0.05662039
1.53500000 -0.05636319
1.53600000 -0.05610733
1.53700000 -0.05585279
1.53800000 -0.05559957
1.53900000 -0.05534766
1.54000000 -0.05509705
1.54100000 -0.05484773
1.54200000 -0.05459970
1.54300000 -0.05435295
1.54400000 -0.05410748
1.54500000 -0.05386326
1.54600000 -0.05362031
1.54700000 -0.05337861
1.54800000 -0.05313814
1.54900000 -0.05289892
1.55000000 -0.05266092
1.55100000 -0.05242414
1.55200000 -0.05218858
1.55300000 -0.05195423
1.55400000 -0.05172108
1.55500000 -0.05148912
1.55600000 -0.05125835
1.55700000 -0.05102875
1.55800000 -0.05080033
1.55900000 -0.05057308
1.56000000 -0.05034699
1.56100000 -0.05012205
1.56200000 -0.04989825
1.56300000 -0.04967560
1.56400000 -0.04945408
1.56500000 -0.04923369
1.56600000 -0.04901442
1.56700000 -0.04879626
1.56800000 -0.04857921
1.56900000 -0.04836326
1.57000000 -0.04814840
1.57100000 -0.04793464
1.57200000 -0.04772196
1.57300000 -0.04751035
1.57400000 -0.04729982
1.57500000 -0.04709035
1.57600000 -0.04688194
1.57700000 -0.04667458
1.57800000 -0.04646826
1.57900000 -0.04626299
1.58000000 -0.04605875
1.58100000 -0.04585554
1.58200000 -0.04565336
1.58300000 -0.04545219
1.58400000 -0.04525203
1.58500000 -0.04505288
1.58600000 -0.04485473
1.58700000 -0.04465757
1.58800000 -0.04446140
1.58900000 -0.04426621
1.59000000 -0.04407201
1.59100000 -0.04387877
1.59200000 -0.04368650
1.59300000 -0.04349519
1.59400000 -0.04330484
1.59500000 -0.04311544
1.59600000 -0.04292698
1.59700000 -0.04273947
1.59800000 -0.04255289
1.59900000 -0.04236723
1.60000000 -0.04218251
1.60100000 -0.04199870
1.60200000 -0.04181580
1.60300000 -0.04163382
1.60400000 -0.04145273
1.60500000 -0.04127255
1.60600000 -0.04109326
1.60700000 -0.04091486
1.60800000 -0.04073734
1.60900000 -0.04056070
1.61000000 -0.04038494
1.61100000 -0.04021004
1.61200000 -0.04003601
1.61300000 -0.03986284
1.61400000 -0.03969052
1.61500000 -0.03951906
1.61600000 -0.03934844
1.61700000 -0.03917865
1.61800000 -0.03900971
1.61900000 -0.03884160
1.62000000 -0.03867431
1.62100000 -0.03850784
1.62200000 -0.03834220
1.62300000 -0.03817736
1.62400000 -0.03801334
1.62500000 -0.03785012
1.62600000 -0.03768770
1.62700000 -0.03752607
1.62800000 -0.03736523
1.62900000 -0.03720519
1.63000000 -0.03704592
1.63100000 -0.03688743
1.63200000 -0.03672972
1.63300000 -0.03657277
1.63400000 -0.03641659
1.63500000 -0.03626118
1.63600000 -0.03610651
1.63700000 -0.03595261
1.63800000 -0.03579945
1.63900000 -0.03564703
1.64000000 -0.03549536
1.64100000 -0.03534442
1.64200000 -0.03519421
1.64300000 -0.03504474
1.64400000 -0.03489598
1.64500000 -0.03474795
1.64600000 -0.03460064
1.64700000 -0.03445403
1.64800000 -0.03430814
1.64900000 -0.03416295
1.65000000 -0.03401846
1.65100000 -0.03387467
1.65200000 -0.03373158
1.65300000 -0.03358917
1.65400000 -0.03344745
1.65500000 -0.03330641
1.65600000 -0.03316605
1.65700000 -0.03302637
1.65800000 -0.03288736
1.65900000 -0.03274901
1.66000000 -0.03261133
1.66100000 -0.03247431
1.66200000 -0.03233795
1.66300000 -0.03220224
1.66400000 -0.03206718
1.66500000 -0.03193277
1.66600000 -0.03179900
1.66700000 -0.03166586
1.66800000 -0.03153337
1.66900000 -0.03140151
1.67000000 -0.03127028
1.67100000 -0.03113967
1.67200000 -0.03100969
1.67300000 -0.03088032
1.67400000 -0.03075157
1.67500000 -0.03062344
1.67600000 -0.03049591
1.67700000 -0.03036899
1.67800000 -0.03024267
1.67900000 -0.03011696
1.68000000 -0.02999183
1.68100000 -0.02986731
1.68200000 -0.02974337
1.68300000 -0.02962002
1.68400000 -0.02949725
1.68500000 -0.02937507
1.68600000 -0.02925346
1.68700000 -0.02913242
1.68800000 -0.02901196
1.68900000 -0.02889207
1.69000000 -0.02877274
1.69100000 -0.02865397
1.69200000 -0.02853577
1.69300000 -0.02841812
1.69400000 -0.02830102
1.69500000 -0.02818448
1.69600000 -0.02806848
1.69700000 -0.02795303
1.69800000 -0.02783812
1.69900000 -0.02772375
1.70000000 -0.02760991
1.70100000 -0.02749661
1.70200000 -0.02738384
1.70300000 -0.02727160
1.70400000 -0.02715988
1.70500000 -0.02704868
1.70600000 -0.02693801
1.70700000 -0.02682785
1.70800000 -0.02671820
1.70900000 -0.02660907
1.71000000 -0.02650045
1.71100000 -0.02639233
1.71200000 -0.02628472
1.71300000 -0.02617760
1.71400000 -0.02607099
1.71500000 -0.02596487
1.71600000 -0.02585924
1.71700000 -0.02575410
1.71800000 -0.02564946
1.71900000 -0.02554529
1.72000000 -0.02544161
1.72100000 -0.02533841
1.72200000 -0.02523569
1.72300000 -0.02513345
1.72400000 -0.02503167
1.72500000 -0.02493037
1.72600000 -0.02482953
1.72700000 -0.02472916
1.72800000 -0.02462926
1.72900000 -0.02452981
1.73000000 -0.02443082
1.73100000 -0.02433229
1.73200000 -0.02423422
1.73300000 -0.02413659
1.73400000 -0.02403941
1.73500000 -0.02394268
1.73600000 -0.02384639
1.73700000 -0.02375055
1.73800000 -0.02365515
1.73900000 -0.02356018
1.74000000 -0.02346565
1.74100000 -0.02337155
1.74200000 -0.02327788
1.74300000 -0.02318464
1.74400000 -0.02309183
1.74500000 -0.02299944
1.74600000 -0.02290747
1.74700000 -0.02281592
1.74800000 -0.02272479
1.74900000 -0.02263408
1.75000000 -0.02254378
1.75100000 -0.02245389
1.75200000 -0.02236441
1.75300000 -0.02227533
1.75400000 -0.02218666
1.75500000 -0.02209840
1.75600000 -0.02201053
1.75700000 -0.02192307
1.75800000 -0.02183600
1.75900000 -0.02174932
1.76000000 -0.02166304
1.76100000 -0.02157715
1.76200000 -0.02149165
1.76300000 -0.02140653
1.76400000 -0.02132180
1.76500000 -0.02123746
1.76600000 -0.02115349
1.76700000 -0.02106990
1.76800000 -0.02098669
1.76900000 -0.02090386
1.77000000 -0.02082139
1.77100000 -0.02073930
1.77200000 -0.02065758
1.77300000 -0.02057623
1.77400000 -0.02049524
1.77500000 -0.02041462
1.77600000 -0.02033436
1.77700000 -0.02025445
1.77800000 -0.02017491
1.77900000 -0.02009572
1.78000000 -0.02001689
1.78100000 -0.01993841
1.78200000 -0.01986029
1.78300000 -0.01978251
1.78400000 -0.01970508
1.78500000 -0.01962799
1.78600000 -0.01955125
1.78700000 -0.01947486
1.78800000 -0.01939880
1.78900000 -0.01932308
1.79000000 -0.01924770
1.79100000 -0.01917266
1.79200000 -0.01909795
1.79300000 -0.01902357
1.79400000 -0.01894952
1.79500000 -0.01887580
1.79600000 -0.01880241
1.79700000 -0.01872935
1.79800000 -0.01865661
1.79900000 -0.01858419
1.80000000 -0.01851209
1.80100000 -0.01844031
1.80200000 -0.01836885
1.80300000 -0.01829771
1.80400000 -0.01822688
1.80500000 -0.01815636
1.80600000 -0.01808616
1.80700000 -0.01801626
1.80800000 -0.01794668
1.80900000 -0.01787740
1.81000000 -0.01780842
1.81100000 -0.01773975
1.81200000 -0.01767138
1.81300000 -0.01760332
1.81400000 -0.01753555
1.81500000 -0.01746808
1.81600000 -0.01740090
1.81700000 -0.01733402
1.81800000 -0.01726744
1.81900000 -0.01720114
1.82000000 -0.01713514
1.82100000 -0.01706943
1.82200000 -0.01700400
1.82300000 -0.01693886
1.82400000 -0.01687401
1.82500000 -0.01680944
1.82600000 -0.01674515
1.82700000 -0.01668114
1.82800000 -0.01661741
1.82900000 -0.01655396
1.83000000 -0.01649078
1.83100000 -0.01642788
1.83200000 -0.01636526
1.83300000 -0.01630291
1.83400000 -0.01624082
1.83500000 -0.01617901
1.83600000 -0.01611747
1.83700000 -0.01605619
1.83800000 -0.01599518
1.83900000 -0.01593444
1.84000000 -0.01587396
1.84100000 -0.01581374
1.84200000 -0.01575378
1.84300000 -0.01569408
1.84400000 -0.01563464
1.84500000 -0.01557546
1.84600000 -0.01551653
1.84700000 -0.01545786
1.84800000 -0.01539944
1.84900000 -0.01534127
1.85000000 -0.01528335
1.85100000 -0.01522568
1.85200000 -0.01516826
1.85300000 -0.01511109
1.85400000 -0.01505417
1.85500000 -0.01499749
1.85600000 -0.01494105
1.85700000 -0.01488485
1.85800000 -0.01482890
1.85900000 -0.01477319
1.86000000 -0.01471771
1.86100000 -0.01466248
1.86200000 -0.01460748
1.86300000 -0.01455271
1.86400000 -0.01449818
1.86500000 -0.01444389
1.86600000 -0.01438982
1.86700000 -0.01433599
1.86800000 -0.01428239
1.86900000 -0.01422901
1.87000000 -0.01417586
1.87100000 -0.01412294
1.87200000 -0.01407025
1.87300000 -0.01401778
1.87400000 -0.01396553
1.87500000 -0.01391351
1.87600000 -0.01386171
1.87700000 -0.01381012
1.87800000 -0.01375876
1.87900000 -0.01370762
1.88000000 -0.01365669
1.88100000 -0.01360598
1.88200000 -0.01355548
1.88300000 -0.01350520
1.88400000 -0.01345513
1.88500000 -0.01340527
1.88600000 -0.01335562
1.88700000 -0.01330618
1.88800000 -0.01325695
1.88900000 -0.01320793
1.89000000 -0.01315912
1.89100000 -0.01311051
1.89200000 -0.01306211
1.89300000 -0.01301391
1.89400000 -0.01296592
1.89500000 -0.01291812
1.89600000 -0.01287053
1.89700000 -0.01282314
1.89800000 -0.01277595
1.89900000 -0.01272895
1.90000000 -0.01268216
1.90100000 -0.01263556
1.90200000 -0.01258915
1.90300000 -0.01254294
1.90400000 -0.01249693
1.90500000 -0.01245110
1.90600000 -0.01240547
1.90700000 -0.01236003
1.90800000 -0.01231478
1.90900000 -0.01226972
1.91000000 -0.01222484
1.91100000 -0.01218016
1.91200000 -0.01213566
1.91300000 -0.01209134
1.91400000 -0.01204721
1.91500000 -0.01200327
1.91600000 -0.01195951
1.91700000 -0.01191593
1.91800000 -0.01187253
1.91900000 -0.01182931
1.92000000 -0.01178627
1.92100000 -0.01174341
1.92200000 -0.01170073
1.92300000 -0.01165823
1.92400000 -0.01161590
1.92500000 -0.01157375
1.92600000 -0.01153177
1.92700000 -0.01148996
1.92800000 -0.01144833
1.92900000 -0.01140687
1.93000000 -0.01136559
1.93100000 -0.01132447
1.93200000 -0.01128352
1.93300000 -0.01124274
1.93400000 -0.01120213
1.93500000 -0.01116169
1.93600000 -0.01112142
1.93700000 -0.01108131
1.93800000 -0.01104136
1.93900000 -0.01100158
1.94000000 -0.01096197
1.94100000 -0.01092251
1.94200000 -0.01088322
1.94300000 -0.01084409
1.94400000 -0.01080512
1.94500000 -0.01076632
1.94600000 -0.01072767
1.94700000 -0.01068917
1.94800000 -0.01065084
1.94900000 -0.01061266
1.95000000 -0.01057464
1.95100000 -0.01053678
1.95200000 -0.01049907
1.95300000 -0.01046151
1.95400000 -0.01042411
1.95500000 -0.01038686
1.95600000 -0.01034976
1.95700000 -0.01031281
1.95800000 -0.01027602
1.95900000 -0.01023937
1.96000000 -0.01020288
1.96100000 -0.01016653
1.96200000 -0.01013033
1.96300000 -0.01009427
1.96400000 -0.01005837
1.96500000 -0.01002261
1.96600000 -0.00998699
1.96700000 -0.00995152
1.96800000 -0.00991619
1.96900000 -0.00988101
1.97000000 -0.00984597
1.97100000 -0.00981107
1.97200000 -0.00977631
1.97300000 -0.00974169
1.97400000 -0.00970721
1.97500000 -0.00967288
1.97600000 -0.00963868
1.97700000 -0.00960461
1.97800000 -0.00957069
1.97900000 -0.00953690
1.98000000 -0.00950325
1.98100000 -0.00946974
1.98200000 -0.00943636
1.98300000 -0.00940311
1.98400000 -0.00937000
1.98500000 -0.00933702
1.98600000 -0.00930417
1.98700000 -0.00927146
1.98800000 -0.00923887
1.98900000 -0.00920642
1.99000000 -0.00917410
1.99100000 -0.00914191
1.99200000 -0.00910984
1.99300000 -0.00907791
1.99400000 -0.00904610
1.99500000 -0.00901442
1.99600000 -0.00898287
1.99700000 -0.00895144
1.99800000 -0.00892014
1.99900000 -0.00888896
2.00000000 -0.00885791
