0.10000000 142456909986.14215088
0.10100000 125171299968.85516357
0.10200000 110123357831.71388245
0.10300000 97005590994.75717163
0.10400000 85555165513.00991821
0.10500000 75547077261.05096436
0.10600000 66788418801.65419769
0.10700000 59113558022.96847534
0.10800000 52380076837.51564026
0.10900000 46465344574.24335480
0.11000000 41263622273.30872345
0.11100000 36683611805.48565674
0.11200000 32646378303.59194565
0.11300000 29083586392.82420731
0.11400000 25936000609.98544312
0.11500000 23152208588.78830338
0.11600000 20687532368.62188339
0.11700000 18503098808.61660385
0.11800000 16565044762.24800682
0.11900000 14843836557.20004463
0.12000000 13313686567.42002869
0.12100000 11952052371.19167709
0.12200000 10739206252.49581146
0.12300000 9657864698.43334579
0.12400000 8692869135.22701836
0.12500000 7830910480.56961346
0.12600000 7060291213.20368385
0.12700000 6370719606.63885498
0.12800000 5753131571.87420750
0.12900000 5199536227.98934650
0.13000000 4702881889.52500057
0.13100000 4256939642.36089611
0.13200000 3856202089.20974112
0.13300000 3495795193.47984314
0.13400000 3171401445.81066942
0.13500000 2879192829.17166233
0.13600000 2615772272.83799458
0.13700000 2378122468.52810621
0.13800000 2163561078.30614185
0.13900000 1969701497.55707669
0.14000000 1794418450.83674455
0.14100000 1635817796.55503321
0.14200000 1492210000.69399500
0.14300000 1362086812.14552689
0.14400000 1244100734.51318121
0.14500000 1137046942.83287787
0.14600000 1039847339.87839782
0.14700000 951536486.59230804
0.14800000 871249175.62568545
0.14900000 798209446.75085843
0.15000000 731720868.68715107
0.15100000 671157934.21095359
0.15200000 615958434.78749204
0.15300000 565616697.77230752
0.15400000 519677583.83672100
0.15500000 477731154.97440612
0.15600000 439407934.50378692
0.15700000 404374690.11530876
0.15800000 372330679.41430789
0.15900000 343004304.74352694
0.16000000 316150130.47571850
0.16100000 291546221.56825185
0.16200000 268991767.07350791
0.16300000 248304956.59210825
0.16400000 229321081.41936693
0.16500000 211890835.43690172
0.16600000 195878793.70011163
0.16700000 181162049.21939528
0.16800000 167628990.67297494
0.16900000 155178205.76058435
0.17000000 143717496.64362702
0.17100000 133162995.44790302
0.17200000 123438369.15506676
0.17300000 114474104.40076460
0.17400000 106206863.75024818
0.17500000 98578905.95304297
0.17600000 91537563.50170083
0.17700000 85034771.54869978
0.17800000 79026642.88143086
0.17900000 73473084.22782473
0.18000000 68337449.67317891
0.18100000 63586227.41974043
0.18200000 59188756.52125049
0.18300000 55116970.58082036
0.18400000 51345165.71733060
0.18500000 47849790.38755611
0.18600000 44609254.90240496
0.18700000 41603758.69952947
0.18800000 38815133.63422046
0.18900000 36226701.72865944
0.19000000 33823145.97869048
0.19100000 31590392.95941089
0.19200000 29515506.09795217
0.19300000 27586588.59549183
0.19400000 25792695.08227838
0.19500000 24123751.18056877
0.19600000 22570480.23202865
0.19700000 21124336.51935309
0.19800000 19777444.37754259
0.19900000 18522542.64922069
0.20000000 17352933.99132533
0.20100000 16262438.58808338
0.20200000 15245351.86795370
0.20300000 14296405.86070472
0.20400000 13410733.86542649
0.20500000 12583838.13146655
0.20600000 11811560.28237961
0.20700000 11090054.23831330
0.20800000 10415761.41509938
0.20900000 9785387.99893649
0.21000000 9195884.11416417
0.21100000 8644424.71844030
0.21200000 8128392.07482865
0.21300000 7645359.66404067
0.21400000 7193077.41250280
0.21500000 6769458.12316737
0.21600000 6372565.00616836
0.21700000 6000600.21564819
0.21800000 5651894.30744194
0.21900000 5324896.53988590
0.22000000 5018165.94689357
0.22100000 4730363.11868261
0.22200000 4460242.63120250
0.22300000 4206646.07045865
0.22400000 3968495.60260609
0.22500000 3744788.04493729
0.22600000 3534589.39675615
0.22700000 3337029.79264862
0.22800000 3151298.84386365
0.22900000 2976641.33643514
0.23000000 2812353.25733293
0.23100000 2657778.12235307
0.23200000 2512303.58166612
0.23300000 2375358.28095655
0.23400000 2246408.95792482
0.23500000 2124957.75560173
0.23600000 2010539.73545729
0.23700000 1902720.57468654
0.23800000 1801094.43333444
0.23900000 1705281.97809216
0.24000000 1614928.55066708
0.24100000 1529702.46960833
0.24200000 1449293.45536593
0.24300000 1373411.16918238
0.24400000 1301783.85716755
0.24500000 1234157.09159642
0.24600000 1170292.60210133
0.24700000 1109967.19000891
0.24800000 1052971.71960375
0.24900000 999110.18058817
0.25000000 948198.81645501
0.25100000 900065.31390151
0.25200000 854548.04878987
0.25300000 811495.38450702
0.25400000 770765.01889518
0.25500000 732223.37621793
0.25600000 695745.04089654
0.25700000 661212.22999932
0.25800000 628514.30169548
0.25900000 597547.29709520
0.26000000 568213.51309170
0.26100000 540421.10399930
0.26200000 514083.70994639
0.26300000 489120.11013372
0.26400000 465453.89920853
0.26500000 443013.18513391
0.26600000 421730.30705219
0.26700000 401541.57175095
0.26800000 382387.00744176
0.26900000 364210.13365564
0.27000000 346957.74614594
0.27100000 330579.71576920
0.27200000 315028.80038879
0.27300000 300260.46891460
0.27400000 286232.73665519
0.27500000 272906.01121767
0.27600000 260242.94824461
0.27700000 248208.31632755
0.27800000 236768.87048333
0.27900000 225893.23362221
0.28000000 215551.78547711
0.28100000 205716.55849976
0.28200000 196361.14026442
0.28300000 187460.58195113
0.28400000 178991.31251027
0.28500000 170931.05813748
0.28600000 163258.76671338
0.28700000 155954.53688608
0.28800000 148999.55149657
0.28900000 142376.01506711
0.29000000 136067.09509189
0.29100000 130056.86688669
0.29200000 124330.26177066
0.29300000 118873.01836830
0.29400000 113671.63683423
0.29500000 108713.33581609
0.29600000 103986.01198335
0.29700000 99478.20196105
0.29800000 95179.04651828
0.29900000 91078.25687076
0.30000000 87166.08296632
0.30100000 83433.28363057
0.30200000 79871.09845795
0.30300000 76471.22134080
0.30400000 73225.77553609
0.30500000 70127.29017584
0.30600000 67168.67813324
0.30700000 64343.21516230
0.30800000 61644.52023375
0.30900000 59066.53699522
0.31000000 56603.51628794
0.31100000 54249.99965675
0.31200000 52000.80379387
0.31300000 49851.00586105
0.31400000 47795.92963771
0.31500000 45831.13244628
0.31600000 43952.39280885
0.31700000 42155.69879208
0.31800000 40437.23700004
0.31900000 38793.38217699
0.32000000 37220.68738473
0.32100000 35715.87472085
0.32200000 34275.82654682
0.32300000 32897.57719625
0.32400000 31578.30513580
0.32500000 30315.32555269
0.32600000 29106.08334436
0.32700000 27948.14648736
0.32800000 26839.19976398
0.32900000 25777.03882604
0.33000000 24759.56457720
0.33100000 23784.77785531
0.33200000 22850.77439845
0.33300000 21955.74007826
0.33400000 21097.94638608
0.33500000 20275.74615736
0.33600000 19487.56952149
0.33700000 18731.92006427
0.33800000 18007.37119144
0.33900000 17312.56268211
0.34000000 16646.19742165
0.34100000 16007.03830429
0.34200000 15393.90529608
0.34300000 14805.67264944
0.34400000 14241.26626124
0.34500000 13699.66116642
0.34600000 13179.87915996
0.34700000 12680.98654026
0.34800000 12202.09196741
0.34900000 11742.34443016
0.35000000 11300.93131586
0.35100000 10877.07657780
0.35200000 10470.03899482
0.35300000 10079.11051834
0.35400000 9703.61470212
0.35500000 9342.90521040
0.35600000 8996.36440041
0.35700000 8663.40197515
0.35800000 8343.45370304
0.35900000 8035.98020066
0.36000000 7740.46577553
0.36100000 7456.41732576
0.36200000 7183.36329351
0.36300000 6920.85266968
0.36400000 6668.45404707
0.36500000 6425.75471952
0.36600000 6192.35982477
0.36700000 5967.89152876
0.36800000 5751.98824916
0.36900000 5544.30391638
0.37000000 5344.50726994
0.37100000 5152.28118849
0.37200000 4967.32205183
0.37300000 4789.33913331
0.37400000 4618.05402099
0.37500000 4453.20006628
0.37600000 4294.52185858
0.37700000 4141.77472467
0.37800000 3994.72425161
0.37900000 3853.14583200
0.38000000 3716.82423050
0.38100000 3585.55317052
0.38200000 3459.13494022
0.38300000 3337.38001665
0.38400000 3220.10670740
0.38500000 3107.14080872
0.38600000 2998.31527941
0.38700000 2893.46992965
0.38800000 2792.45112412
0.38900000 2695.11149864
0.39000000 2601.30968978
0.39100000 2510.91007672
0.39200000 2423.78253482
0.39300000 2339.80220036
0.39400000 2258.84924588
0.39500000 2180.80866563
0.39600000 2105.57007067
0.39700000 2033.02749313
0.39800000 1963.07919926
0.39900000 1895.62751073
0.40000000 1830.57863396
0.40100000 1767.84249701
0.40200000 1707.33259363
0.40300000 1648.96583427
0.40400000 1592.66240360
0.40500000 1538.34562432
0.40600000 1485.94182691
0.40700000 1435.38022514
0.40800000 1386.59279693
0.40900000 1339.51417046
0.41000000 1294.08151516
0.41100000 1250.23443754
0.41200000 1207.91488136
0.41300000 1167.06703226
0.41400000 1127.63722637
0.41500000 1089.57386296
0.41600000 1052.82732069
0.41700000 1017.34987759
0.41800000 983.09563435
0.41900000 950.02044087
0.42000000 918.08182601
0.42100000 887.23893024
0.42200000 857.45244111
0.42300000 828.68453159
0.42400000 800.89880077
0.42500000 774.06021730
0.42600000 748.13506498
0.42700000 723.09089076
0.42800000 698.89645486
0.42900000 675.52168297
0.43000000 652.93762041
0.43100000 631.11638823
0.43200000 610.03114110
0.43300000 589.65602691
0.43400000 569.96614810
0.43500000 550.93752452
0.43600000 532.54705779
0.43700000 514.77249722
0.43800000 497.59240699
0.43900000 480.98613475
0.44000000 464.93378148
0.44100000 449.41617254
0.44200000 434.41482995
0.44300000 419.91194569
0.44400000 405.89035618
0.44500000 392.33351773
0.44600000 379.22548297
0.44700000 366.55087825
0.44800000 354.29488191
0.44900000 342.44320344
0.45000000 330.98206347
0.45100000 319.89817452
0.45200000 309.17872256
0.45300000 298.81134925
0.45400000 288.78413493
0.45500000 279.08558221
0.45600000 269.70460030
0.45700000 260.63048984
0.45800000 251.85292843
0.45900000 243.36195666
0.46000000 235.14796469
0.46100000 227.20167937
0.46200000 219.51415185
0.46300000 212.07674566
0.46400000 204.88112530
0.46500000 197.91924515
0.46600000 191.18333898
0.46700000 184.66590970
0.46800000 178.35971958
0.46900000 172.25778087
0.47000000 166.35334672
0.47100000 160.63990244
0.47200000 155.11115719
0.47300000 149.76103583
0.47400000 144.58367123
0.47500000 139.57339678
0.47600000 134.72473921
0.47700000 130.03241165
0.47800000 125.49130703
0.47900000 121.09649162
0.48000000 116.84319890
0.48100000 112.72682362
0.48200000 108.74291607
0.48300000 104.88717660
0.48400000 101.15545030
0.48500000 97.54372193
0.48600000 94.04811098
0.48700000 90.66486694
0.48800000 87.39036478
0.48900000 84.22110050
0.49000000 81.15368695
0.49100000 78.18484975
0.49200000 75.31142335
0.49300000 72.53034725
0.49400000 69.83866238
0.49500000 67.23350756
0.49600000 64.71211612
0.49700000 62.27181268
0.49800000 59.91000995
0.49900000 57.62420573
0.50000000 55.41198000
0.50100000 53.27099206
0.50200000 51.19897787
0.50300000 49.19374741
0.50400000 47.25318215
0.50500000 45.37523262
0.50600000 43.55791607
0.50700000 41.79931419
0.50800000 40.09757096
0.50900000 38.45089052
0.51000000 36.85753513
0.51100000 35.31582323
0.51200000 33.82412756
0.51300000 32.38087331
0.51400000 30.98453637
0.51500000 29.63364163
0.51600000 28.32676136
0.51700000 27.06251360
0.51800000 25.83956067
0.51900000 24.65660765
0.52000000 23.51240101
0.52100000 22.40572719
0.52200000 21.33541133
0.52300000 20.30031593
0.52400000 19.29933967
0.52500000 18.33141617
0.52600000 17.39551288
0.52700000 16.49062994
0.52800000 15.61579915
0.52900000 14.77008285
0.53000000 13.95257302
0.53100000 13.16239024
0.53200000 12.39868278
0.53300000 11.66062571
0.53400000 10.94742002
0.53500000 10.25829176
0.53600000 9.59249125
0.53700000 8.94929229
0.53800000 8.32799140
0.53900000 7.72790708
0.54000000 7.14837910
0.54100000 6.58876782
0.54200000 6.04845355
0.54300000 5.52683585
0.54400000 5.02333297
0.54500000 4.53738125
0.54600000 4.06843448
0.54700000 3.61596343
0.54800000 3.17945523
0.54900000 2.75841289
0.55000000 2.35235480
0.55100000 1.96081422
0.55200000 1.58333882
0.55300000 1.21949022
0.55400000 0.86884354
0.55500000 0.53098699
0.55600000 0.20552145
0.55700000 -0.10793992
0.55800000 -0.40977211
0.55900000 -0.70033856
0.56000000 -0.97999160
0.56100000 -1.24907272
0.56200000 -1.50791299
0.56300000 -1.75683332
0.56400000 -1.99614482
0.56500000 -2.22614909
0.56600000 -2.44713849
0.56700000 -2.65939650
0.56800000 -2.86319791
0.56900000 -3.05880915
0.57000000 -3.24648853
0.57100000 -3.42648649
0.57200000 -3.59904584
0.57300000 -3.76440201
0.57400000 -3.92278327
0.57500000 -4.07441095
0.57600000 -4.21949965
0.57700000 -4.35825745
0.57800000 -4.49088611
0.57900000 -4.61758130
0.58000000 -4.73853270
0.58100000 -4.85392429
0.58200000 -4.96393443
0.58300000 -5.06873610
0.58400000 -5.16849703
0.58500000 -5.26337988
0.58600000 -5.35354236
0.58700000 -5.43913742
0.58800000 -5.52031339
0.58900000 -5.59721409
0.59000000 -5.66997900
0.59100000 -5.73874338
0.59200000 -5.80363839
0.59300000 -5.86479122
0.59400000 -5.92232523
0.59500000 -5.97636002
0.59600000 -6.02701160
0.59700000 -6.07439246
0.59800000 -6.11861167
0.59900000 -6.15977501
0.60000000 -6.19798508
0.60100000 -6.23334135
0.60200000 -6.26594028
0.60300000 -6.29587541
0.60400000 -6.32323746
0.60500000 -6.34811439
0.60600000 -6.37059149
0.60700000 -6.39075148
0.60800000 -6.40867455
0.60900000 -6.42443849
0.61000000 -6.43811869
0.61100000 -6.44978828
0.61200000 -6.45951815
0.61300000 -6.46737705
0.61400000 -6.47343163
0.61500000 -6.47774651
0.61600000 -6.48038434
0.61700000 -6.48140588
0.61800000 -6.48087002
0.61900000 -6.47883385
0.62000000 -6.47535272
0.62100000 -6.47048031
0.62200000 -6.46426861
0.62300000 -6.45676807
0.62400000 -6.44802755
0.62500000 -6.43809445
0.62600000 -6.42701467
0.62700000 -6.41483275
0.62800000 -6.40159181
0.62900000 -6.38733366
0.63000000 -6.37209884
0.63100000 -6.35592661
0.63200000 -6.33885502
0.63300000 -6.32092095
0.63400000 -6.30216013
0.63500000 -6.28260718
0.63600000 -6.26229563
0.63700000 -6.24125799
0.63800000 -6.21952574
0.63900000 -6.19712937
0.64000000 -6.17409843
0.64100000 -6.15046152
0.64200000 -6.12624636
0.64300000 -6.10147979
0.64400000 -6.07618780
0.64500000 -6.05039555
0.64600000 -6.02412742
0.64700000 -5.99740700
0.64800000 -5.97025713
0.64900000 -5.94269993
0.65000000 -5.91475679
0.65100000 -5.88644844
0.65200000 -5.85779492
0.65300000 -5.82881564
0.65400000 -5.79952936
0.65500000 -5.76995426
0.65600000 -5.74010790
0.65700000 -5.71000728
0.65800000 -5.67966885
0.65900000 -5.64910849
0.66000000 -5.61834159
0.66100000 -5.58738301
0.66200000 -5.55624713
0.66300000 -5.52494782
0.66400000 -5.49349852
0.66500000 -5.46191221
0.66600000 -5.43020141
0.66700000 -5.39837824
0.66800000 -5.36645440
0.66900000 -5.33444118
0.67000000 -5.30234950
0.67100000 -5.27018988
0.67200000 -5.23797250
0.67300000 -5.20570716
0.67400000 -5.17340334
0.67500000 -5.14107016
0.67600000 -5.10871644
0.67700000 -5.07635067
0.67800000 -5.04398104
0.67900000 -5.01161544
0.68000000 -4.97926149
0.68100000 -4.94692651
0.68200000 -4.91461756
0.68300000 -4.88234144
0.68400000 -4.85010470
0.68500000 -4.81791362
0.68600000 -4.78577427
0.68700000 -4.75369248
0.68800000 -4.72167383
0.68900000 -4.68972373
0.69000000 -4.65784734
0.69100000 -4.62604962
0.69200000 -4.59433536
0.69300000 -4.56270911
0.69400000 -4.53117528
0.69500000 -4.49973807
0.69600000 -4.46840151
0.69700000 -4.43716947
0.69800000 -4.40604564
0.69900000 -4.37503356
0.70000000 -4.34413662
0.70100000 -4.31335805
0.70200000 -4.28270094
0.70300000 -4.25216822
0.70400000 -4.22176272
0.70500000 -4.19148711
0.70600000 -4.16134393
0.70700000 -4.13133563
0.70800000 -4.10146449
0.70900000 -4.07173271
0.71000000 -4.04214236
0.71100000 -4.01269542
0.71200000 -3.98339374
0.71300000 -3.95423907
0.71400000 -3.92523309
0.71500000 -3.89637735
0.71600000 -3.86767332
0.71700000 -3.83912238
0.71800000 -3.81072584
0.71900000 -3.78248488
0.72000000 -3.75440065
0.72100000 -3.72647420
0.72200000 -3.69870649
0.72300000 -3.67109843
0.72400000 -3.64365083
0.72500000 -3.61636448
0.72600000 -3.58924004
0.72700000 -3.56227816
0.72800000 -3.53547940
0.72900000 -3.50884427
0.73000000 -3.48237320
0.73100000 -3.45606661
0.73200000 -3.42992481
0.73300000 -3.40394810
0.73400000 -3.37813672
0.73500000 -3.35249084
0.73600000 -3.32701062
0.73700000 -3.30169613
0.73800000 -3.27654744
0.73900000 -3.25156455
0.74000000 -3.22674742
0.74100000 -3.20209599
0.74200000 -3.17761014
0.74300000 -3.15328974
0.74400000 -3.12913459
0.74500000 -3.10514448
0.74600000 -3.08131918
0.74700000 -3.05765838
0.74800000 -3.03416180
0.74900000 -3.01082909
0.75000000 -2.98765988
0.75100000 -2.96465379
0.75200000 -2.94181039
0.75300000 -2.91912924
0.75400000 -2.89660989
0.75500000 -2.87425183
0.75600000 -2.85205455
0.75700000 -2.83001754
0.75800000 -2.80814023
0.75900000 -2.78642205
0.76000000 -2.76486242
0.76100000 -2.74346074
0.76200000 -2.72221637
0.76300000 -2.70112867
0.76400000 -2.68019701
0.76500000 -2.65942070
0.76600000 -2.63879906
0.76700000 -2.61833140
0.76800000 -2.59801702
0.76900000 -2.57785518
0.77000000 -2.55784517
0.77100000 -2.53798623
0.77200000 -2.51827762
0.77300000 -2.49871857
0.77400000 -2.47930832
0.77500000 -2.46004608
0.77600000 -2.44093106
0.77700000 -2.42196248
0.77800000 -2.40313953
0.77900000 -2.38446140
0.78000000 -2.36592728
0.78100000 -2.34753634
0.78200000 -2.32928776
0.78300000 -2.31118072
0.78400000 -2.29321436
0.78500000 -2.27538786
0.78600000 -2.25770037
0.78700000 -2.24015104
0.78800000 -2.22273902
0.78900000 -2.20546346
0.79000000 -2.18832351
0.79100000 -2.17131830
0.79200000 -2.15444697
0.79300000 -2.13770867
0.79400000 -2.12110253
0.79500000 -2.10462768
0.79600000 -2.08828326
0.79700000 -2.07206841
0.79800000 -2.05598226
0.79900000 -2.04002393
0.80000000 -2.02419258
0.80100000 -2.00848732
0.80200000 -1.99290730
0.80300000 -1.97745164
0.80400000 -1.96211949
0.80500000 -1.94690998
0.80600000 -1.93182226
0.80700000 -1.91685545
0.80800000 -1.90200870
0.80900000 -1.88728115
0.81000000 -1.87267195
0.81100000 -1.85818024
0.81200000 -1.84380518
0.81300000 -1.82954591
0.81400000 -1.81540159
0.81500000 -1.80137137
0.81600000 -1.78745441
0.81700000 -1.77364987
0.81800000 -1.75995692
0.81900000 -1.74637473
0.82000000 -1.73290246
0.82100000 -1.71953928
0.82200000 -1.70628438
0.82300000 -1.69313693
0.82400000 -1.68009612
0.82500000 -1.66716113
0.82600000 -1.65433116
0.82700000 -1.64160539
0.82800000 -1.62898303
0.82900000 -1.61646328
0.83000000 -1.60404534
0.83100000 -1.59172843
0.83200000 -1.57951174
0.83300000 -1.56739452
0.83400000 -1.55537596
0.83500000 -1.54345530
0.83600000 -1.53163178
0.83700000 -1.51990461
0.83800000 -1.50827305
0.83900000 -1.49673633
0.84000000 -1.48529370
0.84100000 -1.47394440
0.84200000 -1.46268771
0.84300000 -1.45152287
0.84400000 -1.44044915
0.84500000 -1.42946582
0.84600000 -1.41857215
0.84700000 -1.40776742
0.84800000 -1.39705091
0.84900000 -1.38642190
0.85000000 -1.37587970
0.85100000 -1.36542359
0.85200000 -1.35505287
0.85300000 -1.34476686
0.85400000 -1.33456485
0.85500000 -1.32444617
0.85600000 -1.31441012
0.85700000 -1.30445604
0.85800000 -1.29458325
0.85900000 -1.28479109
0.86000000 -1.27507889
0.86100000 -1.26544599
0.86200000 -1.25589174
0.86300000 -1.24641549
0.86400000 -1.23701659
0.86500000 -1.22769441
0.86600000 -1.21844831
0.86700000 -1.20927766
0.86800000 -1.20018183
0.86900000 -1.19116020
0.87000000 -1.18221215
0.87100000 -1.17333708
0.87200000 -1.16453437
0.87300000 -1.15580341
0.87400000 -1.14714361
0.87500000 -1.13855438
0.87600000 -1.13003513
0.87700000 -1.12158526
0.87800000 -1.11320420
0.87900000 -1.10489137
0.88000000 -1.09664620
0.88100000 -1.08846812
0.88200000 -1.08035656
0.88300000 -1.07231098
0.88400000 -1.06433080
0.88500000 -1.05641549
0.88600000 -1.04856449
0.88700000 -1.04077726
0.88800000 -1.03305327
0.88900000 -1.02539198
0.89000000 -1.01779287
0.89100000 -1.01025540
0.89200000 -1.00277906
0.89300000 -0.99536332
0.89400000 -0.98800769
0.89500000 -0.98071164
0.89600000 -0.97347468
0.89700000 -0.96629630
0.89800000 -0.95917601
0.89900000 -0.95211331
0.90000000 -0.94510772
0.90100000 -0.93815876
0.90200000 -0.93126593
0.90300000 -0.92442878
0.90400000 -0.91764681
0.90500000 -0.91091957
0.90600000 -0.90424660
0.90700000 -0.89762742
0.90800000 -0.89106158
0.90900000 -0.88454864
0.91000000 -0.87808813
0.91100000 -0.87167962
0.91200000 -0.86532266
0.91300000 -0.85901681
0.91400000 -0.85276164
0.91500000 -0.84655672
0.91600000 -0.84040162
0.91700000 -0.83429592
0.91800000 -0.82823919
0.91900000 -0.82223103
0.92000000 -0.81627101
0.92100000 -0.81035873
0.92200000 -0.80449378
0.92300000 -0.79867576
0.92400000 -0.79290426
0.92500000 -0.78717890
0.92600000 -0.78149928
0.92700000 -0.77586501
0.92800000 -0.77027571
0.92900000 -0.76473098
0.93000000 -0.75923047
0.93100000 -0.75377378
0.93200000 -0.74836054
0.93300000 -0.74299039
0.93400000 -0.73766295
0.93500000 -0.73237788
0.93600000 -0.72713479
0.93700000 -0.72193335
0.93800000 -0.71677318
0.93900000 -0.71165395
0.94000000 -0.70657531
0.94100000 -0.70153690
0.94200000 -0.69653840
0.94300000 -0.69157945
0.94400000 -0.68665972
0.94500000 -0.68177889
0.94600000 -0.67693662
0.94700000 -0.67213257
0.94800000 -0.66736644
0.94900000 -0.66263789
0.95000000 -0.65794661
0.95100000 -0.65329228
0.95200000 -0.64867459
0.95300000 -0.64409322
0.95400000 -0.63954788
0.95500000 -0.63503825
0.95600000 -0.63056403
0.95700000 -0.62612492
0.95800000 -0.62172062
0.95900000 -0.61735085
0.96000000 -0.61301530
0.96100000 -0.60871370
0.96200000 -0.60444574
0.96300000 -0.60021115
0.96400000 -0.59600964
0.96500000 -0.59184094
0.96600000 -0.58770477
0.96700000 -0.58360085
0.96800000 -0.57952891
0.96900000 -0.57548869
0.97000000 -0.57147990
0.97100000 -0.56750230
0.97200000 -0.56355561
0.97300000 -0.55963958
0.97400000 -0.55575394
0.97500000 -0.55189844
0.97600000 -0.54807284
0.97700000 -0.54427686
0.97800000 -0.54051028
0.97900000 -0.53677284
0.98000000 -0.53306429
0.98100000 -0.52938439
0.98200000 -0.52573290
0.98300000 -0.52210959
0.98400000 -0.51851421
0.98500000 -0.51494654
0.98600000 -0.51140634
0.98700000 -0.50789337
0.98800000 -0.50440742
0.98900000 -0.50094826
0.99000000 -0.49751566
0.99100000 -0.49410939
0.99200000 -0.49072925
0.99300000 -0.48737501
0.99400000 -0.48404645
0.99500000 -0.48074336
0.99600000 -0.47746553
0.99700000 -0.47421275
0.99800000 -0.47098481
0.99900000 -0.46778149
1.00000000 -0.46460261
1.00100000 -0.46144794
1.00200000 -0.45831730
1.00300000 -0.45521048
1.00400000 -0.45212728
1.00500000 -0.44906751
1.00600000 -0.44603098
1.00700000 -0.44301748
1.00800000 -0.44002683
1.00900000 -0.43705884
1.01000000 -0.43411332
1.01100000 -0.43119009
1.01200000 -0.42828896
1.01300000 -0.42540974
1.01400000 -0.42255227
1.01500000 -0.41971635
1.01600000 -0.41690181
1.01700000 -0.41410847
1.01800000 -0.41133616
1.01900000 -0.40858470
1.02000000 -0.40585392
1.02100000 -0.40314366
1.02200000 -0.40045374
1.02300000 -0.39778399
1.02400000 -0.39513426
1.02500000 -0.39250437
1.02600000 -0.38989416
1.02700000 -0.38730347
1.02800000 -0.38473214
1.02900000 -0.38218001
1.03000000 -0.37964693
1.03100000 -0.37713273
1.03200000 -0.37463727
1.03300000 -0.37216038
1.03400000 -0.36970193
1.03500000 -0.36726175
1.03600000 -0.36483970
1.03700000 -0.36243563
1.03800000 -0.36004939
1.03900000 -0.35768084
1.04000000 -0.35532983
1.04100000 -0.35299623
1.04200000 -0.35067988
1.04300000 -0.34838065
1.04400000 -0.34609841
1.04500000 -0.34383300
1.04600000 -0.34158430
1.04700000 -0.33935216
1.04800000 -0.33713646
1.04900000 -0.33493707
1.05000000 -0.33275384
1.05100000 -0.33058665
1.05200000 -0.32843537
1.05300000 -0.32629987
1.05400000 -0.32418002
1.05500000 -0.32207569
1.05600000 -0.31998677
1.05700000 -0.31791313
1.05800000 -0.31585464
1.05900000 -0.31381118
1.06000000 -0.31178262
1.06100000 -0.30976886
1.06200000 -0.30776978
1.06300000 -0.30578524
1.06400000 -0.30381514
1.06500000 -0.30185936
1.06600000 -0.29991779
1.06700000 -0.29799031
1.06800000 -0.29607681
1.06900000 -0.29417718
1.07000000 -0.29229130
1.07100000 -0.29041907
1.07200000 -0.28856037
1.07300000 -0.28671511
1.07400000 -0.28488316
1.07500000 -0.28306443
1.07600000 -0.28125882
1.07700000 -0.27946621
1.07800000 -0.27768650
1.07900000 -0.27591959
1.08000000 -0.27416537
1.08100000 -0.27242376
1.08200000 -0.27069464
1.08300000 -0.26897792
1.08400000 -0.26727350
1.08500000 -0.26558129
1.08600000 -0.26390118
1.08700000 -0.26223307
1.08800000 -0.26057689
1.08900000 -0.25893252
1.09000000 -0.25729988
1.09100000 -0.25567888
1.09200000 -0.25406942
1.09300000 -0.25247141
1.09400000 -0.25088476
1.09500000 -0.24930939
1.09600000 -0.24774520
1.09700000 -0.24619210
1.09800000 -0.24465002
1.09900000 -0.24311886
1.10000000 -0.24159853
1.10100000 -0.24008895
1.10200000 -0.23859005
1.10300000 -0.23710172
1.10400000 -0.23562390
1.10500000 -0.23415650
1.10600000 -0.23269943
1.10700000 -0.23125263
1.10800000 -0.22981600
1.10900000 -0.22838946
1.11000000 -0.22697295
1.11100000 -0.22556638
1.11200000 -0.22416967
1.11300000 -0.22278274
1.11400000 -0.22140553
1.11500000 -0.22003796
1.11600000 -0.21867994
1.11700000 -0.21733141
1.11800000 -0.21599230
1.11900000 -0.21466252
1.12000000 -0.21334201
1.12100000 -0.21203070
1.12200000 -0.21072852
1.12300000 -0.20943539
1.12400000 -0.20815124
1.12500000 -0.20687601
1.12600000 -0.20560963
1.12700000 -0.20435202
1.12800000 -0.20310313
1.12900000 -0.20186288
1.13000000 -0.20063121
1.13100000 -0.19940805
1.13200000 -0.19819333
1.13300000 -0.19698700
1.13400000 -0.19578899
1.13500000 -0.19459923
1.13600000 -0.19341766
1.13700000 -0.19224422
1.13800000 -0.19107885
1.13900000 -0.18992148
1.14000000 -0.18877205
1.14100000 -0.18763051
1.14200000 -0.18649679
1.14300000 -0.18537083
1.14400000 -0.18425258
1.14500000 -0.18314197
1.14600000 -0.18203895
1.14700000 -0.18094345
1.14800000 -0.17985544
1.14900000 -0.17877483
1.15000000 -0.17770159
1.15100000 -0.17663565
1.15200000 -0.17557696
1.15300000 -0.17452547
1.15400000 -0.17348111
1.15500000 -0.17244384
1.15600000 -0.17141360
1.15700000 -0.17039034
1.15800000 -0.16937401
1.15900000 -0.16836455
1.16000000 -0.16736191
1.16100000 -0.16636605
1.16200000 -0.16537691
1.16300000 -0.16439443
1.16400000 -0.16341858
1.16500000 -0.16244930
1.16600000 -0.16148654
1.16700000 -0.16053025
1.16800000 -0.15958038
1.16900000 -0.15863689
1.17000000 -0.15769973
1.17100000 -0.15676885
1.17200000 -0.15584420
1.17300000 -0.15492574
1.17400000 -0.15401343
1.17500000 -0.15310721
1.17600000 -0.15220704
1.17700000 -0.15131287
1.17800000 -0.15042467
1.17900000 -0.14954238
1.18000000 -0.14866596
1.18100000 -0.14779538
1.18200000 -0.14693058
1.18300000 -0.14607152
1.18400000 -0.14521817
1.18500000 -0.14437047
1.18600000 -0.14352839
1.18700000 -0.14269188
1.18800000 -0.14186091
1.18900000 -0.14103543
1.19000000 -0.14021541
1.19100000 -0.13940080
1.19200000 -0.13859156
1.19300000 -0.13778765
1.19400000 -0.13698904
1.19500000 -0.13619569
1.19600000 -0.13540755
1.19700000 -0.13462459
1.19800000 -0.13384677
1.19900000 -0.13307405
1.20000000 -0.13230640
1.20100000 -0.13154378
1.20200000 -0.13078615
1.20300000 -0.13003348
1.20400000 -0.12928572
1.20500000 -0.12854285
1.20600000 -0.12780483
1.20700000 -0.12707162
1.20800000 -0.12634319
1.20900000 -0.12561950
1.21000000 -0.12490052
1.21100000 -0.12418621
1.21200000 -0.12347655
1.21300000 -0.12277149
1.21400000 -0.12207100
1.21500000 -0.12137506
1.21600000 -0.12068362
1.21700000 -0.11999666
1.21800000 -0.11931414
1.21900000 -0.11863603
1.22000000 -0.11796230
1.22100000 -0.11729292
1.22200000 -0.11662785
1.22300000 -0.11596707
1.22400000 -0.11531054
1.22500000 -0.11465824
1.22600000 -0.11401013
1.22700000 -0.11336618
1.22800000 -0.11272637
1.22900000 -0.11209066
1.23000000 -0.11145902
1.23100000 -0.11083143
1.23200000 -0.11020786
1.23300000 -0.10958827
1.23400000 -0.10897265
1.23500000 -0.10836095
1.23600000 -0.10775316
1.23700000 -0.10714924
1.23800000 -0.10654917
1.23900000 -0.10595292
1.24000000 -0.10536046
1.24100000 -0.10477177
1.24200000 -0.10418682
1.24300000 -0.10360558
1.24400000 -0.10302803
1.24500000 -0.10245413
1.24600000 -0.10188387
1.24700000 -0.10131723
1.24800000 -0.10075416
1.24900000 -0.10019465
1.25000000 -0.09963868
1.25100000 -0.09908621
1.25200000 -0.09853722
1.25300000 -0.09799170
1.25400000 -0.09744961
1.25500000 -0.09691093
1.25600000 -0.09637563
1.25700000 -0.09584370
1.25800000 -0.09531510
1.25900000 -0.09478983
1.26000000 -0.09426784
1.26100000 -0.09374912
1.26200000 -0.09323365
1.26300000 -0.09272141
1.26400000 -0.09221236
1.26500000 -0.09170649
1.26600000 -0.09120378
1.26700000 -0.09070420
1.26800000 -0.09020774
1.26900000 -0.08971437
1.27000000 -0.08922406
1.27100000 -0.08873681
1.27200000 -0.08825258
1.27300000 -0.08777136
1.27400000 -0.08729312
1.27500000 -0.08681785
1.27600000 -0.08634552
1.27700000 -0.08587611
1.27800000 -0.08540961
1.27900000 -0.08494599
1.28000000 -0.08448523
1.28100000 -0.08402732
1.28200000 -0.08357223
1.28300000 -0.08311994
1.28400000 -0.08267044
1.28500000 -0.08222371
1.28600000 -0.08177972
1.28700000 -0.08133846
1.28800000 -0.08089991
1.28900000 -0.08046406
1.29000000 -0.08003087
1.29100000 -0.07960033
1.29200000 -0.07917244
1.29300000 -0.07874716
1.29400000 -0.07832448
1.29500000 -0.07790438
1.29600000 -0.07748684
1.29700000 -0.07707186
1.29800000 -0.07665940
1.29900000 -0.07624945
1.30000000 -0.07584200
1.30100000 -0.07543703
1.30200000 -0.07503452
1.30300000 -0.07463445
1.30400000 -0.07423681
1.30500000 -0.07384158
1.30600000 -0.07344875
1.30700000 -0.07305829
1.30800000 -0.07267020
1.30900000 -0.07228446
1.31000000 -0.07190104
1.31100000 -0.07151994
1.31200000 -0.07114115
1.31300000 -0.07076463
1.31400000 -0.07039038
1.31500000 -0.07001839
1.31600000 -0.06964863
1.31700000 -0.06928110
1.31800000 -0.06891577
1.31900000 -0.06855264
1.32000000 -0.06819169
1.32100000 -0.06783290
1.32200000 -0.06747626
1.32300000 -0.06712175
1.32400000 -0.06676937
1.32500000 -0.06641909
1.32600000 -0.06607090
1.32700000 -0.06572479
1.32800000 -0.06538075
1.32900000 -0.06503875
1.33000000 -0.06469880
1.33100000 -0.06436086
1.33200000 -0.06402494
1.33300000 -0.06369101
1.33400000 -0.06335907
1.33500000 -0.06302910
1.33600000 -0.06270108
1.33700000 -0.06237501
1.33800000 -0.06205086
1.33900000 -0.06172864
1.34000000 -0.06140832
1.34100000 -0.06108990
1.34200000 -0.06077335
1.34300000 -0.06045868
1.34400000 -0.06014586
1.34500000 -0.05983488
1.34600000 -0.05952573
1.34700000 -0.05921840
1.34800000 -0.05891288
1.34900000 -0.05860916
1.35000000 -0.05830722
1.35100000 -0.05800705
1.35200000 -0.05770864
1.35300000 -0.05741198
1.35400000 -0.05711705
1.35500000 -0.05682385
1.35600000 -0.05653237
1.35700000 -0.05624259
1.35800000 -0.05595450
1.35900000 -0.05566809
1.36000000 -0.05538335
1.36100000 -0.05510027
1.36200000 -0.05481884
1.36300000 -0.05453905
1.36400000 -0.05426088
1.36500000 -0.05398433
1.36600000 -0.05370938
1.36700000 -0.05343603
1.36800000 -0.05316427
1.36900000 -0.05289408
1.37000000 -0.05262545
1.37100000 -0.05235838
1.37200000 -0.05209285
1.37300000 -0.05182886
1.37400000 -0.05156639
1.37500000 -0.05130543
1.37600000 -0.05104598
1.37700000 -0.05078803
1.37800000 -0.05053156
1.37900000 -0.05027656
1.38000000 -0.05002303
1.38100000 -0.04977096
1.38200000 -0.04952033
1.38300000 -0.04927115
1.38400000 -0.04902339
1.38500000 -0.04877705
1.38600000 -0.04853212
1.38700000 -0.04828859
1.38800000 -0.04804646
1.38900000 -0.04780571
1.39000000 -0.04756633
1.39100000 -0.04732832
1.39200000 -0.04709167
1.39300000 -0.04685636
1.39400000 -0.04662240
1.39500000 -0.04638976
1.39600000 -0.04615845
1.39700000 -0.04592845
1.39800000 -0.04569976
1.39900000 -0.04547237
1.40000000 -0.04524627
1.40100000 -0.04502144
1.40200000 -0.04479789
1.40300000 -0.04457561
1.40400000 -0.04435458
1.40500000 -0.04413480
1.40600000 -0.04391626
1.40700000 -0.04369896
1.40800000 -0.04348288
1.40900000 -0.04326802
1.41000000 -0.04305437
1.41100000 -0.04284192
1.41200000 -0.04263066
1.41300000 -0.04242060
1.41400000 -0.04221171
1.41500000 -0.04200400
1.41600000 -0.04179745
1.41700000 -0.04159205
1.41800000 -0.04138781
1.41900000 -0.04118471
1.42000000 -0.04098275
1.42100000 -0.04078192
1.42200000 -0.04058221
1.42300000 -0.04038361
1.42400000 -0.04018612
1.42500000 -0.03998973
1.42600000 -0.03979444
1.42700000 -0.03960023
1.42800000 -0.03940710
1.42900000 -0.03921505
1.43000000 -0.03902406
1.43100000 -0.03883414
1.43200000 -0.03864526
1.43300000 -0.03845744
1.43400000 -0.03827065
1.43500000 -0.03808490
1.43600000 -0.03790018
1.43700000 -0.03771648
1.43800000 -0.03753379
1.43900000 -0.03735211
1.44000000 -0.03717144
1.44100000 -0.03699176
1.44200000 -0.03681307
1.44300000 -0.03663537
1.44400000 -0.03645864
1.44500000 -0.03628289
1.44600000 -0.03610810
1.44700000 -0.03593427
1.44800000 -0.03576139
1.44900000 -0.03558947
1.45000000 -0.03541848
1.45100000 -0.03524843
1.45200000 -0.03507932
1.45300000 -0.03491113
1.45400000 -0.03474385
1.45500000 -0.03457749
1.45600000 -0.03441204
1.45700000 -0.03424750
1.45800000 -0.03408384
1.45900000 -0.03392109
1.46000000 -0.03375921
1.46100000 -0.03359822
1.46200000 -0.03343810
1.46300000 -0.03327886
1.46400000 -0.03312047
1.46500000 -0.03296295
1.46600000 -0.03280628
1.46700000 -0.03265046
1.46800000 -0.03249549
1.46900000 -0.03234135
1.47000000 -0.03218805
1.47100000 -0.03203557
1.47200000 -0.03188392
1.47300000 -0.03173309
1.47400000 -0.03158307
1.47500000 -0.03143386
1.47600000 -0.03128546
1.47700000 -0.03113785
1.47800000 -0.03099104
1.47900000 -0.03084501
1.48000000 -0.03069977
1.48100000 -0.03055531
1.48200000 -0.03041163
1.48300000 -0.03026872
1.48400000 -0.03012657
1.48500000 -0.02998518
1.48600000 -0.02984455
1.48700000 -0.02970468
1.48800000 -0.02956555
1.48900000 -0.02942716
1.49000000 -0.02928951
1.49100000 -0.02915260
1.49200000 -0.02901641
1.49300000 -0.02888095
1.49400000 -0.02874622
1.49500000 -0.02861220
1.49600000 -0.02847889
1.49700000 -0.02834629
1.49800000 -0.02821439
1.49900000 -0.02808320
1.50000000 -0.02795270
1.50100000 -0.02782289
1.50200000 -0.02769377
1.50300000 -0.02756533
1.50400000 -0.02743758
1.50500000 -0.02731049
1.50600000 -0.02718408
1.50700000 -0.02705834
1.50800000 -0.02693326
1.50900000 -0.02680884
1.51000000 -0.02668507
1.51100000 -0.02656196
1.51200000 -0.02643949
1.51300000 -0.02631767
1.51400000 -0.02619649
1.51500000 -0.02607594
1.51600000 -0.02595603
1.51700000 -0.02583675
1.51800000 -0.02571809
1.51900000 -0.02560005
1.52000000 -0.02548264
1.52100000 -0.02536583
1.52200000 -0.02524964
1.52300000 -0.02513405
1.52400000 -0.02501907
1.52500000 -0.02490468
1.52600000 -0.02479090
1.52700000 -0.02467770
1.52800000 -0.02456510
1.52900000 -0.02445308
1.53000000 -0.02434165
1.53100000 -0.02423079
1.53200000 -0.02412051
1.53300000 -0.02401080
1.53400000 -0.02390166
1.53500000 -0.02379309
1.53600000 -0.02368508
1.53700000 -0.02357763
1.53800000 -0.02347074
1.53900000 -0.02336439
1.54000000 -0.02325860
1.54100000 -0.02315336
1.54200000 -0.02304865
1.54300000 -0.02294449
1.54400000 -0.02284087
1.54500000 -0.02273778
1.54600000 -0.02263522
1.54700000 -0.02253318
1.54800000 -0.02243167
1.54900000 -0.02233069
1.55000000 -0.02223022
1.55100000 -0.02213027
1.55200000 -0.02203083
1.55300000 -0.02193190
1.55400000 -0.02183348
1.55500000 -0.02173556
1.55600000 -0.02163814
1.55700000 -0.02154122
1.55800000 -0.02144479
1.55900000 -0.02134886
1.56000000 -0.02125342
1.56100000 -0.02115846
1.56200000 -0.02106399
1.56300000 -0.02097000
1.56400000 -0.02087649
1.56500000 -0.02078345
1.56600000 -0.02069089
1.56700000 -0.02059880
1.56800000 -0.02050717
1.56900000 -0.02041601
1.57000000 -0.02032531
1.57100000 -0.02023507
1.57200000 -0.02014529
1.57300000 -0.02005596
1.57400000 -0.01996709
1.57500000 -0.01987866
1.57600000 -0.01979069
1.57700000 -0.01970315
1.57800000 -0.01961606
1.57900000 -0.01952940
1.58000000 -0.01944319
1.58100000 -0.01935741
1.58200000 -0.01927205
1.58300000 -0.01918713
1.58400000 -0.01910264
1.58500000 -0.01901857
1.58600000 -0.01893492
1.58700000 -0.01885169
1.58800000 -0.01876888
1.58900000 -0.01868649
1.59000000 -0.01860451
1.59100000 -0.01852293
1.59200000 -0.01844177
1.59300000 -0.01836101
1.59400000 -0.01828066
1.59500000 -0.01820070
1.59600000 -0.01812115
1.59700000 -0.01804199
1.59800000 -0.01796323
1.59900000 -0.01788485
1.60000000 -0.01780687
1.60100000 -0.01772928
1.60200000 -0.01765207
1.60300000 -0.01757525
1.60400000 -0.01749881
1.60500000 -0.01742275
1.60600000 -0.01734706
1.60700000 -0.01727175
1.60800000 -0.01719681
1.60900000 -0.01712225
1.61000000 -0.01704805
1.61100000 -0.01697422
1.61200000 -0.01690076
1.61300000 -0.01682765
1.61400000 -0.01675491
1.61500000 -0.01668253
1.61600000 -0.01661050
1.61700000 -0.01653883
1.61800000 -0.01646751
1.61900000 -0.01639655
1.62000000 -0.01632593
1.62100000 -0.01625566
1.62200000 -0.01618573
1.62300000 -0.01611615
1.62400000 -0.01604691
1.62500000 -0.01597800
1.62600000 -0.01590944
1.62700000 -0.01584121
1.62800000 -0.01577332
1.62900000 -0.01570575
1.63000000 -0.01563852
1.63100000 -0.01557162
1.63200000 -0.01550504
1.63300000 -0.01543879
1.63400000 -0.01537286
1.63500000 -0.01530725
1.63600000 -0.01524196
1.63700000 -0.01517699
1.63800000 -0.01511234
1.63900000 -0.01504800
1.64000000 -0.01498397
1.64100000 -0.01492025
1.64200000 -0.01485684
1.64300000 -0.01479374
1.64400000 -0.01473095
1.64500000 -0.01466846
1.64600000 -0.01460627
1.64700000 -0.01454439
1.64800000 -0.01448280
1.64900000 -0.01442151
1.65000000 -0.01436051
1.65100000 -0.01429982
1.65200000 -0.01423941
1.65300000 -0.01417929
1.65400000 -0.01411947
1.65500000 -0.01405993
1.65600000 -0.01400068
1.65700000 -0.01394171
1.65800000 -0.01388303
1.65900000 -0.01382463
1.66000000 -0.01376651
1.66100000 -0.01370867
1.66200000 -0.01365110
1.66300000 -0.01359382
1.66400000 -0.01353680
1.66500000 -0.01348006
1.66600000 -0.01342359
1.66700000 -0.01336739
1.66800000 -0.01331146
1.66900000 -0.01325580
1.67000000 -0.01320040
1.67100000 -0.01314526
1.67200000 -0.01309039
1.67300000 -0.01303578
1.67400000 -0.01298143
1.67500000 -0.01292734
1.67600000 -0.01287351
1.67700000 -0.01281993
1.67800000 -0.01276661
1.67900000 -0.01271354
1.68000000 -0.01266072
1.68100000 -0.01260815
1.68200000 -0.01255583
1.68300000 -0.01250376
1.68400000 -0.01245194
1.68500000 -0.01240036
1.68600000 -0.01234902
1.68700000 -0.01229793
1.68800000 -0.01224708
1.68900000 -0.01219646
1.69000000 -0.01214609
1.69100000 -0.01209595
1.69200000 -0.01204606
1.69300000 -0.01199639
1.69400000 -0.01194696
1.69500000 -0.01189776
1.69600000 -0.01184880
1.69700000 -0.01180006
1.69800000 -0.01175155
1.69900000 -0.01170327
1.70000000 -0.01165522
1.70100000 -0.01160739
1.70200000 -0.01155978
1.70300000 -0.01151240
1.70400000 -0.01146524
1.70500000 -0.01141830
1.70600000 -0.01137158
1.70700000 -0.01132508
1.70800000 -0.01127879
1.70900000 -0.01123272
1.71000000 -0.01118687
1.71100000 -0.01114123
1.71200000 -0.01109580
1.71300000 -0.01105058
1.71400000 -0.01100558
1.71500000 -0.01096078
1.71600000 -0.01091619
1.71700000 -0.01087181
1.71800000 -0.01082763
1.71900000 -0.01078366
1.72000000 -0.01073989
1.72100000 -0.01069633
1.72200000 -0.01065297
1.72300000 -0.01060980
1.72400000 -0.01056684
1.72500000 -0.01052408
1.72600000 -0.01048151
1.72700000 -0.01043914
1.72800000 -0.01039697
1.72900000 -0.01035499
1.73000000 -0.01031320
1.73100000 -0.01027161
1.73200000 -0.01023020
1.73300000 -0.01018899
1.73400000 -0.01014797
1.73500000 -0.01010714
1.73600000 -0.01006649
1.73700000 -0.01002603
1.73800000 -0.00998576
1.73900000 -0.00994567
1.74000000 -0.00990576
1.74100000 -0.00986604
1.74200000 -0.00982650
1.74300000 -0.00978714
1.74400000 -0.00974796
1.74500000 -0.00970896
1.74600000 -0.00967013
1.74700000 -0.00963149
1.74800000 -0.00959302
1.74900000 -0.00955472
1.75000000 -0.00951660
1.75100000 -0.00947866
1.75200000 -0.00944088
1.75300000 -0.00940328
1.75400000 -0.00936585
1.75500000 -0.00932859
1.75600000 -0.00929150
1.75700000 -0.00925458
1.75800000 -0.00921782
1.75900000 -0.00918123
1.76000000 -0.00914481
1.76100000 -0.00910855
1.76200000 -0.00907246
1.76300000 -0.00903653
1.76400000 -0.00900076
1.76500000 -0.00896516
1.76600000 -0.00892971
1.76700000 -0.00889442
1.76800000 -0.00885930
1.76900000 -0.00882433
1.77000000 -0.00878952
1.77100000 -0.00875487
1.77200000 -0.00872037
1.77300000 -0.00868603
1.77400000 -0.00865184
1.77500000 -0.00861780
1.77600000 -0.00858392
1.77700000 -0.00855019
1.77800000 -0.00851661
1.77900000 -0.00848319
1.78000000 -0.00844991
1.78100000 -0.00841678
1.78200000 -0.00838380
1.78300000 -0.00835096
1.78400000 -0.00831828
1.78500000 -0.00828574
1.78600000 -0.00825334
1.78700000 -0.00822109
1.78800000 -0.00818899
1.78900000 -0.00815702
1.79000000 -0.00812520
1.79100000 -0.00809352
1.79200000 -0.00806199
1.79300000 -0.00803059
1.79400000 -0.00799933
1.79500000 -0.00796821
1.79600000 -0.00793723
1.79700000 -0.00790639
1.79800000 -0.00787568
1.79900000 -0.00784511
1.80000000 -0.00781467
1.80100000 -0.00778437
1.80200000 -0.00775421
1.80300000 -0.00772417
1.80400000 -0.00769427
1.80500000 -0.00766451
1.80600000 -0.00763487
1.80700000 -0.00760536
1.80800000 -0.00757599
1.80900000 -0.00754674
1.81000000 -0.00751763
1.81100000 -0.00748864
1.81200000 -0.00745978
1.81300000 -0.00743104
1.81400000 -0.00740244
1.81500000 -0.00737395
1.81600000 -0.00734560
1.81700000 -0.00731736
1.81800000 -0.00728926
1.81900000 -0.00726127
1.82000000 -0.00723341
1.82100000 -0.00720567
1.82200000 -0.00717805
1.82300000 -0.00715055
1.82400000 -0.00712317
1.82500000 -0.00709592
1.82600000 -0.00706878
1.82700000 -0.00704176
1.82800000 -0.00701485
1.82900000 -0.00698807
1.83000000 -0.00696140
1.83100000 -0.00693485
1.83200000 -0.00690841
1.83300000 -0.00688209
1.83400000 -0.00685588
1.83500000 -0.00682979
1.83600000 -0.00680381
1.83700000 -0.00677794
1.83800000 -0.00675219
1.83900000 -0.00672655
1.84000000 -0.00670101
1.84100000 -0.00667559
1.84200000 -0.00665028
1.84300000 -0.00662508
1.84400000 -0.00659999
1.84500000 -0.00657501
1.84600000 -0.00655013
1.84700000 -0.00652536
1.84800000 -0.00650070
1.84900000 -0.00647614
1.85000000 -0.00645170
1.85100000 -0.00642735
1.85200000 -0.00640311
1.85300000 -0.00637898
1.85400000 -0.00635495
1.85500000 -0.00633102
1.85600000 -0.00630720
1.85700000 -0.00628347
1.85800000 -0.00625985
1.85900000 -0.00623634
1.86000000 -0.00621292
1.86100000 -0.00618960
1.86200000 -0.00616638
1.86300000 -0.00614327
1.86400000 -0.00612025
1.86500000 -0.00609733
1.86600000 -0.00607450
1.86700000 -0.00605178
1.86800000 -0.00602915
1.86900000 -0.00600662
1.87000000 -0.00598418
1.87100000 -0.00596184
1.87200000 -0.00593960
1.87300000 -0.00591745
1.87400000 -0.00589539
1.87500000 -0.00587343
1.87600000 -0.00585157
1.87700000 -0.00582979
1.87800000 -0.00580811
1.87900000 -0.00578652
1.88000000 -0.00576502
1.88100000 -0.00574361
1.88200000 -0.00572229
1.88300000 -0.00570107
1.88400000 -0.00567993
1.88500000 -0.00565888
1.88600000 -0.00563793
1.88700000 -0.00561706
1.88800000 -0.00559628
1.88900000 -0.00557558
1.89000000 -0.00555498
1.89100000 -0.00553446
1.89200000 -0.00551402
1.89300000 -0.00549368
1.89400000 -0.00547342
1.89500000 -0.00545324
1.89600000 -0.00543315
1.89700000 -0.00541315
1.89800000 -0.00539322
1.89900000 -0.00537339
1.90000000 -0.00535363
1.90100000 -0.00533396
1.90200000 -0.00531437
1.90300000 -0.00529486
1.90400000 -0.00527544
1.90500000 -0.00525609
1.90600000 -0.00523683
1.90700000 -0.00521765
1.90800000 -0.00519855
1.90900000 -0.00517952
1.91000000 -0.00516058
1.91100000 -0.00514172
1.91200000 -0.00512293
1.91300000 -0.00510423
1.91400000 -0.00508560
1.91500000 -0.00506705
1.91600000 -0.00504857
1.91700000 -0.00503018
1.91800000 -0.00501186
1.91900000 -0.00499361
1.92000000 -0.00497544
1.92100000 -0.00495735
1.92200000 -0.00493933
1.92300000 -0.00492139
1.92400000 -0.00490352
1.92500000 -0.00488573
1.92600000 -0.00486801
1.92700000 -0.00485036
1.92800000 -0.00483279
1.92900000 -0.00481528
1.93000000 -0.00479786
1.93100000 -0.00478050
1.93200000 -0.00476321
1.93300000 -0.00474600
1.93400000 -0.00472886
1.93500000 -0.00471178
1.93600000 -0.00469478
1.93700000 -0.00467785
1.93800000 -0.00466099
1.93900000 -0.00464420
1.94000000 -0.00462747
1.94100000 -0.00461082
1.94200000 -0.00459423
1.94300000 -0.00457771
1.94400000 -0.00456126
1.94500000 -0.00454488
1.94600000 -0.00452856
1.94700000 -0.00451232
1.94800000 -0.00449613
1.94900000 -0.00448002
1.95000000 -0.00446397
1.95100000 -0.00444798
1.95200000 -0.00443206
1.95300000 -0.00441621
1.95400000 -0.00440042
1.95500000 -0.00438470
1.95600000 -0.00436904
1.95700000 -0.00435344
1.95800000 -0.00433791
1.95900000 -0.00432244
1.96000000 -0.00430703
1.96100000 -0.00429169
1.96200000 -0.00427640
1.96300000 -0.00426119
1.96400000 -0.00424603
1.96500000 -0.00423093
1.96600000 -0.00421590
1.96700000 -0.00420092
1.96800000 -0.00418601
1.96900000 -0.00417116
1.97000000 -0.00415637
1.97100000 -0.00414163
1.97200000 -0.00412696
1.97300000 -0.00411235
1.97400000 -0.00409779
1.97500000 -0.00408330
1.97600000 -0.00406886
1.97700000 -0.00405448
1.97800000 -0.00404016
1.97900000 -0.00402590
1.98000000 -0.00401169
1.98100000 -0.00399754
1.98200000 -0.00398345
1.98300000 -0.00396942
1.98400000 -0.00395544
1.98500000 -0.00394152
1.98600000 -0.00392765
1.98700000 -0.00391384
1.98800000 -0.00390009
1.98900000 -0.00388639
1.99000000 -0.00387274
1.99100000 -0.00385915
1.99200000 -0.00384562
1.99300000 -0.00383214
1.99400000 -0.00381871
1.99500000 -0.00380534
1.99600000 -0.00379202
1.99700000 -0.00377875
1.99800000 -0.00376554
1.99900000 -0.00375238
2.00000000 -0.00373927
