0.10000000 118714091655.11845398
0.10100000 104309416640.71263123
0.10200000 91769464859.76156616
0.10300000 80837992495.63098145
0.10400000 71295971260.84159851
0.10500000 62955897717.54247284
0.10600000 55657015668.04516602
0.10700000 49261298352.47373199
0.10800000 43650064031.26303864
0.10900000 38721120478.53612518
0.11000000 34386351894.42393494
0.11100000 30569676504.57138443
0.11200000 27205315252.99328995
0.11300000 24236321994.02017212
0.11400000 21613333841.65453339
0.11500000 19293507157.32358551
0.11600000 17239610307.18490219
0.11700000 15419249007.18050194
0.11800000 13804203968.54000664
0.11900000 12369863797.66670609
0.12000000 11094738806.18335724
0.12100000 9960043642.65973091
0.12200000 8949338543.74650955
0.12300000 8048220582.02778816
0.12400000 7244057612.68918228
0.12500000 6525758733.80801105
0.12600000 5883576011.00306988
0.12700000 5308933005.53237915
0.12800000 4794276309.89517307
0.12900000 4332946856.65778828
0.13000000 3919068241.27083397
0.13100000 3547449701.96741343
0.13200000 3213501741.00811720
0.13300000 2913162661.23320293
0.13400000 2642834538.17555761
0.13500000 2399327357.64305162
0.13600000 2179810227.36499548
0.13700000 1981768723.77342176
0.13800000 1802967565.25511813
0.13900000 1641417914.63089728
0.14000000 1495348709.03062057
0.14100000 1363181497.12919450
0.14200000 1243508333.91166258
0.14300000 1135072343.45460582
0.14400000 1036750612.09431756
0.14500000 947539119.02739823
0.14600000 866539449.89866495
0.14700000 792947072.16025662
0.14800000 726040979.68807125
0.14900000 665174538.95904875
0.15000000 609767390.57262588
0.15100000 559298278.50912809
0.15200000 513298695.65624338
0.15300000 471347248.14358956
0.15400000 433064653.19726747
0.15500000 398109295.81200510
0.15600000 366173278.75315577
0.15700000 336978908.42942393
0.15800000 310275566.17858994
0.15900000 285836920.61960578
0.16000000 263458442.06309873
0.16100000 242955184.64020985
0.16200000 224159805.89458993
0.16300000 206920797.16009021
0.16400000 191100901.18280578
0.16500000 176575696.19741809
0.16600000 163232328.08342636
0.16700000 150968374.34949607
0.16800000 139690825.56081244
0.16900000 129315171.46715362
0.17000000 119764580.53635584
0.17100000 110969162.87325253
0.17200000 102865307.62922230
0.17300000 95395087.00063717
0.17400000 88505719.79187348
0.17500000 82149088.29420248
0.17600000 76281302.91808403
0.17700000 70862309.62391649
0.17800000 65855535.73452572
0.17900000 61227570.18985394
0.18000000 56947874.72764910
0.18100000 52988522.84978370
0.18200000 49323963.76770874
0.18300000 45930808.81735030
0.18400000 42787638.09777550
0.18500000 39874825.32296342
0.18600000 37174379.08533747
0.18700000 34669798.91627456
0.18800000 32345944.69518371
0.18900000 30188918.10721621
0.19000000 28185954.98224207
0.19100000 26325327.46617574
0.19200000 24596255.08162681
0.19300000 22988823.82957653
0.19400000 21493912.56856532
0.19500000 20103125.98380731
0.19600000 18808733.52669054
0.19700000 17603613.76612757
0.19800000 16481203.64795216
0.19900000 15435452.20768391
0.20000000 14460778.32610444
0.20100000 13552032.15673615
0.20200000 12704459.88996142
0.20300000 11913671.55058726
0.20400000 11175611.55452208
0.20500000 10486531.77622213
0.20600000 9842966.90198301
0.20700000 9241711.86526109
0.20800000 8679801.17924948
0.20900000 8154489.99911374
0.21000000 7663236.76180348
0.21100000 7203687.26536691
0.21200000 6773660.06235721
0.21300000 6371133.05336722
0.21400000 5994231.17708567
0.21500000 5641215.10263947
0.21600000 5310470.83847363
0.21700000 5000500.17970682
0.21800000 4709911.92286828
0.21900000 4437413.78323825
0.22000000 4181804.95574464
0.22100000 3941969.26556884
0.22200000 3716868.85933541
0.22300000 3505538.39204888
0.22400000 3307079.66883841
0.22500000 3120656.70411441
0.22600000 2945491.16396346
0.22700000 2780858.16054051
0.22800000 2626082.36988637
0.22900000 2480534.44702929
0.23000000 2343627.71444411
0.23100000 2214815.10196089
0.23200000 2093586.31805510
0.23300000 1979465.23413046
0.23400000 1872007.46493735
0.23500000 1770798.12966811
0.23600000 1675449.77954774
0.23700000 1585600.47890545
0.23800000 1500912.02777870
0.23900000 1421068.31507680
0.24000000 1345773.79222257
0.24100000 1274752.05800694
0.24200000 1207744.54613827
0.24300000 1144509.30765199
0.24400000 1084819.88097296
0.24500000 1028464.24299702
0.24600000 975243.83508444
0.24700000 924972.65834076
0.24800000 877476.43300312
0.24900000 832591.81715681
0.25000000 790165.68037917
0.25100000 750054.42825126
0.25200000 712123.37399156
0.25300000 676246.15375585
0.25400000 642304.18241265
0.25500000 610186.14684827
0.25600000 579787.53408045
0.25700000 551010.19166610
0.25800000 523761.91807957
0.25900000 497956.08091267
0.26000000 473511.26090975
0.26100000 450350.91999942
0.26200000 428403.09162199
0.26300000 407600.09177810
0.26400000 387878.24934044
0.26500000 369177.65427826
0.26600000 351441.92254349
0.26700000 334617.97645913
0.26800000 318655.83953480
0.26900000 303508.44471303
0.27000000 289131.45512162
0.27100000 275483.09647433
0.27200000 262524.00032399
0.27300000 250217.05742883
0.27400000 238527.28054599
0.27500000 227421.67601472
0.27600000 216869.12353717
0.27700000 206840.26360629
0.27800000 197307.39206944
0.27900000 188244.36135184
0.28000000 179626.48789759
0.28100000 171430.46541647
0.28200000 163634.28355368
0.28300000 156217.15162594
0.28400000 149159.42709189
0.28500000 142442.54844790
0.28600000 136048.97226115
0.28700000 129962.11407173
0.28800000 124166.29291381
0.28900000 118646.67922259
0.29000000 113389.24590990
0.29100000 108380.72240558
0.29200000 103608.55147555
0.29300000 99060.84864025
0.29400000 94726.36402853
0.29500000 90594.44651341
0.29600000 86655.00998612
0.29700000 82898.50163421
0.29800000 79315.87209857
0.29900000 75898.54739230
0.30000000 72638.40247193
0.30100000 69527.73635881
0.30200000 66559.24871496
0.30300000 63726.01778400
0.30400000 61021.47961341
0.30500000 58439.40847987
0.30600000 55973.89844437
0.30700000 53619.34596859
0.30800000 51370.43352813
0.30900000 49222.11416268
0.31000000 47169.59690662
0.31100000 45208.33304729
0.31200000 43334.00316156
0.31300000 41542.50488421
0.31400000 39829.94136476
0.31500000 38192.61037190
0.31600000 36626.99400737
0.31700000 35129.74899340
0.31800000 33697.69750003
0.31900000 32327.81848083
0.32000000 31017.23948728
0.32100000 29763.22893404
0.32200000 28563.18878902
0.32300000 27414.64766354
0.32400000 26315.25427984
0.32500000 25262.77129391
0.32600000 24255.06945363
0.32700000 23290.12207280
0.32800000 22365.99980331
0.32900000 21480.86568837
0.33000000 20632.97048100
0.33100000 19820.64821276
0.33200000 19042.31199870
0.33300000 18296.45006522
0.33400000 17581.62198840
0.33500000 16896.45513113
0.33600000 16239.64126791
0.33700000 15609.93338689
0.33800000 15006.14265954
0.33900000 14427.13556842
0.34000000 13871.83118471
0.34100000 13339.19858691
0.34200000 12828.25441340
0.34300000 12338.06054120
0.34400000 11867.72188437
0.34500000 11416.38430535
0.34600000 10983.23263330
0.34700000 10567.48878355
0.34800000 10168.40997284
0.34900000 9785.28702514
0.35000000 9417.44276322
0.35100000 9064.23048150
0.35200000 8725.03249568
0.35300000 8399.25876528
0.35400000 8086.34558510
0.35500000 7785.75434200
0.35600000 7496.97033367
0.35700000 7219.50164596
0.35800000 6952.87808587
0.35900000 6696.65016722
0.36000000 6450.38814628
0.36100000 6213.68110480
0.36200000 5986.13607793
0.36300000 5767.37722474
0.36400000 5557.04503922
0.36500000 5354.79559960
0.36600000 5160.29985398
0.36700000 4973.24294063
0.36800000 4793.32354096
0.36900000 4620.25326365
0.37000000 4453.75605828
0.37100000 4293.56765707
0.37200000 4139.43504319
0.37300000 3991.11594443
0.37400000 3848.37835082
0.37500000 3711.00005523
0.37600000 3578.76821548
0.37700000 3451.47893723
0.37800000 3328.93687635
0.37900000 3210.95486000
0.38000000 3097.35352542
0.38100000 2987.96097544
0.38200000 2882.61245018
0.38300000 2781.15001387
0.38400000 2683.42225616
0.38500000 2589.28400727
0.38600000 2498.59606618
0.38700000 2411.22494138
0.38800000 2327.04260343
0.38900000 2245.92624887
0.39000000 2167.75807482
0.39100000 2092.42506393
0.39200000 2019.81877901
0.39300000 1949.83516696
0.39400000 1882.37437156
0.39500000 1817.34055469
0.39600000 1754.64172556
0.39700000 1694.18957761
0.39800000 1635.89933272
0.39900000 1579.68959227
0.40000000 1525.48219497
0.40100000 1473.20208084
0.40200000 1422.77716136
0.40300000 1374.13819523
0.40400000 1327.21866967
0.40500000 1281.95468693
0.40600000 1238.28485576
0.40700000 1196.15018762
0.40800000 1155.49399744
0.40900000 1116.26180871
0.41000000 1078.40126264
0.41100000 1041.86203128
0.41200000 1006.59573447
0.41300000 972.55586022
0.41400000 939.69768864
0.41500000 907.97821913
0.41600000 877.35610057
0.41700000 847.79156466
0.41800000 819.24636196
0.41900000 791.68370073
0.42000000 765.06818835
0.42100000 739.36577520
0.42200000 714.54370093
0.42300000 690.57044299
0.42400000 667.41566731
0.42500000 645.05018108
0.42600000 623.44588748
0.42700000 602.57574230
0.42800000 582.41371239
0.42900000 562.93473581
0.43000000 544.11468368
0.43100000 525.93032353
0.43200000 508.35928425
0.43300000 491.38002242
0.43400000 474.97179009
0.43500000 459.11460377
0.43600000 443.78921483
0.43700000 428.97708102
0.43800000 414.66033916
0.43900000 400.82177896
0.44000000 387.44481790
0.44100000 374.51347712
0.44200000 362.01235829
0.44300000 349.92662140
0.44400000 338.24196348
0.44500000 326.94459811
0.44600000 316.02123581
0.44700000 305.45906521
0.44800000 295.24573492
0.44900000 285.36933620
0.45000000 275.81838622
0.45100000 266.58181210
0.45200000 257.64893547
0.45300000 249.00945771
0.45400000 240.65344577
0.45500000 232.57131851
0.45600000 224.75383358
0.45700000 217.19207486
0.45800000 209.87744036
0.45900000 202.80163055
0.46000000 195.95663724
0.46100000 189.33473281
0.46200000 182.92845987
0.46300000 176.73062139
0.46400000 170.73427108
0.46500000 164.93270430
0.46600000 159.31944915
0.46700000 153.88825808
0.46800000 148.63309965
0.46900000 143.54815073
0.47000000 138.62778893
0.47100000 133.86658537
0.47200000 129.25929765
0.47300000 124.80086319
0.47400000 120.48639269
0.47500000 116.31116399
0.47600000 112.27061601
0.47700000 108.36034305
0.47800000 104.57608919
0.47900000 100.91374302
0.48000000 97.36933242
0.48100000 93.93901968
0.48200000 90.61909672
0.48300000 87.40598050
0.48400000 84.29620858
0.48500000 81.28643494
0.48600000 78.37342582
0.48700000 75.55405579
0.48800000 72.82530398
0.48900000 70.18425041
0.49000000 67.62807246
0.49100000 65.15404146
0.49200000 62.75951946
0.49300000 60.44195604
0.49400000 58.19888532
0.49500000 56.02792296
0.49600000 53.92676344
0.49700000 51.89317724
0.49800000 49.92500829
0.49900000 48.02017145
0.50000000 46.17665000
0.50100000 44.39249338
0.50200000 42.66581489
0.50300000 40.99478951
0.50400000 39.37765179
0.50500000 37.81269385
0.50600000 36.29826339
0.50700000 34.83276182
0.50800000 33.41464247
0.50900000 32.04240876
0.51000000 30.71461261
0.51100000 29.42985269
0.51200000 28.18677297
0.51300000 26.98406109
0.51400000 25.82044697
0.51500000 24.69470136
0.51600000 23.60563446
0.51700000 22.55209467
0.51800000 21.53296722
0.51900000 20.54717304
0.52000000 19.59366751
0.52100000 18.67143933
0.52200000 17.77950944
0.52300000 16.91692995
0.52400000 16.08278306
0.52500000 15.27618014
0.52600000 14.49626073
0.52700000 13.74219162
0.52800000 13.01316595
0.52900000 12.30840238
0.53000000 11.62714418
0.53100000 10.96865853
0.53200000 10.33223565
0.53300000 9.71718809
0.53400000 9.12285002
0.53500000 8.54857646
0.53600000 7.99374271
0.53700000 7.45774358
0.53800000 6.93999284
0.53900000 6.43992257
0.54000000 5.95698258
0.54100000 5.49063985
0.54200000 5.04037796
0.54300000 4.60569654
0.54400000 4.18611081
0.54500000 3.78115104
0.54600000 3.39036207
0.54700000 3.01330286
0.54800000 2.64954602
0.54900000 2.29867741
0.55000000 1.96029567
0.55100000 1.63401185
0.55200000 1.31944902
0.55300000 1.01624185
0.55400000 0.72403628
0.55500000 0.44248916
0.55600000 0.17126788
0.55700000 -0.08994994
0.55800000 -0.34147676
0.55900000 -0.58361547
0.56000000 -0.81665966
0.56100000 -1.04089393
0.56200000 -1.25659416
0.56300000 -1.46402777
0.56400000 -1.66345402
0.56500000 -1.85512424
0.56600000 -2.03928208
0.56700000 -2.21616375
0.56800000 -2.38599826
0.56900000 -2.54900762
0.57000000 -2.70540711
0.57100000 -2.85540541
0.57200000 -2.99920487
0.57300000 -3.13700168
0.57400000 -3.26898606
0.57500000 -3.39534246
0.57600000 -3.51624971
0.57700000 -3.63188120
0.57800000 -3.74240510
0.57900000 -3.84798441
0.58000000 -3.94877725
0.58100000 -4.04493691
0.58200000 -4.13661203
0.58300000 -4.22394675
0.58400000 -4.30708086
0.58500000 -4.38614990
0.58600000 -4.46128530
0.58700000 -4.53261452
0.58800000 -4.60026116
0.58900000 -4.66434507
0.59000000 -4.72498250
0.59100000 -4.78228615
0.59200000 -4.83636532
0.59300000 -4.88732602
0.59400000 -4.93527102
0.59500000 -4.98030002
0.59600000 -5.02250967
0.59700000 -5.06199371
0.59800000 -5.09884306
0.59900000 -5.13314585
0.60000000 -5.16498757
0.60100000 -5.19445112
0.60200000 -5.22161690
0.60300000 -5.24656284
0.60400000 -5.26936455
0.60500000 -5.29009532
0.60600000 -5.30882624
0.60700000 -5.32562623
0.60800000 -5.34056213
0.60900000 -5.35369874
0.61000000 -5.36509891
0.61100000 -5.37482356
0.61200000 -5.38293179
0.61300000 -5.38948087
0.61400000 -5.39452636
0.61500000 -5.39812209
0.61600000 -5.40032029
0.61700000 -5.40117157
0.61800000 -5.40072502
0.61900000 -5.39902821
0.62000000 -5.39612727
0.62100000 -5.39206692
0.62200000 -5.38689051
0.62300000 -5.38064006
0.62400000 -5.37335629
0.62500000 -5.36507871
0.62600000 -5.35584556
0.62700000 -5.34569396
0.62800000 -5.33465984
0.62900000 -5.32277805
0.63000000 -5.31008237
0.63100000 -5.29660551
0.63200000 -5.28237919
0.63300000 -5.26743413
0.63400000 -5.25180011
0.63500000 -5.23550598
0.63600000 -5.21857969
0.63700000 -5.20104833
0.63800000 -5.18293812
0.63900000 -5.16427448
0.64000000 -5.14508202
0.64100000 -5.12538460
0.64200000 -5.10520530
0.64300000 -5.08456649
0.64400000 -5.06348983
0.64500000 -5.04199629
0.64600000 -5.02010619
0.64700000 -4.99783917
0.64800000 -4.97521428
0.64900000 -4.95224994
0.65000000 -4.92896399
0.65100000 -4.90537370
0.65200000 -4.88149577
0.65300000 -4.85734636
0.65400000 -4.83294114
0.65500000 -4.80829522
0.65600000 -4.78342325
0.65700000 -4.75833940
0.65800000 -4.73305737
0.65900000 -4.70759041
0.66000000 -4.68195133
0.66100000 -4.65615251
0.66200000 -4.63020594
0.66300000 -4.60412318
0.66400000 -4.57791543
0.66500000 -4.55159350
0.66600000 -4.52516784
0.66700000 -4.49864853
0.66800000 -4.47204533
0.66900000 -4.44536765
0.67000000 -4.41862458
0.67100000 -4.39182490
0.67200000 -4.36497708
0.67300000 -4.33808930
0.67400000 -4.31116945
0.67500000 -4.28422513
0.67600000 -4.25726370
0.67700000 -4.23029222
0.67800000 -4.20331753
0.67900000 -4.17634620
0.68000000 -4.14938457
0.68100000 -4.12243876
0.68200000 -4.09551464
0.68300000 -4.06861787
0.68400000 -4.04175392
0.68500000 -4.01492802
0.68600000 -3.98814523
0.68700000 -3.96141040
0.68800000 -3.93472819
0.68900000 -3.90810311
0.69000000 -3.88153945
0.69100000 -3.85504135
0.69200000 -3.82861280
0.69300000 -3.80225759
0.69400000 -3.77597940
0.69500000 -3.74978172
0.69600000 -3.72366792
0.69700000 -3.69764122
0.69800000 -3.67170470
0.69900000 -3.64586130
0.70000000 -3.62011385
0.70100000 -3.59446504
0.70200000 -3.56891745
0.70300000 -3.54347352
0.70400000 -3.51813560
0.70500000 -3.49290592
0.70600000 -3.46778661
0.70700000 -3.44277969
0.70800000 -3.41788707
0.70900000 -3.39311059
0.71000000 -3.36845197
0.71100000 -3.34391285
0.71200000 -3.31949478
0.71300000 -3.29519923
0.71400000 -3.27102757
0.71500000 -3.24698112
0.71600000 -3.22306110
0.71700000 -3.19926865
0.71800000 -3.17560486
0.71900000 -3.15207074
0.72000000 -3.12866721
0.72100000 -3.10539517
0.72200000 -3.08225541
0.72300000 -3.05924869
0.72400000 -3.03637570
0.72500000 -3.01363706
0.72600000 -2.99103337
0.72700000 -2.96856514
0.72800000 -2.94623284
0.72900000 -2.92403689
0.73000000 -2.90197767
0.73100000 -2.88005551
0.73200000 -2.85827068
0.73300000 -2.83662342
0.73400000 -2.81511393
0.73500000 -2.79374237
0.73600000 -2.77250885
0.73700000 -2.75141344
0.73800000 -2.73045620
0.73900000 -2.70963712
0.74000000 -2.68895618
0.74100000 -2.66841332
0.74200000 -2.64800845
0.74300000 -2.62774145
0.74400000 -2.60761216
0.74500000 -2.58762040
0.74600000 -2.56776598
0.74700000 -2.54804865
0.74800000 -2.52846817
0.74900000 -2.50902424
0.75000000 -2.48971657
0.75100000 -2.47054482
0.75200000 -2.45150866
0.75300000 -2.43260770
0.75400000 -2.41384157
0.75500000 -2.39520985
0.75600000 -2.37671213
0.75700000 -2.35834795
0.75800000 -2.34011686
0.75900000 -2.32201838
0.76000000 -2.30405202
0.76100000 -2.28621728
0.76200000 -2.26851364
0.76300000 -2.25094056
0.76400000 -2.23349751
0.76500000 -2.21618391
0.76600000 -2.19899922
0.76700000 -2.18194284
0.76800000 -2.16501418
0.76900000 -2.14821265
0.77000000 -2.13153764
0.77100000 -2.11498852
0.77200000 -2.09856468
0.77300000 -2.08226547
0.77400000 -2.06609026
0.77500000 -2.05003840
0.77600000 -2.03410922
0.77700000 -2.01830207
0.77800000 -2.00261628
0.77900000 -1.98705117
0.78000000 -1.97160607
0.78100000 -1.95628028
0.78200000 -1.94107314
0.78300000 -1.92598393
0.78400000 -1.91101197
0.78500000 -1.89615655
0.78600000 -1.88141697
0.78700000 -1.86679253
0.78800000 -1.85228252
0.78900000 -1.83788622
0.79000000 -1.82360292
0.79100000 -1.80943192
0.79200000 -1.79537248
0.79300000 -1.78142389
0.79400000 -1.76758544
0.79500000 -1.75385640
0.79600000 -1.74023605
0.79700000 -1.72672368
0.79800000 -1.71331855
0.79900000 -1.70001995
0.80000000 -1.68682715
0.80100000 -1.67373943
0.80200000 -1.66075608
0.80300000 -1.64787637
0.80400000 -1.63509958
0.80500000 -1.62242499
0.80600000 -1.60985188
0.80700000 -1.59737954
0.80800000 -1.58500725
0.80900000 -1.57273429
0.81000000 -1.56055996
0.81100000 -1.54848354
0.81200000 -1.53650432
0.81300000 -1.52462159
0.81400000 -1.51283466
0.81500000 -1.50114281
0.81600000 -1.48954534
0.81700000 -1.47804156
0.81800000 -1.46663077
0.81900000 -1.45531227
0.82000000 -1.44408538
0.82100000 -1.43294940
0.82200000 -1.42190365
0.82300000 -1.41094744
0.82400000 -1.40008010
0.82500000 -1.38930094
0.82600000 -1.37860930
0.82700000 -1.36800450
0.82800000 -1.35748586
0.82900000 -1.34705274
0.83000000 -1.33670445
0.83100000 -1.32644036
0.83200000 -1.31625979
0.83300000 -1.30616210
0.83400000 -1.29614663
0.83500000 -1.28621275
0.83600000 -1.27635981
0.83700000 -1.26658718
0.83800000 -1.25689421
0.83900000 -1.24728027
0.84000000 -1.23774475
0.84100000 -1.22828700
0.84200000 -1.21890642
0.84300000 -1.20960239
0.84400000 -1.20037429
0.84500000 -1.19122152
0.84600000 -1.18214346
0.84700000 -1.17313951
0.84800000 -1.16420909
0.84900000 -1.15535159
0.85000000 -1.14656642
0.85100000 -1.13785299
0.85200000 -1.12921073
0.85300000 -1.12063905
0.85400000 -1.11213738
0.85500000 -1.10370514
0.85600000 -1.09534177
0.85700000 -1.08704670
0.85800000 -1.07881938
0.85900000 -1.07065924
0.86000000 -1.06256574
0.86100000 -1.05453833
0.86200000 -1.04657645
0.86300000 -1.03867957
0.86400000 -1.03084716
0.86500000 -1.02307868
0.86600000 -1.01537359
0.86700000 -1.00773138
0.86800000 -1.00015153
0.86900000 -0.99263350
0.87000000 -0.98517680
0.87100000 -0.97778090
0.87200000 -0.97044530
0.87300000 -0.96316951
0.87400000 -0.95595301
0.87500000 -0.94879532
0.87600000 -0.94169594
0.87700000 -0.93465438
0.87800000 -0.92767017
0.87900000 -0.92074281
0.88000000 -0.91387183
0.88100000 -0.90705677
0.88200000 -0.90029714
0.88300000 -0.89359248
0.88400000 -0.88694233
0.88500000 -0.88034624
0.88600000 -0.87380374
0.88700000 -0.86731439
0.88800000 -0.86087773
0.88900000 -0.85449332
0.89000000 -0.84816072
0.89100000 -0.84187950
0.89200000 -0.83564921
0.89300000 -0.82946944
0.89400000 -0.82333974
0.89500000 -0.81725970
0.89600000 -0.81122890
0.89700000 -0.80524692
0.89800000 -0.79931334
0.89900000 -0.79342776
0.90000000 -0.78758977
0.90100000 -0.78179897
0.90200000 -0.77605495
0.90300000 -0.77035731
0.90400000 -0.76470568
0.90500000 -0.75909965
0.90600000 -0.75353883
0.90700000 -0.74802285
0.90800000 -0.74255132
0.90900000 -0.73712386
0.91000000 -0.73174011
0.91100000 -0.72639968
0.91200000 -0.72110221
0.91300000 -0.71584734
0.91400000 -0.71063470
0.91500000 -0.70546393
0.91600000 -0.70033469
0.91700000 -0.69524660
0.91800000 -0.69019933
0.91900000 -0.68519252
0.92000000 -0.68022584
0.92100000 -0.67529894
0.92200000 -0.67041148
0.92300000 -0.66556313
0.92400000 -0.66075355
0.92500000 -0.65598242
0.92600000 -0.65124940
0.92700000 -0.64655418
0.92800000 -0.64189642
0.92900000 -0.63727582
0.93000000 -0.63269206
0.93100000 -0.62814481
0.93200000 -0.62363378
0.93300000 -0.61915866
0.93400000 -0.61471913
0.93500000 -0.61031490
0.93600000 -0.60594566
0.93700000 -0.60161112
0.93800000 -0.59731099
0.93900000 -0.59304496
0.94000000 -0.58881276
0.94100000 -0.58461409
0.94200000 -0.58044866
0.94300000 -0.57631621
0.94400000 -0.57221644
0.94500000 -0.56814908
0.94600000 -0.56411385
0.94700000 -0.56011048
0.94800000 -0.55613870
0.94900000 -0.55219824
0.95000000 -0.54828884
0.95100000 -0.54441023
0.95200000 -0.54056216
0.95300000 -0.53674435
0.95400000 -0.53295656
0.95500000 -0.52919854
0.95600000 -0.52547002
0.95700000 -0.52177076
0.95800000 -0.51810052
0.95900000 -0.51445904
0.96000000 -0.51084609
0.96100000 -0.50726141
0.96200000 -0.50370478
0.96300000 -0.50017596
0.96400000 -0.49667470
0.96500000 -0.49320079
0.96600000 -0.48975398
0.96700000 -0.48633404
0.96800000 -0.48294076
0.96900000 -0.47957390
0.97000000 -0.47623325
0.97100000 -0.47291858
0.97200000 -0.46962967
0.97300000 -0.46636631
0.97400000 -0.46312828
0.97500000 -0.45991537
0.97600000 -0.45672736
0.97700000 -0.45356405
0.97800000 -0.45042523
0.97900000 -0.44731070
0.98000000 -0.44422024
0.98100000 -0.44115366
0.98200000 -0.43811075
0.98300000 -0.43509132
0.98400000 -0.43209518
0.98500000 -0.42912212
0.98600000 -0.42617195
0.98700000 -0.42324448
0.98800000 -0.42033952
0.98900000 -0.41745688
0.99000000 -0.41459638
0.99100000 -0.41175783
0.99200000 -0.40894104
0.99300000 -0.40614584
0.99400000 -0.40337204
0.99500000 -0.40061947
0.99600000 -0.39788794
0.99700000 -0.39517729
0.99800000 -0.39248734
0.99900000 -0.38981791
1.00000000 -0.38716884
1.00100000 -0.38453995
1.00200000 -0.38193108
1.00300000 -0.37934207
1.00400000 -0.37677274
1.00500000 -0.37422293
1.00600000 -0.37169248
1.00700000 -0.36918123
1.00800000 -0.36668902
1.00900000 -0.36421570
1.01000000 -0.36176110
1.01100000 -0.35932508
1.01200000 -0.35690747
1.01300000 -0.35450812
1.01400000 -0.35212689
1.01500000 -0.34976362
1.01600000 -0.34741817
1.01700000 -0.34509039
1.01800000 -0.34278013
1.01900000 -0.34048725
1.02000000 -0.33821160
1.02100000 -0.33595305
1.02200000 -0.33371145
1.02300000 -0.33148666
1.02400000 -0.32927855
1.02500000 -0.32708697
1.02600000 -0.32491180
1.02700000 -0.32275289
1.02800000 -0.32061012
1.02900000 -0.31848334
1.03000000 -0.31637244
1.03100000 -0.31427728
1.03200000 -0.31219772
1.03300000 -0.31013365
1.03400000 -0.30808494
1.03500000 -0.30605146
1.03600000 -0.30403308
1.03700000 -0.30202969
1.03800000 -0.30004116
1.03900000 -0.29806737
1.04000000 -0.29610820
1.04100000 -0.29416352
1.04200000 -0.29223324
1.04300000 -0.29031721
1.04400000 -0.28841534
1.04500000 -0.28652750
1.04600000 -0.28465358
1.04700000 -0.28279347
1.04800000 -0.28094705
1.04900000 -0.27911422
1.05000000 -0.27729486
1.05100000 -0.27548887
1.05200000 -0.27369614
1.05300000 -0.27191655
1.05400000 -0.27015001
1.05500000 -0.26839641
1.05600000 -0.26665564
1.05700000 -0.26492761
1.05800000 -0.26321220
1.05900000 -0.26150931
1.06000000 -0.25981885
1.06100000 -0.25814072
1.06200000 -0.25647481
1.06300000 -0.25482103
1.06400000 -0.25317928
1.06500000 -0.25154947
1.06600000 -0.24993149
1.06700000 -0.24832526
1.06800000 -0.24673068
1.06900000 -0.24514765
1.07000000 -0.24357608
1.07100000 -0.24201589
1.07200000 -0.24046698
1.07300000 -0.23892926
1.07400000 -0.23740264
1.07500000 -0.23588703
1.07600000 -0.23438235
1.07700000 -0.23288850
1.07800000 -0.23140541
1.07900000 -0.22993299
1.08000000 -0.22847115
1.08100000 -0.22701980
1.08200000 -0.22557887
1.08300000 -0.22414827
1.08400000 -0.22272792
1.08500000 -0.22131774
1.08600000 -0.21991765
1.08700000 -0.21852756
1.08800000 -0.21714741
1.08900000 -0.21577710
1.09000000 -0.21441657
1.09100000 -0.21306573
1.09200000 -0.21172451
1.09300000 -0.21039284
1.09400000 -0.20907064
1.09500000 -0.20775782
1.09600000 -0.20645433
1.09700000 -0.20516009
1.09800000 -0.20387502
1.09900000 -0.20259905
1.10000000 -0.20133211
1.10100000 -0.20007413
1.10200000 -0.19882504
1.10300000 -0.19758477
1.10400000 -0.19635325
1.10500000 -0.19513042
1.10600000 -0.19391620
1.10700000 -0.19271052
1.10800000 -0.19151333
1.10900000 -0.19032455
1.11000000 -0.18914412
1.11100000 -0.18797198
1.11200000 -0.18680806
1.11300000 -0.18565229
1.11400000 -0.18450461
1.11500000 -0.18336496
1.11600000 -0.18223328
1.11700000 -0.18110951
1.11800000 -0.17999358
1.11900000 -0.17888543
1.12000000 -0.17778501
1.12100000 -0.17669225
1.12200000 -0.17560710
1.12300000 -0.17452949
1.12400000 -0.17345937
1.12500000 -0.17239667
1.12600000 -0.17134135
1.12700000 -0.17029335
1.12800000 -0.16925261
1.12900000 -0.16821907
1.13000000 -0.16719267
1.13100000 -0.16617337
1.13200000 -0.16516111
1.13300000 -0.16415584
1.13400000 -0.16315749
1.13500000 -0.16216603
1.13600000 -0.16118139
1.13700000 -0.16020352
1.13800000 -0.15923237
1.13900000 -0.15826790
1.14000000 -0.15731004
1.14100000 -0.15635876
1.14200000 -0.15541399
1.14300000 -0.15447569
1.14400000 -0.15354381
1.14500000 -0.15261831
1.14600000 -0.15169912
1.14700000 -0.15078621
1.14800000 -0.14987953
1.14900000 -0.14897903
1.15000000 -0.14808466
1.15100000 -0.14719638
1.15200000 -0.14631414
1.15300000 -0.14543789
1.15400000 -0.14456759
1.15500000 -0.14370320
1.15600000 -0.14284467
1.15700000 -0.14199195
1.15800000 -0.14114501
1.15900000 -0.14030379
1.16000000 -0.13946826
1.16100000 -0.13863838
1.16200000 -0.13781409
1.16300000 -0.13699536
1.16400000 -0.13618215
1.16500000 -0.13537441
1.16600000 -0.13457211
1.16700000 -0.13377521
1.16800000 -0.13298365
1.16900000 -0.13219741
1.17000000 -0.13141644
1.17100000 -0.13064071
1.17200000 -0.12987017
1.17300000 -0.12910479
1.17400000 -0.12834452
1.17500000 -0.12758934
1.17600000 -0.12683920
1.17700000 -0.12609406
1.17800000 -0.12535389
1.17900000 -0.12461865
1.18000000 -0.12388830
1.18100000 -0.12316281
1.18200000 -0.12244215
1.18300000 -0.12172627
1.18400000 -0.12101514
1.18500000 -0.12030872
1.18600000 -0.11960699
1.18700000 -0.11890990
1.18800000 -0.11821743
1.18900000 -0.11752953
1.19000000 -0.11684618
1.19100000 -0.11616733
1.19200000 -0.11549297
1.19300000 -0.11482305
1.19400000 -0.11415754
1.19500000 -0.11349641
1.19600000 -0.11283962
1.19700000 -0.11218716
1.19800000 -0.11153897
1.19900000 -0.11089504
1.20000000 -0.11025534
1.20100000 -0.10961982
1.20200000 -0.10898846
1.20300000 -0.10836123
1.20400000 -0.10773810
1.20500000 -0.10711904
1.20600000 -0.10650402
1.20700000 -0.10589302
1.20800000 -0.10528599
1.20900000 -0.10468292
1.21000000 -0.10408376
1.21100000 -0.10348851
1.21200000 -0.10289712
1.21300000 -0.10230957
1.21400000 -0.10172583
1.21500000 -0.10114588
1.21600000 -0.10056968
1.21700000 -0.09999722
1.21800000 -0.09942845
1.21900000 -0.09886336
1.22000000 -0.09830192
1.22100000 -0.09774410
1.22200000 -0.09718988
1.22300000 -0.09663923
1.22400000 -0.09609212
1.22500000 -0.09554853
1.22600000 -0.09500844
1.22700000 -0.09447182
1.22800000 -0.09393864
1.22900000 -0.09340888
1.23000000 -0.09288252
1.23100000 -0.09235953
1.23200000 -0.09183988
1.23300000 -0.09132356
1.23400000 -0.09081054
1.23500000 -0.09030079
1.23600000 -0.08979430
1.23700000 -0.08929103
1.23800000 -0.08879097
1.23900000 -0.08829410
1.24000000 -0.08780038
1.24100000 -0.08730981
1.24200000 -0.08682235
1.24300000 -0.08633798
1.24400000 -0.08585669
1.24500000 -0.08537844
1.24600000 -0.08490323
1.24700000 -0.08443102
1.24800000 -0.08396180
1.24900000 -0.08349554
1.25000000 -0.08303223
1.25100000 -0.08257184
1.25200000 -0.08211435
1.25300000 -0.08165975
1.25400000 -0.08120801
1.25500000 -0.08075910
1.25600000 -0.08031303
1.25700000 -0.07986975
1.25800000 -0.07942925
1.25900000 -0.07899152
1.26000000 -0.07855653
1.26100000 -0.07812427
1.26200000 -0.07769471
1.26300000 -0.07726784
1.26400000 -0.07684363
1.26500000 -0.07642208
1.26600000 -0.07600315
1.26700000 -0.07558684
1.26800000 -0.07517312
1.26900000 -0.07476197
1.27000000 -0.07435339
1.27100000 -0.07394734
1.27200000 -0.07354382
1.27300000 -0.07314280
1.27400000 -0.07274427
1.27500000 -0.07234820
1.27600000 -0.07195460
1.27700000 -0.07156343
1.27800000 -0.07117467
1.27900000 -0.07078832
1.28000000 -0.07040436
1.28100000 -0.07002277
1.28200000 -0.06964352
1.28300000 -0.06926662
1.28400000 -0.06889204
1.28500000 -0.06851976
1.28600000 -0.06814977
1.28700000 -0.06778205
1.28800000 -0.06741660
1.28900000 -0.06705338
1.29000000 -0.06669239
1.29100000 -0.06633361
1.29200000 -0.06597703
1.29300000 -0.06562263
1.29400000 -0.06527040
1.29500000 -0.06492031
1.29600000 -0.06457237
1.29700000 -0.06422655
1.29800000 -0.06388283
1.29900000 -0.06354121
1.30000000 -0.06320167
1.30100000 -0.06286419
1.30200000 -0.06252876
1.30300000 -0.06219537
1.30400000 -0.06186401
1.30500000 -0.06153465
1.30600000 -0.06120729
1.30700000 -0.06088191
1.30800000 -0.06055850
1.30900000 -0.06023705
1.31000000 -0.05991754
1.31100000 -0.05959995
1.31200000 -0.05928429
1.31300000 -0.05897052
1.31400000 -0.05865865
1.31500000 -0.05834866
1.31600000 -0.05804053
1.31700000 -0.05773425
1.31800000 -0.05742981
1.31900000 -0.05712720
1.32000000 -0.05682641
1.32100000 -0.05652741
1.32200000 -0.05623021
1.32300000 -0.05593479
1.32400000 -0.05564114
1.32500000 -0.05534924
1.32600000 -0.05505908
1.32700000 -0.05477066
1.32800000 -0.05448396
1.32900000 -0.05419896
1.33000000 -0.05391566
1.33100000 -0.05363405
1.33200000 -0.05335412
1.33300000 -0.05307584
1.33400000 -0.05279922
1.33500000 -0.05252425
1.33600000 -0.05225090
1.33700000 -0.05197917
1.33800000 -0.05170905
1.33900000 -0.05144053
1.34000000 -0.05117360
1.34100000 -0.05090825
1.34200000 -0.05064446
1.34300000 -0.05038223
1.34400000 -0.05012155
1.34500000 -0.04986240
1.34600000 -0.04960478
1.34700000 -0.04934867
1.34800000 -0.04909407
1.34900000 -0.04884097
1.35000000 -0.04858935
1.35100000 -0.04833921
1.35200000 -0.04809053
1.35300000 -0.04784331
1.35400000 -0.04759754
1.35500000 -0.04735321
1.35600000 -0.04711031
1.35700000 -0.04686882
1.35800000 -0.04662875
1.35900000 -0.04639007
1.36000000 -0.04615279
1.36100000 -0.04591689
1.36200000 -0.04568237
1.36300000 -0.04544921
1.36400000 -0.04521740
1.36500000 -0.04498694
1.36600000 -0.04475782
1.36700000 -0.04453003
1.36800000 -0.04430356
1.36900000 -0.04407840
1.37000000 -0.04385454
1.37100000 -0.04363198
1.37200000 -0.04341071
1.37300000 -0.04319072
1.37400000 -0.04297199
1.37500000 -0.04275453
1.37600000 -0.04253832
1.37700000 -0.04232336
1.37800000 -0.04210963
1.37900000 -0.04189713
1.38000000 -0.04168586
1.38100000 -0.04147580
1.38200000 -0.04126695
1.38300000 -0.04105929
1.38400000 -0.04085282
1.38500000 -0.04064754
1.38600000 -0.04044343
1.38700000 -0.04024050
1.38800000 -0.04003872
1.38900000 -0.03983809
1.39000000 -0.03963861
1.39100000 -0.03944027
1.39200000 -0.03924306
1.39300000 -0.03904697
1.39400000 -0.03885200
1.39500000 -0.03865814
1.39600000 -0.03846538
1.39700000 -0.03827371
1.39800000 -0.03808314
1.39900000 -0.03789364
1.40000000 -0.03770522
1.40100000 -0.03751787
1.40200000 -0.03733158
1.40300000 -0.03714634
1.40400000 -0.03696215
1.40500000 -0.03677900
1.40600000 -0.03659689
1.40700000 -0.03641580
1.40800000 -0.03623573
1.40900000 -0.03605668
1.41000000 -0.03587864
1.41100000 -0.03570160
1.41200000 -0.03552555
1.41300000 -0.03535050
1.41400000 -0.03517643
1.41500000 -0.03500333
1.41600000 -0.03483121
1.41700000 -0.03466005
1.41800000 -0.03448984
1.41900000 -0.03432060
1.42000000 -0.03415229
1.42100000 -0.03398493
1.42200000 -0.03381850
1.42300000 -0.03365301
1.42400000 -0.03348843
1.42500000 -0.03332478
1.42600000 -0.03316203
1.42700000 -0.03300019
1.42800000 -0.03283925
1.42900000 -0.03267921
1.43000000 -0.03252005
1.43100000 -0.03236178
1.43200000 -0.03220439
1.43300000 -0.03204787
1.43400000 -0.03189221
1.43500000 -0.03173742
1.43600000 -0.03158348
1.43700000 -0.03143040
1.43800000 -0.03127816
1.43900000 -0.03112676
1.44000000 -0.03097620
1.44100000 -0.03082647
1.44200000 -0.03067756
1.44300000 -0.03052947
1.44400000 -0.03038220
1.44500000 -0.03023574
1.44600000 -0.03009008
1.44700000 -0.02994522
1.44800000 -0.02980116
1.44900000 -0.02965789
1.45000000 -0.02951540
1.45100000 -0.02937369
1.45200000 -0.02923276
1.45300000 -0.02909260
1.45400000 -0.02895321
1.45500000 -0.02881458
1.45600000 -0.02867670
1.45700000 -0.02853958
1.45800000 -0.02840320
1.45900000 -0.02826757
1.46000000 -0.02813268
1.46100000 -0.02799852
1.46200000 -0.02786509
1.46300000 -0.02773238
1.46400000 -0.02760040
1.46500000 -0.02746913
1.46600000 -0.02733857
1.46700000 -0.02720872
1.46800000 -0.02707957
1.46900000 -0.02695113
1.47000000 -0.02682337
1.47100000 -0.02669631
1.47200000 -0.02656994
1.47300000 -0.02644424
1.47400000 -0.02631923
1.47500000 -0.02619489
1.47600000 -0.02607121
1.47700000 -0.02594821
1.47800000 -0.02582586
1.47900000 -0.02570418
1.48000000 -0.02558314
1.48100000 -0.02546276
1.48200000 -0.02534303
1.48300000 -0.02522393
1.48400000 -0.02510547
1.48500000 -0.02498765
1.48600000 -0.02487046
1.48700000 -0.02475390
1.48800000 -0.02463795
1.48900000 -0.02452263
1.49000000 -0.02440793
1.49100000 -0.02429383
1.49200000 -0.02418034
1.49300000 -0.02406746
1.49400000 -0.02395518
1.49500000 -0.02384350
1.49600000 -0.02373241
1.49700000 -0.02362191
1.49800000 -0.02351200
1.49900000 -0.02340267
1.50000000 -0.02329392
1.50100000 -0.02318574
1.50200000 -0.02307814
1.50300000 -0.02297111
1.50400000 -0.02286465
1.50500000 -0.02275875
1.50600000 -0.02265340
1.50700000 -0.02254862
1.50800000 -0.02244438
1.50900000 -0.02234070
1.51000000 -0.02223756
1.51100000 -0.02213497
1.51200000 -0.02203291
1.51300000 -0.02193139
1.51400000 -0.02183041
1.51500000 -0.02172995
1.51600000 -0.02163003
1.51700000 -0.02153062
1.51800000 -0.02143174
1.51900000 -0.02133338
1.52000000 -0.02123553
1.52100000 -0.02113819
1.52200000 -0.02104136
1.52300000 -0.02094504
1.52400000 -0.02084922
1.52500000 -0.02075390
1.52600000 -0.02065908
1.52700000 -0.02056475
1.52800000 -0.02047092
1.52900000 -0.02037757
1.53000000 -0.02028471
1.53100000 -0.02019233
1.53200000 -0.02010043
1.53300000 -0.02000900
1.53400000 -0.01991805
1.53500000 -0.01982758
1.53600000 -0.01973757
1.53700000 -0.01964803
1.53800000 -0.01955895
1.53900000 -0.01947033
1.54000000 -0.01938217
1.54100000 -0.01929446
1.54200000 -0.01920721
1.54300000 -0.01912041
1.54400000 -0.01903406
1.54500000 -0.01894815
1.54600000 -0.01886268
1.54700000 -0.01877765
1.54800000 -0.01869306
1.54900000 -0.01860891
1.55000000 -0.01852518
1.55100000 -0.01844189
1.55200000 -0.01835902
1.55300000 -0.01827658
1.55400000 -0.01819456
1.55500000 -0.01811296
1.55600000 -0.01803178
1.55700000 -0.01795102
1.55800000 -0.01787066
1.55900000 -0.01779072
1.56000000 -0.01771118
1.56100000 -0.01763205
1.56200000 -0.01755333
1.56300000 -0.01747500
1.56400000 -0.01739707
1.56500000 -0.01731954
1.56600000 -0.01724241
1.56700000 -0.01716566
1.56800000 -0.01708931
1.56900000 -0.01701334
1.57000000 -0.01693776
1.57100000 -0.01686256
1.57200000 -0.01678774
1.57300000 -0.01671330
1.57400000 -0.01663924
1.57500000 -0.01656555
1.57600000 -0.01649224
1.57700000 -0.01641929
1.57800000 -0.01634672
1.57900000 -0.01627450
1.58000000 -0.01620266
1.58100000 -0.01613117
1.58200000 -0.01606005
1.58300000 -0.01598928
1.58400000 -0.01591887
1.58500000 -0.01584881
1.58600000 -0.01577910
1.58700000 -0.01570974
1.58800000 -0.01564074
1.58900000 -0.01557207
1.59000000 -0.01550375
1.59100000 -0.01543578
1.59200000 -0.01536814
1.59300000 -0.01530084
1.59400000 -0.01523388
1.59500000 -0.01516725
1.59600000 -0.01510096
1.59700000 -0.01503499
1.59800000 -0.01496935
1.59900000 -0.01490405
1.60000000 -0.01483906
1.60100000 -0.01477440
1.60200000 -0.01471006
1.60300000 -0.01464604
1.60400000 -0.01458234
1.60500000 -0.01451896
1.60600000 -0.01445588
1.60700000 -0.01439313
1.60800000 -0.01433068
1.60900000 -0.01426854
1.61000000 -0.01420671
1.61100000 -0.01414518
1.61200000 -0.01408396
1.61300000 -0.01402304
1.61400000 -0.01396243
1.61500000 -0.01390211
1.61600000 -0.01384209
1.61700000 -0.01378236
1.61800000 -0.01372293
1.61900000 -0.01366379
1.62000000 -0.01360494
1.62100000 -0.01354638
1.62200000 -0.01348811
1.62300000 -0.01343012
1.62400000 -0.01337242
1.62500000 -0.01331500
1.62600000 -0.01325787
1.62700000 -0.01320101
1.62800000 -0.01314443
1.62900000 -0.01308813
1.63000000 -0.01303210
1.63100000 -0.01297635
1.63200000 -0.01292087
1.63300000 -0.01286566
1.63400000 -0.01281072
1.63500000 -0.01275604
1.63600000 -0.01270164
1.63700000 -0.01264749
1.63800000 -0.01259361
1.63900000 -0.01254000
1.64000000 -0.01248664
1.64100000 -0.01243354
1.64200000 -0.01238070
1.64300000 -0.01232812
1.64400000 -0.01227579
1.64500000 -0.01222372
1.64600000 -0.01217189
1.64700000 -0.01212032
1.64800000 -0.01206900
1.64900000 -0.01201792
1.65000000 -0.01196710
1.65100000 -0.01191651
1.65200000 -0.01186617
1.65300000 -0.01181608
1.65400000 -0.01176622
1.65500000 -0.01171661
1.65600000 -0.01166723
1.65700000 -0.01161809
1.65800000 -0.01156919
1.65900000 -0.01152052
1.66000000 -0.01147209
1.66100000 -0.01142389
1.66200000 -0.01137592
1.66300000 -0.01132818
1.66400000 -0.01128067
1.66500000 -0.01123338
1.66600000 -0.01118633
1.66700000 -0.01113949
1.66800000 -0.01109288
1.66900000 -0.01104650
1.67000000 -0.01100033
1.67100000 -0.01095439
1.67200000 -0.01090866
1.67300000 -0.01086315
1.67400000 -0.01081786
1.67500000 -0.01077279
1.67600000 -0.01072792
1.67700000 -0.01068328
1.67800000 -0.01063884
1.67900000 -0.01059461
1.68000000 -0.01055060
1.68100000 -0.01050679
1.68200000 -0.01046319
1.68300000 -0.01041980
1.68400000 -0.01037661
1.68500000 -0.01033363
1.68600000 -0.01029085
1.68700000 -0.01024827
1.68800000 -0.01020590
1.68900000 -0.01016372
1.69000000 -0.01012174
1.69100000 -0.01007996
1.69200000 -0.01003838
1.69300000 -0.00999699
1.69400000 -0.00995580
1.69500000 -0.00991480
1.69600000 -0.00987400
1.69700000 -0.00983338
1.69800000 -0.00979296
1.69900000 -0.00975272
1.70000000 -0.00971268
1.70100000 -0.00967282
1.70200000 -0.00963315
1.70300000 -0.00959367
1.70400000 -0.00955437
1.70500000 -0.00951525
1.70600000 -0.00947632
1.70700000 -0.00943756
1.70800000 -0.00939899
1.70900000 -0.00936060
1.71000000 -0.00932239
1.71100000 -0.00928436
1.71200000 -0.00924650
1.71300000 -0.00920882
1.71400000 -0.00917131
1.71500000 -0.00913398
1.71600000 -0.00909682
1.71700000 -0.00905984
1.71800000 -0.00902303
1.71900000 -0.00898638
1.72000000 -0.00894991
1.72100000 -0.00891361
1.72200000 -0.00887747
1.72300000 -0.00884150
1.72400000 -0.00880570
1.72500000 -0.00877006
1.72600000 -0.00873459
1.72700000 -0.00869928
1.72800000 -0.00866414
1.72900000 -0.00862916
1.73000000 -0.00859433
1.73100000 -0.00855967
1.73200000 -0.00852517
1.73300000 -0.00849083
1.73400000 -0.00845664
1.73500000 -0.00842261
1.73600000 -0.00838874
1.73700000 -0.00835502
1.73800000 -0.00832146
1.73900000 -0.00828806
1.74000000 -0.00825480
1.74100000 -0.00822170
1.74200000 -0.00818875
1.74300000 -0.00815595
1.74400000 -0.00812330
1.74500000 -0.00809080
1.74600000 -0.00805844
1.74700000 -0.00802624
1.74800000 -0.00799418
1.74900000 -0.00796227
1.75000000 -0.00793050
1.75100000 -0.00789888
1.75200000 -0.00786740
1.75300000 -0.00783607
1.75400000 -0.00780488
1.75500000 -0.00777383
1.75600000 -0.00774292
1.75700000 -0.00771215
1.75800000 -0.00768152
1.75900000 -0.00765103
1.76000000 -0.00762068
1.76100000 -0.00759046
1.76200000 -0.00756038
1.76300000 -0.00753044
1.76400000 -0.00750063
1.76500000 -0.00747096
1.76600000 -0.00744142
1.76700000 -0.00741202
1.76800000 -0.00738275
1.76900000 -0.00735361
1.77000000 -0.00732460
1.77100000 -0.00729572
1.77200000 -0.00726697
1.77300000 -0.00723835
1.77400000 -0.00720986
1.77500000 -0.00718150
1.77600000 -0.00715327
1.77700000 -0.00712516
1.77800000 -0.00709718
1.77900000 -0.00706932
1.78000000 -0.00704159
1.78100000 -0.00701398
1.78200000 -0.00698650
1.78300000 -0.00695914
1.78400000 -0.00693190
1.78500000 -0.00690478
1.78600000 -0.00687779
1.78700000 -0.00685091
1.78800000 -0.00682416
1.78900000 -0.00679752
1.79000000 -0.00677100
1.79100000 -0.00674460
1.79200000 -0.00671832
1.79300000 -0.00669216
1.79400000 -0.00666611
1.79500000 -0.00664017
1.79600000 -0.00661436
1.79700000 -0.00658865
1.79800000 -0.00656307
1.79900000 -0.00653759
1.80000000 -0.00651223
1.80100000 -0.00648698
1.80200000 -0.00646184
1.80300000 -0.00643681
1.80400000 -0.00641189
1.80500000 -0.00638709
1.80600000 -0.00636239
1.80700000 -0.00633780
1.80800000 -0.00631332
1.80900000 -0.00628895
1.81000000 -0.00626469
1.81100000 -0.00624053
1.81200000 -0.00621648
1.81300000 -0.00619254
1.81400000 -0.00616870
1.81500000 -0.00614496
1.81600000 -0.00612133
1.81700000 -0.00609780
1.81800000 -0.00607438
1.81900000 -0.00605106
1.82000000 -0.00602784
1.82100000 -0.00600472
1.82200000 -0.00598171
1.82300000 -0.00595879
1.82400000 -0.00593598
1.82500000 -0.00591326
1.82600000 -0.00589065
1.82700000 -0.00586813
1.82800000 -0.00584571
1.82900000 -0.00582339
1.83000000 -0.00580117
1.83100000 -0.00577904
1.83200000 -0.00575701
1.83300000 -0.00573507
1.83400000 -0.00571324
1.83500000 -0.00569149
1.83600000 -0.00566984
1.83700000 -0.00564829
1.83800000 -0.00562682
1.83900000 -0.00560545
1.84000000 -0.00558418
1.84100000 -0.00556299
1.84200000 -0.00554190
1.84300000 -0.00552090
1.84400000 -0.00549999
1.84500000 -0.00547917
1.84600000 -0.00545844
1.84700000 -0.00543780
1.84800000 -0.00541725
1.84900000 -0.00539679
1.85000000 -0.00537641
1.85100000 -0.00535613
1.85200000 -0.00533593
1.85300000 -0.00531582
1.85400000 -0.00529579
1.85500000 -0.00527585
1.85600000 -0.00525600
1.85700000 -0.00523623
1.85800000 -0.00521655
1.85900000 -0.00519695
1.86000000 -0.00517743
1.86100000 -0.00515800
1.86200000 -0.00513865
1.86300000 -0.00511939
1.86400000 -0.00510020
1.86500000 -0.00508110
1.86600000 -0.00506209
1.86700000 -0.00504315
1.86800000 -0.00502429
1.86900000 -0.00500552
1.87000000 -0.00498682
1.87100000 -0.00496820
1.87200000 -0.00494967
1.87300000 -0.00493121
1.87400000 -0.00491283
1.87500000 -0.00489453
1.87600000 -0.00487630
1.87700000 -0.00485816
1.87800000 -0.00484009
1.87900000 -0.00482210
1.88000000 -0.00480418
1.88100000 -0.00478634
1.88200000 -0.00476858
1.88300000 -0.00475089
1.88400000 -0.00473328
1.88500000 -0.00471574
1.88600000 -0.00469827
1.88700000 -0.00468088
1.88800000 -0.00466356
1.88900000 -0.00464632
1.89000000 -0.00462915
1.89100000 -0.00461205
1.89200000 -0.00459502
1.89300000 -0.00457807
1.89400000 -0.00456118
1.89500000 -0.00454437
1.89600000 -0.00452763
1.89700000 -0.00451095
1.89800000 -0.00449435
1.89900000 -0.00447782
1.90000000 -0.00446136
1.90100000 -0.00444497
1.90200000 -0.00442864
1.90300000 -0.00441239
1.90400000 -0.00439620
1.90500000 -0.00438008
1.90600000 -0.00436403
1.90700000 -0.00434804
1.90800000 -0.00433212
1.90900000 -0.00431627
1.91000000 -0.00430048
1.91100000 -0.00428476
1.91200000 -0.00426911
1.91300000 -0.00425352
1.91400000 -0.00423800
1.91500000 -0.00422254
1.91600000 -0.00420714
1.91700000 -0.00419181
1.91800000 -0.00417655
1.91900000 -0.00416134
1.92000000 -0.00414620
1.92100000 -0.00413113
1.92200000 -0.00411611
1.92300000 -0.00410116
1.92400000 -0.00408627
1.92500000 -0.00407144
1.92600000 -0.00405667
1.92700000 -0.00404197
1.92800000 -0.00402732
1.92900000 -0.00401274
1.93000000 -0.00399821
1.93100000 -0.00398375
1.93200000 -0.00396934
1.93300000 -0.00395500
1.93400000 -0.00394071
1.93500000 -0.00392649
1.93600000 -0.00391232
1.93700000 -0.00389821
1.93800000 -0.00388416
1.93900000 -0.00387016
1.94000000 -0.00385623
1.94100000 -0.00384235
1.94200000 -0.00382853
1.94300000 -0.00381476
1.94400000 -0.00380105
1.94500000 -0.00378740
1.94600000 -0.00377380
1.94700000 -0.00376026
1.94800000 -0.00374678
1.94900000 -0.00373335
1.95000000 -0.00371997
1.95100000 -0.00370665
1.95200000 -0.00369339
1.95300000 -0.00368018
1.95400000 -0.00366702
1.95500000 -0.00365391
1.95600000 -0.00364086
1.95700000 -0.00362787
1.95800000 -0.00361492
1.95900000 -0.00360203
1.96000000 -0.00358919
1.96100000 -0.00357641
1.96200000 -0.00356367
1.96300000 -0.00355099
1.96400000 -0.00353836
1.96500000 -0.00352578
1.96600000 -0.00351325
1.96700000 -0.00350077
1.96800000 -0.00348834
1.96900000 -0.00347596
1.97000000 -0.00346364
1.97100000 -0.00345136
1.97200000 -0.00343913
1.97300000 -0.00342696
1.97400000 -0.00341483
1.97500000 -0.00340275
1.97600000 -0.00339072
1.97700000 -0.00337873
1.97800000 -0.00336680
1.97900000 -0.00335491
1.98000000 -0.00334308
1.98100000 -0.00333129
1.98200000 -0.00331954
1.98300000 -0.00330785
1.98400000 -0.00329620
1.98500000 -0.00328460
1.98600000 -0.00327304
1.98700000 -0.00326154
1.98800000 -0.00325007
1.98900000 -0.00323866
1.99000000 -0.00322729
1.99100000 -0.00321596
1.99200000 -0.00320468
1.99300000 -0.00319345
1.99400000 -0.00318226
1.99500000 -0.00317111
1.99600000 -0.00316001
1.99700000 -0.00314896
1.99800000 -0.00313795
1.99900000 -0.00312698
2.00000000 -0.00311606
