0.10000000 309606351036.54888916
0.10100000 272038958598.97854614
0.10200000 239334764354.25814819
0.10300000 210825484428.60556030
0.10400000 185939893048.27490234
0.10500000 164188981247.35076904
0.10600000 145153496862.26177979
0.10700000 128473466103.25148010
0.10800000 113839366993.53399658
0.10900000 100984682208.02220154
0.11000000 89679605740.65760803
0.11100000 79725716323.92216492
0.11200000 70951462179.80648804
0.11300000 63208327760.40460205
0.11400000 56367574659.03502655
0.11500000 50317466666.29991150
0.11600000 44960903681.13822174
0.11700000 40213401410.72675323
0.11800000 36001363949.95233917
0.11900000 32260604784.31476593
0.12000000 28935078806.52619171
0.12100000 25975793820.05657578
0.12200000 23339874922.09089279
0.12300000 20989759277.92847061
0.12400000 18892502253.89338684
0.12500000 17019178777.77129364
0.12600000 15344366236.69600487
0.12700000 13845697278.42844391
0.12800000 12503472616.20660973
0.12900000 11300325402.16351128
0.13000000 10220929973.23433495
0.13100000 9251748822.73101425
0.13200000 8380812540.54917049
0.13300000 7597528220.49619198
0.13400000 6892512475.56185532
0.13500000 6257445748.73307800
0.13600000 5684945072.96790791
0.13700000 5168452831.60108376
0.13800000 4702139410.18534756
0.13900000 4280817921.35737944
0.14000000 3899869433.15185833
0.14100000 3555177344.51293898
0.14200000 3243069734.84161520
0.14300000 2960268671.72961140
0.14400000 2703845596.34198046
0.14500000 2471182022.42345428
0.14600000 2259934885.33571815
0.14700000 2068005964.19394946
0.14800000 1893514875.02648973
0.14900000 1734775197.60519886
0.15000000 1590273354.61340809
0.15100000 1458649910.35180616
0.15200000 1338682998.27148271
0.15300000 1229273623.15848160
0.15400000 1129432615.53847337
0.15500000 1038269043.47770929
0.15600000 954979910.98823011
0.15700000 878840993.18393779
0.15800000 809198676.59376240
0.15900000 745462688.97593188
0.16000000 687099616.90056145
0.16100000 633627121.54166722
0.16200000 584608773.77309060
0.16300000 539649438.99351525
0.16400000 498391150.28475744
0.16500000 460509415.68286633
0.16600000 425709911.64157587
0.16700000 393725520.30348569
0.16800000 364313673.06259882
0.16900000 337253967.18633670
0.17000000 312346026.03881603
0.17100000 289407576.77344257
0.17200000 268272722.29701176
0.17300000 248790386.89766172
0.17400000 230822917.21720606
0.17500000 214244822.27128005
0.17600000 198941638.01036313
0.17700000 184808903.49917421
0.17800000 171751237.19564304
0.17900000 159681503.05513909
0.18000000 148520057.28970882
0.18100000 138194067.59223586
0.18200000 128636897.50618437
0.18300000 119787549.39564960
0.18400000 111590160.15899850
0.18500000 103993544.44228861
0.18600000 96950780.65456010
0.18700000 90418835.57364404
0.18800000 84358223.76503912
0.18900000 78732698.42361987
0.19000000 73508970.59368733
0.19100000 68656454.03178632
0.19200000 64147033.25288271
0.19300000 59954852.54753558
0.19400000 56056123.97881834
0.19500000 52428952.56576946
0.19600000 49053177.03760894
0.19700000 45910224.70206071
0.19800000 42982979.11385924
0.19900000 40255659.35763963
0.20000000 37713709.87448037
0.20100000 35343699.86476787
0.20200000 33133231.39301938
0.20300000 31070855.40393158
0.20400000 29145994.93419358
0.20500000 27348874.87238730
0.20600000 25670457.68037168
0.20700000 24102384.54460091
0.20800000 22636921.47548264
0.20900000 21266909.91768864
0.21000000 19985721.47478346
0.21100000 18787216.38807691
0.21200000 17665705.44262760
0.21300000 16615915.00318172
0.21400000 15632954.90983941
0.21500000 14712288.98768375
0.21600000 13849707.94673923
0.21700000 13041304.46867540
0.21800000 12283450.29484048
0.21900000 11572775.14668536
0.22000000 10906147.32458202
0.22100000 10280655.84460353
0.22200000 9693593.98514676
0.22300000 9142444.12646347
0.22400000 8624863.77633056
0.22500000 8138672.68433037
0.22600000 7681840.95561669
0.22700000 7252478.08268966
0.22800000 6848822.82066366
0.22900000 6469233.83785237
0.23000000 6112181.07927023
0.23100000 5776237.78591401
0.23200000 5460073.11748770
0.23300000 5162445.33061223
0.23400000 4882195.46855660
0.23500000 4618241.52217442
0.23600000 4369573.02506051
0.23700000 4135246.04898540
0.23800000 3914378.56844685
0.23900000 3706146.16572030
0.24000000 3509778.05011645
0.24100000 3324553.36728210
0.24200000 3149797.77632861
0.24300000 2984880.27435638
0.24400000 2829210.24957747
0.24500000 2682234.74573623
0.24600000 2543435.92190023
0.24700000 2412328.69295269
0.24800000 2288458.53727214
0.24900000 2171399.45914495
0.25000000 2060752.09442889
0.25100000 1956141.94887928
0.25200000 1857217.75936998
0.25300000 1763649.96899526
0.25400000 1675129.30773219
0.25500000 1591365.47098030
0.25600000 1512085.88888181
0.25700000 1437034.57986520
0.25800000 1365971.08235151
0.25900000 1298669.45902024
0.26000000 1234917.36845263
0.26100000 1174515.19935848
0.26200000 1117275.26295014
0.26300000 1063021.03935729
0.26400000 1011586.47427988
0.26500000 962815.32235770
0.26600000 916560.53399343
0.26700000 872683.68260540
0.26800000 831054.42950675
0.26900000 791550.02381158
0.27000000 754054.83495718
0.27100000 718459.91560506
0.27200000 684662.59284498
0.27300000 652566.08577440
0.27400000 622079.14766394
0.27500000 593115.73104640
0.27600000 565594.67418494
0.27700000 539439.40748521
0.27800000 514577.67851710
0.27900000 490941.29440561
0.28000000 468465.88043692
0.28100000 447090.65380615
0.28200000 426758.21150801
0.28300000 407414.33144045
0.28400000 389007.78585565
0.28500000 371490.16635213
0.28600000 354815.71965708
0.28700000 338941.19349908
0.28800000 323825.69191922
0.28900000 309430.53941252
0.29000000 295719.15333303
0.29100000 282656.92403375
0.29200000 270211.10224824
0.29300000 258350.69325378
0.29400000 247046.35738639
0.29500000 236270.31650697
0.29600000 225996.26604380
0.29700000 216199.29226201
0.29800000 206855.79443307
0.29900000 197943.41159912
0.30000000 189440.95364679
0.30100000 181328.33642377
0.30200000 173586.52064861
0.30300000 166197.45438067
0.30400000 159144.01883177
0.30500000 152409.97731549
0.30600000 145979.92714292
0.30700000 139839.25428607
0.30800000 133974.09064136
0.30900000 128371.27373628
0.31000000 123018.30873246
0.31100000 117903.33258733
0.31200000 113015.08024534
0.31300000 108342.85273802
0.31400000 103876.48707929
0.31500000 99606.32784992
0.31600000 95523.20037123
0.31700000 91618.38537479
0.31800000 87883.59508008
0.31900000 84310.95059800
0.32000000 80892.96058282
0.32100000 77622.50105999
0.32200000 74492.79636175
0.32300000 71497.40110651
0.32400000 68630.18316181
0.32500000 65885.30753452
0.32600000 63257.22113507
0.32700000 60740.63836587
0.32800000 58330.52748704
0.32900000 56022.09771527
0.33000000 53810.78701444
0.33100000 51692.25053888
0.33200000 49662.34969262
0.33300000 47717.14177009
0.33400000 45852.87014575
0.33500000 44065.95498200
0.33600000 42352.98442670
0.33700000 40710.70627301
0.33800000 39136.02005607
0.33900000 37625.96956245
0.34000000 36177.73572972
0.34100000 34788.62991466
0.34200000 33456.08751014
0.34300000 32177.66189145
0.34400000 30951.01867444
0.34500000 29773.93026836
0.34600000 28644.27070765
0.34700000 27560.01074751
0.34800000 26519.21320918
0.34900000 25520.02856156
0.35000000 24560.69072648
0.35100000 23639.51309575
0.35200000 22754.88474874
0.35300000 21905.26685986
0.35400000 21089.18928594
0.35500000 20305.24732394
0.35600000 19552.09863021
0.35700000 18828.46029266
0.35800000 18133.10604794
0.35900000 17464.86363610
0.36000000 16822.61228550
0.36100000 16205.28032132
0.36200000 15611.84289123
0.36300000 15041.31980211
0.36400000 14492.77346230
0.36500000 13965.30692375
0.36600000 13458.06201918
0.36700000 12970.21758916
0.36800000 12500.98779483
0.36900000 12049.62051160
0.37000000 11615.39580000
0.37100000 11197.62444965
0.37200000 10795.64659265
0.37300000 10408.83038306
0.37400000 10036.57073895
0.37500000 9678.28814405
0.37600000 9333.42750598
0.37700000 9001.45706829
0.37800000 8681.86737351
0.37900000 8374.17027489
0.38000000 8077.89799428
0.38100000 7792.60222394
0.38200000 7517.85327007
0.38300000 7253.23923618
0.38400000 6998.36524407
0.38500000 6752.85269095
0.38600000 6516.33854059
0.38700000 6288.47464712
0.38800000 6068.92710975
0.38900000 5857.37565704
0.39000000 5653.51305912
0.39100000 5457.04456673
0.39200000 5267.68737567
0.39300000 5085.17011544
0.39400000 4909.23236104
0.39500000 4739.62416663
0.39600000 4576.10562025
0.39700000 4418.44641841
0.39800000 4266.42545972
0.39900000 4119.83045665
0.40000000 3978.45756448
0.40100000 3842.11102684
0.40200000 3710.60283683
0.40300000 3583.75241316
0.40400000 3461.38629050
0.40500000 3343.33782351
0.40600000 3229.44690381
0.40700000 3119.55968930
0.40800000 3013.52834533
0.40900000 2911.21079712
0.41000000 2812.47049296
0.41100000 2717.17617759
0.41200000 2625.20167550
0.41300000 2536.42568344
0.41400000 2450.73157199
0.41500000 2368.00719549
0.41600000 2288.14471029
0.41700000 2211.04040063
0.41800000 2136.59451198
0.41900000 2064.71109149
0.42000000 1995.29783520
0.42100000 1928.26594171
0.42200000 1863.52997202
0.42300000 1801.00771531
0.42400000 1740.62006035
0.42500000 1682.29087227
0.42600000 1625.94687455
0.42700000 1571.51753592
0.42800000 1518.93496190
0.42900000 1468.13379099
0.43000000 1419.05109503
0.43100000 1371.62628376
0.43200000 1325.80101331
0.43300000 1281.51909848
0.43400000 1238.72642854
0.43500000 1197.37088662
0.43600000 1157.40227227
0.43700000 1118.77222730
0.43800000 1081.43416452
0.43900000 1045.34319952
0.44000000 1010.45608508
0.44100000 976.73114833
0.44200000 944.12823042
0.44300000 912.60862862
0.44400000 882.13504076
0.44500000 852.67151186
0.44600000 824.18338299
0.44700000 796.63724206
0.44800000 770.00087668
0.44900000 744.24322881
0.45000000 719.33435127
0.45100000 695.24536596
0.45200000 671.94842370
0.45300000 649.41666571
0.45400000 627.62418658
0.45500000 606.54599867
0.45600000 586.15799798
0.45700000 566.43693125
0.45800000 547.36036445
0.45900000 528.90665247
0.46000000 511.05490992
0.46100000 493.78498316
0.46200000 477.07742335
0.46300000 460.91346058
0.46400000 445.27497898
0.46500000 430.14449280
0.46600000 415.50512339
0.46700000 401.34057708
0.46800000 387.63512389
0.46900000 374.37357710
0.47000000 361.54127353
0.47100000 349.12405464
0.47200000 337.10824828
0.47300000 325.48065120
0.47400000 314.22851214
0.47500000 303.33951568
0.47600000 292.80176655
0.47700000 282.60377466
0.47800000 272.73444061
0.47900000 263.18304179
0.48000000 253.93921894
0.48100000 244.99296333
0.48200000 236.33460425
0.48300000 227.95479713
0.48400000 219.84451198
0.48500000 211.99502233
0.48600000 204.39789453
0.48700000 197.04497749
0.48800000 189.92839279
0.48900000 183.04052508
0.49000000 176.37401297
0.49100000 169.92174013
0.49200000 163.67682675
0.49300000 157.63262136
0.49400000 151.78269290
0.49500000 146.12082309
0.49600000 140.64099904
0.49700000 135.33740623
0.49800000 130.20442163
0.49900000 125.23660713
0.50000000 120.42870319
0.50100000 115.77562274
0.50200000 111.27244524
0.50300000 106.91441104
0.50400000 102.69691588
0.50500000 98.61550556
0.50600000 94.66587092
0.50700000 90.84384284
0.50800000 87.14538756
0.50900000 83.56660206
0.51000000 80.10370968
0.51100000 76.75305583
0.51200000 73.51110391
0.51300000 70.37443133
0.51400000 67.33972571
0.51500000 64.40378114
0.51600000 61.56349468
0.51700000 58.81586289
0.51800000 56.15797851
0.51900000 53.58702729
0.52000000 51.10028485
0.52100000 48.69511377
0.52200000 46.36896063
0.52300000 44.11935330
0.52400000 41.94389821
0.52500000 39.84027781
0.52600000 37.80624799
0.52700000 35.83963575
0.52800000 33.93833681
0.52900000 32.10031340
0.53000000 30.32359203
0.53100000 28.60626145
0.53200000 26.94647057
0.53300000 25.34242655
0.53400000 23.79239284
0.53500000 22.29468742
0.53600000 20.84768098
0.53700000 19.44979525
0.53800000 18.09950132
0.53900000 16.79531806
0.54000000 15.53581058
0.54100000 14.31958874
0.54200000 13.14530571
0.54300000 12.01165657
0.54400000 10.91737700
0.54500000 9.86124191
0.54600000 8.84206428
0.54700000 7.85869385
0.54800000 6.91001602
0.54900000 5.99495068
0.55000000 5.11245110
0.55100000 4.26150291
0.55200000 3.44112304
0.55300000 2.65035874
0.55400000 1.88828662
0.55500000 1.15401173
0.55600000 0.44666663
0.55700000 -0.23458943
0.55800000 -0.89057138
0.55900000 -1.52206914
0.56000000 -2.12984840
0.56100000 -2.71465138
0.56200000 -3.27719756
0.56300000 -3.81818442
0.56400000 -4.33828808
0.56500000 -4.83816402
0.56600000 -5.31844766
0.56700000 -5.77975506
0.56800000 -6.22268345
0.56900000 -6.64781188
0.57000000 -7.05570173
0.57100000 -7.44689730
0.57200000 -7.82192629
0.57300000 -8.18130038
0.57400000 -8.52551565
0.57500000 -8.85505313
0.57600000 -9.17037923
0.57700000 -9.47194618
0.57800000 -9.76019249
0.57900000 -10.03554335
0.58000000 -10.29841108
0.58100000 -10.54919545
0.58200000 -10.78828416
0.58300000 -11.01605313
0.58400000 -11.23286689
0.58500000 -11.43907893
0.58600000 -11.63503206
0.58700000 -11.82105866
0.58800000 -11.99748110
0.58900000 -12.16461195
0.59000000 -12.32275436
0.59100000 -12.47220227
0.59200000 -12.61324076
0.59300000 -12.74614625
0.59400000 -12.87118683
0.59500000 -12.98862245
0.59600000 -13.09870522
0.59700000 -13.20167961
0.59800000 -13.29778269
0.59900000 -13.38724437
0.60000000 -13.47028758
0.60100000 -13.54712853
0.60200000 -13.61797687
0.60300000 -13.68303589
0.60400000 -13.74250274
0.60500000 -13.79656860
0.60600000 -13.84541883
0.60700000 -13.88923321
0.60800000 -13.92818603
0.60900000 -13.96244631
0.61000000 -13.99217795
0.61100000 -14.01753986
0.61200000 -14.03868611
0.61300000 -14.05576612
0.61400000 -14.06892473
0.61500000 -14.07830241
0.61600000 -14.08403530
0.61700000 -14.08625545
0.61800000 -14.08509084
0.61900000 -14.08066557
0.62000000 -14.07309992
0.62100000 -14.06251053
0.62200000 -14.04901045
0.62300000 -14.03270927
0.62400000 -14.01371321
0.62500000 -13.99212526
0.62600000 -13.96804522
0.62700000 -13.94156984
0.62800000 -13.91279286
0.62900000 -13.88180516
0.63000000 -13.84869482
0.63100000 -13.81354717
0.63200000 -13.77644492
0.63300000 -13.73746820
0.63400000 -13.69669468
0.63500000 -13.65419959
0.63600000 -13.61005584
0.63700000 -13.56433404
0.63800000 -13.51710261
0.63900000 -13.46842784
0.64000000 -13.41837392
0.64100000 -13.36700304
0.64200000 -13.31437543
0.64300000 -13.26054942
0.64400000 -13.20558149
0.64500000 -13.14952634
0.64600000 -13.09243693
0.64700000 -13.03436455
0.64800000 -12.97535884
0.64900000 -12.91546784
0.65000000 -12.85473809
0.65100000 -12.79321461
0.65200000 -12.73094096
0.65300000 -12.66795932
0.65400000 -12.60431048
0.65500000 -12.54003393
0.65600000 -12.47516784
0.65700000 -12.40974916
0.65800000 -12.34381363
0.65900000 -12.27739579
0.66000000 -12.21052906
0.66100000 -12.14324575
0.66200000 -12.07557709
0.66300000 -12.00755326
0.66400000 -11.93920345
0.66500000 -11.87055586
0.66600000 -11.80163773
0.66700000 -11.73247537
0.66800000 -11.66309423
0.66900000 -11.59351884
0.67000000 -11.52377291
0.67100000 -11.45387935
0.67200000 -11.38386024
0.67300000 -11.31373690
0.67400000 -11.24352992
0.67500000 -11.17325915
0.67600000 -11.10294373
0.67700000 -11.03260211
0.67800000 -10.96225212
0.67900000 -10.89191089
0.68000000 -10.82159497
0.68100000 -10.75132028
0.68200000 -10.68110217
0.68300000 -10.61095541
0.68400000 -10.54089421
0.68500000 -10.47093227
0.68600000 -10.40108275
0.68700000 -10.33135831
0.68800000 -10.26177113
0.68900000 -10.19233291
0.69000000 -10.12305488
0.69100000 -10.05394785
0.69200000 -9.98502217
0.69300000 -9.91628780
0.69400000 -9.84775427
0.69500000 -9.77943073
0.69600000 -9.71132595
0.69700000 -9.64344831
0.69800000 -9.57580586
0.69900000 -9.50840628
0.70000000 -9.44125693
0.70100000 -9.37436483
0.70200000 -9.30773670
0.70300000 -9.24137893
0.70400000 -9.17529764
0.70500000 -9.10949865
0.70600000 -9.04398748
0.70700000 -8.97876943
0.70800000 -8.91384949
0.70900000 -8.84923242
0.71000000 -8.78492274
0.71100000 -8.72092471
0.71200000 -8.65724239
0.71300000 -8.59387959
0.71400000 -8.53083991
0.71500000 -8.46812677
0.71600000 -8.40574335
0.71700000 -8.34369265
0.71800000 -8.28197748
0.71900000 -8.22060048
0.72000000 -8.15956409
0.72100000 -8.09887059
0.72200000 -8.03852210
0.72300000 -7.97852058
0.72400000 -7.91886781
0.72500000 -7.85956546
0.72600000 -7.80061503
0.72700000 -7.74201787
0.72800000 -7.68377523
0.72900000 -7.62588821
0.73000000 -7.56835776
0.73100000 -7.51118476
0.73200000 -7.45436992
0.73300000 -7.39791388
0.73400000 -7.34181714
0.73500000 -7.28608010
0.73600000 -7.23070307
0.73700000 -7.17568626
0.73800000 -7.12102977
0.73900000 -7.06673361
0.74000000 -7.01279772
0.74100000 -6.95922195
0.74200000 -6.90600604
0.74300000 -6.85314970
0.74400000 -6.80065251
0.74500000 -6.74851401
0.74600000 -6.69673368
0.74700000 -6.64531089
0.74800000 -6.59424498
0.74900000 -6.54353522
0.75000000 -6.49318081
0.75100000 -6.44318090
0.75200000 -6.39353458
0.75300000 -6.34424089
0.75400000 -6.29529882
0.75500000 -6.24670730
0.75600000 -6.19846523
0.75700000 -6.15057145
0.75800000 -6.10302476
0.75900000 -6.05582393
0.76000000 -6.00896767
0.76100000 -5.96245467
0.76200000 -5.91628357
0.76300000 -5.87045298
0.76400000 -5.82496150
0.76500000 -5.77980765
0.76600000 -5.73498996
0.76700000 -5.69050692
0.76800000 -5.64635699
0.76900000 -5.60253860
0.77000000 -5.55905016
0.77100000 -5.51589007
0.77200000 -5.47305669
0.77300000 -5.43054836
0.77400000 -5.38836341
0.77500000 -5.34650014
0.77600000 -5.30495684
0.77700000 -5.26373179
0.77800000 -5.22282325
0.77900000 -5.18222944
0.78000000 -5.14194862
0.78100000 -5.10197898
0.78200000 -5.06231874
0.78300000 -5.02296609
0.78400000 -4.98391921
0.78500000 -4.94517628
0.78600000 -4.90673547
0.78700000 -4.86859493
0.78800000 -4.83075281
0.78900000 -4.79320726
0.79000000 -4.75595643
0.79100000 -4.71899844
0.79200000 -4.68233142
0.79300000 -4.64595351
0.79400000 -4.60986283
0.79500000 -4.57405749
0.79600000 -4.53853563
0.79700000 -4.50329535
0.79800000 -4.46833477
0.79900000 -4.43365202
0.80000000 -4.39924520
0.80100000 -4.36511244
0.80200000 -4.33125186
0.80300000 -4.29766157
0.80400000 -4.26433970
0.80500000 -4.23128437
0.80600000 -4.19849370
0.80700000 -4.16596583
0.80800000 -4.13369890
0.80900000 -4.10169103
0.81000000 -4.06994037
0.81100000 -4.03844506
0.81200000 -4.00720326
0.81300000 -3.97621311
0.81400000 -3.94547278
0.81500000 -3.91498044
0.81600000 -3.88473425
0.81700000 -3.85473239
0.81800000 -3.82497305
0.81900000 -3.79545441
0.82000000 -3.76617467
0.82100000 -3.73713204
0.82200000 -3.70832472
0.82300000 -3.67975093
0.82400000 -3.65140890
0.82500000 -3.62329686
0.82600000 -3.59541305
0.82700000 -3.56775572
0.82800000 -3.54032313
0.82900000 -3.51311353
0.83000000 -3.48612521
0.83100000 -3.45935645
0.83200000 -3.43280552
0.83300000 -3.40647075
0.83400000 -3.38035042
0.83500000 -3.35444286
0.83600000 -3.32874639
0.83700000 -3.30325936
0.83800000 -3.27798009
0.83900000 -3.25290695
0.84000000 -3.22803830
0.84100000 -3.20337251
0.84200000 -3.17890796
0.84300000 -3.15464304
0.84400000 -3.13057615
0.84500000 -3.10670571
0.84600000 -3.08303014
0.84700000 -3.05954785
0.84800000 -3.03625731
0.84900000 -3.01315694
0.85000000 -2.99024522
0.85100000 -2.96752060
0.85200000 -2.94498158
0.85300000 -2.92262664
0.85400000 -2.90045428
0.85500000 -2.87846300
0.85600000 -2.85665133
0.85700000 -2.83501780
0.85800000 -2.81356094
0.85900000 -2.79227930
0.86000000 -2.77117145
0.86100000 -2.75023595
0.86200000 -2.72947138
0.86300000 -2.70887633
0.86400000 -2.68844940
0.86500000 -2.66818919
0.86600000 -2.64809433
0.86700000 -2.62816345
0.86800000 -2.60839518
0.86900000 -2.58878817
0.87000000 -2.56934108
0.87100000 -2.55005258
0.87200000 -2.53092135
0.87300000 -2.51194608
0.87400000 -2.49312546
0.87500000 -2.47445819
0.87600000 -2.45594301
0.87700000 -2.43757863
0.87800000 -2.41936379
0.87900000 -2.40129725
0.88000000 -2.38337774
0.88100000 -2.36560404
0.88200000 -2.34797493
0.88300000 -2.33048919
0.88400000 -2.31314561
0.88500000 -2.29594299
0.88600000 -2.27888015
0.88700000 -2.26195592
0.88800000 -2.24516911
0.88900000 -2.22851858
0.89000000 -2.21200317
0.89100000 -2.19562173
0.89200000 -2.17937315
0.89300000 -2.16325629
0.89400000 -2.14727004
0.89500000 -2.13141330
0.89600000 -2.11568497
0.89700000 -2.10008396
0.89800000 -2.08460919
0.89900000 -2.06925960
0.90000000 -2.05403412
0.90100000 -2.03893170
0.90200000 -2.02395130
0.90300000 -2.00909188
0.90400000 -1.99435241
0.90500000 -1.97973188
0.90600000 -1.96522927
0.90700000 -1.95084359
0.90800000 -1.93657384
0.90900000 -1.92241904
0.91000000 -1.90837820
0.91100000 -1.89445037
0.91200000 -1.88063457
0.91300000 -1.86692987
0.91400000 -1.85333530
0.91500000 -1.83984994
0.91600000 -1.82647286
0.91700000 -1.81320313
0.91800000 -1.80003985
0.91900000 -1.78698210
0.92000000 -1.77402900
0.92100000 -1.76117964
0.92200000 -1.74843314
0.92300000 -1.73578864
0.92400000 -1.72324526
0.92500000 -1.71080214
0.92600000 -1.69845844
0.92700000 -1.68621329
0.92800000 -1.67406587
0.92900000 -1.66201534
0.93000000 -1.65006088
0.93100000 -1.63820167
0.93200000 -1.62643690
0.93300000 -1.61476577
0.93400000 -1.60318749
0.93500000 -1.59170125
0.93600000 -1.58030628
0.93700000 -1.56900180
0.93800000 -1.55778705
0.93900000 -1.54666126
0.94000000 -1.53562367
0.94100000 -1.52467354
0.94200000 -1.51381012
0.94300000 -1.50303267
0.94400000 -1.49234047
0.94500000 -1.48173279
0.94600000 -1.47120891
0.94700000 -1.46076812
0.94800000 -1.45040973
0.94900000 -1.44013301
0.95000000 -1.42993730
0.95100000 -1.41982189
0.95200000 -1.40978610
0.95300000 -1.39982927
0.95400000 -1.38995072
0.95500000 -1.38014979
0.95600000 -1.37042582
0.95700000 -1.36077815
0.95800000 -1.35120616
0.95900000 -1.34170918
0.96000000 -1.33228659
0.96100000 -1.32293777
0.96200000 -1.31366207
0.96300000 -1.30445890
0.96400000 -1.29532763
0.96500000 -1.28626765
0.96600000 -1.27727837
0.96700000 -1.26835918
0.96800000 -1.25950950
0.96900000 -1.25072874
0.97000000 -1.24201632
0.97100000 -1.23337166
0.97200000 -1.22479419
0.97300000 -1.21628334
0.97400000 -1.20783856
0.97500000 -1.19945928
0.97600000 -1.19114496
0.97700000 -1.18289505
0.97800000 -1.17470901
0.97900000 -1.16658630
0.98000000 -1.15852638
0.98100000 -1.15052874
0.98200000 -1.14259284
0.98300000 -1.13471817
0.98400000 -1.12690422
0.98500000 -1.11915048
0.98600000 -1.11145644
0.98700000 -1.10382160
0.98800000 -1.09624547
0.98900000 -1.08872755
0.99000000 -1.08126736
0.99100000 -1.07386441
0.99200000 -1.06651824
0.99300000 -1.05922835
0.99400000 -1.05199428
0.99500000 -1.04481557
0.99600000 -1.03769176
0.99700000 -1.03062238
0.99800000 -1.02360698
0.99900000 -1.01664511
1.00000000 -1.00973633
1.00100000 -1.00288020
1.00200000 -0.99607627
1.00300000 -0.98932411
1.00400000 -0.98262330
1.00500000 -0.97597340
1.00600000 -0.96937399
1.00700000 -0.96282465
1.00800000 -0.95632498
1.00900000 -0.94987455
1.01000000 -0.94347295
1.01100000 -0.93711980
1.01200000 -0.93081467
1.01300000 -0.92455718
1.01400000 -0.91834693
1.01500000 -0.91218353
1.01600000 -0.90606659
1.01700000 -0.89999574
1.01800000 -0.89397058
1.01900000 -0.88799075
1.02000000 -0.88205586
1.02100000 -0.87616555
1.02200000 -0.87031946
1.02300000 -0.86451721
1.02400000 -0.85875845
1.02500000 -0.85304282
1.02600000 -0.84736997
1.02700000 -0.84173954
1.02800000 -0.83615118
1.02900000 -0.83060456
1.03000000 -0.82509932
1.03100000 -0.81963513
1.03200000 -0.81421166
1.03300000 -0.80882857
1.03400000 -0.80348552
1.03500000 -0.79818220
1.03600000 -0.79291828
1.03700000 -0.78769343
1.03800000 -0.78250734
1.03900000 -0.77735969
1.04000000 -0.77225017
1.04100000 -0.76717847
1.04200000 -0.76214428
1.04300000 -0.75714729
1.04400000 -0.75218720
1.04500000 -0.74726372
1.04600000 -0.74237654
1.04700000 -0.73752537
1.04800000 -0.73270991
1.04900000 -0.72792989
1.05000000 -0.72318501
1.05100000 -0.71847498
1.05200000 -0.71379953
1.05300000 -0.70915837
1.05400000 -0.70455124
1.05500000 -0.69997784
1.05600000 -0.69543792
1.05700000 -0.69093120
1.05800000 -0.68645741
1.05900000 -0.68201629
1.06000000 -0.67760757
1.06100000 -0.67323100
1.06200000 -0.66888631
1.06300000 -0.66457326
1.06400000 -0.66029158
1.06500000 -0.65604102
1.06600000 -0.65182133
1.06700000 -0.64763228
1.06800000 -0.64347360
1.06900000 -0.63934506
1.07000000 -0.63524642
1.07100000 -0.63117744
1.07200000 -0.62713787
1.07300000 -0.62312750
1.07400000 -0.61914607
1.07500000 -0.61519337
1.07600000 -0.61126916
1.07700000 -0.60737322
1.07800000 -0.60350532
1.07900000 -0.59966523
1.08000000 -0.59585275
1.08100000 -0.59206764
1.08200000 -0.58830969
1.08300000 -0.58457869
1.08400000 -0.58087442
1.08500000 -0.57719666
1.08600000 -0.57354522
1.08700000 -0.56991988
1.08800000 -0.56632043
1.08900000 -0.56274668
1.09000000 -0.55919841
1.09100000 -0.55567543
1.09200000 -0.55217754
1.09300000 -0.54870453
1.09400000 -0.54525622
1.09500000 -0.54183240
1.09600000 -0.53843290
1.09700000 -0.53505751
1.09800000 -0.53170604
1.09900000 -0.52837831
1.10000000 -0.52507414
1.10100000 -0.52179333
1.10200000 -0.51853570
1.10300000 -0.51530108
1.10400000 -0.51208928
1.10500000 -0.50890013
1.10600000 -0.50573344
1.10700000 -0.50258904
1.10800000 -0.49946677
1.10900000 -0.49636643
1.11000000 -0.49328788
1.11100000 -0.49023092
1.11200000 -0.48719541
1.11300000 -0.48418116
1.11400000 -0.48118802
1.11500000 -0.47821582
1.11600000 -0.47526440
1.11700000 -0.47233360
1.11800000 -0.46942326
1.11900000 -0.46653321
1.12000000 -0.46366331
1.12100000 -0.46081339
1.12200000 -0.45798331
1.12300000 -0.45517291
1.12400000 -0.45238203
1.12500000 -0.44961053
1.12600000 -0.44685825
1.12700000 -0.44412506
1.12800000 -0.44141080
1.12900000 -0.43871532
1.13000000 -0.43603849
1.13100000 -0.43338016
1.13200000 -0.43074018
1.13300000 -0.42811842
1.13400000 -0.42551474
1.13500000 -0.42292900
1.13600000 -0.42036105
1.13700000 -0.41781078
1.13800000 -0.41527803
1.13900000 -0.41276268
1.14000000 -0.41026459
1.14100000 -0.40778364
1.14200000 -0.40531968
1.14300000 -0.40287260
1.14400000 -0.40044226
1.14500000 -0.39802854
1.14600000 -0.39563131
1.14700000 -0.39325044
1.14800000 -0.39088581
1.14900000 -0.38853730
1.15000000 -0.38620479
1.15100000 -0.38388815
1.15200000 -0.38158726
1.15300000 -0.37930201
1.15400000 -0.37703228
1.15500000 -0.37477794
1.15600000 -0.37253889
1.15700000 -0.37031501
1.15800000 -0.36810618
1.15900000 -0.36591229
1.16000000 -0.36373323
1.16100000 -0.36156888
1.16200000 -0.35941915
1.16300000 -0.35728390
1.16400000 -0.35516305
1.16500000 -0.35305647
1.16600000 -0.35096407
1.16700000 -0.34888573
1.16800000 -0.34682136
1.16900000 -0.34477084
1.17000000 -0.34273408
1.17100000 -0.34071097
1.17200000 -0.33870140
1.17300000 -0.33670528
1.17400000 -0.33472252
1.17500000 -0.33275299
1.17600000 -0.33079662
1.17700000 -0.32885330
1.17800000 -0.32692294
1.17900000 -0.32500544
1.18000000 -0.32310069
1.18100000 -0.32120862
1.18200000 -0.31932912
1.18300000 -0.31746211
1.18400000 -0.31560748
1.18500000 -0.31376515
1.18600000 -0.31193503
1.18700000 -0.31011703
1.18800000 -0.30831105
1.18900000 -0.30651701
1.19000000 -0.30473482
1.19100000 -0.30296440
1.19200000 -0.30120566
1.19300000 -0.29945850
1.19400000 -0.29772285
1.19500000 -0.29599863
1.19600000 -0.29428574
1.19700000 -0.29258411
1.19800000 -0.29089365
1.19900000 -0.28921428
1.20000000 -0.28754592
1.20100000 -0.28588848
1.20200000 -0.28424190
1.20300000 -0.28260609
1.20400000 -0.28098097
1.20500000 -0.27936647
1.20600000 -0.27776250
1.20700000 -0.27616899
1.20800000 -0.27458586
1.20900000 -0.27301304
1.21000000 -0.27145046
1.21100000 -0.26989803
1.21200000 -0.26835569
1.21300000 -0.26682337
1.21400000 -0.26530098
1.21500000 -0.26378846
1.21600000 -0.26228573
1.21700000 -0.26079274
1.21800000 -0.25930940
1.21900000 -0.25783564
1.22000000 -0.25637140
1.22100000 -0.25491661
1.22200000 -0.25347120
1.22300000 -0.25203510
1.22400000 -0.25060825
1.22500000 -0.24919058
1.22600000 -0.24778202
1.22700000 -0.24638251
1.22800000 -0.24499198
1.22900000 -0.24361037
1.23000000 -0.24223761
1.23100000 -0.24087365
1.23200000 -0.23951842
1.23300000 -0.23817185
1.23400000 -0.23683389
1.23500000 -0.23550447
1.23600000 -0.23418353
1.23700000 -0.23287101
1.23800000 -0.23156686
1.23900000 -0.23027101
1.24000000 -0.22898340
1.24100000 -0.22770398
1.24200000 -0.22643268
1.24300000 -0.22516946
1.24400000 -0.22391424
1.24500000 -0.22266698
1.24600000 -0.22142762
1.24700000 -0.22019610
1.24800000 -0.21897237
1.24900000 -0.21775637
1.25000000 -0.21654805
1.25100000 -0.21534736
1.25200000 -0.21415423
1.25300000 -0.21296862
1.25400000 -0.21179048
1.25500000 -0.21061975
1.25600000 -0.20945637
1.25700000 -0.20830030
1.25800000 -0.20715149
1.25900000 -0.20600989
1.26000000 -0.20487544
1.26100000 -0.20374809
1.26200000 -0.20262780
1.26300000 -0.20151452
1.26400000 -0.20040819
1.26500000 -0.19930877
1.26600000 -0.19821622
1.26700000 -0.19713047
1.26800000 -0.19605149
1.26900000 -0.19497922
1.27000000 -0.19391363
1.27100000 -0.19285466
1.27200000 -0.19180227
1.27300000 -0.19075642
1.27400000 -0.18971705
1.27500000 -0.18868412
1.27600000 -0.18765759
1.27700000 -0.18663741
1.27800000 -0.18562355
1.27900000 -0.18461595
1.28000000 -0.18361457
1.28100000 -0.18261937
1.28200000 -0.18163031
1.28300000 -0.18064735
1.28400000 -0.17967043
1.28500000 -0.17869953
1.28600000 -0.17773460
1.28700000 -0.17677560
1.28800000 -0.17582248
1.28900000 -0.17487521
1.29000000 -0.17393375
1.29100000 -0.17299806
1.29200000 -0.17206810
1.29300000 -0.17114382
1.29400000 -0.17022520
1.29500000 -0.16931218
1.29600000 -0.16840474
1.29700000 -0.16750283
1.29800000 -0.16660642
1.29900000 -0.16571548
1.30000000 -0.16482995
1.30100000 -0.16394981
1.30200000 -0.16307502
1.30300000 -0.16220554
1.30400000 -0.16134133
1.30500000 -0.16048237
1.30600000 -0.15962861
1.30700000 -0.15878003
1.30800000 -0.15793657
1.30900000 -0.15709822
1.31000000 -0.15626494
1.31100000 -0.15543668
1.31200000 -0.15461342
1.31300000 -0.15379513
1.31400000 -0.15298176
1.31500000 -0.15217330
1.31600000 -0.15136969
1.31700000 -0.15057092
1.31800000 -0.14977695
1.31900000 -0.14898774
1.32000000 -0.14820327
1.32100000 -0.14742350
1.32200000 -0.14664840
1.32300000 -0.14587794
1.32400000 -0.14511209
1.32500000 -0.14435081
1.32600000 -0.14359409
1.32700000 -0.14284188
1.32800000 -0.14209416
1.32900000 -0.14135089
1.33000000 -0.14061205
1.33100000 -0.13987761
1.33200000 -0.13914754
1.33300000 -0.13842180
1.33400000 -0.13770038
1.33500000 -0.13698324
1.33600000 -0.13627035
1.33700000 -0.13556168
1.33800000 -0.13485721
1.33900000 -0.13415691
1.34000000 -0.13346076
1.34100000 -0.13276871
1.34200000 -0.13208075
1.34300000 -0.13139686
1.34400000 -0.13071699
1.34500000 -0.13004113
1.34600000 -0.12936926
1.34700000 -0.12870133
1.34800000 -0.12803733
1.34900000 -0.12737724
1.35000000 -0.12672102
1.35100000 -0.12606865
1.35200000 -0.12542010
1.35300000 -0.12477536
1.35400000 -0.12413439
1.35500000 -0.12349717
1.35600000 -0.12286368
1.35700000 -0.12223389
1.35800000 -0.12160778
1.35900000 -0.12098532
1.36000000 -0.12036648
1.36100000 -0.11975126
1.36200000 -0.11913961
1.36300000 -0.11853153
1.36400000 -0.11792698
1.36500000 -0.11732594
1.36600000 -0.11672839
1.36700000 -0.11613431
1.36800000 -0.11554368
1.36900000 -0.11495646
1.37000000 -0.11437265
1.37100000 -0.11379221
1.37200000 -0.11321513
1.37300000 -0.11264139
1.37400000 -0.11207095
1.37500000 -0.11150381
1.37600000 -0.11093994
1.37700000 -0.11037931
1.37800000 -0.10982192
1.37900000 -0.10926773
1.38000000 -0.10871672
1.38100000 -0.10816889
1.38200000 -0.10762419
1.38300000 -0.10708263
1.38400000 -0.10654417
1.38500000 -0.10600879
1.38600000 -0.10547648
1.38700000 -0.10494721
1.38800000 -0.10442097
1.38900000 -0.10389774
1.39000000 -0.10337750
1.39100000 -0.10286022
1.39200000 -0.10234589
1.39300000 -0.10183449
1.39400000 -0.10132601
1.39500000 -0.10082042
1.39600000 -0.10031770
1.39700000 -0.09981784
1.39800000 -0.09932082
1.39900000 -0.09882662
1.40000000 -0.09833522
1.40100000 -0.09784660
1.40200000 -0.09736075
1.40300000 -0.09687765
1.40400000 -0.09639729
1.40500000 -0.09591964
1.40600000 -0.09544468
1.40700000 -0.09497241
1.40800000 -0.09450279
1.40900000 -0.09403583
1.41000000 -0.09357149
1.41100000 -0.09310977
1.41200000 -0.09265064
1.41300000 -0.09219410
1.41400000 -0.09174012
1.41500000 -0.09128869
1.41600000 -0.09083978
1.41700000 -0.09039340
1.41800000 -0.08994951
1.41900000 -0.08950811
1.42000000 -0.08906918
1.42100000 -0.08863270
1.42200000 -0.08819866
1.42300000 -0.08776704
1.42400000 -0.08733783
1.42500000 -0.08691102
1.42600000 -0.08648657
1.42700000 -0.08606450
1.42800000 -0.08564477
1.42900000 -0.08522737
1.43000000 -0.08481229
1.43100000 -0.08439952
1.43200000 -0.08398904
1.43300000 -0.08358083
1.43400000 -0.08317489
1.43500000 -0.08277119
1.43600000 -0.08236972
1.43700000 -0.08197048
1.43800000 -0.08157344
1.43900000 -0.08117860
1.44000000 -0.08078593
1.44100000 -0.08039543
1.44200000 -0.08000708
1.44300000 -0.07962086
1.44400000 -0.07923678
1.44500000 -0.07885480
1.44600000 -0.07847493
1.44700000 -0.07809714
1.44800000 -0.07772143
1.44900000 -0.07734777
1.45000000 -0.07697617
1.45100000 -0.07660660
1.45200000 -0.07623905
1.45300000 -0.07587351
1.45400000 -0.07550997
1.45500000 -0.07514842
1.45600000 -0.07478884
1.45700000 -0.07443122
1.45800000 -0.07407556
1.45900000 -0.07372183
1.46000000 -0.07337002
1.46100000 -0.07302013
1.46200000 -0.07267214
1.46300000 -0.07232605
1.46400000 -0.07198183
1.46500000 -0.07163948
1.46600000 -0.07129899
1.46700000 -0.07096034
1.46800000 -0.07062353
1.46900000 -0.07028854
1.47000000 -0.06995536
1.47100000 -0.06962398
1.47200000 -0.06929439
1.47300000 -0.06896658
1.47400000 -0.06864054
1.47500000 -0.06831626
1.47600000 -0.06799372
1.47700000 -0.06767293
1.47800000 -0.06735385
1.47900000 -0.06703649
1.48000000 -0.06672084
1.48100000 -0.06640688
1.48200000 -0.06609461
1.48300000 -0.06578401
1.48400000 -0.06547508
1.48500000 -0.06516780
1.48600000 -0.06486216
1.48700000 -0.06455816
1.48800000 -0.06425579
1.48900000 -0.06395503
1.49000000 -0.06365587
1.49100000 -0.06335831
1.49200000 -0.06306234
1.49300000 -0.06276794
1.49400000 -0.06247511
1.49500000 -0.06218384
1.49600000 -0.06189412
1.49700000 -0.06160594
1.49800000 -0.06131929
1.49900000 -0.06103415
1.50000000 -0.06075053
1.50100000 -0.06046842
1.50200000 -0.06018780
1.50300000 -0.05990866
1.50400000 -0.05963100
1.50500000 -0.05935481
1.50600000 -0.05908007
1.50700000 -0.05880679
1.50800000 -0.05853495
1.50900000 -0.05826454
1.51000000 -0.05799556
1.51100000 -0.05772799
1.51200000 -0.05746183
1.51300000 -0.05719707
1.51400000 -0.05693370
1.51500000 -0.05667172
1.51600000 -0.05641111
1.51700000 -0.05615187
1.51800000 -0.05589398
1.51900000 -0.05563745
1.52000000 -0.05538226
1.52100000 -0.05512841
1.52200000 -0.05487588
1.52300000 -0.05462467
1.52400000 -0.05437477
1.52500000 -0.05412618
1.52600000 -0.05387888
1.52700000 -0.05363288
1.52800000 -0.05338815
1.52900000 -0.05314470
1.53000000 -0.05290251
1.53100000 -0.05266158
1.53200000 -0.05242191
1.53300000 -0.05218348
1.53400000 -0.05194628
1.53500000 -0.05171032
1.53600000 -0.05147558
1.53700000 -0.05124205
1.53800000 -0.05100973
1.53900000 -0.05077862
1.54000000 -0.05054870
1.54100000 -0.05031996
1.54200000 -0.05009241
1.54300000 -0.04986603
1.54400000 -0.04964082
1.54500000 -0.04941677
1.54600000 -0.04919387
1.54700000 -0.04897212
1.54800000 -0.04875151
1.54900000 -0.04853203
1.55000000 -0.04831368
1.55100000 -0.04809645
1.55200000 -0.04788033
1.55300000 -0.04766533
1.55400000 -0.04745142
1.55500000 -0.04723861
1.55600000 -0.04702689
1.55700000 -0.04681625
1.55800000 -0.04660668
1.55900000 -0.04639819
1.56000000 -0.04619076
1.56100000 -0.04598439
1.56200000 -0.04577907
1.56300000 -0.04557480
1.56400000 -0.04537157
1.56500000 -0.04516937
1.56600000 -0.04496820
1.56700000 -0.04476805
1.56800000 -0.04456892
1.56900000 -0.04437079
1.57000000 -0.04417368
1.57100000 -0.04397756
1.57200000 -0.04378243
1.57300000 -0.04358830
1.57400000 -0.04339514
1.57500000 -0.04320296
1.57600000 -0.04301176
1.57700000 -0.04282151
1.57800000 -0.04263223
1.57900000 -0.04244391
1.58000000 -0.04225653
1.58100000 -0.04207009
1.58200000 -0.04188460
1.58300000 -0.04170004
1.58400000 -0.04151640
1.58500000 -0.04133369
1.58600000 -0.04115190
1.58700000 -0.04097101
1.58800000 -0.04079104
1.58900000 -0.04061197
1.59000000 -0.04043379
1.59100000 -0.04025651
1.59200000 -0.04008011
1.59300000 -0.03990460
1.59400000 -0.03972996
1.59500000 -0.03955619
1.59600000 -0.03938329
1.59700000 -0.03921126
1.59800000 -0.03904008
1.59900000 -0.03886975
1.60000000 -0.03870027
1.60100000 -0.03853164
1.60200000 -0.03836384
1.60300000 -0.03819688
1.60400000 -0.03803075
1.60500000 -0.03786544
1.60600000 -0.03770095
1.60700000 -0.03753727
1.60800000 -0.03737441
1.60900000 -0.03721235
1.61000000 -0.03705110
1.61100000 -0.03689064
1.61200000 -0.03673098
1.61300000 -0.03657210
1.61400000 -0.03641401
1.61500000 -0.03625670
1.61600000 -0.03610016
1.61700000 -0.03594439
1.61800000 -0.03578940
1.61900000 -0.03563516
1.62000000 -0.03548168
1.62100000 -0.03532896
1.62200000 -0.03517699
1.62300000 -0.03502576
1.62400000 -0.03487528
1.62500000 -0.03472553
1.62600000 -0.03457652
1.62700000 -0.03442823
1.62800000 -0.03428068
1.62900000 -0.03413384
1.63000000 -0.03398772
1.63100000 -0.03384232
1.63200000 -0.03369762
1.63300000 -0.03355363
1.63400000 -0.03341035
1.63500000 -0.03326776
1.63600000 -0.03312586
1.63700000 -0.03298466
1.63800000 -0.03284415
1.63900000 -0.03270431
1.64000000 -0.03256516
1.64100000 -0.03242668
1.64200000 -0.03228887
1.64300000 -0.03215174
1.64400000 -0.03201526
1.64500000 -0.03187945
1.64600000 -0.03174430
1.64700000 -0.03160980
1.64800000 -0.03147595
1.64900000 -0.03134274
1.65000000 -0.03121019
1.65100000 -0.03107827
1.65200000 -0.03094698
1.65300000 -0.03081633
1.65400000 -0.03068631
1.65500000 -0.03055691
1.65600000 -0.03042814
1.65700000 -0.03029999
1.65800000 -0.03017245
1.65900000 -0.03004553
1.66000000 -0.02991921
1.66100000 -0.02979350
1.66200000 -0.02966840
1.66300000 -0.02954389
1.66400000 -0.02941998
1.66500000 -0.02929666
1.66600000 -0.02917394
1.66700000 -0.02905180
1.66800000 -0.02893024
1.66900000 -0.02880926
1.67000000 -0.02868887
1.67100000 -0.02856904
1.67200000 -0.02844979
1.67300000 -0.02833110
1.67400000 -0.02821298
1.67500000 -0.02809542
1.67600000 -0.02797843
1.67700000 -0.02786198
1.67800000 -0.02774609
1.67900000 -0.02763075
1.68000000 -0.02751596
1.68100000 -0.02740171
1.68200000 -0.02728801
1.68300000 -0.02717484
1.68400000 -0.02706221
1.68500000 -0.02695011
1.68600000 -0.02683854
1.68700000 -0.02672750
1.68800000 -0.02661698
1.68900000 -0.02650698
1.69000000 -0.02639750
1.69100000 -0.02628854
1.69200000 -0.02618009
1.69300000 -0.02607216
1.69400000 -0.02596473
1.69500000 -0.02585780
1.69600000 -0.02575138
1.69700000 -0.02564546
1.69800000 -0.02554004
1.69900000 -0.02543511
1.70000000 -0.02533067
1.70100000 -0.02522672
1.70200000 -0.02512326
1.70300000 -0.02502028
1.70400000 -0.02491779
1.70500000 -0.02481577
1.70600000 -0.02471423
1.70700000 -0.02461317
1.70800000 -0.02451257
1.70900000 -0.02441245
1.71000000 -0.02431279
1.71100000 -0.02421360
1.71200000 -0.02411487
1.71300000 -0.02401660
1.71400000 -0.02391878
1.71500000 -0.02382143
1.71600000 -0.02372452
1.71700000 -0.02362806
1.71800000 -0.02353205
1.71900000 -0.02343649
1.72000000 -0.02334137
1.72100000 -0.02324669
1.72200000 -0.02315245
1.72300000 -0.02305864
1.72400000 -0.02296527
1.72500000 -0.02287233
1.72600000 -0.02277982
1.72700000 -0.02268773
1.72800000 -0.02259607
1.72900000 -0.02250484
1.73000000 -0.02241402
1.73100000 -0.02232362
1.73200000 -0.02223364
1.73300000 -0.02214408
1.73400000 -0.02205492
1.73500000 -0.02196617
1.73600000 -0.02187784
1.73700000 -0.02178990
1.73800000 -0.02170238
1.73900000 -0.02161525
1.74000000 -0.02152852
1.74100000 -0.02144219
1.74200000 -0.02135625
1.74300000 -0.02127071
1.74400000 -0.02118556
1.74500000 -0.02110080
1.74600000 -0.02101642
1.74700000 -0.02093243
1.74800000 -0.02084882
1.74900000 -0.02076560
1.75000000 -0.02068275
1.75100000 -0.02060028
1.75200000 -0.02051819
1.75300000 -0.02043647
1.75400000 -0.02035512
1.75500000 -0.02027414
1.75600000 -0.02019353
1.75700000 -0.02011328
1.75800000 -0.02003340
1.75900000 -0.01995388
1.76000000 -0.01987472
1.76100000 -0.01979592
1.76200000 -0.01971748
1.76300000 -0.01963939
1.76400000 -0.01956166
1.76500000 -0.01948427
1.76600000 -0.01940724
1.76700000 -0.01933055
1.76800000 -0.01925421
1.76900000 -0.01917821
1.77000000 -0.01910256
1.77100000 -0.01902724
1.77200000 -0.01895227
1.77300000 -0.01887763
1.77400000 -0.01880333
1.77500000 -0.01872936
1.77600000 -0.01865572
1.77700000 -0.01858242
1.77800000 -0.01850944
1.77900000 -0.01843679
1.78000000 -0.01836447
1.78100000 -0.01829247
1.78200000 -0.01822079
1.78300000 -0.01814943
1.78400000 -0.01807839
1.78500000 -0.01800767
1.78600000 -0.01793727
1.78700000 -0.01786718
1.78800000 -0.01779740
1.78900000 -0.01772793
1.79000000 -0.01765877
1.79100000 -0.01758992
1.79200000 -0.01752138
1.79300000 -0.01745314
1.79400000 -0.01738521
1.79500000 -0.01731758
1.79600000 -0.01725024
1.79700000 -0.01718321
1.79800000 -0.01711647
1.79900000 -0.01705003
1.80000000 -0.01698389
1.80100000 -0.01691804
1.80200000 -0.01685248
1.80300000 -0.01678720
1.80400000 -0.01672222
1.80500000 -0.01665753
1.80600000 -0.01659312
1.80700000 -0.01652899
1.80800000 -0.01646515
1.80900000 -0.01640159
1.81000000 -0.01633831
1.81100000 -0.01627531
1.81200000 -0.01621258
1.81300000 -0.01615013
1.81400000 -0.01608796
1.81500000 -0.01602606
1.81600000 -0.01596443
1.81700000 -0.01590307
1.81800000 -0.01584198
1.81900000 -0.01578116
1.82000000 -0.01572061
1.82100000 -0.01566032
1.82200000 -0.01560029
1.82300000 -0.01554053
1.82400000 -0.01548103
1.82500000 -0.01542179
1.82600000 -0.01536281
1.82700000 -0.01530408
1.82800000 -0.01524562
1.82900000 -0.01518740
1.83000000 -0.01512944
1.83100000 -0.01507174
1.83200000 -0.01501428
1.83300000 -0.01495708
1.83400000 -0.01490012
1.83500000 -0.01484341
1.83600000 -0.01478695
1.83700000 -0.01473073
1.83800000 -0.01467476
1.83900000 -0.01461903
1.84000000 -0.01456354
1.84100000 -0.01450829
1.84200000 -0.01445328
1.84300000 -0.01439851
1.84400000 -0.01434398
1.84500000 -0.01428968
1.84600000 -0.01423561
1.84700000 -0.01418178
1.84800000 -0.01412819
1.84900000 -0.01407482
1.85000000 -0.01402169
1.85100000 -0.01396878
1.85200000 -0.01391610
1.85300000 -0.01386365
1.85400000 -0.01381142
1.85500000 -0.01375942
1.85600000 -0.01370764
1.85700000 -0.01365608
1.85800000 -0.01360475
1.85900000 -0.01355364
1.86000000 -0.01350274
1.86100000 -0.01345207
1.86200000 -0.01340161
1.86300000 -0.01335136
1.86400000 -0.01330133
1.86500000 -0.01325152
1.86600000 -0.01320192
1.86700000 -0.01315253
1.86800000 -0.01310335
1.86900000 -0.01305438
1.87000000 -0.01300562
1.87100000 -0.01295707
1.87200000 -0.01290873
1.87300000 -0.01286059
1.87400000 -0.01281266
1.87500000 -0.01276493
1.87600000 -0.01271740
1.87700000 -0.01267008
1.87800000 -0.01262295
1.87900000 -0.01257603
1.88000000 -0.01252931
1.88100000 -0.01248278
1.88200000 -0.01243645
1.88300000 -0.01239032
1.88400000 -0.01234438
1.88500000 -0.01229864
1.88600000 -0.01225309
1.88700000 -0.01220774
1.88800000 -0.01216257
1.88900000 -0.01211760
1.89000000 -0.01207281
1.89100000 -0.01202822
1.89200000 -0.01198381
1.89300000 -0.01193959
1.89400000 -0.01189556
1.89500000 -0.01185171
1.89600000 -0.01180805
1.89700000 -0.01176457
1.89800000 -0.01172127
1.89900000 -0.01167816
1.90000000 -0.01163523
1.90100000 -0.01159247
1.90200000 -0.01154990
1.90300000 -0.01150750
1.90400000 -0.01146528
1.90500000 -0.01142324
1.90600000 -0.01138138
1.90700000 -0.01133969
1.90800000 -0.01129817
1.90900000 -0.01125683
1.91000000 -0.01121566
1.91100000 -0.01117467
1.91200000 -0.01113384
1.91300000 -0.01109318
1.91400000 -0.01105270
1.91500000 -0.01101238
1.91600000 -0.01097223
1.91700000 -0.01093225
1.91800000 -0.01089243
1.91900000 -0.01085278
1.92000000 -0.01081330
1.92100000 -0.01077398
1.92200000 -0.01073482
1.92300000 -0.01069582
1.92400000 -0.01065699
1.92500000 -0.01061831
1.92600000 -0.01057980
1.92700000 -0.01054145
1.92800000 -0.01050325
1.92900000 -0.01046522
1.93000000 -0.01042734
1.93100000 -0.01038962
1.93200000 -0.01035205
1.93300000 -0.01031464
1.93400000 -0.01027738
1.93500000 -0.01024028
1.93600000 -0.01020333
1.93700000 -0.01016653
1.93800000 -0.01012988
1.93900000 -0.01009339
1.94000000 -0.01005704
1.94100000 -0.01002084
1.94200000 -0.00998480
1.94300000 -0.00994890
1.94400000 -0.00991314
1.94500000 -0.00987754
1.94600000 -0.00984208
1.94700000 -0.00980677
1.94800000 -0.00977160
1.94900000 -0.00973657
1.95000000 -0.00970169
1.95100000 -0.00966695
1.95200000 -0.00963235
1.95300000 -0.00959790
1.95400000 -0.00956358
1.95500000 -0.00952941
1.95600000 -0.00949537
1.95700000 -0.00946148
1.95800000 -0.00942772
1.95900000 -0.00939410
1.96000000 -0.00936061
1.96100000 -0.00932726
1.96200000 -0.00929405
1.96300000 -0.00926098
1.96400000 -0.00922803
1.96500000 -0.00919522
1.96600000 -0.00916255
1.96700000 -0.00913001
1.96800000 -0.00909760
1.96900000 -0.00906532
1.97000000 -0.00903317
1.97100000 -0.00900115
1.97200000 -0.00896926
1.97300000 -0.00893750
1.97400000 -0.00890587
1.97500000 -0.00887436
1.97600000 -0.00884299
1.97700000 -0.00881174
1.97800000 -0.00878061
1.97900000 -0.00874962
1.98000000 -0.00871874
1.98100000 -0.00868799
1.98200000 -0.00865737
1.98300000 -0.00862687
1.98400000 -0.00859649
1.98500000 -0.00856623
1.98600000 -0.00853610
1.98700000 -0.00850608
1.98800000 -0.00847619
1.98900000 -0.00844642
1.99000000 -0.00841676
1.99100000 -0.00838723
1.99200000 -0.00835781
1.99300000 -0.00832851
1.99400000 -0.00829933
1.99500000 -0.00827027
1.99600000 -0.00824132
1.99700000 -0.00821248
1.99800000 -0.00818377
1.99900000 -0.00815516
2.00000000 -0.00812667
