0.10000000 202605383091.40219116
0.10100000 178021404400.14956665
0.10200000 156619886693.99307251
0.10300000 137963507192.54354858
0.10400000 121678457618.50300598
0.10500000 107444732104.60583496
0.10600000 94987973406.79708862
0.10700000 84072615854.88850403
0.10800000 74496109280.02226257
0.10900000 66084045616.70166016
0.11000000 58686040566.48351288
0.11100000 52172247901.13516235
0.11200000 46430404698.44187927
0.11300000 41363322869.79442596
0.11400000 36886756423.09040833
0.11500000 32927585548.49892426
0.11600000 29422268257.59556580
0.11700000 26315518305.58806229
0.11800000 23559174772.97494507
0.11900000 21111234214.68451309
0.12000000 18935020895.88626480
0.12100000 16998474483.47260857
0.12200000 15273537781.32737732
0.12300000 13735629793.32742500
0.12400000 12363191658.98953819
0.12500000 11137294905.69900513
0.12600000 10041303058.77857399
0.12700000 9060578996.10859489
0.12800000 8182231568.88776207
0.12900000 7394895968.69595909
0.13000000 6688543131.76889133
0.13100000 6054314158.02438545
0.13200000 5484376304.65385437
0.13300000 4971797608.50466633
0.13400000 4510437611.81961918
0.13500000 4094852023.71080828
0.13600000 3720209454.70292616
0.13700000 3382218621.90664053
0.13800000 3077064644.70206833
0.13900000 2801353240.97006464
0.14000000 2552061796.74559259
0.14100000 2326496421.76715851
0.14200000 2122254223.20923734
0.14300000 1937190132.82919407
0.14400000 1769387711.30763555
0.14500000 1617133429.80675983
0.14600000 1478893994.49372149
0.14700000 1353296336.48683810
0.14800000 1239109938.66764164
0.14900000 1135231213.15677643
0.15000000 1040669679.91061497
0.15100000 954535728.65557873
0.15200000 876029773.91998875
0.15300000 804432636.83172631
0.15400000 739097008.12333643
0.15500000 679439864.85248876
0.15600000 624935729.07205248
0.15700000 575110670.38621700
0.15800000 529536966.27812684
0.15900000 487828344.52412719
0.16000000 449635741.12102187
0.16100000 414643515.11929154
0.16200000 382566068.72676682
0.16300000 353144827.15322071
0.16400000 326145538.01865518
0.16500000 301355854.84359354
0.16600000 278583173.26238096
0.16700000 257652692.22313997
0.16800000 238405675.62378657
0.16900000 220697892.63727558
0.17000000 204398217.44871399
0.17100000 189387371.30368432
0.17200000 175556791.68720606
0.17300000 162807615.14775413
0.17400000 151049761.77813074
0.17500000 140201110.68877223
0.17600000 130186756.98019674
0.17700000 120938341.75815083
0.17800000 112393447.65359056
0.17900000 104495053.12401740
0.18000000 97191039.53518780
0.18100000 90433745.66363084
0.18200000 84179564.83022290
0.18300000 78388580.38161118
0.18400000 73024235.68687020
0.18500000 68053035.21785758
0.18600000 63444273.63897595
0.18700000 59169790.15044191
0.18800000 55203745.61311354
0.18900000 51522420.23631566
0.19000000 48104029.83635981
0.19100000 44928558.87560660
0.19200000 41977608.67264308
0.19300000 39234259.33581061
0.19400000 36682944.11701814
0.19500000 34309335.01236448
0.19600000 32100238.55221853
0.19700000 30043500.82752439
0.19800000 28127920.89250502
0.19900000 26343171.76778054
0.20000000 24679728.34321824
0.20100000 23128801.54749636
0.20200000 21682278.21220082
0.20300000 20332666.11300227
0.20400000 19073043.71971768
0.20500000 17897014.23141909
0.20600000 16798663.51271767
0.20700000 15772521.58337892
0.20800000 14813527.34591911
0.20900000 13916996.26515412
0.21000000 13078590.74014460
0.21100000 12294292.93289287
0.21200000 11560379.83975630
0.21300000 10873400.41108006
0.21400000 10230154.54222620
0.21500000 9627673.77517137
0.21600000 9063203.56432833
0.21700000 8534186.97336631
0.21800000 8038249.68169520
0.21900000 7573186.19005995
0.22000000 7136947.12447085
0.22100000 6727627.54657082
0.22200000 6343456.18659911
0.22300000 5982785.52243008
0.22400000 5644082.63481755
0.22500000 5325920.77502192
0.22600000 5026971.58649763
0.22700000 4745997.92732248
0.22800000 4481847.24460608
0.22900000 4233445.45626331
0.23000000 3999791.29931794
0.23100000 3779951.10734659
0.23200000 3573053.98281404
0.23300000 3378287.33291598
0.23400000 3194892.74015974
0.23500000 3022162.14130024
0.23600000 2859434.29042814
0.23700000 2706091.48399863
0.23800000 2561556.52740898
0.23900000 2425289.92439774
0.24000000 2296787.27205985
0.24100000 2175576.84566518
0.24200000 2061217.35874265
0.24300000 1953295.88505939
0.24400000 1851425.93019384
0.24500000 1755245.64138158
0.24600000 1664416.14521078
0.24700000 1578620.00356822
0.24800000 1497559.77899200
0.24900000 1420956.70128095
0.25000000 1348549.42784712
0.25100000 1280092.89088215
0.25200000 1215357.22494559
0.25300000 1154126.76907666
0.25400000 1096199.13798426
0.25500000 1041384.35728772
0.25600000 989504.05816397
0.25700000 940390.72711015
0.25800000 893887.00685579
0.25900000 849845.04475762
0.26000000 808125.88528598
0.26100000 768598.90346567
0.26200000 731141.27636819
0.26300000 695637.48996796
0.26400000 661978.87887436
0.26500000 630063.19663489
0.26600000 599794.21447423
0.26700000 571081.34649024
0.26800000 543839.29947272
0.26900000 517987.74564357
0.27000000 493451.01674090
0.27100000 470157.81798286
0.27200000 448040.96055295
0.27300000 427037.11134521
0.27400000 407086.55879849
0.27500000 388132.99373180
0.27600000 370123.30417011
0.27700000 353007.38322140
0.27800000 336737.94913184
0.27900000 321270.37670715
0.28000000 306562.53934522
0.28100000 292574.66097744
0.28200000 279269.17726495
0.28300000 266610.60544160
0.28400000 254565.42223683
0.28500000 243101.94935109
0.28600000 232190.24599236
0.28700000 221802.00801576
0.28800000 211910.47323957
0.28900000 202490.33253989
0.29000000 193517.64635290
0.29100000 184969.76623885
0.29200000 176825.26118494
0.29300000 169063.84834603
0.29400000 161666.32794202
0.29500000 154614.52204955
0.29600000 147891.21704298
0.29700000 141480.10945571
0.29800000 135365.75504823
0.29900000 129533.52088286
0.30000000 123969.54021876
0.30100000 118660.67005236
0.30200000 113594.45114019
0.30300000 108759.07035136
0.30400000 104143.32520689
0.30500000 99736.59047230
0.30600000 95528.78667839
0.30700000 91510.35045305
0.30800000 87672.20655467
0.30900000 84005.74150431
0.31000000 80502.77872063
0.31100000 77155.55506737
0.31200000 73956.69872906
0.31300000 70899.20833572
0.31400000 67976.43326252
0.31500000 65182.05503471
0.31600000 62510.06977259
0.31700000 59954.77161540
0.31800000 57510.73706672
0.31900000 55172.81020728
0.32000000 52936.08872495
0.32100000 50795.91071410
0.32200000 48747.84219992
0.32300000 46787.66534577
0.32400000 44911.36730425
0.32500000 43115.12967494
0.32600000 41395.31853420
0.32700000 39748.47500425
0.32800000 38171.30633099
0.32900000 36660.67744149
0.33000000 35213.60295424
0.33100000 33827.23961645
0.33200000 32498.87914446
0.33300000 31225.94144464
0.33400000 30005.96819354
0.33500000 28836.61675713
0.33600000 27715.65443056
0.33700000 26640.95298029
0.33800000 25610.48347227
0.33900000 24622.31137011
0.34000000 23674.59188857
0.34100000 22765.56558833
0.34200000 21893.55419886
0.34300000 21056.95665698
0.34400000 20254.24534932
0.34500000 19483.96254780
0.34600000 18744.71702750
0.34700000 18035.18085726
0.34800000 17354.08635365
0.34900000 16700.22318957
0.35000000 16072.43564923
0.35100000 15469.62002176
0.35200000 14890.72212596
0.35300000 14334.73495942
0.35400000 13800.69646523
0.35500000 13287.68741035
0.35600000 12794.82936947
0.35700000 12321.28280911
0.35800000 11866.24526655
0.35900000 11428.94961871
0.36000000 11008.66243632
0.36100000 10604.68241886
0.36200000 10216.33890633
0.36300000 9842.99046355
0.36400000 9484.02353361
0.36500000 9138.85115665
0.36600000 8806.91175079
0.36700000 8487.66795201
0.36800000 8180.60550991
0.36900000 7885.23223663
0.37000000 7601.07700614
0.37100000 7327.68880140
0.37200000 7064.63580705
0.37300000 6811.50454515
0.37400000 6567.89905207
0.37500000 6333.44009426
0.37600000 6107.76442109
0.37700000 5890.52405287
0.37800000 5681.38560230
0.37900000 5480.02962774
0.38000000 5286.15001671
0.38100000 5099.45339808
0.38200000 4919.65858164
0.38300000 4746.49602367
0.38400000 4579.70731718
0.38500000 4419.04470574
0.38600000 4264.27061961
0.38700000 4115.15723329
0.38800000 3971.48604319
0.38900000 3833.04746473
0.39000000 3699.64044769
0.39100000 3571.07210911
0.39200000 3447.15738285
0.39300000 3327.71868495
0.39400000 3212.58559413
0.39500000 3101.59454667
0.39600000 2994.58854495
0.39700000 2891.41687912
0.39800000 2791.93486117
0.39900000 2696.00357081
0.40000000 2603.48961274
0.40100000 2514.26488464
0.40200000 2428.20635539
0.40300000 2345.19585319
0.40400000 2265.11986290
0.40500000 2187.86933236
0.40600000 2113.33948716
0.40700000 2041.42965353
0.40800000 1972.04308897
0.40900000 1905.08682020
0.41000000 1840.47148823
0.41100000 1778.11120006
0.41200000 1717.92338683
0.41300000 1659.82866810
0.41400000 1603.75072195
0.41500000 1549.61616065
0.41600000 1497.35441164
0.41700000 1446.89760369
0.41800000 1398.18045774
0.41900000 1351.14018257
0.42000000 1305.71637478
0.42100000 1261.85092300
0.42200000 1219.48791625
0.42300000 1178.57355603
0.42400000 1139.05607221
0.42500000 1100.88564238
0.42600000 1064.01431464
0.42700000 1028.39593353
0.42800000 993.98606914
0.42900000 960.74194911
0.43000000 928.62239347
0.43100000 897.58775215
0.43200000 867.59984511
0.43300000 838.62190494
0.43400000 810.61852175
0.43500000 783.55559043
0.43600000 757.40025997
0.43700000 732.12088494
0.43800000 707.68697883
0.43900000 684.06916942
0.44000000 661.23915588
0.44100000 639.16966762
0.44200000 617.83442481
0.44300000 597.20810053
0.44400000 577.26628434
0.44500000 557.98544744
0.44600000 539.34290911
0.44700000 521.31680462
0.44800000 503.88605427
0.44900000 487.03033378
0.45000000 470.73004582
0.45100000 454.96629265
0.45200000 439.72084986
0.45300000 424.97614116
0.45400000 410.71521412
0.45500000 396.92171692
0.45600000 383.57987598
0.45700000 370.67447443
0.45800000 358.19083155
0.45900000 346.11478281
0.46000000 334.43266089
0.46100000 323.13127732
0.46200000 312.19790485
0.46300000 301.62026050
0.46400000 291.38648931
0.46500000 281.48514866
0.46600000 271.90519322
0.46700000 262.63596046
0.46800000 253.66715674
0.46900000 244.98884391
0.47000000 236.59142644
0.47100000 228.46563903
0.47200000 220.60253466
0.47300000 212.99347318
0.47400000 205.63011020
0.47500000 198.50438654
0.47600000 191.60851799
0.47700000 184.93498546
0.47800000 178.47652555
0.47900000 172.22612141
0.48000000 166.17699399
0.48100000 160.32259359
0.48200000 154.65659174
0.48300000 149.17287338
0.48400000 143.86552931
0.48500000 138.72884897
0.48600000 133.75731339
0.48700000 128.94558854
0.48800000 124.28851880
0.48900000 119.78112071
0.49000000 115.41857700
0.49100000 111.19623076
0.49200000 107.10957987
0.49300000 103.15427165
0.49400000 99.32609761
0.49500000 95.62098852
0.49600000 92.03500960
0.49700000 88.56435582
0.49800000 85.20534749
0.49900000 81.95442593
0.50000000 78.80814933
0.50100000 75.76318870
0.50200000 72.81632408
0.50300000 69.96444076
0.50400000 67.20452573
0.50500000 64.53366417
0.50600000 61.94903618
0.50700000 59.44791351
0.50800000 57.02765648
0.50900000 54.68571096
0.51000000 52.41960551
0.51100000 50.22694860
0.51200000 48.10542587
0.51300000 46.05279760
0.51400000 44.06689617
0.51500000 42.14562365
0.51600000 40.28694949
0.51700000 38.48890823
0.51800000 36.74959739
0.51900000 35.06717532
0.52000000 33.43985921
0.52100000 31.86592312
0.52200000 30.34369612
0.52300000 28.87156044
0.52400000 27.44794975
0.52500000 26.07134744
0.52600000 24.74028498
0.52700000 23.45334037
0.52800000 22.20913656
0.52900000 21.00634005
0.53000000 19.84365941
0.53100000 18.71984389
0.53200000 17.63368218
0.53300000 16.58400101
0.53400000 15.56966403
0.53500000 14.58957050
0.53600000 13.64265422
0.53700000 12.72788237
0.53800000 11.84425444
0.53900000 10.99080118
0.54000000 10.16658361
0.54100000 9.37069202
0.54200000 8.60224504
0.54300000 7.86038876
0.54400000 7.14429579
0.54500000 6.45316444
0.54600000 5.78621793
0.54700000 5.14270354
0.54800000 4.52189188
0.54900000 3.92307611
0.55000000 3.34557127
0.55100000 2.78871356
0.55200000 2.25185966
0.55300000 1.73438609
0.55400000 1.23568859
0.55500000 0.75518150
0.55600000 0.29229718
0.55700000 -0.15351456
0.55800000 -0.58278700
0.55900000 -0.99603707
0.56000000 -1.39376582
0.56100000 -1.77645898
0.56200000 -2.14458736
0.56300000 -2.49860739
0.56400000 -2.83896153
0.56500000 -3.16607870
0.56600000 -3.48037475
0.56700000 -3.78225280
0.56800000 -4.07210369
0.56900000 -4.35030634
0.57000000 -4.61722813
0.57100000 -4.87322523
0.57200000 -5.11864297
0.57300000 -5.35381620
0.57400000 -5.57906955
0.57500000 -5.79471780
0.57600000 -6.00106616
0.57700000 -6.19841059
0.57800000 -6.38703803
0.57900000 -6.56722673
0.58000000 -6.73924651
0.58100000 -6.90335899
0.58200000 -7.05981786
0.58300000 -7.20886912
0.58400000 -7.35075134
0.58500000 -7.48569583
0.58600000 -7.61392691
0.58700000 -7.73566211
0.58800000 -7.85111237
0.58900000 -7.96048226
0.59000000 -8.06397013
0.59100000 -8.16176836
0.59200000 -8.25406348
0.59300000 -8.34103640
0.59400000 -8.42286254
0.59500000 -8.49971203
0.59600000 -8.57174984
0.59700000 -8.63913594
0.59800000 -8.70202548
0.59900000 -8.76056891
0.60000000 -8.81491212
0.60100000 -8.86519659
0.60200000 -8.91155950
0.60300000 -8.95413392
0.60400000 -8.99304883
0.60500000 -9.02842935
0.60600000 -9.06039678
0.60700000 -9.08906876
0.60800000 -9.11455936
0.60900000 -9.13697918
0.61000000 -9.15643547
0.61100000 -9.17303222
0.61200000 -9.18687026
0.61300000 -9.19804736
0.61400000 -9.20665831
0.61500000 -9.21279503
0.61600000 -9.21654662
0.61700000 -9.21799948
0.61800000 -9.21723736
0.61900000 -9.21434147
0.62000000 -9.20939054
0.62100000 -9.20246088
0.62200000 -9.19362647
0.62300000 -9.18295903
0.62400000 -9.17052807
0.62500000 -9.15640099
0.62600000 -9.14064309
0.62700000 -9.12331768
0.62800000 -9.10448612
0.62900000 -9.08420788
0.63000000 -9.06254058
0.63100000 -9.03954007
0.63200000 -9.01526048
0.63300000 -8.98975424
0.63400000 -8.96307218
0.63500000 -8.93526354
0.63600000 -8.90637601
0.63700000 -8.87645581
0.63800000 -8.84554772
0.63900000 -8.81369511
0.64000000 -8.78093999
0.64100000 -8.74732305
0.64200000 -8.71288372
0.64300000 -8.67766015
0.64400000 -8.64168932
0.64500000 -8.60500701
0.64600000 -8.56764789
0.64700000 -8.52964551
0.64800000 -8.49103237
0.64900000 -8.45183990
0.65000000 -8.41209855
0.65100000 -8.37183778
0.65200000 -8.33108611
0.65300000 -8.28987113
0.65400000 -8.24821954
0.65500000 -8.20615717
0.65600000 -8.16370902
0.65700000 -8.12089925
0.65800000 -8.07775125
0.65900000 -8.03428763
0.66000000 -7.99053027
0.66100000 -7.94650029
0.66200000 -7.90221813
0.66300000 -7.85770356
0.66400000 -7.81297567
0.66500000 -7.76805291
0.66600000 -7.72295311
0.66700000 -7.67769350
0.66800000 -7.63229070
0.66900000 -7.58676079
0.67000000 -7.54111929
0.67100000 -7.49538117
0.67200000 -7.44956089
0.67300000 -7.40367241
0.67400000 -7.35772919
0.67500000 -7.31174423
0.67600000 -7.26573005
0.67700000 -7.21969873
0.67800000 -7.17366192
0.67900000 -7.12763085
0.68000000 -7.08161634
0.68100000 -7.03562881
0.68200000 -6.98967831
0.68300000 -6.94377450
0.68400000 -6.89792668
0.68500000 -6.85214382
0.68600000 -6.80643452
0.68700000 -6.76080708
0.68800000 -6.71526945
0.68900000 -6.66982931
0.69000000 -6.62449399
0.69100000 -6.57927058
0.69200000 -6.53416584
0.69300000 -6.48918629
0.69400000 -6.44433817
0.69500000 -6.39962747
0.69600000 -6.35505992
0.69700000 -6.31064102
0.69800000 -6.26637602
0.69900000 -6.22226996
0.70000000 -6.17832764
0.70100000 -6.13455367
0.70200000 -6.09095244
0.70300000 -6.04752814
0.70400000 -6.00428476
0.70500000 -5.96122611
0.70600000 -5.91835582
0.70700000 -5.87567733
0.70800000 -5.83319394
0.70900000 -5.79090874
0.71000000 -5.74882469
0.71100000 -5.70694460
0.71200000 -5.66527109
0.71300000 -5.62380668
0.71400000 -5.58255373
0.71500000 -5.54151445
0.71600000 -5.50069094
0.71700000 -5.46008517
0.71800000 -5.41969897
0.71900000 -5.37953406
0.72000000 -5.33959204
0.72100000 -5.29987442
0.72200000 -5.26038256
0.72300000 -5.22111776
0.72400000 -5.18208119
0.72500000 -5.14327392
0.72600000 -5.10469695
0.72700000 -5.06635117
0.72800000 -5.02823737
0.72900000 -4.99035629
0.73000000 -4.95270856
0.73100000 -4.91529473
0.73200000 -4.87811529
0.73300000 -4.84117064
0.73400000 -4.80446111
0.73500000 -4.76798698
0.73600000 -4.73174843
0.73700000 -4.69574561
0.73800000 -4.65997858
0.73900000 -4.62444735
0.74000000 -4.58915188
0.74100000 -4.55409207
0.74200000 -4.51926776
0.74300000 -4.48467874
0.74400000 -4.45032475
0.74500000 -4.41620549
0.74600000 -4.38232061
0.74700000 -4.34866970
0.74800000 -4.31525234
0.74900000 -4.28206804
0.75000000 -4.24911628
0.75100000 -4.21639650
0.75200000 -4.18390811
0.75300000 -4.15165048
0.75400000 -4.11962295
0.75500000 -4.08782482
0.75600000 -4.05625536
0.75700000 -4.02491383
0.75800000 -3.99379943
0.75900000 -3.96291136
0.76000000 -3.93224878
0.76100000 -3.90181082
0.76200000 -3.87159661
0.76300000 -3.84160522
0.76400000 -3.81183574
0.76500000 -3.78228721
0.76600000 -3.75295866
0.76700000 -3.72384911
0.76800000 -3.69495754
0.76900000 -3.66628293
0.77000000 -3.63782424
0.77100000 -3.60958041
0.77200000 -3.58155039
0.77300000 -3.55373308
0.77400000 -3.52612738
0.77500000 -3.49873220
0.77600000 -3.47154640
0.77700000 -3.44456886
0.77800000 -3.41779844
0.77900000 -3.39123399
0.78000000 -3.36487435
0.78100000 -3.33871835
0.78200000 -3.31276482
0.78300000 -3.28701257
0.78400000 -3.26146043
0.78500000 -3.23610718
0.78600000 -3.21095164
0.78700000 -3.18599259
0.78800000 -3.16122883
0.78900000 -3.13665915
0.79000000 -3.11228232
0.79100000 -3.08809714
0.79200000 -3.06410236
0.79300000 -3.04029678
0.79400000 -3.01667915
0.79500000 -2.99324826
0.79600000 -2.97000286
0.79700000 -2.94694174
0.79800000 -2.92406365
0.79900000 -2.90136737
0.80000000 -2.87885167
0.80100000 -2.85651530
0.80200000 -2.83435705
0.80300000 -2.81237567
0.80400000 -2.79056994
0.80500000 -2.76893864
0.80600000 -2.74748054
0.80700000 -2.72619441
0.80800000 -2.70507903
0.80900000 -2.68413319
0.81000000 -2.66335566
0.81100000 -2.64274524
0.81200000 -2.62230070
0.81300000 -2.60202085
0.81400000 -2.58190448
0.81500000 -2.56195039
0.81600000 -2.54215738
0.81700000 -2.52252426
0.81800000 -2.50304985
0.81900000 -2.48373295
0.82000000 -2.46457238
0.82100000 -2.44556698
0.82200000 -2.42671556
0.82300000 -2.40801697
0.82400000 -2.38947004
0.82500000 -2.37107361
0.82600000 -2.35282654
0.82700000 -2.33472767
0.82800000 -2.31677587
0.82900000 -2.29897000
0.83000000 -2.28130893
0.83100000 -2.26379154
0.83200000 -2.24641670
0.83300000 -2.22918331
0.83400000 -2.21209025
0.83500000 -2.19513643
0.83600000 -2.17832075
0.83700000 -2.16164211
0.83800000 -2.14509945
0.83900000 -2.12869166
0.84000000 -2.11241770
0.84100000 -2.09627649
0.84200000 -2.08026696
0.84300000 -2.06438808
0.84400000 -2.04863879
0.84500000 -2.03301805
0.84600000 -2.01752483
0.84700000 -2.00215811
0.84800000 -1.98691685
0.84900000 -1.97180004
0.85000000 -1.95680669
0.85100000 -1.94193577
0.85200000 -1.92718631
0.85300000 -1.91255731
0.85400000 -1.89804779
0.85500000 -1.88365677
0.85600000 -1.86938328
0.85700000 -1.85522637
0.85800000 -1.84118507
0.85900000 -1.82725844
0.86000000 -1.81344553
0.86100000 -1.79974541
0.86200000 -1.78615714
0.86300000 -1.77267981
0.86400000 -1.75931249
0.86500000 -1.74605428
0.86600000 -1.73290427
0.86700000 -1.71986156
0.86800000 -1.70692527
0.86900000 -1.69409451
0.87000000 -1.68136840
0.87100000 -1.66874607
0.87200000 -1.65622665
0.87300000 -1.64380929
0.87400000 -1.63149314
0.87500000 -1.61927735
0.87600000 -1.60716107
0.87700000 -1.59514348
0.87800000 -1.58322375
0.87900000 -1.57140106
0.88000000 -1.55967459
0.88100000 -1.54804355
0.88200000 -1.53650711
0.88300000 -1.52506450
0.88400000 -1.51371492
0.88500000 -1.50245758
0.88600000 -1.49129172
0.88700000 -1.48021655
0.88800000 -1.46923132
0.88900000 -1.45833527
0.89000000 -1.44752763
0.89100000 -1.43680768
0.89200000 -1.42617466
0.89300000 -1.41562784
0.89400000 -1.40516649
0.89500000 -1.39478989
0.89600000 -1.38449732
0.89700000 -1.37428807
0.89800000 -1.36416143
0.89900000 -1.35411671
0.90000000 -1.34415321
0.90100000 -1.33427023
0.90200000 -1.32446711
0.90300000 -1.31474315
0.90400000 -1.30509769
0.90500000 -1.29553006
0.90600000 -1.28603960
0.90700000 -1.27662566
0.90800000 -1.26728758
0.90900000 -1.25802473
0.91000000 -1.24883645
0.91100000 -1.23972212
0.91200000 -1.23068111
0.91300000 -1.22171280
0.91400000 -1.21281656
0.91500000 -1.20399178
0.91600000 -1.19523786
0.91700000 -1.18655420
0.91800000 -1.17794019
0.91900000 -1.16939524
0.92000000 -1.16091877
0.92100000 -1.15251019
0.92200000 -1.14416893
0.92300000 -1.13589441
0.92400000 -1.12768606
0.92500000 -1.11954333
0.92600000 -1.11146564
0.92700000 -1.10345246
0.92800000 -1.09550323
0.92900000 -1.08761740
0.93000000 -1.07979444
0.93100000 -1.07203381
0.93200000 -1.06433499
0.93300000 -1.05669744
0.93400000 -1.04912065
0.93500000 -1.04160409
0.93600000 -1.03414726
0.93700000 -1.02674965
0.93800000 -1.01941075
0.93900000 -1.01213007
0.94000000 -1.00490711
0.94100000 -0.99774137
0.94200000 -0.99063239
0.94300000 -0.98357966
0.94400000 -0.97658272
0.94500000 -0.96964109
0.94600000 -0.96275430
0.94700000 -0.95592188
0.94800000 -0.94914338
0.94900000 -0.94241833
0.95000000 -0.93574629
0.95100000 -0.92912680
0.95200000 -0.92255941
0.95300000 -0.91604369
0.95400000 -0.90957920
0.95500000 -0.90316550
0.95600000 -0.89680217
0.95700000 -0.89048877
0.95800000 -0.88422489
0.95900000 -0.87801010
0.96000000 -0.87184399
0.96100000 -0.86572615
0.96200000 -0.85965616
0.96300000 -0.85363363
0.96400000 -0.84765816
0.96500000 -0.84172934
0.96600000 -0.83584678
0.96700000 -0.83001010
0.96800000 -0.82421890
0.96900000 -0.81847280
0.97000000 -0.81277142
0.97100000 -0.80711438
0.97200000 -0.80150131
0.97300000 -0.79593184
0.97400000 -0.79040560
0.97500000 -0.78492223
0.97600000 -0.77948137
0.97700000 -0.77408265
0.97800000 -0.76872573
0.97900000 -0.76341025
0.98000000 -0.75813587
0.98100000 -0.75290224
0.98200000 -0.74770902
0.98300000 -0.74255586
0.98400000 -0.73744244
0.98500000 -0.73236841
0.98600000 -0.72733346
0.98700000 -0.72233724
0.98800000 -0.71737945
0.98900000 -0.71245975
0.99000000 -0.70757782
0.99100000 -0.70273336
0.99200000 -0.69792604
0.99300000 -0.69315557
0.99400000 -0.68842162
0.99500000 -0.68372389
0.99600000 -0.67906209
0.99700000 -0.67443591
0.99800000 -0.66984506
0.99900000 -0.66528923
1.00000000 -0.66076815
1.00100000 -0.65628152
1.00200000 -0.65182905
1.00300000 -0.64741046
1.00400000 -0.64302547
1.00500000 -0.63867380
1.00600000 -0.63435517
1.00700000 -0.63006930
1.00800000 -0.62581594
1.00900000 -0.62159480
1.01000000 -0.61740561
1.01100000 -0.61324813
1.01200000 -0.60912207
1.01300000 -0.60502719
1.01400000 -0.60096322
1.01500000 -0.59692992
1.01600000 -0.59292701
1.01700000 -0.58895427
1.01800000 -0.58501142
1.01900000 -0.58109824
1.02000000 -0.57721447
1.02100000 -0.57335987
1.02200000 -0.56953421
1.02300000 -0.56573724
1.02400000 -0.56196872
1.02500000 -0.55822843
1.02600000 -0.55451613
1.02700000 -0.55083160
1.02800000 -0.54717460
1.02900000 -0.54354490
1.03000000 -0.53994230
1.03100000 -0.53636655
1.03200000 -0.53281745
1.03300000 -0.52929477
1.03400000 -0.52579830
1.03500000 -0.52232782
1.03600000 -0.51888313
1.03700000 -0.51546400
1.03800000 -0.51207024
1.03900000 -0.50870164
1.04000000 -0.50535799
1.04100000 -0.50203908
1.04200000 -0.49874472
1.04300000 -0.49547471
1.04400000 -0.49222884
1.04500000 -0.48900693
1.04600000 -0.48580878
1.04700000 -0.48263419
1.04800000 -0.47948297
1.04900000 -0.47635494
1.05000000 -0.47324990
1.05100000 -0.47016768
1.05200000 -0.46710808
1.05300000 -0.46407092
1.05400000 -0.46105602
1.05500000 -0.45806321
1.05600000 -0.45509230
1.05700000 -0.45214311
1.05800000 -0.44921548
1.05900000 -0.44630923
1.06000000 -0.44342418
1.06100000 -0.44056016
1.06200000 -0.43771701
1.06300000 -0.43489456
1.06400000 -0.43209265
1.06500000 -0.42931110
1.06600000 -0.42654975
1.06700000 -0.42380844
1.06800000 -0.42108702
1.06900000 -0.41838532
1.07000000 -0.41570318
1.07100000 -0.41304045
1.07200000 -0.41039697
1.07300000 -0.40777260
1.07400000 -0.40516716
1.07500000 -0.40258053
1.07600000 -0.40001254
1.07700000 -0.39746305
1.07800000 -0.39493191
1.07900000 -0.39241897
1.08000000 -0.38992409
1.08100000 -0.38744713
1.08200000 -0.38498794
1.08300000 -0.38254638
1.08400000 -0.38012232
1.08500000 -0.37771561
1.08600000 -0.37532612
1.08700000 -0.37295371
1.08800000 -0.37059824
1.08900000 -0.36825959
1.09000000 -0.36593761
1.09100000 -0.36363218
1.09200000 -0.36134317
1.09300000 -0.35907045
1.09400000 -0.35681388
1.09500000 -0.35457335
1.09600000 -0.35234873
1.09700000 -0.35013988
1.09800000 -0.34794669
1.09900000 -0.34576904
1.10000000 -0.34360680
1.10100000 -0.34145985
1.10200000 -0.33932807
1.10300000 -0.33721134
1.10400000 -0.33510955
1.10500000 -0.33302258
1.10600000 -0.33095031
1.10700000 -0.32889263
1.10800000 -0.32684942
1.10900000 -0.32482057
1.11000000 -0.32280597
1.11100000 -0.32080551
1.11200000 -0.31881908
1.11300000 -0.31684657
1.11400000 -0.31488787
1.11500000 -0.31294287
1.11600000 -0.31101147
1.11700000 -0.30909356
1.11800000 -0.30718904
1.11900000 -0.30529781
1.12000000 -0.30341975
1.12100000 -0.30155478
1.12200000 -0.29970278
1.12300000 -0.29786366
1.12400000 -0.29603732
1.12500000 -0.29422366
1.12600000 -0.29242258
1.12700000 -0.29063399
1.12800000 -0.28885778
1.12900000 -0.28709387
1.13000000 -0.28534216
1.13100000 -0.28360256
1.13200000 -0.28187497
1.13300000 -0.28015929
1.13400000 -0.27845545
1.13500000 -0.27676335
1.13600000 -0.27508290
1.13700000 -0.27341401
1.13800000 -0.27175658
1.13900000 -0.27011055
1.14000000 -0.26847581
1.14100000 -0.26685228
1.14200000 -0.26523987
1.14300000 -0.26363851
1.14400000 -0.26204811
1.14500000 -0.26046857
1.14600000 -0.25889983
1.14700000 -0.25734180
1.14800000 -0.25579440
1.14900000 -0.25425754
1.15000000 -0.25273115
1.15100000 -0.25121515
1.15200000 -0.24970946
1.15300000 -0.24821400
1.15400000 -0.24672869
1.15500000 -0.24525346
1.15600000 -0.24378823
1.15700000 -0.24233293
1.15800000 -0.24088748
1.15900000 -0.23945180
1.16000000 -0.23802583
1.16100000 -0.23660949
1.16200000 -0.23520271
1.16300000 -0.23380542
1.16400000 -0.23241754
1.16500000 -0.23103900
1.16600000 -0.22966974
1.16700000 -0.22830968
1.16800000 -0.22695876
1.16900000 -0.22561691
1.17000000 -0.22428406
1.17100000 -0.22296014
1.17200000 -0.22164509
1.17300000 -0.22033884
1.17400000 -0.21904132
1.17500000 -0.21775247
1.17600000 -0.21647223
1.17700000 -0.21520053
1.17800000 -0.21393730
1.17900000 -0.21268249
1.18000000 -0.21143604
1.18100000 -0.21019787
1.18200000 -0.20896793
1.18300000 -0.20774616
1.18400000 -0.20653250
1.18500000 -0.20532689
1.18600000 -0.20412926
1.18700000 -0.20293957
1.18800000 -0.20175774
1.18900000 -0.20058373
1.19000000 -0.19941747
1.19100000 -0.19825891
1.19200000 -0.19710800
1.19300000 -0.19596466
1.19400000 -0.19482886
1.19500000 -0.19370053
1.19600000 -0.19257963
1.19700000 -0.19146608
1.19800000 -0.19035985
1.19900000 -0.18926088
1.20000000 -0.18816911
1.20100000 -0.18708449
1.20200000 -0.18600697
1.20300000 -0.18493650
1.20400000 -0.18387303
1.20500000 -0.18281650
1.20600000 -0.18176687
1.20700000 -0.18072408
1.20800000 -0.17968809
1.20900000 -0.17865884
1.21000000 -0.17763629
1.21100000 -0.17662039
1.21200000 -0.17561109
1.21300000 -0.17460834
1.21400000 -0.17361209
1.21500000 -0.17262230
1.21600000 -0.17163893
1.21700000 -0.17066191
1.21800000 -0.16969122
1.21900000 -0.16872680
1.22000000 -0.16776861
1.22100000 -0.16681660
1.22200000 -0.16587072
1.22300000 -0.16493095
1.22400000 -0.16399722
1.22500000 -0.16306950
1.22600000 -0.16214774
1.22700000 -0.16123191
1.22800000 -0.16032195
1.22900000 -0.15941783
1.23000000 -0.15851950
1.23100000 -0.15762693
1.23200000 -0.15674007
1.23300000 -0.15585888
1.23400000 -0.15498332
1.23500000 -0.15411335
1.23600000 -0.15324894
1.23700000 -0.15239003
1.23800000 -0.15153660
1.23900000 -0.15068860
1.24000000 -0.14984599
1.24100000 -0.14900874
1.24200000 -0.14817681
1.24300000 -0.14735016
1.24400000 -0.14652875
1.24500000 -0.14571254
1.24600000 -0.14490151
1.24700000 -0.14409561
1.24800000 -0.14329480
1.24900000 -0.14249906
1.25000000 -0.14170834
1.25100000 -0.14092261
1.25200000 -0.14014183
1.25300000 -0.13936597
1.25400000 -0.13859500
1.25500000 -0.13782887
1.25600000 -0.13706756
1.25700000 -0.13631104
1.25800000 -0.13555926
1.25900000 -0.13481220
1.26000000 -0.13406982
1.26100000 -0.13333209
1.26200000 -0.13259897
1.26300000 -0.13187044
1.26400000 -0.13114647
1.26500000 -0.13042701
1.26600000 -0.12971204
1.26700000 -0.12900153
1.26800000 -0.12829545
1.26900000 -0.12759377
1.27000000 -0.12689645
1.27100000 -0.12620346
1.27200000 -0.12551478
1.27300000 -0.12483037
1.27400000 -0.12415021
1.27500000 -0.12347427
1.27600000 -0.12280251
1.27700000 -0.12213491
1.27800000 -0.12147144
1.27900000 -0.12081207
1.28000000 -0.12015677
1.28100000 -0.11950552
1.28200000 -0.11885828
1.28300000 -0.11821503
1.28400000 -0.11757574
1.28500000 -0.11694039
1.28600000 -0.11630894
1.28700000 -0.11568137
1.28800000 -0.11505766
1.28900000 -0.11443777
1.29000000 -0.11382168
1.29100000 -0.11320937
1.29200000 -0.11260080
1.29300000 -0.11199596
1.29400000 -0.11139481
1.29500000 -0.11079734
1.29600000 -0.11020351
1.29700000 -0.10961331
1.29800000 -0.10902670
1.29900000 -0.10844367
1.30000000 -0.10786418
1.30100000 -0.10728822
1.30200000 -0.10671576
1.30300000 -0.10614677
1.30400000 -0.10558124
1.30500000 -0.10501914
1.30600000 -0.10446044
1.30700000 -0.10390513
1.30800000 -0.10335318
1.30900000 -0.10280456
1.31000000 -0.10225926
1.31100000 -0.10171725
1.31200000 -0.10117852
1.31300000 -0.10064303
1.31400000 -0.10011077
1.31500000 -0.09958171
1.31600000 -0.09905583
1.31700000 -0.09853312
1.31800000 -0.09801354
1.31900000 -0.09749709
1.32000000 -0.09698373
1.32100000 -0.09647345
1.32200000 -0.09596623
1.32300000 -0.09546205
1.32400000 -0.09496088
1.32500000 -0.09446270
1.32600000 -0.09396750
1.32700000 -0.09347526
1.32800000 -0.09298595
1.32900000 -0.09249956
1.33000000 -0.09201607
1.33100000 -0.09153545
1.33200000 -0.09105769
1.33300000 -0.09058277
1.33400000 -0.09011068
1.33500000 -0.08964138
1.33600000 -0.08917487
1.33700000 -0.08871112
1.33800000 -0.08825012
1.33900000 -0.08779185
1.34000000 -0.08733628
1.34100000 -0.08688341
1.34200000 -0.08643321
1.34300000 -0.08598567
1.34400000 -0.08554077
1.34500000 -0.08509849
1.34600000 -0.08465882
1.34700000 -0.08422173
1.34800000 -0.08378721
1.34900000 -0.08335525
1.35000000 -0.08292582
1.35100000 -0.08249891
1.35200000 -0.08207451
1.35300000 -0.08165259
1.35400000 -0.08123314
1.35500000 -0.08081615
1.35600000 -0.08040159
1.35700000 -0.07998946
1.35800000 -0.07957973
1.35900000 -0.07917239
1.36000000 -0.07876743
1.36100000 -0.07836483
1.36200000 -0.07796457
1.36300000 -0.07756664
1.36400000 -0.07717103
1.36500000 -0.07677771
1.36600000 -0.07638668
1.36700000 -0.07599791
1.36800000 -0.07561140
1.36900000 -0.07522713
1.37000000 -0.07484509
1.37100000 -0.07446525
1.37200000 -0.07408761
1.37300000 -0.07371215
1.37400000 -0.07333886
1.37500000 -0.07296773
1.37600000 -0.07259873
1.37700000 -0.07223186
1.37800000 -0.07186710
1.37900000 -0.07150444
1.38000000 -0.07114387
1.38100000 -0.07078537
1.38200000 -0.07042892
1.38300000 -0.07007452
1.38400000 -0.06972215
1.38500000 -0.06937180
1.38600000 -0.06902346
1.38700000 -0.06867711
1.38800000 -0.06833274
1.38900000 -0.06799034
1.39000000 -0.06764989
1.39100000 -0.06731139
1.39200000 -0.06697482
1.39300000 -0.06664016
1.39400000 -0.06630741
1.39500000 -0.06597655
1.39600000 -0.06564758
1.39700000 -0.06532047
1.39800000 -0.06499522
1.39900000 -0.06467181
1.40000000 -0.06435024
1.40100000 -0.06403050
1.40200000 -0.06371256
1.40300000 -0.06339642
1.40400000 -0.06308207
1.40500000 -0.06276950
1.40600000 -0.06245869
1.40700000 -0.06214963
1.40800000 -0.06184232
1.40900000 -0.06153674
1.41000000 -0.06123288
1.41100000 -0.06093073
1.41200000 -0.06063028
1.41300000 -0.06033152
1.41400000 -0.06003443
1.41500000 -0.05973902
1.41600000 -0.05944526
1.41700000 -0.05915314
1.41800000 -0.05886267
1.41900000 -0.05857382
1.42000000 -0.05828658
1.42100000 -0.05800095
1.42200000 -0.05771692
1.42300000 -0.05743447
1.42400000 -0.05715359
1.42500000 -0.05687428
1.42600000 -0.05659653
1.42700000 -0.05632033
1.42800000 -0.05604566
1.42900000 -0.05577251
1.43000000 -0.05550089
1.43100000 -0.05523077
1.43200000 -0.05496215
1.43300000 -0.05469502
1.43400000 -0.05442937
1.43500000 -0.05416520
1.43600000 -0.05390248
1.43700000 -0.05364121
1.43800000 -0.05338139
1.43900000 -0.05312301
1.44000000 -0.05286605
1.44100000 -0.05261050
1.44200000 -0.05235637
1.44300000 -0.05210363
1.44400000 -0.05185229
1.44500000 -0.05160233
1.44600000 -0.05135374
1.44700000 -0.05110651
1.44800000 -0.05086065
1.44900000 -0.05061613
1.45000000 -0.05037295
1.45100000 -0.05013111
1.45200000 -0.04989058
1.45300000 -0.04965138
1.45400000 -0.04941348
1.45500000 -0.04917688
1.45600000 -0.04894157
1.45700000 -0.04870755
1.45800000 -0.04847480
1.45900000 -0.04824332
1.46000000 -0.04801310
1.46100000 -0.04778414
1.46200000 -0.04755641
1.46300000 -0.04732993
1.46400000 -0.04710467
1.46500000 -0.04688064
1.46600000 -0.04665782
1.46700000 -0.04643622
1.46800000 -0.04621581
1.46900000 -0.04599659
1.47000000 -0.04577856
1.47100000 -0.04556171
1.47200000 -0.04534602
1.47300000 -0.04513151
1.47400000 -0.04491815
1.47500000 -0.04470594
1.47600000 -0.04449487
1.47700000 -0.04428494
1.47800000 -0.04407614
1.47900000 -0.04386846
1.48000000 -0.04366190
1.48100000 -0.04345645
1.48200000 -0.04325210
1.48300000 -0.04304884
1.48400000 -0.04284668
1.48500000 -0.04264559
1.48600000 -0.04244559
1.48700000 -0.04224665
1.48800000 -0.04204878
1.48900000 -0.04185196
1.49000000 -0.04165619
1.49100000 -0.04146147
1.49200000 -0.04126779
1.49300000 -0.04107514
1.49400000 -0.04088351
1.49500000 -0.04069290
1.49600000 -0.04050331
1.49700000 -0.04031472
1.49800000 -0.04012714
1.49900000 -0.03994055
1.50000000 -0.03975495
1.50100000 -0.03957034
1.50200000 -0.03938670
1.50300000 -0.03920403
1.50400000 -0.03902233
1.50500000 -0.03884159
1.50600000 -0.03866181
1.50700000 -0.03848297
1.50800000 -0.03830508
1.50900000 -0.03812813
1.51000000 -0.03795210
1.51100000 -0.03777701
1.51200000 -0.03760283
1.51300000 -0.03742958
1.51400000 -0.03725723
1.51500000 -0.03708579
1.51600000 -0.03691525
1.51700000 -0.03674560
1.51800000 -0.03657684
1.51900000 -0.03640897
1.52000000 -0.03624197
1.52100000 -0.03607585
1.52200000 -0.03591059
1.52300000 -0.03574620
1.52400000 -0.03558267
1.52500000 -0.03542000
1.52600000 -0.03525817
1.52700000 -0.03509718
1.52800000 -0.03493703
1.52900000 -0.03477772
1.53000000 -0.03461923
1.53100000 -0.03446157
1.53200000 -0.03430473
1.53300000 -0.03414870
1.53400000 -0.03399348
1.53500000 -0.03383906
1.53600000 -0.03368545
1.53700000 -0.03353263
1.53800000 -0.03338060
1.53900000 -0.03322936
1.54000000 -0.03307890
1.54100000 -0.03292922
1.54200000 -0.03278031
1.54300000 -0.03263217
1.54400000 -0.03248479
1.54500000 -0.03233817
1.54600000 -0.03219231
1.54700000 -0.03204719
1.54800000 -0.03190283
1.54900000 -0.03175920
1.55000000 -0.03161631
1.55100000 -0.03147416
1.55200000 -0.03133273
1.55300000 -0.03119203
1.55400000 -0.03105205
1.55500000 -0.03091279
1.55600000 -0.03077424
1.55700000 -0.03063640
1.55800000 -0.03049926
1.55900000 -0.03036282
1.56000000 -0.03022708
1.56100000 -0.03009204
1.56200000 -0.02995768
1.56300000 -0.02982400
1.56400000 -0.02969101
1.56500000 -0.02955869
1.56600000 -0.02942704
1.56700000 -0.02929606
1.56800000 -0.02916575
1.56900000 -0.02903610
1.57000000 -0.02890711
1.57100000 -0.02877877
1.57200000 -0.02865108
1.57300000 -0.02852404
1.57400000 -0.02839764
1.57500000 -0.02827188
1.57600000 -0.02814675
1.57700000 -0.02802226
1.57800000 -0.02789839
1.57900000 -0.02777515
1.58000000 -0.02765253
1.58100000 -0.02753053
1.58200000 -0.02740914
1.58300000 -0.02728837
1.58400000 -0.02716820
1.58500000 -0.02704863
1.58600000 -0.02692967
1.58700000 -0.02681130
1.58800000 -0.02669352
1.58900000 -0.02657634
1.59000000 -0.02645974
1.59100000 -0.02634373
1.59200000 -0.02622829
1.59300000 -0.02611344
1.59400000 -0.02599915
1.59500000 -0.02588544
1.59600000 -0.02577230
1.59700000 -0.02565972
1.59800000 -0.02554770
1.59900000 -0.02543624
1.60000000 -0.02532533
1.60100000 -0.02521498
1.60200000 -0.02510517
1.60300000 -0.02499591
1.60400000 -0.02488720
1.60500000 -0.02477902
1.60600000 -0.02467138
1.60700000 -0.02456427
1.60800000 -0.02445769
1.60900000 -0.02435164
1.61000000 -0.02424612
1.61100000 -0.02414111
1.61200000 -0.02403663
1.61300000 -0.02393266
1.61400000 -0.02382921
1.61500000 -0.02372626
1.61600000 -0.02362383
1.61700000 -0.02352189
1.61800000 -0.02342046
1.61900000 -0.02331953
1.62000000 -0.02321910
1.62100000 -0.02311916
1.62200000 -0.02301971
1.62300000 -0.02292074
1.62400000 -0.02282227
1.62500000 -0.02272427
1.62600000 -0.02262676
1.62700000 -0.02252972
1.62800000 -0.02243316
1.62900000 -0.02233707
1.63000000 -0.02224145
1.63100000 -0.02214630
1.63200000 -0.02205161
1.63300000 -0.02195739
1.63400000 -0.02186362
1.63500000 -0.02177031
1.63600000 -0.02167746
1.63700000 -0.02158505
1.63800000 -0.02149310
1.63900000 -0.02140159
1.64000000 -0.02131053
1.64100000 -0.02121991
1.64200000 -0.02112973
1.64300000 -0.02103999
1.64400000 -0.02095068
1.64500000 -0.02086181
1.64600000 -0.02077336
1.64700000 -0.02068535
1.64800000 -0.02059776
1.64900000 -0.02051059
1.65000000 -0.02042384
1.65100000 -0.02033752
1.65200000 -0.02025160
1.65300000 -0.02016611
1.65400000 -0.02008102
1.65500000 -0.01999635
1.65600000 -0.01991208
1.65700000 -0.01982821
1.65800000 -0.01974475
1.65900000 -0.01966170
1.66000000 -0.01957904
1.66100000 -0.01949677
1.66200000 -0.01941490
1.66300000 -0.01933343
1.66400000 -0.01925234
1.66500000 -0.01917164
1.66600000 -0.01909133
1.66700000 -0.01901140
1.66800000 -0.01893185
1.66900000 -0.01885269
1.67000000 -0.01877390
1.67100000 -0.01869549
1.67200000 -0.01861745
1.67300000 -0.01853978
1.67400000 -0.01846248
1.67500000 -0.01838555
1.67600000 -0.01830899
1.67700000 -0.01823279
1.67800000 -0.01815695
1.67900000 -0.01808147
1.68000000 -0.01800635
1.68100000 -0.01793159
1.68200000 -0.01785718
1.68300000 -0.01778313
1.68400000 -0.01770942
1.68500000 -0.01763606
1.68600000 -0.01756305
1.68700000 -0.01749039
1.68800000 -0.01741806
1.68900000 -0.01734608
1.69000000 -0.01727444
1.69100000 -0.01720314
1.69200000 -0.01713217
1.69300000 -0.01706153
1.69400000 -0.01699123
1.69500000 -0.01692126
1.69600000 -0.01685162
1.69700000 -0.01678231
1.69800000 -0.01671332
1.69900000 -0.01664465
1.70000000 -0.01657631
1.70100000 -0.01650828
1.70200000 -0.01644058
1.70300000 -0.01637319
1.70400000 -0.01630612
1.70500000 -0.01623936
1.70600000 -0.01617291
1.70700000 -0.01610678
1.70800000 -0.01604095
1.70900000 -0.01597543
1.71000000 -0.01591021
1.71100000 -0.01584530
1.71200000 -0.01578069
1.71300000 -0.01571638
1.71400000 -0.01565237
1.71500000 -0.01558866
1.71600000 -0.01552525
1.71700000 -0.01546213
1.71800000 -0.01539930
1.71900000 -0.01533676
1.72000000 -0.01527451
1.72100000 -0.01521256
1.72200000 -0.01515088
1.72300000 -0.01508950
1.72400000 -0.01502840
1.72500000 -0.01496758
1.72600000 -0.01490704
1.72700000 -0.01484678
1.72800000 -0.01478680
1.72900000 -0.01472709
1.73000000 -0.01466766
1.73100000 -0.01460851
1.73200000 -0.01454962
1.73300000 -0.01449101
1.73400000 -0.01443267
1.73500000 -0.01437459
1.73600000 -0.01431678
1.73700000 -0.01425924
1.73800000 -0.01420196
1.73900000 -0.01414495
1.74000000 -0.01408819
1.74100000 -0.01403170
1.74200000 -0.01397546
1.74300000 -0.01391948
1.74400000 -0.01386376
1.74500000 -0.01380829
1.74600000 -0.01375308
1.74700000 -0.01369811
1.74800000 -0.01364340
1.74900000 -0.01358894
1.75000000 -0.01353472
1.75100000 -0.01348076
1.75200000 -0.01342704
1.75300000 -0.01337356
1.75400000 -0.01332032
1.75500000 -0.01326733
1.75600000 -0.01321458
1.75700000 -0.01316207
1.75800000 -0.01310979
1.75900000 -0.01305776
1.76000000 -0.01300595
1.76100000 -0.01295439
1.76200000 -0.01290305
1.76300000 -0.01285195
1.76400000 -0.01280108
1.76500000 -0.01275044
1.76600000 -0.01270003
1.76700000 -0.01264985
1.76800000 -0.01259989
1.76900000 -0.01255016
1.77000000 -0.01250065
1.77100000 -0.01245136
1.77200000 -0.01240230
1.77300000 -0.01235346
1.77400000 -0.01230484
1.77500000 -0.01225643
1.77600000 -0.01220824
1.77700000 -0.01216027
1.77800000 -0.01211252
1.77900000 -0.01206497
1.78000000 -0.01201765
1.78100000 -0.01197053
1.78200000 -0.01192362
1.78300000 -0.01187693
1.78400000 -0.01183044
1.78500000 -0.01178416
1.78600000 -0.01173809
1.78700000 -0.01169222
1.78800000 -0.01164656
1.78900000 -0.01160110
1.79000000 -0.01155584
1.79100000 -0.01151079
1.79200000 -0.01146593
1.79300000 -0.01142128
1.79400000 -0.01137682
1.79500000 -0.01133257
1.79600000 -0.01128850
1.79700000 -0.01124464
1.79800000 -0.01120096
1.79900000 -0.01115749
1.80000000 -0.01111420
1.80100000 -0.01107111
1.80200000 -0.01102820
1.80300000 -0.01098549
1.80400000 -0.01094297
1.80500000 -0.01090063
1.80600000 -0.01085848
1.80700000 -0.01081652
1.80800000 -0.01077474
1.80900000 -0.01073315
1.81000000 -0.01069174
1.81100000 -0.01065051
1.81200000 -0.01060946
1.81300000 -0.01056859
1.81400000 -0.01052791
1.81500000 -0.01048740
1.81600000 -0.01044707
1.81700000 -0.01040692
1.81800000 -0.01036694
1.81900000 -0.01032714
1.82000000 -0.01028751
1.82100000 -0.01024806
1.82200000 -0.01020878
1.82300000 -0.01016967
1.82400000 -0.01013074
1.82500000 -0.01009197
1.82600000 -0.01005337
1.82700000 -0.01001494
1.82800000 -0.00997668
1.82900000 -0.00993859
1.83000000 -0.00990066
1.83100000 -0.00986289
1.83200000 -0.00982530
1.83300000 -0.00978786
1.83400000 -0.00975059
1.83500000 -0.00971348
1.83600000 -0.00967653
1.83700000 -0.00963974
1.83800000 -0.00960311
1.83900000 -0.00956664
1.84000000 -0.00953033
1.84100000 -0.00949418
1.84200000 -0.00945818
1.84300000 -0.00942234
1.84400000 -0.00938665
1.84500000 -0.00935112
1.84600000 -0.00931574
1.84700000 -0.00928051
1.84800000 -0.00924544
1.84900000 -0.00921052
1.85000000 -0.00917574
1.85100000 -0.00914112
1.85200000 -0.00910665
1.85300000 -0.00907233
1.85400000 -0.00903815
1.85500000 -0.00900412
1.85600000 -0.00897024
1.85700000 -0.00893650
1.85800000 -0.00890290
1.85900000 -0.00886946
1.86000000 -0.00883615
1.86100000 -0.00880299
1.86200000 -0.00876997
1.86300000 -0.00873709
1.86400000 -0.00870435
1.86500000 -0.00867175
1.86600000 -0.00863929
1.86700000 -0.00860697
1.86800000 -0.00857479
1.86900000 -0.00854275
1.87000000 -0.00851084
1.87100000 -0.00847907
1.87200000 -0.00844743
1.87300000 -0.00841593
1.87400000 -0.00838456
1.87500000 -0.00835333
1.87600000 -0.00832223
1.87700000 -0.00829126
1.87800000 -0.00826042
1.87900000 -0.00822971
1.88000000 -0.00819914
1.88100000 -0.00816869
1.88200000 -0.00813837
1.88300000 -0.00810819
1.88400000 -0.00807812
1.88500000 -0.00804819
1.88600000 -0.00801838
1.88700000 -0.00798870
1.88800000 -0.00795915
1.88900000 -0.00792972
1.89000000 -0.00790041
1.89100000 -0.00787123
1.89200000 -0.00784217
1.89300000 -0.00781323
1.89400000 -0.00778442
1.89500000 -0.00775572
1.89600000 -0.00772715
1.89700000 -0.00769870
1.89800000 -0.00767036
1.89900000 -0.00764215
1.90000000 -0.00761405
1.90100000 -0.00758608
1.90200000 -0.00755822
1.90300000 -0.00753047
1.90400000 -0.00750284
1.90500000 -0.00747533
1.90600000 -0.00744794
1.90700000 -0.00742066
1.90800000 -0.00739349
1.90900000 -0.00736643
1.91000000 -0.00733949
1.91100000 -0.00731266
1.91200000 -0.00728595
1.91300000 -0.00725934
1.91400000 -0.00723285
1.91500000 -0.00720647
1.91600000 -0.00718019
1.91700000 -0.00715403
1.91800000 -0.00712797
1.91900000 -0.00710203
1.92000000 -0.00707619
1.92100000 -0.00705045
1.92200000 -0.00702483
1.92300000 -0.00699931
1.92400000 -0.00697390
1.92500000 -0.00694859
1.92600000 -0.00692339
1.92700000 -0.00689829
1.92800000 -0.00687330
1.92900000 -0.00684840
1.93000000 -0.00682362
1.93100000 -0.00679893
1.93200000 -0.00677435
1.93300000 -0.00674987
1.93400000 -0.00672548
1.93500000 -0.00670120
1.93600000 -0.00667702
1.93700000 -0.00665294
1.93800000 -0.00662896
1.93900000 -0.00660508
1.94000000 -0.00658129
1.94100000 -0.00655761
1.94200000 -0.00653402
1.94300000 -0.00651053
1.94400000 -0.00648713
1.94500000 -0.00646383
1.94600000 -0.00644062
1.94700000 -0.00641752
1.94800000 -0.00639450
1.94900000 -0.00637158
1.95000000 -0.00634875
1.95100000 -0.00632602
1.95200000 -0.00630338
1.95300000 -0.00628083
1.95400000 -0.00625838
1.95500000 -0.00623601
1.95600000 -0.00621374
1.95700000 -0.00619156
1.95800000 -0.00616947
1.95900000 -0.00614747
1.96000000 -0.00612555
1.96100000 -0.00610373
1.96200000 -0.00608200
1.96300000 -0.00606035
1.96400000 -0.00603879
1.96500000 -0.00601732
1.96600000 -0.00599594
1.96700000 -0.00597465
1.96800000 -0.00595344
1.96900000 -0.00593231
1.97000000 -0.00591127
1.97100000 -0.00589032
1.97200000 -0.00586945
1.97300000 -0.00584867
1.97400000 -0.00582797
1.97500000 -0.00580736
1.97600000 -0.00578682
1.97700000 -0.00576637
1.97800000 -0.00574601
1.97900000 -0.00572572
1.98000000 -0.00570552
1.98100000 -0.00568540
1.98200000 -0.00566535
1.98300000 -0.00564539
1.98400000 -0.00562551
1.98500000 -0.00560571
1.98600000 -0.00558599
1.98700000 -0.00556635
1.98800000 -0.00554679
1.98900000 -0.00552731
1.99000000 -0.00550790
1.99100000 -0.00548857
1.99200000 -0.00546932
1.99300000 -0.00545015
1.99400000 -0.00543105
1.99500000 -0.00541203
1.99600000 -0.00539309
1.99700000 -0.00537422
1.99800000 -0.00535543
1.99900000 -0.00533671
2.00000000 -0.00531807
