0.10000000 151954037318.55160522
0.10100000 133516053300.11218262
0.10200000 117464915020.49479675
0.10300000 103472630394.40765381
0.10400000 91258843213.87724304
0.10500000 80583549078.45436096
0.10600000 71240980055.09780884
0.10700000 63054461891.16637421
0.10800000 55872081960.01668549
0.10900000 49563034212.52623749
0.11000000 44014530424.86263275
0.11100000 39129185925.85137177
0.11200000 34822803523.83140564
0.11300000 31022492152.34581757
0.11400000 27665067317.31780624
0.11500000 24695689161.37418747
0.11600000 22066701193.19667053
0.11700000 19736638729.19104385
0.11800000 17669381079.73120880
0.11900000 15833425661.01338196
0.12000000 14201265671.91469765
0.12100000 12748855862.60445595
0.12200000 11455153335.99553108
0.12300000 10301722344.99556923
0.12400000 9272393744.24215317
0.12500000 8352971179.27425480
0.12600000 7530977294.08392906
0.12700000 6795434247.08144569
0.12800000 6136673676.66582108
0.12900000 5546171976.52196980
0.13000000 5016407348.82666683
0.13100000 4540735618.51828861
0.13200000 4113282228.49039030
0.13300000 3728848206.37849903
0.13400000 3382828208.86471415
0.13500000 3071139017.78310585
0.13600000 2790157091.02719402
0.13700000 2536663966.42997980
0.13800000 2307798483.52655125
0.13900000 2101014930.72754836
0.14000000 1914046347.55919433
0.14100000 1744872316.32536888
0.14200000 1591690667.40692806
0.14300000 1452892599.62189531
0.14400000 1327040783.48072648
0.14500000 1212850072.35506964
0.14600000 1109170495.87029123
0.14700000 1014972252.36512864
0.14800000 929332454.00073123
0.14900000 851423409.86758232
0.15000000 780502259.93296111
0.15100000 715901796.49168396
0.15200000 657022330.43999147
0.15300000 603324477.62379456
0.15400000 554322756.09250236
0.15500000 509579898.63936651
0.15600000 468701796.80403936
0.15700000 431333002.78966266
0.15800000 397152724.70859504
0.15900000 365871258.39309537
0.16000000 337226805.84076631
0.16100000 310982636.33946860
0.16200000 286924551.54507512
0.16300000 264858620.36491546
0.16400000 244609153.51399139
0.16500000 226016891.13269517
0.16600000 208937379.94678572
0.16700000 193239519.16735494
0.16800000 178804256.71783993
0.16900000 165523419.47795665
0.17000000 153298663.08653548
0.17100000 142040528.47776324
0.17200000 131667593.76540454
0.17300000 122105711.36081557
0.17400000 113287321.33359806
0.17500000 105150833.01657918
0.17600000 97640067.73514755
0.17700000 90703756.31861311
0.17800000 84295085.74019292
0.17900000 78371289.84301305
0.18000000 72893279.65139084
0.18100000 67825309.24772313
0.18200000 63134673.62266718
0.18300000 58791435.28620838
0.18400000 54768176.76515265
0.18500000 51039776.41339318
0.18600000 47583205.22923195
0.18700000 44377342.61283144
0.18800000 41402809.20983515
0.18900000 38641815.17723674
0.19000000 36078022.37726986
0.19100000 33696419.15670495
0.19200000 31483206.50448231
0.19300000 29425694.50185796
0.19400000 27512208.08776360
0.19500000 25732001.25927336
0.19600000 24075178.91416389
0.19700000 22532625.62064329
0.19800000 21095940.66937876
0.19900000 19757378.82583540
0.20000000 18509796.25741368
0.20100000 17346601.16062227
0.20200000 16261708.65915062
0.20300000 15249499.58475170
0.20400000 14304782.78978826
0.20500000 13422760.67356432
0.20600000 12598997.63453825
0.20700000 11829391.18753419
0.20800000 11110145.50943933
0.20900000 10437747.19886559
0.21000000 9808943.05510845
0.21100000 9220719.69966965
0.21200000 8670284.87981723
0.21300000 8155050.30831005
0.21400000 7672615.90666965
0.21500000 7220755.33137852
0.21600000 6797402.67324625
0.21700000 6400640.23002473
0.21800000 6028687.26127140
0.21900000 5679889.64254496
0.22000000 5352710.34335314
0.22100000 5045720.65992811
0.22200000 4757592.13994933
0.22300000 4487089.14182256
0.22400000 4233061.97611316
0.22500000 3994440.58126644
0.22600000 3770228.68987322
0.22700000 3559498.44549186
0.22800000 3361385.43345456
0.22900000 3175084.09219748
0.23000000 2999843.47448846
0.23100000 2834963.33050994
0.23200000 2679790.48711053
0.23300000 2533715.49968699
0.23400000 2396169.55511981
0.23500000 2266621.60597518
0.23600000 2144575.71782111
0.23700000 2029568.61299897
0.23800000 1921167.39555674
0.23900000 1818967.44329831
0.24000000 1722590.45404489
0.24100000 1631682.63424888
0.24200000 1545913.01905699
0.24300000 1464971.91379454
0.24400000 1388569.44764538
0.24500000 1316434.23103618
0.24600000 1248312.10890809
0.24700000 1183965.00267617
0.24800000 1123169.83424400
0.24900000 1065717.52596071
0.25000000 1011412.07088534
0.25100000 960069.66816161
0.25200000 911517.91870919
0.25300000 865595.07680749
0.25400000 822149.35348819
0.25500000 781038.26796579
0.25600000 742128.04362298
0.25700000 705293.04533261
0.25800000 670415.25514185
0.25900000 637383.78356822
0.26000000 606094.41396448
0.26100000 576449.17759925
0.26200000 548355.95727614
0.26300000 521728.11747597
0.26400000 496484.15915577
0.26500000 472547.39747617
0.26600000 449845.66085567
0.26700000 428311.00986768
0.26800000 407879.47460454
0.26900000 388490.80923268
0.27000000 370088.26255567
0.27100000 352618.36348715
0.27200000 336030.72041471
0.27300000 320277.83350891
0.27400000 305314.91909887
0.27500000 291099.74529885
0.27600000 277592.47812758
0.27700000 264755.53741605
0.27800000 252553.46184888
0.27900000 240952.78253036
0.28000000 229921.90450892
0.28100000 219430.99573308
0.28200000 209451.88294871
0.28300000 199957.95408120
0.28400000 190924.06667762
0.28500000 182326.46201332
0.28600000 174142.68449427
0.28700000 166351.50601182
0.28800000 158932.85492968
0.28900000 151867.74940492
0.29000000 145138.23476468
0.29100000 138727.32467914
0.29200000 132618.94588871
0.29300000 126797.88625952
0.29400000 121249.74595651
0.29500000 115960.89153716
0.29600000 110918.41278224
0.29700000 106110.08209179
0.29800000 101524.31628617
0.29900000 97150.14066214
0.30000000 92977.15516407
0.30100000 88995.50253927
0.30200000 85195.83835514
0.30300000 81569.30276352
0.30400000 78107.49390516
0.30500000 74802.44285423
0.30600000 71646.59000879
0.30700000 68632.76283979
0.30800000 65754.15491600
0.30900000 63004.30612823
0.31000000 60377.08404047
0.31100000 57866.66630053
0.31200000 55467.52404679
0.31300000 53174.40625179
0.31400000 50982.32494689
0.31500000 48886.54127603
0.31600000 46882.55232944
0.31700000 44966.07871155
0.31800000 43133.05280004
0.31900000 41379.60765546
0.32000000 39702.06654372
0.32100000 38096.93303558
0.32200000 36560.88164994
0.32300000 35090.74900933
0.32400000 33683.52547819
0.32500000 32336.34725621
0.32600000 31046.48890065
0.32700000 29811.35625319
0.32800000 28628.47974824
0.32900000 27495.50808111
0.33000000 26410.20221568
0.33100000 25370.42971233
0.33200000 24374.15935834
0.33300000 23419.45608348
0.33400000 22504.47614515
0.33500000 21627.46256785
0.33600000 20786.74082292
0.33700000 19980.71473522
0.33800000 19207.86260420
0.33900000 18466.73352758
0.34000000 17755.94391643
0.34100000 17074.17419125
0.34200000 16420.16564915
0.34300000 15792.71749274
0.34400000 15190.68401199
0.34500000 14612.97191085
0.34600000 14058.53777063
0.34700000 13526.38564295
0.34800000 13015.56476524
0.34900000 12525.16739218
0.35000000 12054.32673692
0.35100000 11602.21501632
0.35200000 11168.04159447
0.35300000 10751.05121956
0.35400000 10350.52234893
0.35500000 9965.76555776
0.35600000 9596.12202710
0.35700000 9240.96210683
0.35800000 8899.68394991
0.35900000 8571.71221404
0.36000000 8256.49682724
0.36100000 7953.51181415
0.36200000 7662.25417974
0.36300000 7382.24284766
0.36400000 7113.01765021
0.36500000 6854.13836748
0.36600000 6605.18381309
0.36700000 6365.75096401
0.36800000 6135.45413243
0.36900000 5913.92417747
0.37000000 5700.80775460
0.37100000 5495.76660105
0.37200000 5298.47685529
0.37300000 5108.62840886
0.37400000 4925.92428905
0.37500000 4750.08007070
0.37600000 4580.82331582
0.37700000 4417.89303965
0.37800000 4261.03920172
0.37900000 4110.02222081
0.38000000 3964.61251253
0.38100000 3824.59004856
0.38200000 3689.74393623
0.38300000 3559.87201776
0.38400000 3434.78048789
0.38500000 3314.28352930
0.38600000 3198.20296471
0.38700000 3086.36792496
0.38800000 2978.61453239
0.38900000 2874.78559855
0.39000000 2774.73033576
0.39100000 2678.30408183
0.39200000 2585.36803714
0.39300000 2495.78901371
0.39400000 2409.43919560
0.39500000 2326.19591000
0.39600000 2245.94140871
0.39700000 2168.56265934
0.39800000 2093.95114588
0.39900000 2022.00267811
0.40000000 1952.61720956
0.40100000 1885.69866348
0.40200000 1821.15476654
0.40300000 1758.89688989
0.40400000 1698.83989718
0.40500000 1640.90199927
0.40600000 1585.00461537
0.40700000 1531.07224015
0.40800000 1479.03231673
0.40900000 1428.81511515
0.41000000 1380.35361617
0.41100000 1333.58340004
0.41200000 1288.44254012
0.41300000 1244.87150108
0.41400000 1202.81304147
0.41500000 1162.21212049
0.41600000 1123.01580873
0.41700000 1085.17320276
0.41800000 1048.63534330
0.41900000 1013.35513693
0.42000000 979.28728108
0.42100000 946.38819225
0.42200000 914.61593719
0.42300000 883.93016703
0.42400000 854.29205416
0.42500000 825.66423179
0.42600000 798.01073598
0.42700000 771.29695014
0.42800000 745.48955185
0.42900000 720.55646184
0.43000000 696.46679511
0.43100000 673.19081411
0.43200000 650.69988383
0.43300000 628.96642870
0.43400000 607.96389131
0.43500000 587.66669282
0.43600000 568.05019498
0.43700000 549.09066370
0.43800000 530.76523412
0.43900000 513.05187706
0.44000000 495.92936691
0.44100000 479.37725071
0.44200000 463.37581861
0.44300000 447.90607540
0.44400000 432.94971326
0.44500000 418.48908558
0.44600000 404.50718183
0.44700000 390.98760347
0.44800000 377.91454070
0.44900000 365.27275034
0.45000000 353.04753437
0.45100000 341.22471949
0.45200000 329.79063740
0.45300000 318.73210587
0.45400000 308.03641059
0.45500000 297.69128769
0.45600000 287.68490698
0.45700000 278.00585583
0.45800000 268.64312366
0.45900000 259.58608710
0.46000000 250.82449567
0.46100000 242.34845799
0.46200000 234.14842864
0.46300000 226.21519537
0.46400000 218.53986698
0.46500000 211.11386150
0.46600000 203.92889492
0.46700000 196.97697034
0.46800000 190.25036755
0.46900000 183.74163293
0.47000000 177.44356983
0.47100000 171.34922927
0.47200000 165.45190100
0.47300000 159.74510488
0.47400000 154.22258265
0.47500000 148.87828990
0.47600000 143.70638849
0.47700000 138.70123910
0.47800000 133.85739417
0.47900000 129.16959106
0.48000000 124.63274549
0.48100000 120.24194519
0.48200000 115.99244381
0.48300000 111.87965503
0.48400000 107.89914699
0.48500000 104.04663673
0.48600000 100.31798504
0.48700000 96.70919141
0.48800000 93.21638910
0.48900000 89.83584053
0.49000000 86.56393275
0.49100000 83.39717307
0.49200000 80.33218491
0.49300000 77.36570374
0.49400000 74.49457320
0.49500000 71.71574139
0.49600000 69.02625720
0.49700000 66.42326686
0.49800000 63.90401062
0.49900000 61.46581945
0.50000000 59.10611200
0.50100000 56.82239153
0.50200000 54.61224306
0.50300000 52.47333057
0.50400000 50.40339430
0.50500000 48.40024813
0.50600000 46.46177714
0.50700000 44.58593514
0.50800000 42.77074236
0.50900000 41.01428322
0.51000000 39.31470414
0.51100000 37.67021145
0.51200000 36.07906940
0.51300000 34.53959820
0.51400000 33.05017213
0.51500000 31.60921774
0.51600000 30.21521211
0.51700000 28.86668117
0.51800000 27.56219804
0.51900000 26.30038149
0.52000000 25.07989441
0.52100000 23.89944234
0.52200000 22.75777209
0.52300000 21.65367033
0.52400000 20.58596231
0.52500000 19.55351058
0.52600000 18.55521374
0.52700000 17.59000527
0.52800000 16.65685242
0.52900000 15.75475504
0.53000000 14.88274455
0.53100000 14.03988292
0.53200000 13.22526163
0.53300000 12.43800076
0.53400000 11.67724802
0.53500000 10.94217788
0.53600000 10.23199067
0.53700000 9.54591178
0.53800000 8.88319083
0.53900000 8.24310089
0.54000000 7.62493771
0.54100000 7.02801901
0.54200000 6.45168378
0.54300000 5.89529157
0.54400000 5.35822184
0.54500000 4.83987333
0.54600000 4.33966345
0.54700000 3.85702766
0.54800000 3.39141891
0.54900000 2.94230708
0.55000000 2.50917845
0.55100000 2.09153517
0.55200000 1.68889474
0.55300000 1.30078957
0.55400000 0.92676644
0.55500000 0.56638612
0.55600000 0.21922288
0.55700000 -0.11513592
0.55800000 -0.43709025
0.55900000 -0.74702780
0.56000000 -1.04532437
0.56100000 -1.33234424
0.56200000 -1.60844052
0.56300000 -1.87395554
0.56400000 -2.12922115
0.56500000 -2.37455903
0.56600000 -2.61028106
0.56700000 -2.83668960
0.56800000 -3.05407777
0.56900000 -3.26272976
0.57000000 -3.46292110
0.57100000 -3.65491892
0.57200000 -3.83898223
0.57300000 -4.01536215
0.57400000 -4.18430216
0.57500000 -4.34603835
0.57600000 -4.50079962
0.57700000 -4.64880794
0.57800000 -4.79027852
0.57900000 -4.92542005
0.58000000 -5.05443488
0.58100000 -5.17751924
0.58200000 -5.29486339
0.58300000 -5.40665184
0.58400000 -5.51306350
0.58500000 -5.61427187
0.58600000 -5.71044518
0.58700000 -5.80174658
0.58800000 -5.88833428
0.58900000 -5.97036170
0.59000000 -6.04797760
0.59100000 -6.12132627
0.59200000 -6.19054761
0.59300000 -6.25577730
0.59400000 -6.31714691
0.59500000 -6.37478402
0.59600000 -6.42881238
0.59700000 -6.47935195
0.59800000 -6.52651911
0.59900000 -6.57042668
0.60000000 -6.61118409
0.60100000 -6.64889744
0.60200000 -6.68366963
0.60300000 -6.71560044
0.60400000 -6.74478662
0.60500000 -6.77132201
0.60600000 -6.79529759
0.60700000 -6.81680157
0.60800000 -6.83591952
0.60900000 -6.85273439
0.61000000 -6.86732660
0.61100000 -6.87977416
0.61200000 -6.89015269
0.61300000 -6.89853552
0.61400000 -6.90499373
0.61500000 -6.90959627
0.61600000 -6.91240996
0.61700000 -6.91349961
0.61800000 -6.91292802
0.61900000 -6.91075611
0.62000000 -6.90704291
0.62100000 -6.90184566
0.62200000 -6.89521985
0.62300000 -6.88721927
0.62400000 -6.87789606
0.62500000 -6.86730074
0.62600000 -6.85548232
0.62700000 -6.84248826
0.62800000 -6.82836459
0.62900000 -6.81315591
0.63000000 -6.79690543
0.63100000 -6.77965505
0.63200000 -6.76144536
0.63300000 -6.74231568
0.63400000 -6.72230414
0.63500000 -6.70144765
0.63600000 -6.67978201
0.63700000 -6.65734186
0.63800000 -6.63416079
0.63900000 -6.61027133
0.64000000 -6.58570499
0.64100000 -6.56049229
0.64200000 -6.53466279
0.64300000 -6.50824511
0.64400000 -6.48126699
0.64500000 -6.45375526
0.64600000 -6.42573592
0.64700000 -6.39723414
0.64800000 -6.36827428
0.64900000 -6.33887992
0.65000000 -6.30907391
0.65100000 -6.27887834
0.65200000 -6.24831458
0.65300000 -6.21740335
0.65400000 -6.18616465
0.65500000 -6.15461788
0.65600000 -6.12278176
0.65700000 -6.09067444
0.65800000 -6.05831344
0.65900000 -6.02571573
0.66000000 -5.99289770
0.66100000 -5.95987521
0.66200000 -5.92666360
0.66300000 -5.89327767
0.66400000 -5.85973176
0.66500000 -5.82603969
0.66600000 -5.79221484
0.66700000 -5.75827012
0.66800000 -5.72421802
0.66900000 -5.69007059
0.67000000 -5.65583947
0.67100000 -5.62153588
0.67200000 -5.58717067
0.67300000 -5.55275431
0.67400000 -5.51829690
0.67500000 -5.48380817
0.67600000 -5.44929753
0.67700000 -5.41477404
0.67800000 -5.38024644
0.67900000 -5.34572314
0.68000000 -5.31121226
0.68100000 -5.27672161
0.68200000 -5.24225873
0.68300000 -5.20783087
0.68400000 -5.17344501
0.68500000 -5.13910786
0.68600000 -5.10482589
0.68700000 -5.07060531
0.68800000 -5.03645209
0.68900000 -5.00237198
0.69000000 -4.96837049
0.69100000 -4.93445293
0.69200000 -4.90062438
0.69300000 -4.86688972
0.69400000 -4.83325363
0.69500000 -4.79972061
0.69600000 -4.76629494
0.69700000 -4.73298077
0.69800000 -4.69978202
0.69900000 -4.66670247
0.70000000 -4.63374573
0.70100000 -4.60091526
0.70200000 -4.56821433
0.70300000 -4.53564610
0.70400000 -4.50321357
0.70500000 -4.47091958
0.70600000 -4.43876686
0.70700000 -4.40675800
0.70800000 -4.37489545
0.70900000 -4.34318156
0.71000000 -4.31161852
0.71100000 -4.28020845
0.71200000 -4.24895332
0.71300000 -4.21785501
0.71400000 -4.18691530
0.71500000 -4.15613584
0.71600000 -4.12551821
0.71700000 -4.09506388
0.71800000 -4.06477422
0.71900000 -4.03465054
0.72000000 -4.00469403
0.72100000 -3.97490581
0.72200000 -3.94528692
0.72300000 -3.91583832
0.72400000 -3.88656089
0.72500000 -3.85745544
0.72600000 -3.82852271
0.72700000 -3.79976337
0.72800000 -3.77117803
0.72900000 -3.74276722
0.73000000 -3.71453142
0.73100000 -3.68647105
0.73200000 -3.65858647
0.73300000 -3.63087798
0.73400000 -3.60334583
0.73500000 -3.57599023
0.73600000 -3.54881132
0.73700000 -3.52180921
0.73800000 -3.49498393
0.73900000 -3.46833551
0.74000000 -3.44186391
0.74100000 -3.41556905
0.74200000 -3.38945082
0.74300000 -3.36350905
0.74400000 -3.33774356
0.74500000 -3.31215412
0.74600000 -3.28674045
0.74700000 -3.26150228
0.74800000 -3.23643925
0.74900000 -3.21155103
0.75000000 -3.18683721
0.75100000 -3.16229737
0.75200000 -3.13793108
0.75300000 -3.11373786
0.75400000 -3.08971721
0.75500000 -3.06586861
0.75600000 -3.04219152
0.75700000 -3.01868537
0.75800000 -2.99534958
0.75900000 -2.97218352
0.76000000 -2.94918659
0.76100000 -2.92635812
0.76200000 -2.90369746
0.76300000 -2.88120392
0.76400000 -2.85887681
0.76500000 -2.83671541
0.76600000 -2.81471900
0.76700000 -2.79288683
0.76800000 -2.77121815
0.76900000 -2.74971219
0.77000000 -2.72836818
0.77100000 -2.70718531
0.77200000 -2.68616279
0.77300000 -2.66529981
0.77400000 -2.64459554
0.77500000 -2.62404915
0.77600000 -2.60365980
0.77700000 -2.58342665
0.77800000 -2.56334883
0.77900000 -2.54342549
0.78000000 -2.52365576
0.78100000 -2.50403876
0.78200000 -2.48457362
0.78300000 -2.46525943
0.78400000 -2.44609532
0.78500000 -2.42708038
0.78600000 -2.40821373
0.78700000 -2.38949444
0.78800000 -2.37092162
0.78900000 -2.35249436
0.79000000 -2.33421174
0.79100000 -2.31607285
0.79200000 -2.29807677
0.79300000 -2.28022258
0.79400000 -2.26250936
0.79500000 -2.24493619
0.79600000 -2.22750215
0.79700000 -2.21020631
0.79800000 -2.19304774
0.79900000 -2.17602553
0.80000000 -2.15913875
0.80100000 -2.14238648
0.80200000 -2.12576778
0.80300000 -2.10928175
0.80400000 -2.09292746
0.80500000 -2.07670398
0.80600000 -2.06061041
0.80700000 -2.04464581
0.80800000 -2.02880928
0.80900000 -2.01309989
0.81000000 -1.99751675
0.81100000 -1.98205893
0.81200000 -1.96672553
0.81300000 -1.95151564
0.81400000 -1.93642836
0.81500000 -1.92146279
0.81600000 -1.90661804
0.81700000 -1.89189320
0.81800000 -1.87728739
0.81900000 -1.86279971
0.82000000 -1.84842929
0.82100000 -1.83417523
0.82200000 -1.82003667
0.82300000 -1.80601273
0.82400000 -1.79210253
0.82500000 -1.77830521
0.82600000 -1.76461990
0.82700000 -1.75104575
0.82800000 -1.73758190
0.82900000 -1.72422750
0.83000000 -1.71098170
0.83100000 -1.69784365
0.83200000 -1.68481253
0.83300000 -1.67188748
0.83400000 -1.65906769
0.83500000 -1.64635232
0.83600000 -1.63374056
0.83700000 -1.62123159
0.83800000 -1.60882458
0.83900000 -1.59651875
0.84000000 -1.58431327
0.84100000 -1.57220736
0.84200000 -1.56020022
0.84300000 -1.54829106
0.84400000 -1.53647909
0.84500000 -1.52476354
0.84600000 -1.51314363
0.84700000 -1.50161858
0.84800000 -1.49018763
0.84900000 -1.47885003
0.85000000 -1.46760501
0.85100000 -1.45645183
0.85200000 -1.44538973
0.85300000 -1.43441798
0.85400000 -1.42353584
0.85500000 -1.41274258
0.85600000 -1.40203746
0.85700000 -1.39141978
0.85800000 -1.38088880
0.85900000 -1.37044383
0.86000000 -1.36008415
0.86100000 -1.34980906
0.86200000 -1.33961786
0.86300000 -1.32950986
0.86400000 -1.31948437
0.86500000 -1.30954071
0.86600000 -1.29967820
0.86700000 -1.28989617
0.86800000 -1.28019395
0.86900000 -1.27057088
0.87000000 -1.26102630
0.87100000 -1.25155955
0.87200000 -1.24216999
0.87300000 -1.23285697
0.87400000 -1.22361986
0.87500000 -1.21445801
0.87600000 -1.20537080
0.87700000 -1.19635761
0.87800000 -1.18741781
0.87900000 -1.17855080
0.88000000 -1.16975595
0.88100000 -1.16103266
0.88200000 -1.15238033
0.88300000 -1.14379837
0.88400000 -1.13528619
0.88500000 -1.12684319
0.88600000 -1.11846879
0.88700000 -1.11016241
0.88800000 -1.10192349
0.88900000 -1.09375145
0.89000000 -1.08564573
0.89100000 -1.07760576
0.89200000 -1.06963099
0.89300000 -1.06172088
0.89400000 -1.05387487
0.89500000 -1.04609242
0.89600000 -1.03837299
0.89700000 -1.03071605
0.89800000 -1.02312108
0.89900000 -1.01558753
0.90000000 -1.00811491
0.90100000 -1.00070268
0.90200000 -0.99335033
0.90300000 -0.98605736
0.90400000 -0.97882327
0.90500000 -0.97164755
0.90600000 -0.96452970
0.90700000 -0.95746925
0.90800000 -0.95046569
0.90900000 -0.94351855
0.91000000 -0.93662734
0.91100000 -0.92979159
0.91200000 -0.92301083
0.91300000 -0.91628460
0.91400000 -0.90961242
0.91500000 -0.90299384
0.91600000 -0.89642840
0.91700000 -0.88991565
0.91800000 -0.88345514
0.91900000 -0.87704643
0.92000000 -0.87068908
0.92100000 -0.86438264
0.92200000 -0.85812670
0.92300000 -0.85192081
0.92400000 -0.84576455
0.92500000 -0.83965749
0.92600000 -0.83359923
0.92700000 -0.82758934
0.92800000 -0.82162742
0.92900000 -0.81571305
0.93000000 -0.80984583
0.93100000 -0.80402536
0.93200000 -0.79825124
0.93300000 -0.79252308
0.93400000 -0.78684048
0.93500000 -0.78120307
0.93600000 -0.77561044
0.93700000 -0.77006224
0.93800000 -0.76455806
0.93900000 -0.75909755
0.94000000 -0.75368033
0.94100000 -0.74830603
0.94200000 -0.74297429
0.94300000 -0.73768475
0.94400000 -0.73243704
0.94500000 -0.72723082
0.94600000 -0.72206572
0.94700000 -0.71694141
0.94800000 -0.71185753
0.94900000 -0.70681375
0.95000000 -0.70180972
0.95100000 -0.69684510
0.95200000 -0.69191956
0.95300000 -0.68703277
0.95400000 -0.68218440
0.95500000 -0.67737413
0.95600000 -0.67260163
0.95700000 -0.66786658
0.95800000 -0.66316867
0.95900000 -0.65850757
0.96000000 -0.65388299
0.96100000 -0.64929461
0.96200000 -0.64474212
0.96300000 -0.64022523
0.96400000 -0.63574362
0.96500000 -0.63129701
0.96600000 -0.62688509
0.96700000 -0.62250757
0.96800000 -0.61816417
0.96900000 -0.61385460
0.97000000 -0.60957856
0.97100000 -0.60533578
0.97200000 -0.60112598
0.97300000 -0.59694888
0.97400000 -0.59280420
0.97500000 -0.58869167
0.97600000 -0.58461103
0.97700000 -0.58056199
0.97800000 -0.57654430
0.97900000 -0.57255769
0.98000000 -0.56860190
0.98100000 -0.56467668
0.98200000 -0.56078176
0.98300000 -0.55691690
0.98400000 -0.55308183
0.98500000 -0.54927631
0.98600000 -0.54550009
0.98700000 -0.54175293
0.98800000 -0.53803459
0.98900000 -0.53434481
0.99000000 -0.53068337
0.99100000 -0.52705002
0.99200000 -0.52344453
0.99300000 -0.51986667
0.99400000 -0.51631621
0.99500000 -0.51279292
0.99600000 -0.50929657
0.99700000 -0.50582693
0.99800000 -0.50238379
0.99900000 -0.49896693
1.00000000 -0.49557611
1.00100000 -0.49221114
1.00200000 -0.48887179
1.00300000 -0.48555785
1.00400000 -0.48226910
1.00500000 -0.47900535
1.00600000 -0.47576637
1.00700000 -0.47255198
1.00800000 -0.46936195
1.00900000 -0.46619610
1.01000000 -0.46305421
1.01100000 -0.45993610
1.01200000 -0.45684156
1.01300000 -0.45377039
1.01400000 -0.45072242
1.01500000 -0.44769744
1.01600000 -0.44469526
1.01700000 -0.44171570
1.01800000 -0.43875857
1.01900000 -0.43582368
1.02000000 -0.43291085
1.02100000 -0.43001990
1.02200000 -0.42715066
1.02300000 -0.42430293
1.02400000 -0.42147654
1.02500000 -0.41867132
1.02600000 -0.41588710
1.02700000 -0.41312370
1.02800000 -0.41038095
1.02900000 -0.40765868
1.03000000 -0.40495672
1.03100000 -0.40227491
1.03200000 -0.39961309
1.03300000 -0.39697108
1.03400000 -0.39434872
1.03500000 -0.39174587
1.03600000 -0.38916235
1.03700000 -0.38659800
1.03800000 -0.38405268
1.03900000 -0.38152623
1.04000000 -0.37901849
1.04100000 -0.37652931
1.04200000 -0.37405854
1.04300000 -0.37160603
1.04400000 -0.36917163
1.04500000 -0.36675520
1.04600000 -0.36435658
1.04700000 -0.36197564
1.04800000 -0.35961223
1.04900000 -0.35726620
1.05000000 -0.35493743
1.05100000 -0.35262576
1.05200000 -0.35033106
1.05300000 -0.34805319
1.05400000 -0.34579202
1.05500000 -0.34354741
1.05600000 -0.34131922
1.05700000 -0.33910734
1.05800000 -0.33691161
1.05900000 -0.33473192
1.06000000 -0.33256813
1.06100000 -0.33042012
1.06200000 -0.32828776
1.06300000 -0.32617092
1.06400000 -0.32406948
1.06500000 -0.32198332
1.06600000 -0.31991231
1.06700000 -0.31785633
1.06800000 -0.31581526
1.06900000 -0.31378899
1.07000000 -0.31177738
1.07100000 -0.30978034
1.07200000 -0.30779773
1.07300000 -0.30582945
1.07400000 -0.30387537
1.07500000 -0.30193540
1.07600000 -0.30000940
1.07700000 -0.29809729
1.07800000 -0.29619893
1.07900000 -0.29431423
1.08000000 -0.29244307
1.08100000 -0.29058534
1.08200000 -0.28874095
1.08300000 -0.28690979
1.08400000 -0.28509174
1.08500000 -0.28328671
1.08600000 -0.28149459
1.08700000 -0.27971528
1.08800000 -0.27794868
1.08900000 -0.27619469
1.09000000 -0.27445321
1.09100000 -0.27272414
1.09200000 -0.27100738
1.09300000 -0.26930284
1.09400000 -0.26761041
1.09500000 -0.26593001
1.09600000 -0.26426154
1.09700000 -0.26260491
1.09800000 -0.26096002
1.09900000 -0.25932678
1.10000000 -0.25770510
1.10100000 -0.25609488
1.10200000 -0.25449605
1.10300000 -0.25290851
1.10400000 -0.25133216
1.10500000 -0.24976693
1.10600000 -0.24821273
1.10700000 -0.24666947
1.10800000 -0.24513706
1.10900000 -0.24361543
1.11000000 -0.24210448
1.11100000 -0.24060413
1.11200000 -0.23911431
1.11300000 -0.23763493
1.11400000 -0.23616590
1.11500000 -0.23470715
1.11600000 -0.23325860
1.11700000 -0.23182017
1.11800000 -0.23039178
1.11900000 -0.22897336
1.12000000 -0.22756481
1.12100000 -0.22616608
1.12200000 -0.22477708
1.12300000 -0.22339775
1.12400000 -0.22202799
1.12500000 -0.22066774
1.12600000 -0.21931693
1.12700000 -0.21797549
1.12800000 -0.21664334
1.12900000 -0.21532040
1.13000000 -0.21400662
1.13100000 -0.21270192
1.13200000 -0.21140622
1.13300000 -0.21011947
1.13400000 -0.20884159
1.13500000 -0.20757251
1.13600000 -0.20631217
1.13700000 -0.20506050
1.13800000 -0.20381744
1.13900000 -0.20258291
1.14000000 -0.20135685
1.14100000 -0.20013921
1.14200000 -0.19892991
1.14300000 -0.19772888
1.14400000 -0.19653608
1.14500000 -0.19535143
1.14600000 -0.19417488
1.14700000 -0.19300635
1.14800000 -0.19184580
1.14900000 -0.19069316
1.15000000 -0.18954836
1.15100000 -0.18841136
1.15200000 -0.18728209
1.15300000 -0.18616050
1.15400000 -0.18504652
1.15500000 -0.18394009
1.15600000 -0.18284117
1.15700000 -0.18174970
1.15800000 -0.18066561
1.15900000 -0.17958885
1.16000000 -0.17851938
1.16100000 -0.17745712
1.16200000 -0.17640203
1.16300000 -0.17535406
1.16400000 -0.17431315
1.16500000 -0.17327925
1.16600000 -0.17225230
1.16700000 -0.17123226
1.16800000 -0.17021907
1.16900000 -0.16921268
1.17000000 -0.16821304
1.17100000 -0.16722011
1.17200000 -0.16623382
1.17300000 -0.16525413
1.17400000 -0.16428099
1.17500000 -0.16331435
1.17600000 -0.16235417
1.17700000 -0.16140039
1.17800000 -0.16045298
1.17900000 -0.15951187
1.18000000 -0.15857703
1.18100000 -0.15764840
1.18200000 -0.15672595
1.18300000 -0.15580962
1.18400000 -0.15489938
1.18500000 -0.15399517
1.18600000 -0.15309695
1.18700000 -0.15220468
1.18800000 -0.15131831
1.18900000 -0.15043780
1.19000000 -0.14956310
1.19100000 -0.14869418
1.19200000 -0.14783100
1.19300000 -0.14697350
1.19400000 -0.14612165
1.19500000 -0.14527540
1.19600000 -0.14443472
1.19700000 -0.14359956
1.19800000 -0.14276989
1.19900000 -0.14194566
1.20000000 -0.14112683
1.20100000 -0.14031337
1.20200000 -0.13950523
1.20300000 -0.13870238
1.20400000 -0.13790477
1.20500000 -0.13711238
1.20600000 -0.13632515
1.20700000 -0.13554306
1.20800000 -0.13476607
1.20900000 -0.13399413
1.21000000 -0.13322722
1.21100000 -0.13246529
1.21200000 -0.13170832
1.21300000 -0.13095625
1.21400000 -0.13020907
1.21500000 -0.12946673
1.21600000 -0.12872919
1.21700000 -0.12799644
1.21800000 -0.12726842
1.21900000 -0.12654510
1.22000000 -0.12582645
1.22100000 -0.12511245
1.22200000 -0.12440304
1.22300000 -0.12369821
1.22400000 -0.12299791
1.22500000 -0.12230212
1.22600000 -0.12161081
1.22700000 -0.12092393
1.22800000 -0.12024146
1.22900000 -0.11956337
1.23000000 -0.11888963
1.23100000 -0.11822020
1.23200000 -0.11755505
1.23300000 -0.11689416
1.23400000 -0.11623749
1.23500000 -0.11558501
1.23600000 -0.11493670
1.23700000 -0.11429252
1.23800000 -0.11365245
1.23900000 -0.11301645
1.24000000 -0.11238449
1.24100000 -0.11175655
1.24200000 -0.11113261
1.24300000 -0.11051262
1.24400000 -0.10989656
1.24500000 -0.10928441
1.24600000 -0.10867613
1.24700000 -0.10807171
1.24800000 -0.10747110
1.24900000 -0.10687429
1.25000000 -0.10628125
1.25100000 -0.10569196
1.25200000 -0.10510637
1.25300000 -0.10452448
1.25400000 -0.10394625
1.25500000 -0.10337165
1.25600000 -0.10280067
1.25700000 -0.10223328
1.25800000 -0.10166944
1.25900000 -0.10110915
1.26000000 -0.10055236
1.26100000 -0.09999906
1.26200000 -0.09944923
1.26300000 -0.09890283
1.26400000 -0.09835985
1.26500000 -0.09782026
1.26600000 -0.09728403
1.26700000 -0.09675115
1.26800000 -0.09622159
1.26900000 -0.09569532
1.27000000 -0.09517233
1.27100000 -0.09465260
1.27200000 -0.09413608
1.27300000 -0.09362278
1.27400000 -0.09311266
1.27500000 -0.09260570
1.27600000 -0.09210188
1.27700000 -0.09160118
1.27800000 -0.09110358
1.27900000 -0.09060905
1.28000000 -0.09011758
1.28100000 -0.08962914
1.28200000 -0.08914371
1.28300000 -0.08866127
1.28400000 -0.08818181
1.28500000 -0.08770529
1.28600000 -0.08723171
1.28700000 -0.08676103
1.28800000 -0.08629324
1.28900000 -0.08582833
1.29000000 -0.08536626
1.29100000 -0.08490702
1.29200000 -0.08445060
1.29300000 -0.08399697
1.29400000 -0.08354611
1.29500000 -0.08309800
1.29600000 -0.08265263
1.29700000 -0.08220998
1.29800000 -0.08177002
1.29900000 -0.08133275
1.30000000 -0.08089813
1.30100000 -0.08046616
1.30200000 -0.08003682
1.30300000 -0.07961008
1.30400000 -0.07918593
1.30500000 -0.07876435
1.30600000 -0.07834533
1.30700000 -0.07792885
1.30800000 -0.07751488
1.30900000 -0.07710342
1.31000000 -0.07669445
1.31100000 -0.07628794
1.31200000 -0.07588389
1.31300000 -0.07548227
1.31400000 -0.07508307
1.31500000 -0.07468628
1.31600000 -0.07429187
1.31700000 -0.07389984
1.31800000 -0.07351016
1.31900000 -0.07312282
1.32000000 -0.07273780
1.32100000 -0.07235509
1.32200000 -0.07197467
1.32300000 -0.07159653
1.32400000 -0.07122066
1.32500000 -0.07084703
1.32600000 -0.07047563
1.32700000 -0.07010644
1.32800000 -0.06973946
1.32900000 -0.06937467
1.33000000 -0.06901205
1.33100000 -0.06865159
1.33200000 -0.06829327
1.33300000 -0.06793708
1.33400000 -0.06758301
1.33500000 -0.06723104
1.33600000 -0.06688115
1.33700000 -0.06653334
1.33800000 -0.06618759
1.33900000 -0.06584388
1.34000000 -0.06550221
1.34100000 -0.06516256
1.34200000 -0.06482491
1.34300000 -0.06448926
1.34400000 -0.06415558
1.34500000 -0.06382387
1.34600000 -0.06349411
1.34700000 -0.06316630
1.34800000 -0.06284041
1.34900000 -0.06251644
1.35000000 -0.06219436
1.35100000 -0.06187418
1.35200000 -0.06155588
1.35300000 -0.06123944
1.35400000 -0.06092485
1.35500000 -0.06061211
1.35600000 -0.06030119
1.35700000 -0.05999209
1.35800000 -0.05968480
1.35900000 -0.05937930
1.36000000 -0.05907557
1.36100000 -0.05877362
1.36200000 -0.05847343
1.36300000 -0.05817498
1.36400000 -0.05787827
1.36500000 -0.05758328
1.36600000 -0.05729001
1.36700000 -0.05699844
1.36800000 -0.05670855
1.36900000 -0.05642035
1.37000000 -0.05613382
1.37100000 -0.05584894
1.37200000 -0.05556571
1.37300000 -0.05528412
1.37400000 -0.05500415
1.37500000 -0.05472580
1.37600000 -0.05444905
1.37700000 -0.05417390
1.37800000 -0.05390033
1.37900000 -0.05362833
1.38000000 -0.05335790
1.38100000 -0.05308902
1.38200000 -0.05282169
1.38300000 -0.05255589
1.38400000 -0.05229162
1.38500000 -0.05202885
1.38600000 -0.05176760
1.38700000 -0.05150783
1.38800000 -0.05124956
1.38900000 -0.05099276
1.39000000 -0.05073742
1.39100000 -0.05048354
1.39200000 -0.05023111
1.39300000 -0.04998012
1.39400000 -0.04973056
1.39500000 -0.04948241
1.39600000 -0.04923568
1.39700000 -0.04899035
1.39800000 -0.04874641
1.39900000 -0.04850386
1.40000000 -0.04826268
1.40100000 -0.04802287
1.40200000 -0.04778442
1.40300000 -0.04754732
1.40400000 -0.04731155
1.40500000 -0.04707712
1.40600000 -0.04684401
1.40700000 -0.04661222
1.40800000 -0.04638174
1.40900000 -0.04615255
1.41000000 -0.04592466
1.41100000 -0.04569805
1.41200000 -0.04547271
1.41300000 -0.04524864
1.41400000 -0.04502583
1.41500000 -0.04480426
1.41600000 -0.04458394
1.41700000 -0.04436486
1.41800000 -0.04414700
1.41900000 -0.04393036
1.42000000 -0.04371493
1.42100000 -0.04350071
1.42200000 -0.04328769
1.42300000 -0.04307585
1.42400000 -0.04286519
1.42500000 -0.04265571
1.42600000 -0.04244740
1.42700000 -0.04224024
1.42800000 -0.04203424
1.42900000 -0.04182939
1.43000000 -0.04162567
1.43100000 -0.04142308
1.43200000 -0.04122161
1.43300000 -0.04102127
1.43400000 -0.04082203
1.43500000 -0.04062390
1.43600000 -0.04042686
1.43700000 -0.04023091
1.43800000 -0.04003604
1.43900000 -0.03984226
1.44000000 -0.03964954
1.44100000 -0.03945788
1.44200000 -0.03926728
1.44300000 -0.03907772
1.44400000 -0.03888922
1.44500000 -0.03870174
1.44600000 -0.03851530
1.44700000 -0.03832989
1.44800000 -0.03814549
1.44900000 -0.03796210
1.45000000 -0.03777971
1.45100000 -0.03759833
1.45200000 -0.03741794
1.45300000 -0.03723853
1.45400000 -0.03706011
1.45500000 -0.03688266
1.45600000 -0.03670618
1.45700000 -0.03653066
1.45800000 -0.03635610
1.45900000 -0.03618249
1.46000000 -0.03600983
1.46100000 -0.03583810
1.46200000 -0.03566731
1.46300000 -0.03549745
1.46400000 -0.03532851
1.46500000 -0.03516048
1.46600000 -0.03499337
1.46700000 -0.03482716
1.46800000 -0.03466185
1.46900000 -0.03449744
1.47000000 -0.03433392
1.47100000 -0.03417128
1.47200000 -0.03400952
1.47300000 -0.03384863
1.47400000 -0.03368861
1.47500000 -0.03352945
1.47600000 -0.03337115
1.47700000 -0.03321371
1.47800000 -0.03305711
1.47900000 -0.03290135
1.48000000 -0.03274643
1.48100000 -0.03259234
1.48200000 -0.03243907
1.48300000 -0.03228663
1.48400000 -0.03213501
1.48500000 -0.03198420
1.48600000 -0.03183419
1.48700000 -0.03168499
1.48800000 -0.03153658
1.48900000 -0.03138897
1.49000000 -0.03124215
1.49100000 -0.03109610
1.49200000 -0.03095084
1.49300000 -0.03080635
1.49400000 -0.03066263
1.49500000 -0.03051968
1.49600000 -0.03037748
1.49700000 -0.03023604
1.49800000 -0.03009535
1.49900000 -0.02995541
1.50000000 -0.02981621
1.50100000 -0.02967775
1.50200000 -0.02954002
1.50300000 -0.02940302
1.50400000 -0.02926675
1.50500000 -0.02913119
1.50600000 -0.02899636
1.50700000 -0.02886223
1.50800000 -0.02872881
1.50900000 -0.02859609
1.51000000 -0.02846408
1.51100000 -0.02833276
1.51200000 -0.02820213
1.51300000 -0.02807218
1.51400000 -0.02794292
1.51500000 -0.02781434
1.51600000 -0.02768643
1.51700000 -0.02755920
1.51800000 -0.02743263
1.51900000 -0.02730672
1.52000000 -0.02718148
1.52100000 -0.02705689
1.52200000 -0.02693295
1.52300000 -0.02680965
1.52400000 -0.02668700
1.52500000 -0.02656500
1.52600000 -0.02644362
1.52700000 -0.02632288
1.52800000 -0.02620277
1.52900000 -0.02608329
1.53000000 -0.02596442
1.53100000 -0.02584618
1.53200000 -0.02572854
1.53300000 -0.02561152
1.53400000 -0.02549511
1.53500000 -0.02537930
1.53600000 -0.02526409
1.53700000 -0.02514947
1.53800000 -0.02503545
1.53900000 -0.02492202
1.54000000 -0.02480918
1.54100000 -0.02469691
1.54200000 -0.02458523
1.54300000 -0.02447413
1.54400000 -0.02436359
1.54500000 -0.02425363
1.54600000 -0.02414423
1.54700000 -0.02403539
1.54800000 -0.02392712
1.54900000 -0.02381940
1.55000000 -0.02371223
1.55100000 -0.02360562
1.55200000 -0.02349955
1.55300000 -0.02339402
1.55400000 -0.02328904
1.55500000 -0.02318459
1.55600000 -0.02308068
1.55700000 -0.02297730
1.55800000 -0.02287445
1.55900000 -0.02277212
1.56000000 -0.02267031
1.56100000 -0.02256903
1.56200000 -0.02246826
1.56300000 -0.02236800
1.56400000 -0.02226825
1.56500000 -0.02216902
1.56600000 -0.02207028
1.56700000 -0.02197205
1.56800000 -0.02187431
1.56900000 -0.02177708
1.57000000 -0.02168033
1.57100000 -0.02158408
1.57200000 -0.02148831
1.57300000 -0.02139303
1.57400000 -0.02129823
1.57500000 -0.02120391
1.57600000 -0.02111006
1.57700000 -0.02101669
1.57800000 -0.02092380
1.57900000 -0.02083137
1.58000000 -0.02073940
1.58100000 -0.02064790
1.58200000 -0.02055686
1.58300000 -0.02046628
1.58400000 -0.02037615
1.58500000 -0.02028647
1.58600000 -0.02019725
1.58700000 -0.02010847
1.58800000 -0.02002014
1.58900000 -0.01993225
1.59000000 -0.01984481
1.59100000 -0.01975780
1.59200000 -0.01967122
1.59300000 -0.01958508
1.59400000 -0.01949937
1.59500000 -0.01941408
1.59600000 -0.01932922
1.59700000 -0.01924479
1.59800000 -0.01916077
1.59900000 -0.01907718
1.60000000 -0.01899400
1.60100000 -0.01891123
1.60200000 -0.01882888
1.60300000 -0.01874693
1.60400000 -0.01866540
1.60500000 -0.01858426
1.60600000 -0.01850353
1.60700000 -0.01842320
1.60800000 -0.01834327
1.60900000 -0.01826373
1.61000000 -0.01818459
1.61100000 -0.01810584
1.61200000 -0.01802747
1.61300000 -0.01794950
1.61400000 -0.01787191
1.61500000 -0.01779470
1.61600000 -0.01771787
1.61700000 -0.01764142
1.61800000 -0.01756535
1.61900000 -0.01748965
1.62000000 -0.01741432
1.62100000 -0.01733937
1.62200000 -0.01726478
1.62300000 -0.01719056
1.62400000 -0.01711670
1.62500000 -0.01704320
1.62600000 -0.01697007
1.62700000 -0.01689729
1.62800000 -0.01682487
1.62900000 -0.01675280
1.63000000 -0.01668109
1.63100000 -0.01660973
1.63200000 -0.01653871
1.63300000 -0.01646804
1.63400000 -0.01639772
1.63500000 -0.01632773
1.63600000 -0.01625809
1.63700000 -0.01618879
1.63800000 -0.01611983
1.63900000 -0.01605120
1.64000000 -0.01598290
1.64100000 -0.01591494
1.64200000 -0.01584730
1.64300000 -0.01577999
1.64400000 -0.01571301
1.64500000 -0.01564636
1.64600000 -0.01558002
1.64700000 -0.01551401
1.64800000 -0.01544832
1.64900000 -0.01538294
1.65000000 -0.01531788
1.65100000 -0.01525314
1.65200000 -0.01518870
1.65300000 -0.01512458
1.65400000 -0.01506077
1.65500000 -0.01499726
1.65600000 -0.01493406
1.65700000 -0.01487116
1.65800000 -0.01480857
1.65900000 -0.01474627
1.66000000 -0.01468428
1.66100000 -0.01462258
1.66200000 -0.01456118
1.66300000 -0.01450007
1.66400000 -0.01443925
1.66500000 -0.01437873
1.66600000 -0.01431850
1.66700000 -0.01425855
1.66800000 -0.01419889
1.66900000 -0.01413952
1.67000000 -0.01408042
1.67100000 -0.01402162
1.67200000 -0.01396309
1.67300000 -0.01390484
1.67400000 -0.01384686
1.67500000 -0.01378917
1.67600000 -0.01373174
1.67700000 -0.01367459
1.67800000 -0.01361771
1.67900000 -0.01356111
1.68000000 -0.01350477
1.68100000 -0.01344869
1.68200000 -0.01339289
1.68300000 -0.01333734
1.68400000 -0.01328206
1.68500000 -0.01322705
1.68600000 -0.01317229
1.68700000 -0.01311779
1.68800000 -0.01306355
1.68900000 -0.01300956
1.69000000 -0.01295583
1.69100000 -0.01290235
1.69200000 -0.01284913
1.69300000 -0.01279615
1.69400000 -0.01274342
1.69500000 -0.01269095
1.69600000 -0.01263871
1.69700000 -0.01258673
1.69800000 -0.01253499
1.69900000 -0.01248349
1.70000000 -0.01243223
1.70100000 -0.01238121
1.70200000 -0.01233043
1.70300000 -0.01227989
1.70400000 -0.01222959
1.70500000 -0.01217952
1.70600000 -0.01212968
1.70700000 -0.01208008
1.70800000 -0.01203071
1.70900000 -0.01198157
1.71000000 -0.01193266
1.71100000 -0.01188398
1.71200000 -0.01183552
1.71300000 -0.01178729
1.71400000 -0.01173928
1.71500000 -0.01169150
1.71600000 -0.01164394
1.71700000 -0.01159659
1.71800000 -0.01154947
1.71900000 -0.01150257
1.72000000 -0.01145589
1.72100000 -0.01140942
1.72200000 -0.01136316
1.72300000 -0.01131712
1.72400000 -0.01127130
1.72500000 -0.01122568
1.72600000 -0.01118028
1.72700000 -0.01113508
1.72800000 -0.01109010
1.72900000 -0.01104532
1.73000000 -0.01100075
1.73100000 -0.01095638
1.73200000 -0.01091222
1.73300000 -0.01086826
1.73400000 -0.01082450
1.73500000 -0.01078094
1.73600000 -0.01073759
1.73700000 -0.01069443
1.73800000 -0.01065147
1.73900000 -0.01060871
1.74000000 -0.01056614
1.74100000 -0.01052377
1.74200000 -0.01048160
1.74300000 -0.01043961
1.74400000 -0.01039782
1.74500000 -0.01035622
1.74600000 -0.01031481
1.74700000 -0.01027359
1.74800000 -0.01023255
1.74900000 -0.01019170
1.75000000 -0.01015104
1.75100000 -0.01011057
1.75200000 -0.01007028
1.75300000 -0.01003017
1.75400000 -0.00999024
1.75500000 -0.00995050
1.75600000 -0.00991093
1.75700000 -0.00987155
1.75800000 -0.00983234
1.75900000 -0.00979332
1.76000000 -0.00975447
1.76100000 -0.00971579
1.76200000 -0.00967729
1.76300000 -0.00963897
1.76400000 -0.00960081
1.76500000 -0.00956283
1.76600000 -0.00952502
1.76700000 -0.00948739
1.76800000 -0.00944992
1.76900000 -0.00941262
1.77000000 -0.00937549
1.77100000 -0.00933852
1.77200000 -0.00930173
1.77300000 -0.00926509
1.77400000 -0.00922863
1.77500000 -0.00919232
1.77600000 -0.00915618
1.77700000 -0.00912020
1.77800000 -0.00908439
1.77900000 -0.00904873
1.78000000 -0.00901323
1.78100000 -0.00897790
1.78200000 -0.00894272
1.78300000 -0.00890770
1.78400000 -0.00887283
1.78500000 -0.00883812
1.78600000 -0.00880357
1.78700000 -0.00876917
1.78800000 -0.00873492
1.78900000 -0.00870082
1.79000000 -0.00866688
1.79100000 -0.00863309
1.79200000 -0.00859945
1.79300000 -0.00856596
1.79400000 -0.00853262
1.79500000 -0.00849942
1.79600000 -0.00846638
1.79700000 -0.00843348
1.79800000 -0.00840072
1.79900000 -0.00836812
1.80000000 -0.00833565
1.80100000 -0.00830333
1.80200000 -0.00827115
1.80300000 -0.00823912
1.80400000 -0.00820723
1.80500000 -0.00817547
1.80600000 -0.00814386
1.80700000 -0.00811239
1.80800000 -0.00808105
1.80900000 -0.00804986
1.81000000 -0.00801880
1.81100000 -0.00798788
1.81200000 -0.00795710
1.81300000 -0.00792645
1.81400000 -0.00789593
1.81500000 -0.00786555
1.81600000 -0.00783530
1.81700000 -0.00780519
1.81800000 -0.00777521
1.81900000 -0.00774536
1.82000000 -0.00771564
1.82100000 -0.00768605
1.82200000 -0.00765659
1.82300000 -0.00762725
1.82400000 -0.00759805
1.82500000 -0.00756898
1.82600000 -0.00754003
1.82700000 -0.00751121
1.82800000 -0.00748251
1.82900000 -0.00745394
1.83000000 -0.00742549
1.83100000 -0.00739717
1.83200000 -0.00736897
1.83300000 -0.00734090
1.83400000 -0.00731294
1.83500000 -0.00728511
1.83600000 -0.00725740
1.83700000 -0.00722981
1.83800000 -0.00720233
1.83900000 -0.00717498
1.84000000 -0.00714775
1.84100000 -0.00712063
1.84200000 -0.00709363
1.84300000 -0.00706675
1.84400000 -0.00703999
1.84500000 -0.00701334
1.84600000 -0.00698680
1.84700000 -0.00696039
1.84800000 -0.00693408
1.84900000 -0.00690789
1.85000000 -0.00688181
1.85100000 -0.00685584
1.85200000 -0.00682999
1.85300000 -0.00680424
1.85400000 -0.00677861
1.85500000 -0.00675309
1.85600000 -0.00672768
1.85700000 -0.00670237
1.85800000 -0.00667718
1.85900000 -0.00665209
1.86000000 -0.00662711
1.86100000 -0.00660224
1.86200000 -0.00657748
1.86300000 -0.00655282
1.86400000 -0.00652826
1.86500000 -0.00650381
1.86600000 -0.00647947
1.86700000 -0.00645523
1.86800000 -0.00643109
1.86900000 -0.00640706
1.87000000 -0.00638313
1.87100000 -0.00635930
1.87200000 -0.00633557
1.87300000 -0.00631195
1.87400000 -0.00628842
1.87500000 -0.00626500
1.87600000 -0.00624167
1.87700000 -0.00621844
1.87800000 -0.00619531
1.87900000 -0.00617228
1.88000000 -0.00614935
1.88100000 -0.00612652
1.88200000 -0.00610378
1.88300000 -0.00608114
1.88400000 -0.00605859
1.88500000 -0.00603614
1.88600000 -0.00601379
1.88700000 -0.00599153
1.88800000 -0.00596936
1.88900000 -0.00594729
1.89000000 -0.00592531
1.89100000 -0.00590342
1.89200000 -0.00588163
1.89300000 -0.00585992
1.89400000 -0.00583831
1.89500000 -0.00581679
1.89600000 -0.00579536
1.89700000 -0.00577402
1.89800000 -0.00575277
1.89900000 -0.00573161
1.90000000 -0.00571054
1.90100000 -0.00568956
1.90200000 -0.00566866
1.90300000 -0.00564785
1.90400000 -0.00562713
1.90500000 -0.00560650
1.90600000 -0.00558595
1.90700000 -0.00556549
1.90800000 -0.00554512
1.90900000 -0.00552483
1.91000000 -0.00550462
1.91100000 -0.00548450
1.91200000 -0.00546446
1.91300000 -0.00544451
1.91400000 -0.00542464
1.91500000 -0.00540485
1.91600000 -0.00538514
1.91700000 -0.00536552
1.91800000 -0.00534598
1.91900000 -0.00532652
1.92000000 -0.00530714
1.92100000 -0.00528784
1.92200000 -0.00526862
1.92300000 -0.00524948
1.92400000 -0.00523042
1.92500000 -0.00521144
1.92600000 -0.00519254
1.92700000 -0.00517372
1.92800000 -0.00515497
1.92900000 -0.00513630
1.93000000 -0.00511771
1.93100000 -0.00509920
1.93200000 -0.00508076
1.93300000 -0.00506240
1.93400000 -0.00504411
1.93500000 -0.00502590
1.93600000 -0.00500777
1.93700000 -0.00498971
1.93800000 -0.00497172
1.93900000 -0.00495381
1.94000000 -0.00493597
1.94100000 -0.00491821
1.94200000 -0.00490051
1.94300000 -0.00488289
1.94400000 -0.00486535
1.94500000 -0.00484787
1.94600000 -0.00483047
1.94700000 -0.00481314
1.94800000 -0.00479588
1.94900000 -0.00477869
1.95000000 -0.00476157
1.95100000 -0.00474452
1.95200000 -0.00472754
1.95300000 -0.00471062
1.95400000 -0.00469378
1.95500000 -0.00467701
1.95600000 -0.00466031
1.95700000 -0.00464367
1.95800000 -0.00462710
1.95900000 -0.00461060
1.96000000 -0.00459417
1.96100000 -0.00457780
1.96200000 -0.00456150
1.96300000 -0.00454526
1.96400000 -0.00452910
1.96500000 -0.00451299
1.96600000 -0.00449696
1.96700000 -0.00448098
1.96800000 -0.00446508
1.96900000 -0.00444923
1.97000000 -0.00443346
1.97100000 -0.00441774
1.97200000 -0.00440209
1.97300000 -0.00438650
1.97400000 -0.00437098
1.97500000 -0.00435552
1.97600000 -0.00434012
1.97700000 -0.00432478
1.97800000 -0.00430950
1.97900000 -0.00429429
1.98000000 -0.00427914
1.98100000 -0.00426405
1.98200000 -0.00424902
1.98300000 -0.00423405
1.98400000 -0.00421914
1.98500000 -0.00420429
1.98600000 -0.00418950
1.98700000 -0.00417477
1.98800000 -0.00416009
1.98900000 -0.00414548
1.99000000 -0.00413093
1.99100000 -0.00411643
1.99200000 -0.00410199
1.99300000 -0.00408761
1.99400000 -0.00407329
1.99500000 -0.00405903
1.99600000 -0.00404482
1.99700000 -0.00403067
1.99800000 -0.00401657
1.99900000 -0.00400253
2.00000000 -0.00398855
