0.10000000 383050802407.18218994
0.10100000 336571717694.03283691
0.10200000 296109473280.83062744
0.10300000 260837255785.90264893
0.10400000 230048333934.98220825
0.10500000 203137696635.27035522
0.10600000 179586637222.22573853
0.10700000 158949789350.64855957
0.10800000 140844206607.54205322
0.10900000 124940148744.07655334
0.11000000 110953295446.00788879
0.11100000 98638156188.08366394
0.11200000 87782483882.99168396
0.11300000 78202532300.70509338
0.11400000 69739023862.40528870
0.11500000 62253716427.63076782
0.11600000 55626475924.51660919
0.11700000 49752776796.50241852
0.11800000 44541564805.15575409
0.11900000 39913427187.13790131
0.12000000 35799023881.28496552
0.12100000 32137740820.31539917
0.12200000 28876532367.82206726
0.12300000 25968925078.00966263
0.12400000 23374159230.27709198
0.12500000 21056448181.08718491
0.12600000 18984338595.50323868
0.12700000 17130157164.51780891
0.12800000 15469531559.92842484
0.12900000 13980975190.81579781
0.13000000 12645526858.50055695
0.13100000 11446437705.01485252
0.13200000 10368898950.98619270
0.13300000 9399804853.57913399
0.13400000 8527546109.84646702
0.13500000 7741829607.32824612
0.13600000 7033521000.29771900
0.13700000 6394507082.04224110
0.13800000 5817575343.88984776
0.13900000 5296308471.20902824
0.14000000 4824991834.47213554
0.14100000 4398532297.40353394
0.14200000 4012386890.75496435
0.14300000 3662500094.88019466
0.14400000 3345248641.69099808
0.14500000 3057392890.72840500
0.14600000 2796033958.33969212
0.14700000 2558575886.17042828
0.14800000 2342692227.79350996
0.14900000 2146296512.37453055
0.15000000 1967516113.58100605
0.15100000 1804669111.98945308
0.15200000 1656243791.31747842
0.15300000 1520880454.00998211
0.15400000 1397355280.98318291
0.15500000 1284565994.48673630
0.15600000 1181519112.77684927
0.15700000 1087318611.19894123
0.15800000 1001155826.86958349
0.15900000 922300463.86592793
0.16000000 850092573.05693185
0.16100000 783935395.77241039
0.16200000 723288973.68654346
0.16300000 667664438.83655775
0.16400000 616618907.81651998
0.16500000 569750913.06366897
0.16600000 526696311.94918895
0.16700000 487124621.23437399
0.16800000 450735730.47622150
0.16900000 417256953.26734906
0.17000000 386440379.86397481
0.17100000 358060498.87102818
0.17200000 331912059.28362393
0.17300000 307808147.38872260
0.17400000 285578455.86177844
0.17500000 265067724.89595997
0.17600000 246134337.41568446
0.17700000 228649052.38650388
0.17800000 212493861.97006962
0.17900000 197560959.81259540
0.18000000 183751809.12121442
0.18100000 170976300.39530206
0.18200000 159151989.75714019
0.18300000 148203409.78398365
0.18400000 138061445.59548897
0.18500000 128662769.70876199
0.18600000 119949329.84868889
0.18700000 111867884.50317924
0.18800000 104369581.54979278
0.18900000 97409575.75928430
0.19000000 90946681.40936776
0.19100000 84943056.62419373
0.19200000 79363916.39671582
0.19300000 74177271.55676693
0.19400000 69353691.22123742
0.19500000 64866086.50775159
0.19600000 60689513.51278815
0.19700000 56800993.75203830
0.19800000 53179350.43739230
0.19900000 49805059.12346008
0.20000000 46660111.39889699
0.20100000 43727890.42573530
0.20200000 40993057.24494218
0.20300000 38441446.86989491
0.20400000 36059973.28259124
0.20500000 33836542.53127673
0.20600000 31759973.20373184
0.20700000 29819923.61857577
0.20800000 28006825.13837832
0.20900000 26311821.06380701
0.21000000 24726710.61808588
0.21100000 23243897.57625058
0.21200000 21856343.13453926
0.21300000 20557522.65219824
0.21400000 19341385.93139641
0.21500000 18202320.73118336
0.21600000 17135119.23880825
0.21700000 16134947.24652068
0.21800000 15197315.80445499
0.21900000 14318055.14058210
0.22000000 13493290.65720270
0.22100000 12719420.83023545
0.22200000 11993096.85278893
0.22300000 11311203.87834438
0.22400000 10670843.73145192
0.22500000 10069318.96527581
0.22600000 9504118.15572209
0.22700000 8972902.33134406
0.22800000 8473492.44683337
0.22900000 8003857.81574783
0.23000000 7562105.42527299
0.23100000 7146470.06232715
0.23200000 6755305.18625779
0.23300000 6387074.48879428
0.23400000 6040344.08686451
0.23500000 5713775.29839576
0.23600000 5406117.95534071
0.23700000 5116204.21193491
0.23800000 4842942.80963261
0.23900000 4585313.76331448
0.24000000 4342363.43623815
0.24100000 4113199.97383573
0.24200000 3896989.06887282
0.24300000 3692950.03269041
0.24400000 3500352.14927273
0.24500000 3318511.29073705
0.24600000 3146786.77453914
0.24700000 2984578.44424617
0.24800000 2831323.95715674
0.24900000 2686496.26335930
0.25000000 2549601.26202347
0.25100000 2420175.62182406
0.25200000 2297784.75341276
0.25300000 2182020.92278555
0.25400000 2072501.49525148
0.25500000 1968867.30049710
0.25600000 1870781.10996625
0.25700000 1777926.21844263
0.25800000 1690005.12233674
0.25900000 1606738.28774488
0.26000000 1527863.00186880
0.26100000 1453132.30186478
0.26200000 1382313.97563361
0.26300000 1315189.62947068
0.26400000 1251553.81787183
0.26500000 1191213.23113785
0.26600000 1133985.93674034
0.26700000 1079700.67070812
0.26800000 1028196.17556561
0.26900000 979320.58160738
0.27000000 932930.82852576
0.27100000 888892.12462385
0.27200000 847077.44104542
0.27300000 807367.03863703
0.27400000 769648.02522839
0.27500000 733813.94127418
0.27600000 699764.37194661
0.27700000 667404.58390297
0.27800000 636645.18507739
0.27900000 607401.80596195
0.28000000 579594.80094956
0.28100000 553148.96841047
0.28200000 527993.28826655
0.28300000 504060.67591303
0.28400000 481287.75141650
0.28500000 459614.62299190
0.28600000 438984.68382931
0.28700000 419344.42140480
0.28800000 400643.23846856
0.28900000 382833.28495823
0.29000000 365869.30013596
0.29100000 349708.46429534
0.29200000 334310.25942779
0.29300000 319636.33827921
0.29400000 305650.40126538
0.29500000 292318.08074994
0.29600000 279606.83222188
0.29700000 267485.83193971
0.29800000 255925.88063805
0.29900000 244899.31291916
0.30000000 234379.91197609
0.30100000 224342.82931775
0.30200000 214764.50918693
0.30300000 205622.61738304
0.30400000 196895.97421927
0.30500000 188564.49136170
0.30600000 180609.11231384
0.30700000 173011.75632531
0.30800000 165755.26551742
0.30900000 158823.35503159
0.31000000 152200.56601869
0.31100000 145872.22129925
0.31200000 139824.38353462
0.31300000 134043.81575971
0.31400000 128517.94413696
0.31500000 123234.82280000
0.31600000 118183.10066380
0.31700000 113351.99008537
0.31800000 108731.23726676
0.31900000 104311.09429814
0.32000000 100082.29274562
0.32100000 96036.01869385
0.32200000 92163.88915922
0.32300000 88457.92979435
0.32400000 84910.55380960
0.32500000 81514.54204169
0.32600000 78263.02410372
0.32700000 75149.46055491
0.32800000 72167.62603202
0.32900000 69311.59328781
0.33000000 66575.71808535
0.33100000 63954.62489984
0.33200000 61443.19338249
0.33300000 59036.54554378
0.33400000 56730.03361590
0.33500000 54519.22855646
0.33600000 52399.90915778
0.33700000 50368.05172837
0.33800000 48419.82031477
0.33900000 46551.55743411
0.34000000 44759.77528932
0.34100000 43041.14744043
0.34200000 41392.50090723
0.34300000 39810.80867960
0.34400000 38293.18261357
0.34500000 36836.86669194
0.34600000 35439.23063012
0.34700000 34097.76380827
0.34800000 32810.06951237
0.34900000 31573.85946778
0.35000000 30386.94864932
0.35100000 29247.25035364
0.35200000 28152.77151940
0.35300000 27101.60828265
0.35400000 26091.94175458
0.35500000 25122.03401019
0.35600000 24190.22427664
0.35700000 23294.92531096
0.35800000 22434.61995707
0.35900000 21607.85787288
0.36000000 20813.25241866
0.36100000 20049.47769816
0.36200000 19315.26574477
0.36300000 18609.40384515
0.36400000 17930.73199323
0.36500000 17278.14046803
0.36600000 16650.56752884
0.36700000 16046.99722177
0.36800000 15466.45729218
0.36900000 14908.01719738
0.37000000 14370.78621473
0.37100000 13853.91164016
0.37200000 13356.57707271
0.37300000 12878.00078068
0.37400000 12417.43414533
0.37500000 11974.16017822
0.37600000 11547.49210863
0.37700000 11136.77203745
0.37800000 10741.36965434
0.37900000 10360.68101495
0.38000000 9994.12737534
0.38100000 9641.15408074
0.38200000 9301.22950592
0.38300000 8973.84404476
0.38400000 8658.50914655
0.38500000 8354.75639678
0.38600000 8062.13664020
0.38700000 7780.21914418
0.38800000 7508.59080041
0.38900000 7246.85536301
0.39000000 6994.63272141
0.39100000 6751.55820628
0.39200000 6517.28192695
0.39300000 6291.46813874
0.39400000 6073.79463891
0.39500000 5863.95218979
0.39600000 5661.64396779
0.39700000 5466.58503709
0.39800000 5278.50184690
0.39900000 5097.13175106
0.40000000 4922.22254910
0.40100000 4753.53204752
0.40200000 4590.82764066
0.40300000 4433.88590994
0.40400000 4282.49224080
0.40500000 4136.44045649
0.40600000 3995.53246791
0.40700000 3859.57793871
0.40800000 3728.39396508
0.40900000 3601.80476945
0.41000000 3479.64140744
0.41100000 3361.74148761
0.41200000 3247.94890322
0.41300000 3138.11357563
0.41400000 3032.09120869
0.41500000 2929.74305372
0.41600000 2830.93568451
0.41700000 2735.54078197
0.41800000 2643.43492791
0.41900000 2554.49940767
0.42000000 2468.62002106
0.42100000 2385.68690130
0.42200000 2305.59434166
0.42300000 2228.24062938
0.42400000 2153.52788653
0.42500000 2081.36191763
0.42600000 2011.65206361
0.42700000 1944.31106182
0.42800000 1879.25491197
0.42900000 1816.40274755
0.43000000 1755.67671266
0.43100000 1697.00184391
0.43200000 1640.30595717
0.43300000 1585.51953902
0.43400000 1532.57564268
0.43500000 1481.40978815
0.43600000 1431.95986651
0.43700000 1384.16604809
0.43800000 1337.97069435
0.43900000 1293.31827343
0.44000000 1250.15527908
0.44100000 1208.43015284
0.44200000 1168.09320942
0.44300000 1129.09656507
0.44400000 1091.39406883
0.44500000 1054.94123656
0.44600000 1019.69518754
0.44700000 985.61458374
0.44800000 952.65957135
0.44900000 920.79172480
0.45000000 889.97399288
0.45100000 860.17064704
0.45200000 831.34723177
0.45300000 803.47051688
0.45400000 776.50845170
0.45500000 750.43012106
0.45600000 725.20570302
0.45700000 700.80642823
0.45800000 677.20454089
0.45900000 654.37326124
0.46000000 632.28674950
0.46100000 610.92007119
0.46200000 590.24916385
0.46300000 570.25080501
0.46400000 550.90258136
0.46500000 532.18285919
0.46600000 514.07075594
0.46700000 496.54611274
0.46800000 479.58946820
0.46900000 463.18203301
0.47000000 447.30566561
0.47100000 431.94284879
0.47200000 417.07666710
0.47300000 402.69078522
0.47400000 388.76942709
0.47500000 375.29735580
0.47600000 362.25985432
0.47700000 349.64270689
0.47800000 337.43218113
0.47900000 325.61501080
0.48000000 314.17837927
0.48100000 303.10990351
0.48200000 292.39761876
0.48300000 282.02996373
0.48400000 271.99576636
0.48500000 262.28423008
0.48600000 252.88492063
0.48700000 243.78775334
0.48800000 234.98298085
0.48900000 226.46118134
0.49000000 218.21324713
0.49100000 210.23037378
0.49200000 202.50404945
0.49300000 195.02604483
0.49400000 187.78840329
0.49500000 180.78343143
0.49600000 174.00369002
0.49700000 167.44198522
0.49800000 161.09136010
0.49900000 154.94508653
0.50000000 148.99665732
0.50100000 143.23977864
0.50200000 137.66836272
0.50300000 132.27652082
0.50400000 127.05855645
0.50500000 122.00895882
0.50600000 117.12239653
0.50700000 112.39371149
0.50800000 107.81791303
0.50900000 103.39017228
0.51000000 99.10581667
0.51100000 94.96032469
0.51200000 90.94932078
0.51300000 87.06857046
0.51400000 83.31397557
0.51500000 79.68156971
0.51600000 76.16751387
0.51700000 72.76809213
0.51800000 69.47970757
0.51900000 66.29887834
0.52000000 63.22223382
0.52100000 60.24651090
0.52200000 57.36855047
0.52300000 54.58529396
0.52400000 51.89378000
0.52500000 49.29114125
0.52600000 46.77460129
0.52700000 44.34147163
0.52800000 41.98914881
0.52900000 39.71511167
0.53000000 37.51691856
0.53100000 35.39220486
0.53200000 33.33868036
0.53300000 31.35412692
0.53400000 29.43639605
0.53500000 27.58340673
0.53600000 25.79314314
0.53700000 24.06365261
0.53800000 22.39304355
0.53900000 20.77948348
0.54000000 19.22119713
0.54100000 17.71646459
0.54200000 16.26361954
0.54300000 14.86104750
0.54400000 13.50718422
0.54500000 12.20051402
0.54600000 10.93956828
0.54700000 9.72292389
0.54800000 8.54920183
0.54900000 7.41706577
0.55000000 6.32522069
0.55100000 5.27241158
0.55200000 4.25742217
0.55300000 3.27907370
0.55400000 2.33622373
0.55500000 1.42776502
0.55600000 0.55262435
0.55700000 -0.29023846
0.55800000 -1.10183167
0.55900000 -1.88313258
0.56000000 -2.63508851
0.56100000 -3.35861776
0.56200000 -4.05461048
0.56300000 -4.72392960
0.56400000 -5.36741164
0.56500000 -5.98586755
0.56600000 -6.58008350
0.56700000 -7.15082169
0.56800000 -7.69882104
0.56900000 -8.22479793
0.57000000 -8.72944693
0.57100000 -9.21344144
0.57200000 -9.67743437
0.57300000 -10.12205875
0.57400000 -10.54792836
0.57500000 -10.95563834
0.57600000 -11.34576572
0.57700000 -11.71887002
0.57800000 -12.07549377
0.57900000 -12.41616304
0.58000000 -12.74138794
0.58100000 -13.05166309
0.58200000 -13.34746814
0.58300000 -13.62926819
0.58400000 -13.89751425
0.58500000 -14.15264367
0.58600000 -14.39508056
0.58700000 -14.62523618
0.58800000 -14.84350933
0.58900000 -15.05028677
0.59000000 -15.24594353
0.59100000 -15.43084331
0.59200000 -15.60533877
0.59300000 -15.76977195
0.59400000 -15.92447450
0.59500000 -16.06976806
0.59600000 -16.20596453
0.59700000 -16.33336638
0.59800000 -16.45226692
0.59900000 -16.56295060
0.60000000 -16.66569323
0.60100000 -16.76076230
0.60200000 -16.84841719
0.60300000 -16.92890943
0.60400000 -17.00248294
0.60500000 -17.06937424
0.60600000 -17.12981267
0.60700000 -17.18402063
0.60800000 -17.23221380
0.60900000 -17.27460127
0.61000000 -17.31138581
0.61100000 -17.34276404
0.61200000 -17.36892658
0.61300000 -17.39005829
0.61400000 -17.40633837
0.61500000 -17.41794060
0.61600000 -17.42503345
0.61700000 -17.42778026
0.61800000 -17.42633938
0.61900000 -17.42086435
0.62000000 -17.41150399
0.62100000 -17.39840260
0.62200000 -17.38170005
0.62300000 -17.36153192
0.62400000 -17.33802964
0.62500000 -17.31132062
0.62600000 -17.28152834
0.62700000 -17.24877250
0.62800000 -17.21316908
0.62900000 -17.17483052
0.63000000 -17.13386578
0.63100000 -17.09038044
0.63200000 -17.04447684
0.63300000 -16.99625412
0.63400000 -16.94580835
0.63500000 -16.89323263
0.63600000 -16.83861714
0.63700000 -16.78204927
0.63800000 -16.72361366
0.63900000 -16.66339231
0.64000000 -16.60146467
0.64100000 -16.53790765
0.64200000 -16.47279578
0.64300000 -16.40620122
0.64400000 -16.33819386
0.64500000 -16.26884138
0.64600000 -16.19820929
0.64700000 -16.12636105
0.64800000 -16.05335807
0.64900000 -15.97925981
0.65000000 -15.90412382
0.65100000 -15.82800580
0.65200000 -15.75095968
0.65300000 -15.67303760
0.65400000 -15.59429006
0.65500000 -15.51476590
0.65600000 -15.43451236
0.65700000 -15.35357514
0.65800000 -15.27199846
0.65900000 -15.18982506
0.66000000 -15.10709628
0.66100000 -15.02385210
0.66200000 -14.94013116
0.66300000 -14.85597080
0.66400000 -14.77140713
0.66500000 -14.68647504
0.66600000 -14.60120823
0.66700000 -14.51563927
0.66800000 -14.42979960
0.66900000 -14.34371962
0.67000000 -14.25742866
0.67100000 -14.17095502
0.67200000 -14.08432606
0.67300000 -13.99756815
0.67400000 -13.91070676
0.67500000 -13.82376643
0.67600000 -13.73677087
0.67700000 -13.64974290
0.67800000 -13.56270456
0.67900000 -13.47567707
0.68000000 -13.38868089
0.68100000 -13.30173573
0.68200000 -13.21486056
0.68300000 -13.12807366
0.68400000 -13.04139263
0.68500000 -12.95483440
0.68600000 -12.86841526
0.68700000 -12.78215088
0.68800000 -12.69605631
0.68900000 -12.61014603
0.69000000 -12.52443395
0.69100000 -12.43893343
0.69200000 -12.35365729
0.69300000 -12.26861783
0.69400000 -12.18382686
0.69500000 -12.09929569
0.69600000 -12.01503517
0.69700000 -11.93105568
0.69800000 -11.84736717
0.69900000 -11.76397914
0.70000000 -11.68090070
0.70100000 -11.59814054
0.70200000 -11.51570696
0.70300000 -11.43360788
0.70400000 -11.35185087
0.70500000 -11.27044311
0.70600000 -11.18939147
0.70700000 -11.10870246
0.70800000 -11.02838229
0.70900000 -10.94843684
0.71000000 -10.86887169
0.71100000 -10.78969213
0.71200000 -10.71090316
0.71300000 -10.63250951
0.71400000 -10.55451564
0.71500000 -10.47692576
0.71600000 -10.39974381
0.71700000 -10.32297352
0.71800000 -10.24661836
0.71900000 -10.17068157
0.72000000 -10.09516620
0.72100000 -10.02007507
0.72200000 -9.94541078
0.72300000 -9.87117577
0.72400000 -9.79737224
0.72500000 -9.72400226
0.72600000 -9.65106767
0.72700000 -9.57857017
0.72800000 -9.50651128
0.72900000 -9.43489236
0.73000000 -9.36371462
0.73100000 -9.29297910
0.73200000 -9.22268671
0.73300000 -9.15283823
0.73400000 -9.08343429
0.73500000 -9.01447538
0.73600000 -8.94596188
0.73700000 -8.87789404
0.73800000 -8.81027200
0.73900000 -8.74309578
0.74000000 -8.67636528
0.74100000 -8.61008032
0.74200000 -8.54424061
0.74300000 -8.47884574
0.74400000 -8.41389523
0.74500000 -8.34938850
0.74600000 -8.28532490
0.74700000 -8.22170366
0.74800000 -8.15852395
0.74900000 -8.09578488
0.75000000 -8.03348546
0.75100000 -7.97162463
0.75200000 -7.91020127
0.75300000 -7.84921419
0.75400000 -7.78866214
0.75500000 -7.72854380
0.75600000 -7.66885780
0.75700000 -7.60960271
0.75800000 -7.55077706
0.75900000 -7.49237930
0.76000000 -7.43440785
0.76100000 -7.37686109
0.76200000 -7.31973734
0.76300000 -7.26303488
0.76400000 -7.20675195
0.76500000 -7.15088676
0.76600000 -7.09543748
0.76700000 -7.04040222
0.76800000 -6.98577909
0.76900000 -6.93156616
0.77000000 -6.87776145
0.77100000 -6.82436297
0.77200000 -6.77136870
0.77300000 -6.71877660
0.77400000 -6.66658458
0.77500000 -6.61479056
0.77600000 -6.56339241
0.77700000 -6.51238801
0.77800000 -6.46177518
0.77900000 -6.41155177
0.78000000 -6.36171557
0.78100000 -6.31226438
0.78200000 -6.26319599
0.78300000 -6.21450815
0.78400000 -6.16619862
0.78500000 -6.11826514
0.78600000 -6.07070544
0.78700000 -6.02351724
0.78800000 -5.97669826
0.78900000 -5.93024621
0.79000000 -5.88415877
0.79100000 -5.83843365
0.79200000 -5.79306853
0.79300000 -5.74806109
0.79400000 -5.70340902
0.79500000 -5.65910999
0.79600000 -5.61516166
0.79700000 -5.57156173
0.79800000 -5.52830785
0.79900000 -5.48539769
0.80000000 -5.44282893
0.80100000 -5.40059924
0.80200000 -5.35870629
0.80300000 -5.31714775
0.80400000 -5.27592130
0.80500000 -5.23502462
0.80600000 -5.19445540
0.80700000 -5.15421131
0.80800000 -5.11429005
0.80900000 -5.07468931
0.81000000 -5.03540680
0.81100000 -4.99644021
0.81200000 -4.95778726
0.81300000 -4.91944567
0.81400000 -4.88141316
0.81500000 -4.84368746
0.81600000 -4.80626630
0.81700000 -4.76914744
0.81800000 -4.73232862
0.81900000 -4.69580760
0.82000000 -4.65958216
0.82100000 -4.62365007
0.82200000 -4.58800911
0.82300000 -4.55265708
0.82400000 -4.51759179
0.82500000 -4.48281105
0.82600000 -4.44831267
0.82700000 -4.41409450
0.82800000 -4.38015438
0.82900000 -4.34649016
0.83000000 -4.31309970
0.83100000 -4.27998088
0.83200000 -4.24713158
0.83300000 -4.21454970
0.83400000 -4.18223314
0.83500000 -4.15017982
0.83600000 -4.11838766
0.83700000 -4.08685462
0.83800000 -4.05557864
0.83900000 -4.02455768
0.84000000 -3.99378971
0.84100000 -3.96327273
0.84200000 -3.93300473
0.84300000 -3.90298372
0.84400000 -3.87320772
0.84500000 -3.84367476
0.84600000 -3.81438289
0.84700000 -3.78533017
0.84800000 -3.75651466
0.84900000 -3.72793445
0.85000000 -3.69958764
0.85100000 -3.67147232
0.85200000 -3.64358662
0.85300000 -3.61592866
0.85400000 -3.58849660
0.85500000 -3.56128858
0.85600000 -3.53430277
0.85700000 -3.50753736
0.85800000 -3.48099053
0.85900000 -3.45466049
0.86000000 -3.42854546
0.86100000 -3.40264366
0.86200000 -3.37695335
0.86300000 -3.35147276
0.86400000 -3.32620018
0.86500000 -3.30113387
0.86600000 -3.27627213
0.86700000 -3.25161327
0.86800000 -3.22715559
0.86900000 -3.20289743
0.87000000 -3.17883713
0.87100000 -3.15497303
0.87200000 -3.13130352
0.87300000 -3.10782695
0.87400000 -3.08454172
0.87500000 -3.06144623
0.87600000 -3.03853890
0.87700000 -3.01581814
0.87800000 -2.99328240
0.87900000 -2.97093013
0.88000000 -2.94875978
0.88100000 -2.92676983
0.88200000 -2.90495876
0.88300000 -2.88332507
0.88400000 -2.86186726
0.88500000 -2.84058386
0.88600000 -2.81947340
0.88700000 -2.79853442
0.88800000 -2.77776546
0.88900000 -2.75716511
0.89000000 -2.73673193
0.89100000 -2.71646452
0.89200000 -2.69636146
0.89300000 -2.67642138
0.89400000 -2.65664290
0.89500000 -2.63702464
0.89600000 -2.61756525
0.89700000 -2.59826339
0.89800000 -2.57911771
0.89900000 -2.56012691
0.90000000 -2.54128966
0.90100000 -2.52260466
0.90200000 -2.50407062
0.90300000 -2.48568627
0.90400000 -2.46745032
0.90500000 -2.44936152
0.90600000 -2.43141863
0.90700000 -2.41362039
0.90800000 -2.39596559
0.90900000 -2.37845300
0.91000000 -2.36108141
0.91100000 -2.34384964
0.91200000 -2.32675648
0.91300000 -2.30980075
0.91400000 -2.29298130
0.91500000 -2.27629696
0.91600000 -2.25974659
0.91700000 -2.24332903
0.91800000 -2.22704317
0.91900000 -2.21088788
0.92000000 -2.19486205
0.92100000 -2.17896458
0.92200000 -2.16319438
0.92300000 -2.14755036
0.92400000 -2.13203146
0.92500000 -2.11663660
0.92600000 -2.10136473
0.92700000 -2.08621481
0.92800000 -2.07118579
0.92900000 -2.05627665
0.93000000 -2.04148637
0.93100000 -2.02681393
0.93200000 -2.01225834
0.93300000 -1.99781860
0.93400000 -1.98349372
0.93500000 -1.96928273
0.93600000 -1.95518466
0.93700000 -1.94119855
0.93800000 -1.92732345
0.93900000 -1.91355841
0.94000000 -1.89990250
0.94100000 -1.88635479
0.94200000 -1.87291436
0.94300000 -1.85958030
0.94400000 -1.84635170
0.94500000 -1.83322768
0.94600000 -1.82020734
0.94700000 -1.80728981
0.94800000 -1.79447420
0.94900000 -1.78175966
0.95000000 -1.76914532
0.95100000 -1.75663035
0.95200000 -1.74421389
0.95300000 -1.73189511
0.95400000 -1.71967318
0.95500000 -1.70754728
0.95600000 -1.69551660
0.95700000 -1.68358033
0.95800000 -1.67173768
0.95900000 -1.65998784
0.96000000 -1.64833004
0.96100000 -1.63676349
0.96200000 -1.62528743
0.96300000 -1.61390109
0.96400000 -1.60260371
0.96500000 -1.59139454
0.96600000 -1.58027283
0.96700000 -1.56923784
0.96800000 -1.55828885
0.96900000 -1.54742513
0.97000000 -1.53664596
0.97100000 -1.52595062
0.97200000 -1.51533841
0.97300000 -1.50480864
0.97400000 -1.49436059
0.97500000 -1.48399359
0.97600000 -1.47370696
0.97700000 -1.46350001
0.97800000 -1.45337209
0.97900000 -1.44332251
0.98000000 -1.43335063
0.98100000 -1.42345580
0.98200000 -1.41363736
0.98300000 -1.40389467
0.98400000 -1.39422711
0.98500000 -1.38463403
0.98600000 -1.37511482
0.98700000 -1.36566885
0.98800000 -1.35629552
0.98900000 -1.34699421
0.99000000 -1.33776432
0.99100000 -1.32860526
0.99200000 -1.31951643
0.99300000 -1.31049724
0.99400000 -1.30154712
0.99500000 -1.29266548
0.99600000 -1.28385176
0.99700000 -1.27510539
0.99800000 -1.26642581
0.99900000 -1.25781246
1.00000000 -1.24926479
1.00100000 -1.24078225
1.00200000 -1.23236430
1.00300000 -1.22401040
1.00400000 -1.21572003
1.00500000 -1.20749265
1.00600000 -1.19932774
1.00700000 -1.19122478
1.00800000 -1.18318325
1.00900000 -1.17520266
1.01000000 -1.16728249
1.01100000 -1.15942224
1.01200000 -1.15162142
1.01300000 -1.14387954
1.01400000 -1.13619610
1.01500000 -1.12857062
1.01600000 -1.12100263
1.01700000 -1.11349166
1.01800000 -1.10603722
1.01900000 -1.09863886
1.02000000 -1.09129611
1.02100000 -1.08400851
1.02200000 -1.07677561
1.02300000 -1.06959696
1.02400000 -1.06247212
1.02500000 -1.05540063
1.02600000 -1.04838207
1.02700000 -1.04141599
1.02800000 -1.03450197
1.02900000 -1.02763959
1.03000000 -1.02082840
1.03100000 -1.01406801
1.03200000 -1.00735799
1.03300000 -1.00069792
1.03400000 -0.99408741
1.03500000 -0.98752604
1.03600000 -0.98101341
1.03700000 -0.97454913
1.03800000 -0.96813281
1.03900000 -0.96176404
1.04000000 -0.95544244
1.04100000 -0.94916764
1.04200000 -0.94293924
1.04300000 -0.93675687
1.04400000 -0.93062016
1.04500000 -0.92452873
1.04600000 -0.91848222
1.04700000 -0.91248026
1.04800000 -0.90652249
1.04900000 -0.90060855
1.05000000 -0.89473810
1.05100000 -0.88891076
1.05200000 -0.88312621
1.05300000 -0.87738408
1.05400000 -0.87168405
1.05500000 -0.86602576
1.05600000 -0.86040888
1.05700000 -0.85483308
1.05800000 -0.84929802
1.05900000 -0.84380338
1.06000000 -0.83834884
1.06100000 -0.83293406
1.06200000 -0.82755873
1.06300000 -0.82222254
1.06400000 -0.81692516
1.06500000 -0.81166629
1.06600000 -0.80644562
1.06700000 -0.80126284
1.06800000 -0.79611764
1.06900000 -0.79100974
1.07000000 -0.78593882
1.07100000 -0.78090460
1.07200000 -0.77590678
1.07300000 -0.77094506
1.07400000 -0.76601917
1.07500000 -0.76112881
1.07600000 -0.75627371
1.07700000 -0.75145357
1.07800000 -0.74666813
1.07900000 -0.74191711
1.08000000 -0.73720023
1.08100000 -0.73251722
1.08200000 -0.72786782
1.08300000 -0.72325175
1.08400000 -0.71866876
1.08500000 -0.71411857
1.08600000 -0.70960094
1.08700000 -0.70511560
1.08800000 -0.70066230
1.08900000 -0.69624078
1.09000000 -0.69185080
1.09100000 -0.68749210
1.09200000 -0.68316443
1.09300000 -0.67886757
1.09400000 -0.67460125
1.09500000 -0.67036525
1.09600000 -0.66615931
1.09700000 -0.66198321
1.09800000 -0.65783672
1.09900000 -0.65371959
1.10000000 -0.64963160
1.10100000 -0.64557252
1.10200000 -0.64154213
1.10300000 -0.63754019
1.10400000 -0.63356649
1.10500000 -0.62962081
1.10600000 -0.62570293
1.10700000 -0.62181262
1.10800000 -0.61794968
1.10900000 -0.61411389
1.11000000 -0.61030504
1.11100000 -0.60652292
1.11200000 -0.60276732
1.11300000 -0.59903804
1.11400000 -0.59533488
1.11500000 -0.59165762
1.11600000 -0.58800606
1.11700000 -0.58438002
1.11800000 -0.58077929
1.11900000 -0.57720367
1.12000000 -0.57365297
1.12100000 -0.57012700
1.12200000 -0.56662557
1.12300000 -0.56314848
1.12400000 -0.55969556
1.12500000 -0.55626660
1.12600000 -0.55286144
1.12700000 -0.54947988
1.12800000 -0.54612174
1.12900000 -0.54278685
1.13000000 -0.53947502
1.13100000 -0.53618608
1.13200000 -0.53291986
1.13300000 -0.52967617
1.13400000 -0.52645484
1.13500000 -0.52325571
1.13600000 -0.52007860
1.13700000 -0.51692335
1.13800000 -0.51378979
1.13900000 -0.51067775
1.14000000 -0.50758707
1.14100000 -0.50451759
1.14200000 -0.50146914
1.14300000 -0.49844156
1.14400000 -0.49543470
1.14500000 -0.49244840
1.14600000 -0.48948250
1.14700000 -0.48653684
1.14800000 -0.48361128
1.14900000 -0.48070566
1.15000000 -0.47781983
1.15100000 -0.47495364
1.15200000 -0.47210694
1.15300000 -0.46927959
1.15400000 -0.46647143
1.15500000 -0.46368232
1.15600000 -0.46091213
1.15700000 -0.45816070
1.15800000 -0.45542789
1.15900000 -0.45271357
1.16000000 -0.45001759
1.16100000 -0.44733983
1.16200000 -0.44468013
1.16300000 -0.44203837
1.16400000 -0.43941441
1.16500000 -0.43680811
1.16600000 -0.43421935
1.16700000 -0.43164800
1.16800000 -0.42909391
1.16900000 -0.42655697
1.17000000 -0.42403705
1.17100000 -0.42153402
1.17200000 -0.41904775
1.17300000 -0.41657811
1.17400000 -0.41412499
1.17500000 -0.41168826
1.17600000 -0.40926781
1.17700000 -0.40686350
1.17800000 -0.40447521
1.17900000 -0.40210284
1.18000000 -0.39974626
1.18100000 -0.39740535
1.18200000 -0.39508000
1.18300000 -0.39277009
1.18400000 -0.39047551
1.18500000 -0.38819615
1.18600000 -0.38593189
1.18700000 -0.38368262
1.18800000 -0.38144823
1.18900000 -0.37922861
1.19000000 -0.37702366
1.19100000 -0.37483326
1.19200000 -0.37265730
1.19300000 -0.37049569
1.19400000 -0.36834832
1.19500000 -0.36621507
1.19600000 -0.36409585
1.19700000 -0.36199056
1.19800000 -0.35989909
1.19900000 -0.35782134
1.20000000 -0.35575722
1.20100000 -0.35370661
1.20200000 -0.35166943
1.20300000 -0.34964557
1.20400000 -0.34763495
1.20500000 -0.34563745
1.20600000 -0.34365299
1.20700000 -0.34168147
1.20800000 -0.33972279
1.20900000 -0.33777687
1.21000000 -0.33584361
1.21100000 -0.33392292
1.21200000 -0.33201471
1.21300000 -0.33011889
1.21400000 -0.32823536
1.21500000 -0.32636404
1.21600000 -0.32450485
1.21700000 -0.32265768
1.21800000 -0.32082246
1.21900000 -0.31899910
1.22000000 -0.31718752
1.22100000 -0.31538763
1.22200000 -0.31359934
1.22300000 -0.31182257
1.22400000 -0.31005724
1.22500000 -0.30830327
1.22600000 -0.30656057
1.22700000 -0.30482907
1.22800000 -0.30310868
1.22900000 -0.30139933
1.23000000 -0.29970093
1.23100000 -0.29801341
1.23200000 -0.29633669
1.23300000 -0.29467069
1.23400000 -0.29301534
1.23500000 -0.29137056
1.23600000 -0.28973627
1.23700000 -0.28811240
1.23800000 -0.28649888
1.23900000 -0.28489563
1.24000000 -0.28330257
1.24100000 -0.28171965
1.24200000 -0.28014678
1.24300000 -0.27858389
1.24400000 -0.27703091
1.24500000 -0.27548778
1.24600000 -0.27395442
1.24700000 -0.27243076
1.24800000 -0.27091674
1.24900000 -0.26941228
1.25000000 -0.26791733
1.25100000 -0.26643180
1.25200000 -0.26495565
1.25300000 -0.26348879
1.25400000 -0.26203117
1.25500000 -0.26058271
1.25600000 -0.25914336
1.25700000 -0.25771306
1.25800000 -0.25629173
1.25900000 -0.25487931
1.26000000 -0.25347575
1.26100000 -0.25208098
1.26200000 -0.25069493
1.26300000 -0.24931756
1.26400000 -0.24794879
1.26500000 -0.24658857
1.26600000 -0.24523683
1.26700000 -0.24389353
1.26800000 -0.24255859
1.26900000 -0.24123196
1.27000000 -0.23991359
1.27100000 -0.23860342
1.27200000 -0.23730138
1.27300000 -0.23600743
1.27400000 -0.23472150
1.27500000 -0.23344354
1.27600000 -0.23217350
1.27700000 -0.23091132
1.27800000 -0.22965695
1.27900000 -0.22841032
1.28000000 -0.22717140
1.28100000 -0.22594012
1.28200000 -0.22471644
1.28300000 -0.22350030
1.28400000 -0.22229164
1.28500000 -0.22109042
1.28600000 -0.21989659
1.28700000 -0.21871009
1.28800000 -0.21753088
1.28900000 -0.21635890
1.29000000 -0.21519411
1.29100000 -0.21403646
1.29200000 -0.21288589
1.29300000 -0.21174236
1.29400000 -0.21060581
1.29500000 -0.20947622
1.29600000 -0.20835351
1.29700000 -0.20723766
1.29800000 -0.20612860
1.29900000 -0.20502630
1.30000000 -0.20393071
1.30100000 -0.20284179
1.30200000 -0.20175948
1.30300000 -0.20068374
1.30400000 -0.19961453
1.30500000 -0.19855181
1.30600000 -0.19749552
1.30700000 -0.19644564
1.30800000 -0.19540210
1.30900000 -0.19436488
1.31000000 -0.19333392
1.31100000 -0.19230919
1.31200000 -0.19129063
1.31300000 -0.19027823
1.31400000 -0.18927192
1.31500000 -0.18827167
1.31600000 -0.18727743
1.31700000 -0.18628918
1.31800000 -0.18530686
1.31900000 -0.18433043
1.32000000 -0.18335987
1.32100000 -0.18239512
1.32200000 -0.18143616
1.32300000 -0.18048293
1.32400000 -0.17953540
1.32500000 -0.17859354
1.32600000 -0.17765731
1.32700000 -0.17672666
1.32800000 -0.17580156
1.32900000 -0.17488198
1.33000000 -0.17396788
1.33100000 -0.17305921
1.33200000 -0.17215595
1.33300000 -0.17125806
1.33400000 -0.17036550
1.33500000 -0.16947824
1.33600000 -0.16859624
1.33700000 -0.16771946
1.33800000 -0.16684788
1.33900000 -0.16598146
1.34000000 -0.16512016
1.34100000 -0.16426395
1.34200000 -0.16341279
1.34300000 -0.16256666
1.34400000 -0.16172552
1.34500000 -0.16088934
1.34600000 -0.16005808
1.34700000 -0.15923171
1.34800000 -0.15841020
1.34900000 -0.15759352
1.35000000 -0.15678163
1.35100000 -0.15597450
1.35200000 -0.15517211
1.35300000 -0.15437442
1.35400000 -0.15358141
1.35500000 -0.15279303
1.35600000 -0.15200926
1.35700000 -0.15123007
1.35800000 -0.15045543
1.35900000 -0.14968531
1.36000000 -0.14891968
1.36100000 -0.14815851
1.36200000 -0.14740177
1.36300000 -0.14664944
1.36400000 -0.14590148
1.36500000 -0.14515786
1.36600000 -0.14441857
1.36700000 -0.14368356
1.36800000 -0.14295281
1.36900000 -0.14222630
1.37000000 -0.14150399
1.37100000 -0.14078587
1.37200000 -0.14007189
1.37300000 -0.13936204
1.37400000 -0.13865629
1.37500000 -0.13795461
1.37600000 -0.13725698
1.37700000 -0.13656336
1.37800000 -0.13587374
1.37900000 -0.13518809
1.38000000 -0.13450638
1.38100000 -0.13382858
1.38200000 -0.13315468
1.38300000 -0.13248464
1.38400000 -0.13181845
1.38500000 -0.13115607
1.38600000 -0.13049748
1.38700000 -0.12984267
1.38800000 -0.12919159
1.38900000 -0.12854424
1.39000000 -0.12790058
1.39100000 -0.12726060
1.39200000 -0.12662426
1.39300000 -0.12599155
1.39400000 -0.12536245
1.39500000 -0.12473692
1.39600000 -0.12411495
1.39700000 -0.12349651
1.39800000 -0.12288158
1.39900000 -0.12227015
1.40000000 -0.12166218
1.40100000 -0.12105766
1.40200000 -0.12045656
1.40300000 -0.11985886
1.40400000 -0.11926454
1.40500000 -0.11867358
1.40600000 -0.11808595
1.40700000 -0.11750165
1.40800000 -0.11692063
1.40900000 -0.11634290
1.41000000 -0.11576841
1.41100000 -0.11519716
1.41200000 -0.11462912
1.41300000 -0.11406427
1.41400000 -0.11350260
1.41500000 -0.11294408
1.41600000 -0.11238869
1.41700000 -0.11183641
1.41800000 -0.11128723
1.41900000 -0.11074112
1.42000000 -0.11019807
1.42100000 -0.10965805
1.42200000 -0.10912104
1.42300000 -0.10858704
1.42400000 -0.10805601
1.42500000 -0.10752794
1.42600000 -0.10700282
1.42700000 -0.10648062
1.42800000 -0.10596132
1.42900000 -0.10544491
1.43000000 -0.10493137
1.43100000 -0.10442068
1.43200000 -0.10391282
1.43300000 -0.10340778
1.43400000 -0.10290553
1.43500000 -0.10240607
1.43600000 -0.10190937
1.43700000 -0.10141542
1.43800000 -0.10092420
1.43900000 -0.10043569
1.44000000 -0.09994987
1.44100000 -0.09946673
1.44200000 -0.09898626
1.44300000 -0.09850843
1.44400000 -0.09803323
1.44500000 -0.09756065
1.44600000 -0.09709066
1.44700000 -0.09662325
1.44800000 -0.09615841
1.44900000 -0.09569612
1.45000000 -0.09523636
1.45100000 -0.09477912
1.45200000 -0.09432439
1.45300000 -0.09387214
1.45400000 -0.09342236
1.45500000 -0.09297504
1.45600000 -0.09253016
1.45700000 -0.09208771
1.45800000 -0.09164767
1.45900000 -0.09121003
1.46000000 -0.09077477
1.46100000 -0.09034188
1.46200000 -0.08991134
1.46300000 -0.08948315
1.46400000 -0.08905727
1.46500000 -0.08863371
1.46600000 -0.08821245
1.46700000 -0.08779347
1.46800000 -0.08737676
1.46900000 -0.08696230
1.47000000 -0.08655009
1.47100000 -0.08614010
1.47200000 -0.08573233
1.47300000 -0.08532676
1.47400000 -0.08492337
1.47500000 -0.08452216
1.47600000 -0.08412312
1.47700000 -0.08372622
1.47800000 -0.08333145
1.47900000 -0.08293881
1.48000000 -0.08254828
1.48100000 -0.08215985
1.48200000 -0.08177350
1.48300000 -0.08138922
1.48400000 -0.08100700
1.48500000 -0.08062683
1.48600000 -0.08024869
1.48700000 -0.07987257
1.48800000 -0.07949847
1.48900000 -0.07912636
1.49000000 -0.07875624
1.49100000 -0.07838809
1.49200000 -0.07802191
1.49300000 -0.07765768
1.49400000 -0.07729539
1.49500000 -0.07693502
1.49600000 -0.07657657
1.49700000 -0.07622002
1.49800000 -0.07586537
1.49900000 -0.07551260
1.50000000 -0.07516170
1.50100000 -0.07481266
1.50200000 -0.07446547
1.50300000 -0.07412012
1.50400000 -0.07377659
1.50500000 -0.07343488
1.50600000 -0.07309498
1.50700000 -0.07275687
1.50800000 -0.07242054
1.50900000 -0.07208599
1.51000000 -0.07175320
1.51100000 -0.07142216
1.51200000 -0.07109286
1.51300000 -0.07076529
1.51400000 -0.07043945
1.51500000 -0.07011532
1.51600000 -0.06979289
1.51700000 -0.06947215
1.51800000 -0.06915309
1.51900000 -0.06883570
1.52000000 -0.06851997
1.52100000 -0.06820590
1.52200000 -0.06789347
1.52300000 -0.06758267
1.52400000 -0.06727349
1.52500000 -0.06696593
1.52600000 -0.06665997
1.52700000 -0.06635560
1.52800000 -0.06605282
1.52900000 -0.06575162
1.53000000 -0.06545198
1.53100000 -0.06515390
1.53200000 -0.06485737
1.53300000 -0.06456238
1.53400000 -0.06426892
1.53500000 -0.06397698
1.53600000 -0.06368655
1.53700000 -0.06339763
1.53800000 -0.06311020
1.53900000 -0.06282426
1.54000000 -0.06253980
1.54100000 -0.06225680
1.54200000 -0.06197527
1.54300000 -0.06169519
1.54400000 -0.06141655
1.54500000 -0.06113935
1.54600000 -0.06086358
1.54700000 -0.06058922
1.54800000 -0.06031628
1.54900000 -0.06004474
1.55000000 -0.05977459
1.55100000 -0.05950583
1.55200000 -0.05923845
1.55300000 -0.05897244
1.55400000 -0.05870779
1.55500000 -0.05844450
1.55600000 -0.05818255
1.55700000 -0.05792194
1.55800000 -0.05766267
1.55900000 -0.05740472
1.56000000 -0.05714808
1.56100000 -0.05689276
1.56200000 -0.05663873
1.56300000 -0.05638600
1.56400000 -0.05613456
1.56500000 -0.05588439
1.56600000 -0.05563550
1.56700000 -0.05538787
1.56800000 -0.05514150
1.56900000 -0.05489638
1.57000000 -0.05465250
1.57100000 -0.05440986
1.57200000 -0.05416845
1.57300000 -0.05392826
1.57400000 -0.05368929
1.57500000 -0.05345152
1.57600000 -0.05321495
1.57700000 -0.05297958
1.57800000 -0.05274540
1.57900000 -0.05251240
1.58000000 -0.05228057
1.58100000 -0.05204991
1.58200000 -0.05182041
1.58300000 -0.05159207
1.58400000 -0.05136487
1.58500000 -0.05113882
1.58600000 -0.05091390
1.58700000 -0.05069011
1.58800000 -0.05046744
1.58900000 -0.05024589
1.59000000 -0.05002545
1.59100000 -0.04980611
1.59200000 -0.04958787
1.59300000 -0.04937072
1.59400000 -0.04915465
1.59500000 -0.04893966
1.59600000 -0.04872575
1.59700000 -0.04851290
1.59800000 -0.04830112
1.59900000 -0.04809039
1.60000000 -0.04788071
1.60100000 -0.04767207
1.60200000 -0.04746447
1.60300000 -0.04725790
1.60400000 -0.04705235
1.60500000 -0.04684783
1.60600000 -0.04664432
1.60700000 -0.04644182
1.60800000 -0.04624032
1.60900000 -0.04603982
1.61000000 -0.04584032
1.61100000 -0.04564179
1.61200000 -0.04544425
1.61300000 -0.04524769
1.61400000 -0.04505210
1.61500000 -0.04485747
1.61600000 -0.04466380
1.61700000 -0.04447108
1.61800000 -0.04427931
1.61900000 -0.04408849
1.62000000 -0.04389861
1.62100000 -0.04370965
1.62200000 -0.04352163
1.62300000 -0.04333453
1.62400000 -0.04314835
1.62500000 -0.04296308
1.62600000 -0.04277872
1.62700000 -0.04259526
1.62800000 -0.04241270
1.62900000 -0.04223103
1.63000000 -0.04205025
1.63100000 -0.04187035
1.63200000 -0.04169133
1.63300000 -0.04151319
1.63400000 -0.04133591
1.63500000 -0.04115950
1.63600000 -0.04098394
1.63700000 -0.04080924
1.63800000 -0.04063539
1.63900000 -0.04046239
1.64000000 -0.04029023
1.64100000 -0.04011890
1.64200000 -0.03994840
1.64300000 -0.03977873
1.64400000 -0.03960989
1.64500000 -0.03944186
1.64600000 -0.03927464
1.64700000 -0.03910824
1.64800000 -0.03894264
1.64900000 -0.03877783
1.65000000 -0.03861383
1.65100000 -0.03845061
1.65200000 -0.03828819
1.65300000 -0.03812654
1.65400000 -0.03796568
1.65500000 -0.03780559
1.65600000 -0.03764627
1.65700000 -0.03748772
1.65800000 -0.03732993
1.65900000 -0.03717289
1.66000000 -0.03701661
1.66100000 -0.03686108
1.66200000 -0.03670630
1.66300000 -0.03655226
1.66400000 -0.03639895
1.66500000 -0.03624638
1.66600000 -0.03609454
1.66700000 -0.03594343
1.66800000 -0.03579304
1.66900000 -0.03564336
1.67000000 -0.03549440
1.67100000 -0.03534615
1.67200000 -0.03519861
1.67300000 -0.03505177
1.67400000 -0.03490563
1.67500000 -0.03476019
1.67600000 -0.03461543
1.67700000 -0.03447137
1.67800000 -0.03432799
1.67900000 -0.03418529
1.68000000 -0.03404326
1.68100000 -0.03390192
1.68200000 -0.03376124
1.68300000 -0.03362122
1.68400000 -0.03348187
1.68500000 -0.03334318
1.68600000 -0.03320514
1.68700000 -0.03306776
1.68800000 -0.03293103
1.68900000 -0.03279494
1.69000000 -0.03265949
1.69100000 -0.03252468
1.69200000 -0.03239051
1.69300000 -0.03225696
1.69400000 -0.03212405
1.69500000 -0.03199176
1.69600000 -0.03186009
1.69700000 -0.03172905
1.69800000 -0.03159861
1.69900000 -0.03146879
1.70000000 -0.03133958
1.70100000 -0.03121097
1.70200000 -0.03108297
1.70300000 -0.03095556
1.70400000 -0.03082876
1.70500000 -0.03070254
1.70600000 -0.03057691
1.70700000 -0.03045187
1.70800000 -0.03032742
1.70900000 -0.03020354
1.71000000 -0.03008025
1.71100000 -0.02995752
1.71200000 -0.02983537
1.71300000 -0.02971379
1.71400000 -0.02959277
1.71500000 -0.02947232
1.71600000 -0.02935242
1.71700000 -0.02923308
1.71800000 -0.02911430
1.71900000 -0.02899606
1.72000000 -0.02887838
1.72100000 -0.02876124
1.72200000 -0.02864464
1.72300000 -0.02852858
1.72400000 -0.02841306
1.72500000 -0.02829807
1.72600000 -0.02818362
1.72700000 -0.02806969
1.72800000 -0.02795629
1.72900000 -0.02784341
1.73000000 -0.02773105
1.73100000 -0.02761921
1.73200000 -0.02750788
1.73300000 -0.02739707
1.73400000 -0.02728676
1.73500000 -0.02717696
1.73600000 -0.02706767
1.73700000 -0.02695888
1.73800000 -0.02685059
1.73900000 -0.02674279
1.74000000 -0.02663549
1.74100000 -0.02652868
1.74200000 -0.02642236
1.74300000 -0.02631652
1.74400000 -0.02621117
1.74500000 -0.02610630
1.74600000 -0.02600191
1.74700000 -0.02589800
1.74800000 -0.02579456
1.74900000 -0.02569159
1.75000000 -0.02558909
1.75100000 -0.02548706
1.75200000 -0.02538549
1.75300000 -0.02528438
1.75400000 -0.02518374
1.75500000 -0.02508355
1.75600000 -0.02498381
1.75700000 -0.02488453
1.75800000 -0.02478570
1.75900000 -0.02468732
1.76000000 -0.02458938
1.76100000 -0.02449189
1.76200000 -0.02439484
1.76300000 -0.02429822
1.76400000 -0.02420205
1.76500000 -0.02410631
1.76600000 -0.02401100
1.76700000 -0.02391612
1.76800000 -0.02382167
1.76900000 -0.02372764
1.77000000 -0.02363404
1.77100000 -0.02354086
1.77200000 -0.02344810
1.77300000 -0.02335576
1.77400000 -0.02326383
1.77500000 -0.02317231
1.77600000 -0.02308121
1.77700000 -0.02299051
1.77800000 -0.02290023
1.77900000 -0.02281034
1.78000000 -0.02272086
1.78100000 -0.02263178
1.78200000 -0.02254310
1.78300000 -0.02245482
1.78400000 -0.02236693
1.78500000 -0.02227943
1.78600000 -0.02219232
1.78700000 -0.02210561
1.78800000 -0.02201928
1.78900000 -0.02193333
1.79000000 -0.02184777
1.79100000 -0.02176258
1.79200000 -0.02167778
1.79300000 -0.02159336
1.79400000 -0.02150931
1.79500000 -0.02142563
1.79600000 -0.02134233
1.79700000 -0.02125939
1.79800000 -0.02117682
1.79900000 -0.02109462
1.80000000 -0.02101279
1.80100000 -0.02093131
1.80200000 -0.02085020
1.80300000 -0.02076944
1.80400000 -0.02068905
1.80500000 -0.02060900
1.80600000 -0.02052932
1.80700000 -0.02044998
1.80800000 -0.02037099
1.80900000 -0.02029235
1.81000000 -0.02021406
1.81100000 -0.02013612
1.81200000 -0.02005851
1.81300000 -0.01998125
1.81400000 -0.01990433
1.81500000 -0.01982774
1.81600000 -0.01975149
1.81700000 -0.01967558
1.81800000 -0.01960000
1.81900000 -0.01952475
1.82000000 -0.01944983
1.82100000 -0.01937524
1.82200000 -0.01930098
1.82300000 -0.01922704
1.82400000 -0.01915342
1.82500000 -0.01908013
1.82600000 -0.01900716
1.82700000 -0.01893450
1.82800000 -0.01886216
1.82900000 -0.01879014
1.83000000 -0.01871843
1.83100000 -0.01864704
1.83200000 -0.01857595
1.83300000 -0.01850518
1.83400000 -0.01843471
1.83500000 -0.01836455
1.83600000 -0.01829469
1.83700000 -0.01822514
1.83800000 -0.01815589
1.83900000 -0.01808693
1.84000000 -0.01801828
1.84100000 -0.01794993
1.84200000 -0.01788187
1.84300000 -0.01781411
1.84400000 -0.01774664
1.84500000 -0.01767946
1.84600000 -0.01761257
1.84700000 -0.01754597
1.84800000 -0.01747966
1.84900000 -0.01741363
1.85000000 -0.01734789
1.85100000 -0.01728244
1.85200000 -0.01721726
1.85300000 -0.01715236
1.85400000 -0.01708775
1.85500000 -0.01702341
1.85600000 -0.01695935
1.85700000 -0.01689557
1.85800000 -0.01683205
1.85900000 -0.01676881
1.86000000 -0.01670585
1.86100000 -0.01664315
1.86200000 -0.01658072
1.86300000 -0.01651856
1.86400000 -0.01645666
1.86500000 -0.01639503
1.86600000 -0.01633366
1.86700000 -0.01627256
1.86800000 -0.01621171
1.86900000 -0.01615113
1.87000000 -0.01609080
1.87100000 -0.01603073
1.87200000 -0.01597092
1.87300000 -0.01591136
1.87400000 -0.01585206
1.87500000 -0.01579301
1.87600000 -0.01573421
1.87700000 -0.01567566
1.87800000 -0.01561736
1.87900000 -0.01555930
1.88000000 -0.01550149
1.88100000 -0.01544393
1.88200000 -0.01538661
1.88300000 -0.01532954
1.88400000 -0.01527270
1.88500000 -0.01521611
1.88600000 -0.01515976
1.88700000 -0.01510364
1.88800000 -0.01504776
1.88900000 -0.01499212
1.89000000 -0.01493671
1.89100000 -0.01488154
1.89200000 -0.01482660
1.89300000 -0.01477189
1.89400000 -0.01471741
1.89500000 -0.01466316
1.89600000 -0.01460914
1.89700000 -0.01455535
1.89800000 -0.01450178
1.89900000 -0.01444844
1.90000000 -0.01439532
1.90100000 -0.01434242
1.90200000 -0.01428975
1.90300000 -0.01423730
1.90400000 -0.01418507
1.90500000 -0.01413305
1.90600000 -0.01408126
1.90700000 -0.01402968
1.90800000 -0.01397831
1.90900000 -0.01392716
1.91000000 -0.01387623
1.91100000 -0.01382551
1.91200000 -0.01377500
1.91300000 -0.01372470
1.91400000 -0.01367461
1.91500000 -0.01362472
1.91600000 -0.01357505
1.91700000 -0.01352558
1.91800000 -0.01347632
1.91900000 -0.01342727
1.92000000 -0.01337841
1.92100000 -0.01332977
1.92200000 -0.01328132
1.92300000 -0.01323307
1.92400000 -0.01318503
1.92500000 -0.01313718
1.92600000 -0.01308953
1.92700000 -0.01304208
1.92800000 -0.01299482
1.92900000 -0.01294776
1.93000000 -0.01290090
1.93100000 -0.01285423
1.93200000 -0.01280775
1.93300000 -0.01276146
1.93400000 -0.01271537
1.93500000 -0.01266946
1.93600000 -0.01262375
1.93700000 -0.01257822
1.93800000 -0.01253288
1.93900000 -0.01248773
1.94000000 -0.01244276
1.94100000 -0.01239798
1.94200000 -0.01235338
1.94300000 -0.01230896
1.94400000 -0.01226473
1.94500000 -0.01222068
1.94600000 -0.01217681
1.94700000 -0.01213312
1.94800000 -0.01208960
1.94900000 -0.01204627
1.95000000 -0.01200311
1.95100000 -0.01196013
1.95200000 -0.01191733
1.95300000 -0.01187470
1.95400000 -0.01183224
1.95500000 -0.01178996
1.95600000 -0.01174785
1.95700000 -0.01170592
1.95800000 -0.01166415
1.95900000 -0.01162255
1.96000000 -0.01158113
1.96100000 -0.01153987
1.96200000 -0.01149878
1.96300000 -0.01145785
1.96400000 -0.01141710
1.96500000 -0.01137650
1.96600000 -0.01133608
1.96700000 -0.01129582
1.96800000 -0.01125572
1.96900000 -0.01121578
1.97000000 -0.01117600
1.97100000 -0.01113639
1.97200000 -0.01109694
1.97300000 -0.01105764
1.97400000 -0.01101851
1.97500000 -0.01097953
1.97600000 -0.01094071
1.97700000 -0.01090205
1.97800000 -0.01086354
1.97900000 -0.01082519
1.98000000 -0.01078699
1.98100000 -0.01074895
1.98200000 -0.01071106
1.98300000 -0.01067332
1.98400000 -0.01063574
1.98500000 -0.01059830
1.98600000 -0.01056102
1.98700000 -0.01052389
1.98800000 -0.01048690
1.98900000 -0.01045007
1.99000000 -0.01041338
1.99100000 -0.01037684
1.99200000 -0.01034044
1.99300000 -0.01030419
1.99400000 -0.01026809
1.99500000 -0.01023213
1.99600000 -0.01019631
1.99700000 -0.01016064
1.99800000 -0.01012511
1.99900000 -0.01008972
2.00000000 -0.01005447
