0.10000000 405210766182.80438232
0.10100000 356042808800.29913330
0.10200000 313239773387.98614502
0.10300000 275927014385.08709717
0.10400000 243356915237.00601196
0.10500000 214889464209.21166992
0.10600000 189975946813.59417725
0.10700000 168145231709.77700806
0.10800000 148992218560.04452515
0.10900000 132168091233.40332031
0.11000000 117372081132.96702576
0.11100000 104344495802.27032471
0.11200000 92860809396.88375854
0.11300000 82726645739.58885193
0.11400000 73773512846.18081665
0.11500000 65855171096.99784851
0.11600000 58844536515.19113159
0.11700000 52631036611.17612457
0.11800000 47118349545.94989014
0.11900000 42222468429.36902618
0.12000000 37870041791.77252960
0.12100000 33996948966.94521713
0.12200000 30547075562.65475464
0.12300000 27471259586.65485001
0.12400000 24726383317.97907639
0.12500000 22274589811.39801025
0.12600000 20082606117.55714798
0.12700000 18121157992.21718979
0.12800000 16364463137.77552414
0.12900000 14789791937.39191818
0.13000000 13377086263.53778267
0.13100000 12108628316.04877090
0.13200000 10968752609.30770874
0.13300000 9943595217.00933266
0.13400000 9020875223.63923836
0.13500000 8189704047.42161655
0.13600000 7440418909.40585232
0.13700000 6764437243.81328106
0.13800000 6154129289.40413666
0.13900000 5602706481.94012928
0.14000000 5104123593.49118519
0.14100000 4652992843.53431702
0.14200000 4244508446.41847467
0.14300000 3874380265.65838814
0.14400000 3538775422.61527109
0.14500000 3234266859.61351967
0.14600000 2957787988.98744297
0.14700000 2706592672.97367620
0.14800000 2478219877.33528328
0.14900000 2270462426.31355286
0.15000000 2081339359.82122993
0.15100000 1909071457.31115746
0.15200000 1752059547.83997750
0.15300000 1608865273.66345263
0.15400000 1478194016.24667287
0.15500000 1358879729.70497751
0.15600000 1249871458.14410496
0.15700000 1150221340.77243400
0.15800000 1059073932.55625367
0.15900000 975656689.04825437
0.16000000 899271482.24204373
0.16100000 829287030.23858309
0.16200000 765132137.45353365
0.16300000 706289654.30644143
0.16400000 652291076.03731036
0.16500000 602711709.68718708
0.16600000 557166346.52476192
0.16700000 515305384.44627994
0.16800000 476811351.24757314
0.16900000 441395785.27455115
0.17000000 408796434.89742798
0.17100000 378774742.60736865
0.17200000 351113583.37441212
0.17300000 325615230.29550827
0.17400000 302099523.55626148
0.17500000 280402221.37754446
0.17600000 260373513.96039349
0.17700000 241876683.51630166
0.17800000 224786895.30718112
0.17900000 208990106.24803481
0.18000000 194382079.07037559
0.18100000 180867491.32726169
0.18200000 168359129.66044581
0.18300000 156777160.76322237
0.18400000 146048471.37374040
0.18500000 136106070.43571517
0.18600000 126888547.27795190
0.18700000 118339580.30088383
0.18800000 110407491.22622709
0.18900000 103044840.47263132
0.19000000 96208059.67271961
0.19100000 89857117.75121321
0.19200000 83955217.34528616
0.19300000 78468518.67162122
0.19400000 73365888.23403628
0.19500000 68618670.02472897
0.19600000 64200477.10443705
0.19700000 60087001.65504879
0.19800000 56255841.78501005
0.19900000 52686343.53556108
0.20000000 49359456.68643649
0.20100000 46257603.09499272
0.20200000 43364556.42440165
0.20300000 40665332.22600453
0.20400000 38146087.43943536
0.20500000 35794028.46283819
0.20600000 33597327.02543534
0.20700000 31545043.16675784
0.20800000 29627054.69183823
0.20900000 27833992.53030824
0.21000000 26157181.48028920
0.21100000 24588585.86578574
0.21200000 23120759.67951260
0.21300000 21746800.82216012
0.21400000 20460309.08445241
0.21500000 19255347.55034273
0.21600000 18126407.12865667
0.21700000 17068373.94673263
0.21800000 16076499.36339040
0.21900000 15146372.38011990
0.22000000 14273894.24894170
0.22100000 13455255.09314164
0.22200000 12686912.37319821
0.22300000 11965571.04486017
0.22400000 11288165.26963510
0.22500000 10651841.55004384
0.22600000 10053943.17299527
0.22700000 9491995.85464495
0.22800000 8963694.48921216
0.22900000 8466890.91252663
0.23000000 7999582.59863589
0.23100000 7559902.21469318
0.23200000 7146107.96562808
0.23300000 6756574.66583196
0.23400000 6389785.48031948
0.23500000 6044324.28260047
0.23600000 5718868.58085629
0.23700000 5412182.96799726
0.23800000 5123113.05481796
0.23900000 4850579.84879548
0.24000000 4593574.54411969
0.24100000 4351153.69133036
0.24200000 4122434.71748530
0.24300000 3906591.77011878
0.24400000 3702851.86038769
0.24500000 3510491.28276316
0.24600000 3328832.29042157
0.24700000 3157240.00713645
0.24800000 2995119.55798399
0.24900000 2841913.40256190
0.25000000 2697098.85569425
0.25100000 2560185.78176430
0.25200000 2430714.44989119
0.25300000 2308253.53815331
0.25400000 2192398.27596851
0.25500000 2082768.71457544
0.25600000 1979008.11632793
0.25700000 1880781.45422030
0.25800000 1787774.01371159
0.25900000 1699690.08951525
0.26000000 1616251.77057195
0.26100000 1537197.80693134
0.26200000 1462282.55273639
0.26300000 1391274.97993592
0.26400000 1323957.75774872
0.26500000 1260126.39326979
0.26600000 1199588.42894846
0.26700000 1142162.69298049
0.26800000 1087678.59894544
0.26900000 1035975.49128714
0.27000000 986902.03348179
0.27100000 940315.63596573
0.27200000 896081.92110590
0.27300000 854074.22269042
0.27400000 814173.11759698
0.27500000 776265.98746359
0.27600000 740246.60834021
0.27700000 706014.76644281
0.27800000 673475.89826368
0.27900000 642540.75341430
0.28000000 613125.07869045
0.28100000 585149.32195487
0.28200000 558538.35452991
0.28300000 533221.21088321
0.28400000 509130.84447365
0.28500000 486203.89870218
0.28600000 464380.49198473
0.28700000 443604.01603152
0.28800000 423820.94647914
0.28900000 404980.66507978
0.29000000 387035.29270581
0.29100000 369939.53247771
0.29200000 353650.52236989
0.29300000 338127.69669206
0.29400000 323332.65588403
0.29500000 309229.04409911
0.29600000 295782.43408596
0.29700000 282960.21891143
0.29800000 270731.51009645
0.29900000 259067.04176572
0.30000000 247939.08043752
0.30100000 237321.34010472
0.30200000 227188.90228039
0.30300000 217518.14070272
0.30400000 208286.65041377
0.30500000 199473.18094461
0.30600000 191057.57335678
0.30700000 183020.70090611
0.30800000 175344.41310934
0.30900000 168011.48300862
0.31000000 161005.55744126
0.31100000 154311.11013475
0.31200000 147913.39745811
0.31300000 141798.41667143
0.31400000 135952.86652505
0.31500000 130364.11006942
0.31600000 125020.13954517
0.31700000 119909.54323081
0.31800000 115021.47413343
0.31900000 110345.62041456
0.32000000 105872.17744991
0.32100000 101591.82142821
0.32200000 97495.68439984
0.32300000 93575.33069155
0.32400000 89822.73460851
0.32500000 86230.25934989
0.32600000 82790.63706840
0.32700000 79496.95000850
0.32800000 76342.61266197
0.32900000 73321.35488297
0.33000000 70427.20590847
0.33100000 67654.47923289
0.33200000 64997.75828891
0.33300000 62451.88288929
0.33400000 60011.93638707
0.33500000 57673.23351427
0.33600000 55431.30886112
0.33700000 53281.90596059
0.33800000 51220.96694455
0.33900000 49244.62274022
0.34000000 47349.18377713
0.34100000 45531.13117666
0.34200000 43787.10839773
0.34300000 42113.91331396
0.34400000 40508.49069865
0.34500000 38967.92509561
0.34600000 37489.43405501
0.34700000 36070.36171453
0.34800000 34708.17270731
0.34900000 33400.44637913
0.35000000 32144.87129846
0.35100000 30939.24004352
0.35200000 29781.44425193
0.35300000 28669.46991884
0.35400000 27601.39293047
0.35500000 26575.37482070
0.35600000 25589.65873893
0.35700000 24642.56561821
0.35800000 23732.49053310
0.35900000 22857.89923743
0.36000000 22017.32487263
0.36100000 21209.36483772
0.36200000 20432.67781265
0.36300000 19685.98092710
0.36400000 18968.04706722
0.36500000 18277.70231329
0.36600000 17613.82350158
0.36700000 16975.33590402
0.36800000 16361.21101982
0.36900000 15770.46447326
0.37000000 15202.15401228
0.37100000 14655.37760281
0.37200000 14129.27161410
0.37300000 13623.00909031
0.37400000 13135.79810415
0.37500000 12666.88018853
0.37600000 12215.52884219
0.37700000 11781.04810574
0.37800000 11362.77120459
0.37900000 10960.05925548
0.38000000 10572.30003342
0.38100000 10198.90679616
0.38200000 9839.31716329
0.38300000 9492.99204735
0.38400000 9159.41463437
0.38500000 8838.08941147
0.38600000 8528.54123922
0.38700000 8230.31446657
0.38800000 7942.97208638
0.38900000 7666.09492946
0.39000000 7399.28089537
0.39100000 7142.14421822
0.39200000 6894.31476570
0.39300000 6655.43736990
0.39400000 6425.17118827
0.39500000 6203.18909334
0.39600000 5989.17708989
0.39700000 5782.83375825
0.39800000 5583.86972234
0.39900000 5392.00714162
0.40000000 5206.97922549
0.40100000 5028.52976928
0.40200000 4856.41271078
0.40300000 4690.39170638
0.40400000 4530.23972580
0.40500000 4375.73866472
0.40600000 4226.67897432
0.40700000 4082.85930706
0.40800000 3944.08617794
0.40900000 3810.17364041
0.41000000 3680.94297647
0.41100000 3556.22240012
0.41200000 3435.84677366
0.41300000 3319.65733621
0.41400000 3207.50144391
0.41500000 3099.23232130
0.41600000 2994.70882329
0.41700000 2893.79520737
0.41800000 2796.36091547
0.41900000 2702.28036514
0.42000000 2611.43274955
0.42100000 2523.70184600
0.42200000 2438.97583250
0.42300000 2357.14711207
0.42400000 2278.11214442
0.42500000 2201.77128477
0.42600000 2128.02862927
0.42700000 2056.79186705
0.42800000 1987.97213828
0.42900000 1921.48389823
0.43000000 1857.24478695
0.43100000 1795.17550430
0.43200000 1735.19969023
0.43300000 1677.24380987
0.43400000 1621.23704349
0.43500000 1567.11118085
0.43600000 1514.80051995
0.43700000 1464.24176988
0.43800000 1415.37395766
0.43900000 1368.13833884
0.44000000 1322.47831176
0.44100000 1278.33933523
0.44200000 1235.66884963
0.44300000 1194.41620106
0.44400000 1154.53256868
0.44500000 1115.97089487
0.44600000 1078.68581823
0.44700000 1042.63360924
0.44800000 1007.77210854
0.44900000 974.06066756
0.45000000 941.46009164
0.45100000 909.93258530
0.45200000 879.44169973
0.45300000 849.95228232
0.45400000 821.43042824
0.45500000 793.84343385
0.45600000 767.15975195
0.45700000 741.34894887
0.45800000 716.38166309
0.45900000 692.22956561
0.46000000 668.86532178
0.46100000 646.26255465
0.46200000 624.39580970
0.46300000 603.24052100
0.46400000 582.77297862
0.46500000 562.97029733
0.46600000 543.81038644
0.46700000 525.27192092
0.46800000 507.33431347
0.46900000 489.97768781
0.47000000 473.18285288
0.47100000 456.93127806
0.47200000 441.20506933
0.47300000 425.98694635
0.47400000 411.26022039
0.47500000 397.00877308
0.47600000 383.21703598
0.47700000 369.86997093
0.47800000 356.95305111
0.47900000 344.45224283
0.48000000 332.35398798
0.48100000 320.64518718
0.48200000 309.31318348
0.48300000 298.34574676
0.48400000 287.73105863
0.48500000 277.45769793
0.48600000 267.51462678
0.48700000 257.89117709
0.48800000 248.57703759
0.48900000 239.56224142
0.49000000 230.83715399
0.49100000 222.39246151
0.49200000 214.21915975
0.49300000 206.30854329
0.49400000 198.65219521
0.49500000 191.24197705
0.49600000 184.07001920
0.49700000 177.12871163
0.49800000 170.41069498
0.49900000 163.90885187
0.50000000 157.61629865
0.50100000 151.52637740
0.50200000 145.63264817
0.50300000 139.92888153
0.50400000 134.40905145
0.50500000 129.06732834
0.50600000 123.89807237
0.50700000 118.89582703
0.50800000 114.05531296
0.50900000 109.37142192
0.51000000 104.83921103
0.51100000 100.45389720
0.51200000 96.21085174
0.51300000 92.10559520
0.51400000 88.13379234
0.51500000 84.29124730
0.51600000 80.57389897
0.51700000 76.97781646
0.51800000 73.49919478
0.51900000 70.13435064
0.52000000 66.87971842
0.52100000 63.73184624
0.52200000 60.68739224
0.52300000 57.74312088
0.52400000 54.89589950
0.52500000 52.14269488
0.52600000 49.48056996
0.52700000 46.90668073
0.52800000 44.41827313
0.52900000 42.01268011
0.53000000 39.68731881
0.53100000 37.43968778
0.53200000 35.26736435
0.53300000 33.16800203
0.53400000 31.13932806
0.53500000 29.17914100
0.53600000 27.28530844
0.53700000 25.45576474
0.53800000 23.68850888
0.53900000 21.98160236
0.54000000 20.33316722
0.54100000 18.74138403
0.54200000 17.20449009
0.54300000 15.72077752
0.54400000 14.28859157
0.54500000 12.90632889
0.54600000 11.57243587
0.54700000 10.28540709
0.54800000 9.04378375
0.54900000 7.84615222
0.55000000 6.69114255
0.55100000 5.57742712
0.55200000 4.50371932
0.55300000 3.46877218
0.55400000 2.47137717
0.55500000 1.51036299
0.55600000 0.58459436
0.55700000 -0.30702911
0.55800000 -1.16557400
0.55900000 -1.99207413
0.56000000 -2.78753165
0.56100000 -3.55291796
0.56200000 -4.28917473
0.56300000 -4.99721479
0.56400000 -5.67792306
0.56500000 -6.33215740
0.56600000 -6.96074949
0.56700000 -7.56450559
0.56800000 -8.14420738
0.56900000 -8.70061269
0.57000000 -9.23445626
0.57100000 -9.74645045
0.57200000 -10.23728594
0.57300000 -10.70763239
0.57400000 -11.15813909
0.57500000 -11.58943560
0.57600000 -12.00213233
0.57700000 -12.39682118
0.57800000 -12.77407606
0.57900000 -13.13445347
0.58000000 -13.47849302
0.58100000 -13.80671798
0.58200000 -14.11963571
0.58300000 -14.41773825
0.58400000 -14.70150268
0.58500000 -14.97139165
0.58600000 -15.22785382
0.58700000 -15.47132422
0.58800000 -15.70222475
0.58900000 -15.92096452
0.59000000 -16.12794027
0.59100000 -16.32353672
0.59200000 -16.50812696
0.59300000 -16.68207280
0.59400000 -16.84572509
0.59500000 -16.99942406
0.59600000 -17.14349967
0.59700000 -17.27827188
0.59800000 -17.40405096
0.59900000 -17.52113782
0.60000000 -17.62982424
0.60100000 -17.73039317
0.60200000 -17.82311901
0.60300000 -17.90826783
0.60400000 -17.98609766
0.60500000 -18.05685870
0.60600000 -18.12079356
0.60700000 -18.17813753
0.60800000 -18.22911873
0.60900000 -18.27395836
0.61000000 -18.31287094
0.61100000 -18.34606443
0.61200000 -18.37374052
0.61300000 -18.39609472
0.61400000 -18.41331663
0.61500000 -18.42559006
0.61600000 -18.43309324
0.61700000 -18.43599895
0.61800000 -18.43447472
0.61900000 -18.42868295
0.62000000 -18.41878108
0.62100000 -18.40492176
0.62200000 -18.38725294
0.62300000 -18.36591806
0.62400000 -18.34105615
0.62500000 -18.31280198
0.62600000 -18.28128618
0.62700000 -18.24663537
0.62800000 -18.20897225
0.62900000 -18.16841576
0.63000000 -18.12508115
0.63100000 -18.07908014
0.63200000 -18.03052095
0.63300000 -17.97950849
0.63400000 -17.92614437
0.63500000 -17.87052708
0.63600000 -17.81275202
0.63700000 -17.75291162
0.63800000 -17.69109544
0.63900000 -17.62739022
0.64000000 -17.56187998
0.64100000 -17.49464611
0.64200000 -17.42576743
0.64300000 -17.35532030
0.64400000 -17.28337863
0.64500000 -17.21001402
0.64600000 -17.13529578
0.64700000 -17.05929103
0.64800000 -16.98206473
0.64900000 -16.90367980
0.65000000 -16.82419710
0.65100000 -16.74367556
0.65200000 -16.66217222
0.65300000 -16.57974226
0.65400000 -16.49643908
0.65500000 -16.41231434
0.65600000 -16.32741803
0.65700000 -16.24179850
0.65800000 -16.15550250
0.65900000 -16.06857527
0.66000000 -15.98106053
0.66100000 -15.89300057
0.66200000 -15.80443627
0.66300000 -15.71540713
0.66400000 -15.62595135
0.66500000 -15.53610583
0.66600000 -15.44590623
0.66700000 -15.35538699
0.66800000 -15.26458140
0.66900000 -15.17352158
0.67000000 -15.08223858
0.67100000 -14.99076234
0.67200000 -14.89912178
0.67300000 -14.80734482
0.67400000 -14.71545839
0.67500000 -14.62348846
0.67600000 -14.53146009
0.67700000 -14.43939745
0.67800000 -14.34732383
0.67900000 -14.25526170
0.68000000 -14.16323268
0.68100000 -14.07125763
0.68200000 -13.97935662
0.68300000 -13.88754900
0.68400000 -13.79585337
0.68500000 -13.70428764
0.68600000 -13.61286904
0.68700000 -13.52161415
0.68800000 -13.43053890
0.68900000 -13.33965861
0.69000000 -13.24898798
0.69100000 -13.15854115
0.69200000 -13.06833168
0.69300000 -12.97837258
0.69400000 -12.88867635
0.69500000 -12.79925495
0.69600000 -12.71011985
0.69700000 -12.62128204
0.69800000 -12.53275204
0.69900000 -12.44453992
0.70000000 -12.35665529
0.70100000 -12.26910735
0.70200000 -12.18190488
0.70300000 -12.09505627
0.70400000 -12.00856951
0.70500000 -11.92245221
0.70600000 -11.83671163
0.70700000 -11.75135467
0.70800000 -11.66638788
0.70900000 -11.58181748
0.71000000 -11.49764939
0.71100000 -11.41388919
0.71200000 -11.33054218
0.71300000 -11.24761336
0.71400000 -11.16510745
0.71500000 -11.08302890
0.71600000 -11.00138189
0.71700000 -10.92017034
0.71800000 -10.83939793
0.71900000 -10.75906811
0.72000000 -10.67918408
0.72100000 -10.59974883
0.72200000 -10.52076513
0.72300000 -10.44223552
0.72400000 -10.36416237
0.72500000 -10.28654784
0.72600000 -10.20939390
0.72700000 -10.13270233
0.72800000 -10.05647474
0.72900000 -9.98071258
0.73000000 -9.90541711
0.73100000 -9.83058946
0.73200000 -9.75623057
0.73300000 -9.68234127
0.73400000 -9.60892222
0.73500000 -9.53597396
0.73600000 -9.46349687
0.73700000 -9.39149122
0.73800000 -9.31995716
0.73900000 -9.24889471
0.74000000 -9.17830377
0.74100000 -9.10818414
0.74200000 -9.03853552
0.74300000 -8.96935747
0.74400000 -8.90064950
0.74500000 -8.83241098
0.74600000 -8.76464121
0.74700000 -8.69733940
0.74800000 -8.63050468
0.74900000 -8.56413607
0.75000000 -8.49823255
0.75100000 -8.43279300
0.75200000 -8.36781622
0.75300000 -8.30330096
0.75400000 -8.23924590
0.75500000 -8.17564964
0.75600000 -8.11251073
0.75700000 -8.04982766
0.75800000 -7.98759887
0.75900000 -7.92582273
0.76000000 -7.86449756
0.76100000 -7.80362165
0.76200000 -7.74319322
0.76300000 -7.68321045
0.76400000 -7.62367149
0.76500000 -7.56457443
0.76600000 -7.50591733
0.76700000 -7.44769822
0.76800000 -7.38991507
0.76900000 -7.33256585
0.77000000 -7.27564847
0.77100000 -7.21916083
0.77200000 -7.16310078
0.77300000 -7.10746615
0.77400000 -7.05225476
0.77500000 -6.99746439
0.77600000 -6.94309280
0.77700000 -6.88913772
0.77800000 -6.83559689
0.77900000 -6.78246799
0.78000000 -6.72974870
0.78100000 -6.67743670
0.78200000 -6.62552964
0.78300000 -6.57402515
0.78400000 -6.52292085
0.78500000 -6.47221436
0.78600000 -6.42190327
0.78700000 -6.37198518
0.78800000 -6.32245767
0.78900000 -6.27331830
0.79000000 -6.22456465
0.79100000 -6.17619427
0.79200000 -6.12820472
0.79300000 -6.08059355
0.79400000 -6.03335830
0.79500000 -5.98649651
0.79600000 -5.94000573
0.79700000 -5.89388348
0.79800000 -5.84812731
0.79900000 -5.80273475
0.80000000 -5.75770333
0.80100000 -5.71303060
0.80200000 -5.66871409
0.80300000 -5.62475134
0.80400000 -5.58113989
0.80500000 -5.53787729
0.80600000 -5.49496108
0.80700000 -5.45238882
0.80800000 -5.41015807
0.80900000 -5.36826638
0.81000000 -5.32671132
0.81100000 -5.28549047
0.81200000 -5.24460140
0.81300000 -5.20404170
0.81400000 -5.16380896
0.81500000 -5.12390078
0.81600000 -5.08431476
0.81700000 -5.04504853
0.81800000 -5.00609969
0.81900000 -4.96746589
0.82000000 -4.92914476
0.82100000 -4.89113395
0.82200000 -4.85343112
0.82300000 -4.81603394
0.82400000 -4.77894008
0.82500000 -4.74214722
0.82600000 -4.70565308
0.82700000 -4.66945534
0.82800000 -4.63355174
0.82900000 -4.59794000
0.83000000 -4.56261787
0.83100000 -4.52758308
0.83200000 -4.49283341
0.83300000 -4.45836662
0.83400000 -4.42418051
0.83500000 -4.39027286
0.83600000 -4.35664150
0.83700000 -4.32328423
0.83800000 -4.29019889
0.83900000 -4.25738333
0.84000000 -4.22483540
0.84100000 -4.19255297
0.84200000 -4.16053393
0.84300000 -4.12877616
0.84400000 -4.09727758
0.84500000 -4.06603611
0.84600000 -4.03504967
0.84700000 -4.00431621
0.84800000 -3.97383369
0.84900000 -3.94360008
0.85000000 -3.91361337
0.85100000 -3.88387155
0.85200000 -3.85437262
0.85300000 -3.82511462
0.85400000 -3.79609558
0.85500000 -3.76731354
0.85600000 -3.73876657
0.85700000 -3.71045274
0.85800000 -3.68237015
0.85900000 -3.65451688
0.86000000 -3.62689106
0.86100000 -3.59949082
0.86200000 -3.57231428
0.86300000 -3.54535961
0.86400000 -3.51862498
0.86500000 -3.49210855
0.86600000 -3.46580853
0.86700000 -3.43972312
0.86800000 -3.41385054
0.86900000 -3.38818902
0.87000000 -3.36273680
0.87100000 -3.33749214
0.87200000 -3.31245331
0.87300000 -3.28761859
0.87400000 -3.26298628
0.87500000 -3.23855469
0.87600000 -3.21432214
0.87700000 -3.19028696
0.87800000 -3.16644750
0.87900000 -3.14280212
0.88000000 -3.11934919
0.88100000 -3.09608709
0.88200000 -3.07301422
0.88300000 -3.05012900
0.88400000 -3.02742983
0.88500000 -3.00491516
0.88600000 -2.98258343
0.88700000 -2.96043310
0.88800000 -2.93846264
0.88900000 -2.91667053
0.89000000 -2.89505527
0.89100000 -2.87361536
0.89200000 -2.85234932
0.89300000 -2.83125568
0.89400000 -2.81033298
0.89500000 -2.78957978
0.89600000 -2.76899464
0.89700000 -2.74857614
0.89800000 -2.72832287
0.89900000 -2.70823342
0.90000000 -2.68830642
0.90100000 -2.66854047
0.90200000 -2.64893421
0.90300000 -2.62948630
0.90400000 -2.61019538
0.90500000 -2.59106012
0.90600000 -2.57207921
0.90700000 -2.55325132
0.90800000 -2.53457517
0.90900000 -2.51604945
0.91000000 -2.49767290
0.91100000 -2.47944424
0.91200000 -2.46136222
0.91300000 -2.44342559
0.91400000 -2.42563311
0.91500000 -2.40798356
0.91600000 -2.39047573
0.91700000 -2.37310840
0.91800000 -2.35588038
0.91900000 -2.33879048
0.92000000 -2.32183754
0.92100000 -2.30502038
0.92200000 -2.28833786
0.92300000 -2.27178882
0.92400000 -2.25537212
0.92500000 -2.23908665
0.92600000 -2.22293129
0.92700000 -2.20690492
0.92800000 -2.19100645
0.92900000 -2.17523480
0.93000000 -2.15958888
0.93100000 -2.14406763
0.93200000 -2.12866998
0.93300000 -2.11339488
0.93400000 -2.09824129
0.93500000 -2.08320818
0.93600000 -2.06829452
0.93700000 -2.05349929
0.93800000 -2.03882150
0.93900000 -2.02426013
0.94000000 -2.00981421
0.94100000 -1.99548275
0.94200000 -1.98126477
0.94300000 -1.96715932
0.94400000 -1.95316544
0.94500000 -1.93928218
0.94600000 -1.92550859
0.94700000 -1.91184376
0.94800000 -1.89828676
0.94900000 -1.88483666
0.95000000 -1.87149257
0.95100000 -1.85825359
0.95200000 -1.84511882
0.95300000 -1.83208739
0.95400000 -1.81915840
0.95500000 -1.80633101
0.95600000 -1.79360434
0.95700000 -1.78097754
0.95800000 -1.76844978
0.95900000 -1.75602020
0.96000000 -1.74368798
0.96100000 -1.73145229
0.96200000 -1.71931233
0.96300000 -1.70726727
0.96400000 -1.69531632
0.96500000 -1.68345868
0.96600000 -1.67169357
0.96700000 -1.66002020
0.96800000 -1.64843780
0.96900000 -1.63694559
0.97000000 -1.62554283
0.97100000 -1.61422876
0.97200000 -1.60300262
0.97300000 -1.59186368
0.97400000 -1.58081120
0.97500000 -1.56984446
0.97600000 -1.55896273
0.97700000 -1.54816530
0.97800000 -1.53745146
0.97900000 -1.52682051
0.98000000 -1.51627175
0.98100000 -1.50580448
0.98200000 -1.49541803
0.98300000 -1.48511172
0.98400000 -1.47488487
0.98500000 -1.46473683
0.98600000 -1.45466691
0.98700000 -1.44467449
0.98800000 -1.43475889
0.98900000 -1.42491949
0.99000000 -1.41515565
0.99100000 -1.40546672
0.99200000 -1.39585209
0.99300000 -1.38631113
0.99400000 -1.37684323
0.99500000 -1.36744778
0.99600000 -1.35812418
0.99700000 -1.34887182
0.99800000 -1.33969011
0.99900000 -1.33057847
1.00000000 -1.32153630
1.00100000 -1.31256304
1.00200000 -1.30365810
1.00300000 -1.29482092
1.00400000 -1.28605094
1.00500000 -1.27734759
1.00600000 -1.26871033
1.00700000 -1.26013861
1.00800000 -1.25163187
1.00900000 -1.24318959
1.01000000 -1.23481123
1.01100000 -1.22649626
1.01200000 -1.21824415
1.01300000 -1.21005438
1.01400000 -1.20192645
1.01500000 -1.19385983
1.01600000 -1.18585403
1.01700000 -1.17790853
1.01800000 -1.17002284
1.01900000 -1.16219648
1.02000000 -1.15442894
1.02100000 -1.14671974
1.02200000 -1.13906841
1.02300000 -1.13147447
1.02400000 -1.12393744
1.02500000 -1.11645687
1.02600000 -1.10903227
1.02700000 -1.10166320
1.02800000 -1.09434920
1.02900000 -1.08708981
1.03000000 -1.07988459
1.03100000 -1.07273310
1.03200000 -1.06563489
1.03300000 -1.05858954
1.03400000 -1.05159660
1.03500000 -1.04465564
1.03600000 -1.03776626
1.03700000 -1.03092801
1.03800000 -1.02414049
1.03900000 -1.01740328
1.04000000 -1.01071597
1.04100000 -1.00407816
1.04200000 -0.99748944
1.04300000 -0.99094942
1.04400000 -0.98445769
1.04500000 -0.97801386
1.04600000 -0.97161755
1.04700000 -0.96526837
1.04800000 -0.95896594
1.04900000 -0.95270988
1.05000000 -0.94649980
1.05100000 -0.94033535
1.05200000 -0.93421615
1.05300000 -0.92814184
1.05400000 -0.92211205
1.05500000 -0.91612642
1.05600000 -0.91018460
1.05700000 -0.90428623
1.05800000 -0.89843096
1.05900000 -0.89261845
1.06000000 -0.88684836
1.06100000 -0.88112033
1.06200000 -0.87543403
1.06300000 -0.86978913
1.06400000 -0.86418529
1.06500000 -0.85862219
1.06600000 -0.85309950
1.06700000 -0.84761689
1.06800000 -0.84217404
1.06900000 -0.83677063
1.07000000 -0.83140636
1.07100000 -0.82608090
1.07200000 -0.82079395
1.07300000 -0.81554519
1.07400000 -0.81033433
1.07500000 -0.80516106
1.07600000 -0.80002508
1.07700000 -0.79492609
1.07800000 -0.78986381
1.07900000 -0.78483793
1.08000000 -0.77984818
1.08100000 -0.77489425
1.08200000 -0.76997587
1.08300000 -0.76509276
1.08400000 -0.76024464
1.08500000 -0.75543122
1.08600000 -0.75065223
1.08700000 -0.74590741
1.08800000 -0.74119648
1.08900000 -0.73651917
1.09000000 -0.73187522
1.09100000 -0.72726437
1.09200000 -0.72268634
1.09300000 -0.71814090
1.09400000 -0.71362777
1.09500000 -0.70914671
1.09600000 -0.70469745
1.09700000 -0.70027976
1.09800000 -0.69589339
1.09900000 -0.69153808
1.10000000 -0.68721359
1.10100000 -0.68291969
1.10200000 -0.67865613
1.10300000 -0.67442268
1.10400000 -0.67021910
1.10500000 -0.66604516
1.10600000 -0.66190062
1.10700000 -0.65778525
1.10800000 -0.65369883
1.10900000 -0.64964114
1.11000000 -0.64561194
1.11100000 -0.64161102
1.11200000 -0.63763816
1.11300000 -0.63369314
1.11400000 -0.62977574
1.11500000 -0.62588574
1.11600000 -0.62202294
1.11700000 -0.61818713
1.11800000 -0.61437809
1.11900000 -0.61059562
1.12000000 -0.60683951
1.12100000 -0.60310955
1.12200000 -0.59940556
1.12300000 -0.59572732
1.12400000 -0.59207464
1.12500000 -0.58844732
1.12600000 -0.58484516
1.12700000 -0.58126797
1.12800000 -0.57771556
1.12900000 -0.57418774
1.13000000 -0.57068432
1.13100000 -0.56720511
1.13200000 -0.56374993
1.13300000 -0.56031859
1.13400000 -0.55691091
1.13500000 -0.55352670
1.13600000 -0.55016580
1.13700000 -0.54682801
1.13800000 -0.54351317
1.13900000 -0.54022109
1.14000000 -0.53695161
1.14100000 -0.53370456
1.14200000 -0.53047975
1.14300000 -0.52727702
1.14400000 -0.52409621
1.14500000 -0.52093715
1.14600000 -0.51779967
1.14700000 -0.51468360
1.14800000 -0.51158880
1.14900000 -0.50851508
1.15000000 -0.50546230
1.15100000 -0.50243030
1.15200000 -0.49941891
1.15300000 -0.49642799
1.15400000 -0.49345738
1.15500000 -0.49050692
1.15600000 -0.48757646
1.15700000 -0.48466586
1.15800000 -0.48177496
1.15900000 -0.47890361
1.16000000 -0.47605167
1.16100000 -0.47321899
1.16200000 -0.47040542
1.16300000 -0.46761083
1.16400000 -0.46483507
1.16500000 -0.46207800
1.16600000 -0.45933948
1.16700000 -0.45661937
1.16800000 -0.45391753
1.16900000 -0.45123382
1.17000000 -0.44856812
1.17100000 -0.44592028
1.17200000 -0.44329018
1.17300000 -0.44067767
1.17400000 -0.43808264
1.17500000 -0.43550494
1.17600000 -0.43294446
1.17700000 -0.43040105
1.17800000 -0.42787460
1.17900000 -0.42536499
1.18000000 -0.42287207
1.18100000 -0.42039574
1.18200000 -0.41793587
1.18300000 -0.41549233
1.18400000 -0.41306500
1.18500000 -0.41065378
1.18600000 -0.40825853
1.18700000 -0.40587913
1.18800000 -0.40351548
1.18900000 -0.40116746
1.19000000 -0.39883494
1.19100000 -0.39651783
1.19200000 -0.39421599
1.19300000 -0.39192933
1.19400000 -0.38965772
1.19500000 -0.38740107
1.19600000 -0.38515925
1.19700000 -0.38293216
1.19800000 -0.38071970
1.19900000 -0.37852175
1.20000000 -0.37633821
1.20100000 -0.37416898
1.20200000 -0.37201394
1.20300000 -0.36987300
1.20400000 -0.36774606
1.20500000 -0.36563300
1.20600000 -0.36353374
1.20700000 -0.36144816
1.20800000 -0.35937618
1.20900000 -0.35731768
1.21000000 -0.35527258
1.21100000 -0.35324078
1.21200000 -0.35122217
1.21300000 -0.34921667
1.21400000 -0.34722418
1.21500000 -0.34524461
1.21600000 -0.34327785
1.21700000 -0.34132383
1.21800000 -0.33938244
1.21900000 -0.33745360
1.22000000 -0.33553721
1.22100000 -0.33363319
1.22200000 -0.33174145
1.22300000 -0.32986189
1.22400000 -0.32799444
1.22500000 -0.32613900
1.22600000 -0.32429548
1.22700000 -0.32246381
1.22800000 -0.32064390
1.22900000 -0.31883566
1.23000000 -0.31703900
1.23100000 -0.31525386
1.23200000 -0.31348014
1.23300000 -0.31171776
1.23400000 -0.30996664
1.23500000 -0.30822671
1.23600000 -0.30649787
1.23700000 -0.30478006
1.23800000 -0.30307319
1.23900000 -0.30137719
1.24000000 -0.29969198
1.24100000 -0.29801748
1.24200000 -0.29635361
1.24300000 -0.29470031
1.24400000 -0.29305749
1.24500000 -0.29142509
1.24600000 -0.28980302
1.24700000 -0.28819122
1.24800000 -0.28658961
1.24900000 -0.28499812
1.25000000 -0.28341668
1.25100000 -0.28184521
1.25200000 -0.28028366
1.25300000 -0.27873194
1.25400000 -0.27718999
1.25500000 -0.27565774
1.25600000 -0.27413513
1.25700000 -0.27262208
1.25800000 -0.27111852
1.25900000 -0.26962439
1.26000000 -0.26813963
1.26100000 -0.26666417
1.26200000 -0.26519794
1.26300000 -0.26374089
1.26400000 -0.26229293
1.26500000 -0.26085402
1.26600000 -0.25942409
1.26700000 -0.25800307
1.26800000 -0.25659090
1.26900000 -0.25518753
1.27000000 -0.25379289
1.27100000 -0.25240692
1.27200000 -0.25102956
1.27300000 -0.24966075
1.27400000 -0.24830043
1.27500000 -0.24694854
1.27600000 -0.24560502
1.27700000 -0.24426983
1.27800000 -0.24294288
1.27900000 -0.24162414
1.28000000 -0.24031355
1.28100000 -0.23901104
1.28200000 -0.23771656
1.28300000 -0.23643006
1.28400000 -0.23515149
1.28500000 -0.23388078
1.28600000 -0.23261788
1.28700000 -0.23136274
1.28800000 -0.23011531
1.28900000 -0.22887554
1.29000000 -0.22764336
1.29100000 -0.22641873
1.29200000 -0.22520160
1.29300000 -0.22399191
1.29400000 -0.22278962
1.29500000 -0.22159467
1.29600000 -0.22040702
1.29700000 -0.21922661
1.29800000 -0.21805340
1.29900000 -0.21688733
1.30000000 -0.21572836
1.30100000 -0.21457644
1.30200000 -0.21343151
1.30300000 -0.21229354
1.30400000 -0.21116248
1.30500000 -0.21003828
1.30600000 -0.20892089
1.30700000 -0.20781026
1.30800000 -0.20670636
1.30900000 -0.20560913
1.31000000 -0.20451853
1.31100000 -0.20343451
1.31200000 -0.20235704
1.31300000 -0.20128606
1.31400000 -0.20022153
1.31500000 -0.19916341
1.31600000 -0.19811166
1.31700000 -0.19706624
1.31800000 -0.19602709
1.31900000 -0.19499418
1.32000000 -0.19396747
1.32100000 -0.19294691
1.32200000 -0.19193246
1.32300000 -0.19092409
1.32400000 -0.18992175
1.32500000 -0.18892540
1.32600000 -0.18793500
1.32700000 -0.18695052
1.32800000 -0.18597190
1.32900000 -0.18499912
1.33000000 -0.18403213
1.33100000 -0.18307090
1.33200000 -0.18211539
1.33300000 -0.18116555
1.33400000 -0.18022135
1.33500000 -0.17928276
1.33600000 -0.17834974
1.33700000 -0.17742224
1.33800000 -0.17650024
1.33900000 -0.17558369
1.34000000 -0.17467256
1.34100000 -0.17376682
1.34200000 -0.17286643
1.34300000 -0.17197135
1.34400000 -0.17108154
1.34500000 -0.17019699
1.34600000 -0.16931764
1.34700000 -0.16844346
1.34800000 -0.16757442
1.34900000 -0.16671050
1.35000000 -0.16585164
1.35100000 -0.16499782
1.35200000 -0.16414901
1.35300000 -0.16330518
1.35400000 -0.16246628
1.35500000 -0.16163229
1.35600000 -0.16080318
1.35700000 -0.15997892
1.35800000 -0.15915946
1.35900000 -0.15834479
1.36000000 -0.15753487
1.36100000 -0.15672966
1.36200000 -0.15592915
1.36300000 -0.15513329
1.36400000 -0.15434206
1.36500000 -0.15355542
1.36600000 -0.15277336
1.36700000 -0.15199583
1.36800000 -0.15122281
1.36900000 -0.15045427
1.37000000 -0.14969017
1.37100000 -0.14893050
1.37200000 -0.14817522
1.37300000 -0.14742431
1.37400000 -0.14667773
1.37500000 -0.14593546
1.37600000 -0.14519746
1.37700000 -0.14446372
1.37800000 -0.14373420
1.37900000 -0.14300889
1.38000000 -0.14228774
1.38100000 -0.14157073
1.38200000 -0.14085784
1.38300000 -0.14014904
1.38400000 -0.13944431
1.38500000 -0.13874361
1.38600000 -0.13804692
1.38700000 -0.13735422
1.38800000 -0.13666549
1.38900000 -0.13598068
1.39000000 -0.13529979
1.39100000 -0.13462278
1.39200000 -0.13394963
1.39300000 -0.13328032
1.39400000 -0.13261482
1.39500000 -0.13195310
1.39600000 -0.13129515
1.39700000 -0.13064094
1.39800000 -0.12999044
1.39900000 -0.12934363
1.40000000 -0.12870049
1.40100000 -0.12806099
1.40200000 -0.12742512
1.40300000 -0.12679284
1.40400000 -0.12616414
1.40500000 -0.12553899
1.40600000 -0.12491737
1.40700000 -0.12429926
1.40800000 -0.12368464
1.40900000 -0.12307348
1.41000000 -0.12246576
1.41100000 -0.12186146
1.41200000 -0.12126056
1.41300000 -0.12066303
1.41400000 -0.12006887
1.41500000 -0.11947803
1.41600000 -0.11889051
1.41700000 -0.11830629
1.41800000 -0.11772533
1.41900000 -0.11714763
1.42000000 -0.11657316
1.42100000 -0.11600190
1.42200000 -0.11543383
1.42300000 -0.11486893
1.42400000 -0.11430718
1.42500000 -0.11374857
1.42600000 -0.11319306
1.42700000 -0.11264065
1.42800000 -0.11209131
1.42900000 -0.11154503
1.43000000 -0.11100178
1.43100000 -0.11046154
1.43200000 -0.10992430
1.43300000 -0.10939005
1.43400000 -0.10885875
1.43500000 -0.10833039
1.43600000 -0.10780496
1.43700000 -0.10728243
1.43800000 -0.10676279
1.43900000 -0.10624601
1.44000000 -0.10573209
1.44100000 -0.10522101
1.44200000 -0.10471274
1.44300000 -0.10420727
1.44400000 -0.10370458
1.44500000 -0.10320465
1.44600000 -0.10270747
1.44700000 -0.10221303
1.44800000 -0.10172130
1.44900000 -0.10123226
1.45000000 -0.10074590
1.45100000 -0.10026221
1.45200000 -0.09978117
1.45300000 -0.09930276
1.45400000 -0.09882696
1.45500000 -0.09835376
1.45600000 -0.09788315
1.45700000 -0.09741510
1.45800000 -0.09694960
1.45900000 -0.09648664
1.46000000 -0.09602620
1.46100000 -0.09556827
1.46200000 -0.09511283
1.46300000 -0.09465986
1.46400000 -0.09420935
1.46500000 -0.09376128
1.46600000 -0.09331565
1.46700000 -0.09287243
1.46800000 -0.09243161
1.46900000 -0.09199318
1.47000000 -0.09155712
1.47100000 -0.09112341
1.47200000 -0.09069205
1.47300000 -0.09026301
1.47400000 -0.08983629
1.47500000 -0.08941188
1.47600000 -0.08898974
1.47700000 -0.08856988
1.47800000 -0.08815228
1.47900000 -0.08773692
1.48000000 -0.08732380
1.48100000 -0.08691289
1.48200000 -0.08650419
1.48300000 -0.08609768
1.48400000 -0.08569335
1.48500000 -0.08529119
1.48600000 -0.08489117
1.48700000 -0.08449330
1.48800000 -0.08409755
1.48900000 -0.08370392
1.49000000 -0.08331239
1.49100000 -0.08292294
1.49200000 -0.08253558
1.49300000 -0.08215027
1.49400000 -0.08176702
1.49500000 -0.08138581
1.49600000 -0.08100662
1.49700000 -0.08062945
1.49800000 -0.08025428
1.49900000 -0.07988110
1.50000000 -0.07950990
1.50100000 -0.07914067
1.50200000 -0.07877339
1.50300000 -0.07840806
1.50400000 -0.07804466
1.50500000 -0.07768318
1.50600000 -0.07732361
1.50700000 -0.07696594
1.50800000 -0.07661016
1.50900000 -0.07625625
1.51000000 -0.07590421
1.51100000 -0.07555402
1.51200000 -0.07520567
1.51300000 -0.07485915
1.51400000 -0.07451446
1.51500000 -0.07417158
1.51600000 -0.07383049
1.51700000 -0.07349120
1.51800000 -0.07315368
1.51900000 -0.07281793
1.52000000 -0.07248394
1.52100000 -0.07215170
1.52200000 -0.07182119
1.52300000 -0.07149241
1.52400000 -0.07116535
1.52500000 -0.07083999
1.52600000 -0.07051633
1.52700000 -0.07019436
1.52800000 -0.06987406
1.52900000 -0.06955543
1.53000000 -0.06923846
1.53100000 -0.06892314
1.53200000 -0.06860945
1.53300000 -0.06829739
1.53400000 -0.06798696
1.53500000 -0.06767813
1.53600000 -0.06737090
1.53700000 -0.06706526
1.53800000 -0.06676121
1.53900000 -0.06645872
1.54000000 -0.06615780
1.54100000 -0.06585844
1.54200000 -0.06556062
1.54300000 -0.06526433
1.54400000 -0.06496958
1.54500000 -0.06467634
1.54600000 -0.06438461
1.54700000 -0.06409439
1.54800000 -0.06380565
1.54900000 -0.06351840
1.55000000 -0.06323263
1.55100000 -0.06294832
1.55200000 -0.06266547
1.55300000 -0.06238407
1.55400000 -0.06210411
1.55500000 -0.06182558
1.55600000 -0.06154848
1.55700000 -0.06127280
1.55800000 -0.06099852
1.55900000 -0.06072565
1.56000000 -0.06045417
1.56100000 -0.06018407
1.56200000 -0.05991535
1.56300000 -0.05964800
1.56400000 -0.05938201
1.56500000 -0.05911737
1.56600000 -0.05885408
1.56700000 -0.05859213
1.56800000 -0.05833151
1.56900000 -0.05807220
1.57000000 -0.05781422
1.57100000 -0.05755754
1.57200000 -0.05730216
1.57300000 -0.05704808
1.57400000 -0.05679528
1.57500000 -0.05654376
1.57600000 -0.05629351
1.57700000 -0.05604452
1.57800000 -0.05579679
1.57900000 -0.05555031
1.58000000 -0.05530507
1.58100000 -0.05506106
1.58200000 -0.05481829
1.58300000 -0.05457674
1.58400000 -0.05433640
1.58500000 -0.05409726
1.58600000 -0.05385933
1.58700000 -0.05362260
1.58800000 -0.05338705
1.58900000 -0.05315268
1.59000000 -0.05291948
1.59100000 -0.05268745
1.59200000 -0.05245659
1.59300000 -0.05222687
1.59400000 -0.05199831
1.59500000 -0.05177088
1.59600000 -0.05154460
1.59700000 -0.05131944
1.59800000 -0.05109540
1.59900000 -0.05087248
1.60000000 -0.05065066
1.60100000 -0.05042996
1.60200000 -0.05021034
1.60300000 -0.04999182
1.60400000 -0.04977439
1.60500000 -0.04955803
1.60600000 -0.04934275
1.60700000 -0.04912854
1.60800000 -0.04891538
1.60900000 -0.04870328
1.61000000 -0.04849223
1.61100000 -0.04828223
1.61200000 -0.04807326
1.61300000 -0.04786533
1.61400000 -0.04765842
1.61500000 -0.04745253
1.61600000 -0.04724765
1.61700000 -0.04704379
1.61800000 -0.04684093
1.61900000 -0.04663906
1.62000000 -0.04643820
1.62100000 -0.04623831
1.62200000 -0.04603941
1.62300000 -0.04584149
1.62400000 -0.04564453
1.62500000 -0.04544855
1.62600000 -0.04525352
1.62700000 -0.04505945
1.62800000 -0.04486632
1.62900000 -0.04467415
1.63000000 -0.04448291
1.63100000 -0.04429260
1.63200000 -0.04410323
1.63300000 -0.04391478
1.63400000 -0.04372724
1.63500000 -0.04354062
1.63600000 -0.04335491
1.63700000 -0.04317011
1.63800000 -0.04298620
1.63900000 -0.04280319
1.64000000 -0.04262107
1.64100000 -0.04243983
1.64200000 -0.04225947
1.64300000 -0.04207998
1.64400000 -0.04190137
1.64500000 -0.04172362
1.64600000 -0.04154673
1.64700000 -0.04137070
1.64800000 -0.04119551
1.64900000 -0.04102118
1.65000000 -0.04084769
1.65100000 -0.04067503
1.65200000 -0.04050321
1.65300000 -0.04033221
1.65400000 -0.04016204
1.65500000 -0.03999269
1.65600000 -0.03982415
1.65700000 -0.03965643
1.65800000 -0.03948951
1.65900000 -0.03932339
1.66000000 -0.03915807
1.66100000 -0.03899354
1.66200000 -0.03882981
1.66300000 -0.03866685
1.66400000 -0.03850468
1.66500000 -0.03834328
1.66600000 -0.03818266
1.66700000 -0.03802280
1.66800000 -0.03786371
1.66900000 -0.03770538
1.67000000 -0.03754780
1.67100000 -0.03739097
1.67200000 -0.03723490
1.67300000 -0.03707956
1.67400000 -0.03692497
1.67500000 -0.03677111
1.67600000 -0.03661798
1.67700000 -0.03646558
1.67800000 -0.03631390
1.67900000 -0.03616295
1.68000000 -0.03601271
1.68100000 -0.03586318
1.68200000 -0.03571436
1.68300000 -0.03556625
1.68400000 -0.03541884
1.68500000 -0.03527212
1.68600000 -0.03512610
1.68700000 -0.03498077
1.68800000 -0.03483613
1.68900000 -0.03469216
1.69000000 -0.03454888
1.69100000 -0.03440627
1.69200000 -0.03426434
1.69300000 -0.03412307
1.69400000 -0.03398247
1.69500000 -0.03384252
1.69600000 -0.03370324
1.69700000 -0.03356461
1.69800000 -0.03342663
1.69900000 -0.03328930
1.70000000 -0.03315261
1.70100000 -0.03301657
1.70200000 -0.03288116
1.70300000 -0.03274638
1.70400000 -0.03261224
1.70500000 -0.03247872
1.70600000 -0.03234583
1.70700000 -0.03221355
1.70800000 -0.03208190
1.70900000 -0.03195086
1.71000000 -0.03182042
1.71100000 -0.03169060
1.71200000 -0.03156138
1.71300000 -0.03143277
1.71400000 -0.03130475
1.71500000 -0.03117733
1.71600000 -0.03105049
1.71700000 -0.03092425
1.71800000 -0.03079860
1.71900000 -0.03067352
1.72000000 -0.03054903
1.72100000 -0.03042511
1.72200000 -0.03030177
1.72300000 -0.03017900
1.72400000 -0.03005679
1.72500000 -0.02993515
1.72600000 -0.02981407
1.72700000 -0.02969356
1.72800000 -0.02957359
1.72900000 -0.02945418
1.73000000 -0.02933532
1.73100000 -0.02921701
1.73200000 -0.02909925
1.73300000 -0.02898202
1.73400000 -0.02886533
1.73500000 -0.02874919
1.73600000 -0.02863357
1.73700000 -0.02851848
1.73800000 -0.02840393
1.73900000 -0.02828989
1.74000000 -0.02817639
1.74100000 -0.02806340
1.74200000 -0.02795092
1.74300000 -0.02783897
1.74400000 -0.02772752
1.74500000 -0.02761658
1.74600000 -0.02750615
1.74700000 -0.02739623
1.74800000 -0.02728680
1.74900000 -0.02717788
1.75000000 -0.02706945
1.75100000 -0.02696151
1.75200000 -0.02685407
1.75300000 -0.02674712
1.75400000 -0.02664065
1.75500000 -0.02653466
1.75600000 -0.02642916
1.75700000 -0.02632413
1.75800000 -0.02621959
1.75900000 -0.02611551
1.76000000 -0.02601191
1.76100000 -0.02590878
1.76200000 -0.02580611
1.76300000 -0.02570391
1.76400000 -0.02560217
1.76500000 -0.02550089
1.76600000 -0.02540006
1.76700000 -0.02529970
1.76800000 -0.02519978
1.76900000 -0.02510032
1.77000000 -0.02500130
1.77100000 -0.02490273
1.77200000 -0.02480460
1.77300000 -0.02470692
1.77400000 -0.02460967
1.77500000 -0.02451286
1.77600000 -0.02441649
1.77700000 -0.02432054
1.77800000 -0.02422503
1.77900000 -0.02412995
1.78000000 -0.02403529
1.78100000 -0.02394106
1.78200000 -0.02384725
1.78300000 -0.02375386
1.78400000 -0.02366088
1.78500000 -0.02356832
1.78600000 -0.02347618
1.78700000 -0.02338444
1.78800000 -0.02329312
1.78900000 -0.02320220
1.79000000 -0.02311169
1.79100000 -0.02302158
1.79200000 -0.02293187
1.79300000 -0.02284256
1.79400000 -0.02275365
1.79500000 -0.02266513
1.79600000 -0.02257701
1.79700000 -0.02248927
1.79800000 -0.02240193
1.79900000 -0.02231497
1.80000000 -0.02222840
1.80100000 -0.02214222
1.80200000 -0.02205641
1.80300000 -0.02197098
1.80400000 -0.02188593
1.80500000 -0.02180126
1.80600000 -0.02171696
1.80700000 -0.02163304
1.80800000 -0.02154948
1.80900000 -0.02146629
1.81000000 -0.02138347
1.81100000 -0.02130101
1.81200000 -0.02121892
1.81300000 -0.02113719
1.81400000 -0.02105582
1.81500000 -0.02097480
1.81600000 -0.02089414
1.81700000 -0.02081384
1.81800000 -0.02073388
1.81900000 -0.02065428
1.82000000 -0.02057503
1.82100000 -0.02049612
1.82200000 -0.02041756
1.82300000 -0.02033935
1.82400000 -0.02026147
1.82500000 -0.02018394
1.82600000 -0.02010674
1.82700000 -0.02002988
1.82800000 -0.01995336
1.82900000 -0.01987717
1.83000000 -0.01980132
1.83100000 -0.01972579
1.83200000 -0.01965059
1.83300000 -0.01957572
1.83400000 -0.01950118
1.83500000 -0.01942696
1.83600000 -0.01935306
1.83700000 -0.01927948
1.83800000 -0.01920623
1.83900000 -0.01913329
1.84000000 -0.01906066
1.84100000 -0.01898835
1.84200000 -0.01891636
1.84300000 -0.01884468
1.84400000 -0.01877330
1.84500000 -0.01870224
1.84600000 -0.01863148
1.84700000 -0.01856103
1.84800000 -0.01849088
1.84900000 -0.01842103
1.85000000 -0.01835149
1.85100000 -0.01828225
1.85200000 -0.01821330
1.85300000 -0.01814465
1.85400000 -0.01807630
1.85500000 -0.01800824
1.85600000 -0.01794047
1.85700000 -0.01787299
1.85800000 -0.01780581
1.85900000 -0.01773891
1.86000000 -0.01767230
1.86100000 -0.01760598
1.86200000 -0.01753993
1.86300000 -0.01747418
1.86400000 -0.01740870
1.86500000 -0.01734350
1.86600000 -0.01727859
1.86700000 -0.01721395
1.86800000 -0.01714958
1.86900000 -0.01708549
1.87000000 -0.01702168
1.87100000 -0.01695813
1.87200000 -0.01689486
1.87300000 -0.01683186
1.87400000 -0.01676912
1.87500000 -0.01670665
1.87600000 -0.01664445
1.87700000 -0.01658251
1.87800000 -0.01652084
1.87900000 -0.01645943
1.88000000 -0.01639827
1.88100000 -0.01633738
1.88200000 -0.01627675
1.88300000 -0.01621637
1.88400000 -0.01615625
1.88500000 -0.01609638
1.88600000 -0.01603677
1.88700000 -0.01597741
1.88800000 -0.01591829
1.88900000 -0.01585943
1.89000000 -0.01580082
1.89100000 -0.01574246
1.89200000 -0.01568434
1.89300000 -0.01562646
1.89400000 -0.01556883
1.89500000 -0.01551144
1.89600000 -0.01545430
1.89700000 -0.01539739
1.89800000 -0.01534073
1.89900000 -0.01528430
1.90000000 -0.01522811
1.90100000 -0.01517215
1.90200000 -0.01511643
1.90300000 -0.01506094
1.90400000 -0.01500569
1.90500000 -0.01495067
1.90600000 -0.01489587
1.90700000 -0.01484131
1.90800000 -0.01478698
1.90900000 -0.01473287
1.91000000 -0.01467899
1.91100000 -0.01462533
1.91200000 -0.01457190
1.91300000 -0.01451869
1.91400000 -0.01446570
1.91500000 -0.01441293
1.91600000 -0.01436038
1.91700000 -0.01430806
1.91800000 -0.01425594
1.91900000 -0.01420405
1.92000000 -0.01415237
1.92100000 -0.01410091
1.92200000 -0.01404966
1.92300000 -0.01399862
1.92400000 -0.01394780
1.92500000 -0.01389718
1.92600000 -0.01384678
1.92700000 -0.01379658
1.92800000 -0.01374659
1.92900000 -0.01369681
1.93000000 -0.01364723
1.93100000 -0.01359786
1.93200000 -0.01354869
1.93300000 -0.01349973
1.93400000 -0.01345097
1.93500000 -0.01340241
1.93600000 -0.01335405
1.93700000 -0.01330589
1.93800000 -0.01325792
1.93900000 -0.01321016
1.94000000 -0.01316259
1.94100000 -0.01311521
1.94200000 -0.01306804
1.94300000 -0.01302105
1.94400000 -0.01297426
1.94500000 -0.01292766
1.94600000 -0.01288125
1.94700000 -0.01283503
1.94800000 -0.01278900
1.94900000 -0.01274316
1.95000000 -0.01269751
1.95100000 -0.01265204
1.95200000 -0.01260676
1.95300000 -0.01256167
1.95400000 -0.01251675
1.95500000 -0.01247203
1.95600000 -0.01242748
1.95700000 -0.01238312
1.95800000 -0.01233893
1.95900000 -0.01229493
1.96000000 -0.01225111
1.96100000 -0.01220746
1.96200000 -0.01216400
1.96300000 -0.01212070
1.96400000 -0.01207759
1.96500000 -0.01203465
1.96600000 -0.01199188
1.96700000 -0.01194929
1.96800000 -0.01190687
1.96900000 -0.01186463
1.97000000 -0.01182255
1.97100000 -0.01178064
1.97200000 -0.01173891
1.97300000 -0.01169734
1.97400000 -0.01165594
1.97500000 -0.01161471
1.97600000 -0.01157364
1.97700000 -0.01153275
1.97800000 -0.01149201
1.97900000 -0.01145144
1.98000000 -0.01141103
1.98100000 -0.01137079
1.98200000 -0.01133071
1.98300000 -0.01129079
1.98400000 -0.01125103
1.98500000 -0.01121143
1.98600000 -0.01117199
1.98700000 -0.01113271
1.98800000 -0.01109358
1.98900000 -0.01105462
1.99000000 -0.01101580
1.99100000 -0.01097715
1.99200000 -0.01093865
1.99300000 -0.01090030
1.99400000 -0.01086211
1.99500000 -0.01082407
1.99600000 -0.01078618
1.99700000 -0.01074844
1.99800000 -0.01071086
1.99900000 -0.01067342
2.00000000 -0.01063614
