0.10000000 104780299372.28387451
0.10100000 92066167683.19781494
0.10200000 80997925346.03007507
0.10300000 71349399081.77777100
0.10400000 62927263922.69660950
0.10500000 55566020323.66673279
0.10600000 49123777197.17195129
0.10700000 43478705593.89255524
0.10800000 38526051441.92336273
0.10900000 34175615130.36811829
0.11000000 30349621594.95897293
0.11100000 26980917591.47076416
0.11200000 24011443556.27294922
0.11300000 21390936279.51739120
0.11400000 19075825900.62721634
0.11500000 17028296757.79595566
0.11600000 15215486610.34647751
0.11700000 13608802889.82701874
0.11800000 12183338073.21700668
0.11900000 10917369132.49917030
0.12000000 9791928399.64214706
0.12100000 8790435177.07793617
0.12200000 7898379088.61908245
0.12300000 7103047559.98756695
0.12400000 6393290987.45137215
0.12500000 5759320135.20038605
0.12600000 5192531128.19432068
0.12700000 4685354103.05517387
0.12800000 4231122166.51154375
0.12900000 3823957806.65546131
0.13000000 3458674321.57389402
0.13100000 3130690185.02763891
0.13200000 2835954569.98962879
0.13300000 2570882506.55410147
0.13400000 2332298368.11902380
0.13500000 2117386564.79629755
0.13600000 1923648480.72176933
0.13700000 1748864826.52004075
0.13800000 1591062693.15779829
0.13900000 1448486691.76466346
0.14000000 1319573648.21611357
0.14100000 1202930393.47079396
0.14200000 1097314252.61915851
0.14300000 1001615888.84097683
0.14400000 914844204.26397419
0.14500000 836113039.14836943
0.14600000 764629444.81222975
0.14700000 699683335.04208362
0.14800000 640638346.06721818
0.14900000 586923757.08112836
0.15000000 538027342.25267744
0.15100000 493489041.59510553
0.15200000 452895352.30554438
0.15300000 415874354.55255222
0.15400000 382091296.43268251
0.15500000 351244672.16052520
0.15600000 323062735.68995315
0.15700000 297300399.05072176
0.15800000 273736470.86432242
0.15900000 252171195.89693099
0.16000000 232424061.21942911
0.16100000 214331838.66457048
0.16200000 197746836.87687397
0.16300000 182535339.40866753
0.16400000 168576208.08378825
0.16500000 155759633.27884933
0.16600000 143986014.90413073
0.16700000 133164959.73968509
0.16800000 123214382.42983851
0.16900000 114059698.88929491
0.17000000 105633102.15119515
0.17100000 97872911.81321178
0.17200000 90722989.23077331
0.17300000 84132211.48311424
0.17400000 78053997.91224925
0.17500000 72445883.71958703
0.17600000 67269135.71057767
0.17700000 62488405.81401030
0.17800000 58071418.47764260
0.17900000 53988688.46301526
0.18000000 50213265.93596141
0.18100000 46720506.08103831
0.18200000 43487860.76280074
0.18300000 40494690.01880205
0.18400000 37722091.40224085
0.18500000 35152745.39959751
0.18600000 32770775.33335819
0.18700000 30561620.32458598
0.18800000 28511920.03694837
0.18900000 26609410.05485451
0.19000000 24842826.86536629
0.19100000 23201821.51809460
0.19200000 21676881.13075487
0.19300000 20259257.49166267
0.19400000 18940902.08528353
0.19500000 17714406.93396895
0.19600000 16572950.70906635
0.19700000 15510249.61843670
0.19800000 14520512.62571926
0.19900000 13598400.60004355
0.20000000 12738989.03383027
0.20100000 11937734.00131727
0.20200000 11190441.06190880
0.20300000 10493236.84074883
0.20400000 9842543.04439358
0.20500000 9235052.69239778
0.20600000 8667708.36629819
0.20700000 8137682.29610929
0.20800000 7642358.12125083
0.20900000 7179314.17799023
0.21000000 6746308.17917364
0.21100000 6341263.16438442
0.21200000 5962254.60984439
0.21300000 5607498.59747591
0.21400000 5275340.95168411
0.21500000 4964247.26068989
0.21600000 4672793.70673423
0.21700000 4399658.63625932
0.21800000 4143614.80732073
0.21900000 3903522.25706043
0.22000000 3678321.73712763
0.22100000 3467028.66952456
0.22200000 3268727.57952115
0.22300000 3082566.96606800
0.22400000 2907754.57357683
0.22500000 2743553.03206448
0.22600000 2589275.83550101
0.22700000 2444283.63079037
0.22800000 2307980.79216768
0.22900000 2179812.25794272
0.23000000 2059260.60847381
0.23100000 1945843.36603728
0.23200000 1839110.49888254
0.23300000 1738642.11324379
0.23400000 1644046.31843190
0.23500000 1554957.25136387
0.23600000 1471033.24801461
0.23700000 1391955.15030567
0.23800000 1317424.73788629
0.23900000 1247163.27512340
0.24000000 1180910.16440351
0.24100000 1118421.69757025
0.24200000 1059469.89798026
0.24300000 1003841.44626372
0.24400000 951336.68342911
0.24500000 901768.68545801
0.24600000 854962.40400079
0.24700000 810753.86820942
0.24800000 768989.44313496
0.24900000 729525.14047533
0.25000000 692225.97778851
0.25100000 656965.38258842
0.25200000 623624.63801840
0.25300000 592092.36705251
0.25400000 562264.05240927
0.25500000 534041.58957826
0.25600000 507332.87055843
0.25700000 482051.39608944
0.25800000 458115.91432552
0.25900000 435450.08405596
0.26000000 413982.16071896
0.26100000 393644.70358690
0.26200000 374374.30262199
0.26300000 356111.32361293
0.26400000 338799.67030626
0.26500000 322386.56234060
0.26600000 306822.32788014
0.26700000 292060.20992408
0.26800000 278056.18534377
0.26900000 264768.79576807
0.27000000 252158.98950126
0.27100000 240189.97371664
0.27200000 228827.07622350
0.27300000 218037.61615545
0.27400000 207790.78297459
0.27500000 198057.52322931
0.27600000 188810.43454300
0.27700000 180023.66634846
0.27800000 171672.82691628
0.27900000 163734.89625788
0.28000000 156188.14451250
0.28100000 149012.05545536
0.28200000 142187.25478883
0.28300000 135695.44290220
0.28400000 129519.33180715
0.28500000 123642.58597628
0.28600000 118049.76683066
0.28700000 112726.28063960
0.28800000 107658.32961223
0.28900000 102832.86597519
0.29000000 98237.54884455
0.29100000 93860.70371346
0.29200000 89691.28438840
0.29300000 85718.83721851
0.29400000 81933.46747278
0.29500000 78325.80772929
0.29600000 74886.98815012
0.29700000 71608.60852333
0.29800000 68482.71196185
0.29900000 65501.76015572
0.30000000 62658.61008140
0.30100000 59946.49207789
0.30200000 57358.98920514
0.30300000 54890.01780613
0.30400000 52533.80919861
0.30500000 50284.89242750
0.30600000 48138.07801340
0.30700000 46088.44263659
0.30800000 44131.31469996
0.30900000 42262.26071780
0.31000000 40477.07248078
0.31100000 38771.75495054
0.31200000 37142.51484030
0.31300000 35585.74984059
0.31400000 34098.03845173
0.31500000 32676.13038720
0.31600000 31316.93751418
0.31700000 30017.52529950
0.31800000 28775.10473157
0.31900000 27587.02469025
0.32000000 26450.76473861
0.32100000 25363.92831207
0.32200000 24324.23628182
0.32300000 23329.52087090
0.32400000 22377.71990272
0.32500000 21466.87136276
0.32600000 20595.10825556
0.32700000 19760.65374028
0.32800000 18961.81652873
0.32900000 18196.98653117
0.33000000 17464.63073571
0.33100000 16763.28930825
0.33200000 16091.57190047
0.33300000 15448.15415416
0.33400000 14831.77439110
0.33500000 14241.23047783
0.33600000 13675.37685589
0.33700000 13133.12172819
0.33800000 12613.42439284
0.33900000 12115.29271644
0.34000000 11637.78073909
0.34100000 11179.98640388
0.34200000 10741.04940411
0.34300000 10320.14914173
0.34400000 9916.50279112
0.34500000 9529.36346229
0.34600000 9158.01845830
0.34700000 8801.78762170
0.34800000 8460.02176535
0.34900000 8132.10118288
0.35000000 7817.43423472
0.35100000 7515.45600569
0.35200000 7225.62703008
0.35300000 6947.43208103
0.35400000 6680.37902043
0.35500000 6423.99770648
0.35600000 6177.83895562
0.35700000 5941.47355615
0.35800000 5714.49133069
0.35900000 5496.50024517
0.36000000 5287.12556159
0.36100000 5086.00903258
0.36200000 4892.80813548
0.36300000 4707.19534387
0.36400000 4528.85743464
0.36500000 4357.49482887
0.36600000 4192.82096462
0.36700000 4034.56170015
0.36800000 3882.45474598
0.36900000 3736.24912427
0.37000000 3595.70465414
0.37100000 3460.59146180
0.37200000 3330.68951391
0.37300000 3205.78817335
0.37400000 3085.68577600
0.37500000 2970.18922769
0.37600000 2859.11362011
0.37700000 2752.28186497
0.37800000 2649.52434529
0.37900000 2550.67858309
0.38000000 2455.58892266
0.38100000 2364.10622863
0.38200000 2276.08759807
0.38300000 2191.39608600
0.38400000 2109.90044366
0.38500000 2031.47486883
0.38600000 1955.99876770
0.38700000 1883.35652770
0.38800000 1813.43730076
0.38900000 1746.13479647
0.39000000 1681.34708476
0.39100000 1618.97640748
0.39200000 1558.92899863
0.39300000 1501.11491270
0.39400000 1445.44786076
0.39500000 1391.84505404
0.39600000 1340.22705440
0.39700000 1290.51763169
0.39800000 1242.64362739
0.39900000 1196.53482434
0.40000000 1152.12382239
0.40100000 1109.34591944
0.40200000 1068.13899788
0.40300000 1028.44341600
0.40400000 990.20190419
0.40500000 953.35946576
0.40600000 917.86328210
0.40700000 883.66262198
0.40800000 850.70875485
0.40900000 818.95486792
0.41000000 788.35598686
0.41100000 758.86889990
0.41200000 730.45208533
0.41300000 703.06564198
0.41400000 676.67122288
0.41500000 651.23197163
0.41600000 626.71246158
0.41700000 603.07863760
0.41800000 580.29776036
0.41900000 558.33835296
0.42000000 537.17014986
0.42100000 516.76404794
0.42200000 497.09205970
0.42300000 478.12726838
0.42400000 459.84378503
0.42500000 442.21670732
0.42600000 425.22208014
0.42700000 408.83685785
0.42800000 393.03886806
0.42900000 377.80677701
0.43000000 363.12005627
0.43100000 348.95895096
0.43200000 335.30444918
0.43300000 322.13825278
0.43400000 309.44274930
0.43500000 297.20098506
0.43600000 285.39663939
0.43700000 274.01399989
0.43800000 263.03793875
0.43900000 252.45388995
0.44000000 242.24782748
0.44100000 232.40624438
0.44200000 222.91613272
0.44300000 213.76496427
0.44400000 204.94067206
0.44500000 196.43163261
0.44600000 188.22664895
0.44700000 180.31493423
0.44800000 172.68609608
0.44900000 165.33012154
0.45000000 158.23736260
0.45100000 151.39852233
0.45200000 144.80464158
0.45300000 138.44708615
0.45400000 132.31753452
0.45500000 126.40796606
0.45600000 120.71064969
0.45700000 115.21813297
0.45800000 109.92323168
0.45900000 104.81901976
0.46000000 99.89881964
0.46100000 95.15619298
0.46200000 90.58493174
0.46300000 86.17904965
0.46400000 81.93277393
0.46500000 77.84053740
0.46600000 73.89697089
0.46700000 70.09689589
0.46800000 66.43531754
0.46900000 62.90741788
0.47000000 59.50854932
0.47100000 56.23422842
0.47200000 53.08012988
0.47300000 50.04208072
0.47400000 47.11605476
0.47500000 44.29816727
0.47600000 41.58466979
0.47700000 38.97194523
0.47800000 36.45650306
0.47900000 34.03497475
0.48000000 31.70410938
0.48100000 29.46076936
0.48200000 27.30192636
0.48300000 25.22465742
0.48400000 23.22614109
0.48500000 21.30365385
0.48600000 19.45456659
0.48700000 17.67634123
0.48800000 15.96652747
0.48900000 14.32275967
0.49000000 12.74275382
0.49100000 11.22430467
0.49200000 9.76528292
0.49300000 8.36363251
0.49400000 7.01736808
0.49500000 5.72457241
0.49600000 4.48339408
0.49700000 3.29204510
0.49800000 2.14879872
0.49900000 1.05198725
0.50000000 -0.00000000
0.50100000 -5.42982665
0.50200000 -10.53639958
0.50300000 -15.33188851
0.50400000 -19.82812874
0.50500000 -24.03662783
0.50600000 -27.96857229
0.50700000 -31.63483412
0.50800000 -35.04597724
0.50900000 -38.21226392
0.51000000 -41.14366101
0.51100000 -43.84984617
0.51200000 -46.34021399
0.51300000 -48.62388195
0.51400000 -50.70969643
0.51500000 -52.60623853
0.51600000 -54.32182983
0.51700000 -55.86453808
0.51800000 -57.24218281
0.51900000 -58.46234080
0.52000000 -59.53235160
0.52100000 -60.45932279
0.52200000 -61.25013531
0.52300000 -61.91144862
0.52400000 -62.44970582
0.52500000 -62.87113870
0.52600000 -63.18177265
0.52700000 -63.38743159
0.52800000 -63.49374270
0.52900000 -63.50614121
0.53000000 -63.42987499
0.53100000 -63.27000916
0.53200000 -63.03143055
0.53300000 -62.71885213
0.53400000 -62.33681737
0.53500000 -61.88970450
0.53600000 -61.38173072
0.53700000 -60.81695632
0.53800000 -60.19928872
0.53900000 -59.53248651
0.54000000 -58.82016330
0.54100000 -58.06579163
0.54200000 -57.27270671
0.54300000 -56.44411013
0.54400000 -55.58307353
0.54500000 -54.69254216
0.54600000 -53.77533839
0.54700000 -52.83416515
0.54800000 -51.87160933
0.54900000 -50.89014506
0.55000000 -49.89213701
0.55100000 -48.87984354
0.55200000 -47.85541983
0.55300000 -46.82092096
0.55400000 -45.77830492
0.55500000 -44.72943550
0.55600000 -43.67608525
0.55700000 -42.61993823
0.55800000 -41.56259283
0.55900000 -40.50556444
0.56000000 -39.45028811
0.56100000 -38.39812113
0.56200000 -37.35034560
0.56300000 -36.30817088
0.56400000 -35.27273600
0.56500000 -34.24511206
0.56600000 -33.22630454
0.56700000 -32.21725556
0.56800000 -31.21884606
0.56900000 -30.23189803
0.57000000 -29.25717653
0.57100000 -28.29539180
0.57200000 -27.34720127
0.57300000 -26.41321148
0.57400000 -25.49398002
0.57500000 -24.59001735
0.57600000 -23.70178866
0.57700000 -22.82971562
0.57800000 -21.97417806
0.57900000 -21.13551569
0.58000000 -20.31402970
0.58100000 -19.50998435
0.58200000 -18.72360852
0.58300000 -17.95509718
0.58400000 -17.20461285
0.58500000 -16.47228705
0.58600000 -15.75822159
0.58700000 -15.06248997
0.58800000 -14.38513863
0.58900000 -13.72618822
0.59000000 -13.08563478
0.59100000 -12.46345094
0.59200000 -11.85958704
0.59300000 -11.27397223
0.59400000 -10.70651550
0.59500000 -10.15710677
0.59600000 -9.62561782
0.59700000 -9.11190324
0.59800000 -8.61580139
0.59900000 -8.13713528
0.60000000 -7.67571339
0.60100000 -7.23133050
0.60200000 -6.80376851
0.60300000 -6.39279718
0.60400000 -5.99817485
0.60500000 -5.61964912
0.60600000 -5.25695759
0.60700000 -4.90982842
0.60800000 -4.57798099
0.60900000 -4.26112647
0.61000000 -3.95896840
0.61100000 -3.67120317
0.61200000 -3.39752059
0.61300000 -3.13760435
0.61400000 -2.89113246
0.61500000 -2.65777771
0.61600000 -2.43720807
0.61700000 -2.22908708
0.61800000 -2.03307422
0.61900000 -1.84882527
0.62000000 -1.67599263
0.62100000 -1.51422561
0.62200000 -1.36317072
0.62300000 -1.22247199
0.62400000 -1.09177114
0.62500000 -0.97070789
0.62600000 -0.85892013
0.62700000 -0.75604413
0.62800000 -0.66171473
0.62900000 -0.57556554
0.63000000 -0.49722903
0.63100000 -0.42633674
0.63200000 -0.36251937
0.63300000 -0.30540692
0.63400000 -0.25462878
0.63500000 -0.20981383
0.63600000 -0.17059053
0.63700000 -0.13658699
0.63800000 -0.10743102
0.63900000 -0.08275024
0.64000000 -0.06217205
0.64100000 -0.04532373
0.64200000 -0.03183246
0.64300000 -0.02132533
0.64400000 -0.01342939
0.64500000 -0.00777165
0.64600000 -0.00397909
0.64700000 -0.00167868
0.64800000 -0.00049739
0.64900000 -0.00006217
0.65000000 0.00000000
0.65100000 0.04816664
0.65200000 0.09633356
0.65300000 0.14450219
0.65400000 0.19267624
0.65500000 0.24086281
0.65600000 0.28907351
0.65700000 0.33732560
0.65800000 0.38564300
0.65900000 0.43405738
0.66000000 0.48260917
0.66100000 0.53134854
0.66200000 0.58033635
0.66300000 0.62964504
0.66400000 0.67935948
0.66500000 0.72957775
0.66600000 0.78041187
0.66700000 0.83198843
0.66800000 0.88444917
0.66900000 0.93795144
0.67000000 0.99266854
0.67100000 1.04878997
0.67200000 1.10652149
0.67300000 1.16608505
0.67400000 1.22771854
0.67500000 1.29167526
0.67600000 1.35822322
0.67700000 1.42764411
0.67800000 1.50023195
0.67900000 1.57629140
0.68000000 1.65613562
0.68100000 1.74008373
0.68200000 1.82845769
0.68300000 1.92157869
0.68400000 2.01976289
0.68500000 2.12331651
0.68600000 2.23253024
0.68700000 2.34767289
0.68800000 2.46898438
0.68900000 2.59666787
0.69000000 2.73088129
0.69100000 2.87172812
0.69200000 3.01924766
0.69300000 3.17340481
0.69400000 3.33407962
0.69500000 3.50105680
0.69600000 3.67401547
0.69700000 3.85251951
0.69800000 4.03600889
0.69900000 4.22379244
0.70000000 4.41504252
0.70100000 4.60879216
0.70200000 4.80393504
0.70300000 4.99922898
0.70400000 5.19330323
0.70500000 5.38466998
0.70600000 5.57174023
0.70700000 5.75284422
0.70800000 5.92625610
0.70900000 6.09022268
0.71000000 6.24299555
0.71100000 6.38286584
0.71200000 6.50820049
0.71300000 6.61747910
0.71400000 6.70932968
0.71500000 6.78256225
0.71600000 6.83619872
0.71700000 6.86949790
0.71800000 6.88197455
0.71900000 6.87341158
0.72000000 6.84386493
0.72100000 6.79366097
0.72200000 6.72338650
0.72300000 6.63387194
0.72400000 6.52616852
0.72500000 6.40152037
0.72600000 6.26133301
0.72700000 6.10713920
0.72800000 5.94056388
0.72900000 5.76328907
0.73000000 5.57702016
0.73100000 5.38345451
0.73200000 5.18425305
0.73300000 4.98101551
0.73400000 4.77525973
0.73500000 4.56840495
0.73600000 4.36175933
0.73700000 4.15651133
0.73800000 3.95372475
0.73900000 3.75433696
0.74000000 3.55916006
0.74100000 3.36888423
0.74200000 3.18408316
0.74300000 3.00522078
0.74400000 2.83265917
0.74500000 2.66666706
0.74600000 2.50742878
0.74700000 2.35505321
0.74800000 2.20958273
0.74900000 2.07100174
0.75000000 1.93924488
0.75100000 1.81420466
0.75200000 1.69573847
0.75300000 1.58367510
0.75400000 1.47782046
0.75500000 1.37796285
0.75600000 1.28387748
0.75700000 1.19533050
0.75800000 1.11208248
0.75900000 1.03389138
0.76000000 0.96051502
0.76100000 0.89171324
0.76200000 0.82724960
0.76300000 0.76689283
0.76400000 0.71041786
0.76500000 0.65760680
0.76600000 0.60824952
0.76700000 0.56214411
0.76800000 0.51909723
0.76900000 0.47892424
0.77000000 0.44144929
0.77100000 0.40650526
0.77200000 0.37393367
0.77300000 0.34358449
0.77400000 0.31531595
0.77500000 0.28899427
0.77600000 0.26449337
0.77700000 0.24169458
0.77800000 0.22048633
0.77900000 0.20076382
0.78000000 0.18242870
0.78100000 0.16538873
0.78200000 0.14955749
0.78300000 0.13485403
0.78400000 0.12120262
0.78500000 0.10853239
0.78600000 0.09677708
0.78700000 0.08587477
0.78800000 0.07576759
0.78900000 0.06640150
0.79000000 0.05772606
0.79100000 0.04969414
0.79200000 0.04226180
0.79300000 0.03538802
0.79400000 0.02903452
0.79500000 0.02316560
0.79600000 0.01774798
0.79700000 0.01275060
0.79800000 0.00814450
0.79900000 0.00390269
0.80000000 0.00000000
0.80100000 -0.00358705
0.80200000 -0.00688034
0.80300000 -0.00990027
0.80400000 -0.01266585
0.80500000 -0.01519481
0.80600000 -0.01750368
0.80700000 -0.01960788
0.80800000 -0.02152176
0.80900000 -0.02325871
0.81000000 -0.02483121
0.81100000 -0.02625092
0.81200000 -0.02752866
0.81300000 -0.02867457
0.81400000 -0.02969807
0.81500000 -0.03060795
0.81600000 -0.03141241
0.81700000 -0.03211909
0.81800000 -0.03273511
0.81900000 -0.03326713
0.82000000 -0.03372132
0.82100000 -0.03410347
0.82200000 -0.03441896
0.82300000 -0.03467280
0.82400000 -0.03486968
0.82500000 -0.03501394
0.82600000 -0.03510967
0.82700000 -0.03516065
0.82800000 -0.03517040
0.82900000 -0.03514222
0.83000000 -0.03507918
0.83100000 -0.03498413
0.83200000 -0.03485973
0.83300000 -0.03470848
0.83400000 -0.03453266
0.83500000 -0.03433445
0.83600000 -0.03411583
0.83700000 -0.03387868
0.83800000 -0.03362472
0.83900000 -0.03335558
0.84000000 -0.03307276
0.84100000 -0.03277765
0.84200000 -0.03247156
0.84300000 -0.03215568
0.84400000 -0.03183115
0.84500000 -0.03149900
0.84600000 -0.03116020
0.84700000 -0.03081565
0.84800000 -0.03046618
0.84900000 -0.03011257
0.85000000 -0.02975552
0.85100000 -0.02939571
0.85200000 -0.02903373
0.85300000 -0.02867016
0.85400000 -0.02830553
0.85500000 -0.02794031
0.85600000 -0.02757495
0.85700000 -0.02720986
0.85800000 -0.02684542
0.85900000 -0.02648197
0.86000000 -0.02611983
0.86100000 -0.02575930
0.86200000 -0.02540064
0.86300000 -0.02504410
0.86400000 -0.02468989
0.86500000 -0.02433822
0.86600000 -0.02398927
0.86700000 -0.02364322
0.86800000 -0.02330020
0.86900000 -0.02296035
0.87000000 -0.02262380
0.87100000 -0.02229065
0.87200000 -0.02196099
0.87300000 -0.02163491
0.87400000 -0.02131248
0.87500000 -0.02099377
0.87600000 -0.02067882
0.87700000 -0.02036769
0.87800000 -0.02006041
0.87900000 -0.01975702
0.88000000 -0.01945753
0.88100000 -0.01916197
0.88200000 -0.01887034
0.88300000 -0.01858265
0.88400000 -0.01829891
0.88500000 -0.01801911
0.88600000 -0.01774324
0.88700000 -0.01747130
0.88800000 -0.01720326
0.88900000 -0.01693911
0.89000000 -0.01667884
0.89100000 -0.01642241
0.89200000 -0.01616980
0.89300000 -0.01592098
0.89400000 -0.01567593
0.89500000 -0.01543460
0.89600000 -0.01519697
0.89700000 -0.01496301
0.89800000 -0.01473267
0.89900000 -0.01450591
0.90000000 -0.01428270
0.90100000 -0.01406300
0.90200000 -0.01384677
0.90300000 -0.01363397
0.90400000 -0.01342455
0.90500000 -0.01321847
0.90600000 -0.01301570
0.90700000 -0.01281618
0.90800000 -0.01261987
0.90900000 -0.01242673
0.91000000 -0.01223672
0.91100000 -0.01204979
0.91200000 -0.01186590
0.91300000 -0.01168500
0.91400000 -0.01150705
0.91500000 -0.01133201
0.91600000 -0.01115984
0.91700000 -0.01099048
0.91800000 -0.01082390
0.91900000 -0.01066006
0.92000000 -0.01049891
0.92100000 -0.01034041
0.92200000 -0.01018452
0.92300000 -0.01003120
0.92400000 -0.00988041
0.92500000 -0.00973210
0.92600000 -0.00958623
0.92700000 -0.00944278
0.92800000 -0.00930168
0.92900000 -0.00916292
0.93000000 -0.00902645
0.93100000 -0.00889223
0.93200000 -0.00876022
0.93300000 -0.00863039
0.93400000 -0.00850270
0.93500000 -0.00837711
0.93600000 -0.00825360
0.93700000 -0.00813211
0.93800000 -0.00801263
0.93900000 -0.00789512
0.94000000 -0.00777953
0.94100000 -0.00766585
0.94200000 -0.00755403
0.94300000 -0.00744405
0.94400000 -0.00733587
0.94500000 -0.00722946
0.94600000 -0.00712480
0.94700000 -0.00702184
0.94800000 -0.00692057
0.94900000 -0.00682095
0.95000000 -0.00672296
0.95100000 -0.00662656
0.95200000 -0.00653173
0.95300000 -0.00643844
0.95400000 -0.00634666
0.95500000 -0.00625638
0.95600000 -0.00616755
0.95700000 -0.00608017
0.95800000 -0.00599419
0.95900000 -0.00590960
0.96000000 -0.00582637
0.96100000 -0.00574449
0.96200000 -0.00566392
0.96300000 -0.00558464
0.96400000 -0.00550663
0.96500000 -0.00542987
0.96600000 -0.00535434
0.96700000 -0.00528001
0.96800000 -0.00520686
0.96900000 -0.00513488
0.97000000 -0.00506405
0.97100000 -0.00499433
0.97200000 -0.00492572
0.97300000 -0.00485820
0.97400000 -0.00479174
0.97500000 -0.00472633
0.97600000 -0.00466195
0.97700000 -0.00459858
0.97800000 -0.00453620
0.97900000 -0.00447480
0.98000000 -0.00441436
0.98100000 -0.00435486
0.98200000 -0.00429629
0.98300000 -0.00423863
0.98400000 -0.00418187
0.98500000 -0.00412598
0.98600000 -0.00407096
0.98700000 -0.00401679
0.98800000 -0.00396346
0.98900000 -0.00391094
0.99000000 -0.00385924
0.99100000 -0.00380832
0.99200000 -0.00375819
0.99300000 -0.00370882
0.99400000 -0.00366021
0.99500000 -0.00361233
0.99600000 -0.00356519
0.99700000 -0.00351876
0.99800000 -0.00347303
0.99900000 -0.00342799
1.00000000 -0.00338363
1.00100000 -0.00333995
1.00200000 -0.00329691
1.00300000 -0.00325453
1.00400000 -0.00321278
1.00500000 -0.00317165
1.00600000 -0.00313114
1.00700000 -0.00309123
1.00800000 -0.00305191
1.00900000 -0.00301318
1.01000000 -0.00297502
1.01100000 -0.00293742
1.01200000 -0.00290038
1.01300000 -0.00286389
1.01400000 -0.00282793
1.01500000 -0.00279250
1.01600000 -0.00275759
1.01700000 -0.00272319
1.01800000 -0.00268929
1.01900000 -0.00265588
1.02000000 -0.00262296
1.02100000 -0.00259052
1.02200000 -0.00255855
1.02300000 -0.00252704
1.02400000 -0.00249598
1.02500000 -0.00246537
1.02600000 -0.00243520
1.02700000 -0.00240546
1.02800000 -0.00237615
1.02900000 -0.00234726
1.03000000 -0.00231878
1.03100000 -0.00229070
1.03200000 -0.00226303
1.03300000 -0.00223574
1.03400000 -0.00220885
1.03500000 -0.00218233
1.03600000 -0.00215618
1.03700000 -0.00213041
1.03800000 -0.00210499
1.03900000 -0.00207993
1.04000000 -0.00205522
1.04100000 -0.00203086
1.04200000 -0.00200684
1.04300000 -0.00198315
1.04400000 -0.00195978
1.04500000 -0.00193675
1.04600000 -0.00191403
1.04700000 -0.00189162
1.04800000 -0.00186952
1.04900000 -0.00184773
1.05000000 -0.00182623
1.05100000 -0.00180503
1.05200000 -0.00178412
1.05300000 -0.00176350
1.05400000 -0.00174315
1.05500000 -0.00172308
1.05600000 -0.00170329
1.05700000 -0.00168376
1.05800000 -0.00166449
1.05900000 -0.00164549
1.06000000 -0.00162674
1.06100000 -0.00160824
1.06200000 -0.00158999
1.06300000 -0.00157198
1.06400000 -0.00155422
1.06500000 -0.00153669
1.06600000 -0.00151939
1.06700000 -0.00150233
1.06800000 -0.00148549
1.06900000 -0.00146887
1.07000000 -0.00145247
1.07100000 -0.00143629
1.07200000 -0.00142032
1.07300000 -0.00140456
1.07400000 -0.00138901
1.07500000 -0.00137366
1.07600000 -0.00135851
1.07700000 -0.00134356
1.07800000 -0.00132880
1.07900000 -0.00131423
1.08000000 -0.00129985
1.08100000 -0.00128566
1.08200000 -0.00127165
1.08300000 -0.00125782
1.08400000 -0.00124417
1.08500000 -0.00123070
1.08600000 -0.00121739
1.08700000 -0.00120426
1.08800000 -0.00119129
1.08900000 -0.00117849
1.09000000 -0.00116585
1.09100000 -0.00115338
1.09200000 -0.00114106
1.09300000 -0.00112889
1.09400000 -0.00111688
1.09500000 -0.00110502
1.09600000 -0.00109331
1.09700000 -0.00108174
1.09800000 -0.00107032
1.09900000 -0.00105905
1.10000000 -0.00104791
1.10100000 -0.00103691
1.10200000 -0.00102605
1.10300000 -0.00101533
1.10400000 -0.00100473
1.10500000 -0.00099427
1.10600000 -0.00098393
1.10700000 -0.00097373
1.10800000 -0.00096365
1.10900000 -0.00095369
1.11000000 -0.00094385
1.11100000 -0.00093414
1.11200000 -0.00092454
1.11300000 -0.00091506
1.11400000 -0.00090569
1.11500000 -0.00089644
1.11600000 -0.00088730
1.11700000 -0.00087827
1.11800000 -0.00086935
1.11900000 -0.00086054
1.12000000 -0.00085183
1.12100000 -0.00084323
1.12200000 -0.00083473
1.12300000 -0.00082633
1.12400000 -0.00081803
1.12500000 -0.00080983
1.12600000 -0.00080173
1.12700000 -0.00079372
1.12800000 -0.00078581
1.12900000 -0.00077800
1.13000000 -0.00077027
1.13100000 -0.00076264
1.13200000 -0.00075509
1.13300000 -0.00074763
1.13400000 -0.00074027
1.13500000 -0.00073298
1.13600000 -0.00072579
1.13700000 -0.00071867
1.13800000 -0.00071164
1.13900000 -0.00070469
1.14000000 -0.00069782
1.14100000 -0.00069103
1.14200000 -0.00068432
1.14300000 -0.00067769
1.14400000 -0.00067113
1.14500000 -0.00066465
1.14600000 -0.00065824
1.14700000 -0.00065191
1.14800000 -0.00064564
1.14900000 -0.00063945
1.15000000 -0.00063333
1.15100000 -0.00062728
1.15200000 -0.00062130
1.15300000 -0.00061539
1.15400000 -0.00060954
1.15500000 -0.00060376
1.15600000 -0.00059804
1.15700000 -0.00059239
1.15800000 -0.00058680
1.15900000 -0.00058128
1.16000000 -0.00057581
1.16100000 -0.00057041
1.16200000 -0.00056507
1.16300000 -0.00055978
1.16400000 -0.00055456
1.16500000 -0.00054939
1.16600000 -0.00054428
1.16700000 -0.00053923
1.16800000 -0.00053423
1.16900000 -0.00052929
1.17000000 -0.00052440
1.17100000 -0.00051957
1.17200000 -0.00051478
1.17300000 -0.00051006
1.17400000 -0.00050538
1.17500000 -0.00050075
1.17600000 -0.00049618
1.17700000 -0.00049165
1.17800000 -0.00048717
1.17900000 -0.00048274
1.18000000 -0.00047836
1.18100000 -0.00047403
1.18200000 -0.00046974
1.18300000 -0.00046550
1.18400000 -0.00046131
1.18500000 -0.00045715
1.18600000 -0.00045305
1.18700000 -0.00044899
1.18800000 -0.00044497
1.18900000 -0.00044099
1.19000000 -0.00043706
1.19100000 -0.00043317
1.19200000 -0.00042932
1.19300000 -0.00042551
1.19400000 -0.00042174
1.19500000 -0.00041801
1.19600000 -0.00041431
1.19700000 -0.00041066
1.19800000 -0.00040705
1.19900000 -0.00040347
1.20000000 -0.00039993
1.20100000 -0.00039643
1.20200000 -0.00039297
1.20300000 -0.00038954
1.20400000 -0.00038614
1.20500000 -0.00038279
1.20600000 -0.00037946
1.20700000 -0.00037617
1.20800000 -0.00037292
1.20900000 -0.00036970
1.21000000 -0.00036651
1.21100000 -0.00036335
1.21200000 -0.00036023
1.21300000 -0.00035714
1.21400000 -0.00035408
1.21500000 -0.00035105
1.21600000 -0.00034805
1.21700000 -0.00034508
1.21800000 -0.00034214
1.21900000 -0.00033924
1.22000000 -0.00033636
1.22100000 -0.00033351
1.22200000 -0.00033069
1.22300000 -0.00032790
1.22400000 -0.00032513
1.22500000 -0.00032240
1.22600000 -0.00031969
1.22700000 -0.00031701
1.22800000 -0.00031435
1.22900000 -0.00031172
1.23000000 -0.00030912
1.23100000 -0.00030655
1.23200000 -0.00030399
1.23300000 -0.00030147
1.23400000 -0.00029897
1.23500000 -0.00029649
1.23600000 -0.00029404
1.23700000 -0.00029161
1.23800000 -0.00028921
1.23900000 -0.00028683
1.24000000 -0.00028447
1.24100000 -0.00028214
1.24200000 -0.00027983
1.24300000 -0.00027754
1.24400000 -0.00027528
1.24500000 -0.00027303
1.24600000 -0.00027081
1.24700000 -0.00026861
1.24800000 -0.00026643
1.24900000 -0.00026427
1.25000000 -0.00026214
1.25100000 -0.00026002
1.25200000 -0.00025792
1.25300000 -0.00025585
1.25400000 -0.00025379
1.25500000 -0.00025176
1.25600000 -0.00024974
1.25700000 -0.00024774
1.25800000 -0.00024576
1.25900000 -0.00024380
1.26000000 -0.00024186
1.26100000 -0.00023994
1.26200000 -0.00023803
1.26300000 -0.00023615
1.26400000 -0.00023428
1.26500000 -0.00023243
1.26600000 -0.00023059
1.26700000 -0.00022878
1.26800000 -0.00022698
1.26900000 -0.00022520
1.27000000 -0.00022343
1.27100000 -0.00022168
1.27200000 -0.00021995
1.27300000 -0.00021823
1.27400000 -0.00021653
1.27500000 -0.00021485
1.27600000 -0.00021318
1.27700000 -0.00021152
1.27800000 -0.00020988
1.27900000 -0.00020826
1.28000000 -0.00020665
1.28100000 -0.00020506
1.28200000 -0.00020348
1.28300000 -0.00020191
1.28400000 -0.00020036
1.28500000 -0.00019883
1.28600000 -0.00019731
1.28700000 -0.00019580
1.28800000 -0.00019430
1.28900000 -0.00019282
1.29000000 -0.00019136
1.29100000 -0.00018990
1.29200000 -0.00018846
1.29300000 -0.00018703
1.29400000 -0.00018562
1.29500000 -0.00018422
1.29600000 -0.00018283
1.29700000 -0.00018145
1.29800000 -0.00018009
1.29900000 -0.00017873
1.30000000 -0.00017739
1.30100000 -0.00017607
1.30200000 -0.00017475
1.30300000 -0.00017344
1.30400000 -0.00017215
1.30500000 -0.00017087
1.30600000 -0.00016960
1.30700000 -0.00016834
1.30800000 -0.00016709
1.30900000 -0.00016586
1.31000000 -0.00016463
1.31100000 -0.00016342
1.31200000 -0.00016221
1.31300000 -0.00016102
1.31400000 -0.00015983
1.31500000 -0.00015866
1.31600000 -0.00015750
1.31700000 -0.00015635
1.31800000 -0.00015521
1.31900000 -0.00015407
1.32000000 -0.00015295
1.32100000 -0.00015184
1.32200000 -0.00015073
1.32300000 -0.00014964
1.32400000 -0.00014856
1.32500000 -0.00014748
1.32600000 -0.00014642
1.32700000 -0.00014536
1.32800000 -0.00014431
1.32900000 -0.00014328
1.33000000 -0.00014225
1.33100000 -0.00014123
1.33200000 -0.00014021
1.33300000 -0.00013921
1.33400000 -0.00013822
1.33500000 -0.00013723
1.33600000 -0.00013625
1.33700000 -0.00013528
1.33800000 -0.00013432
1.33900000 -0.00013337
1.34000000 -0.00013243
1.34100000 -0.00013149
1.34200000 -0.00013056
1.34300000 -0.00012964
1.34400000 -0.00012873
1.34500000 -0.00012782
1.34600000 -0.00012692
1.34700000 -0.00012603
1.34800000 -0.00012515
1.34900000 -0.00012427
1.35000000 -0.00012340
1.35100000 -0.00012254
1.35200000 -0.00012169
1.35300000 -0.00012084
1.35400000 -0.00012000
1.35500000 -0.00011917
1.35600000 -0.00011834
1.35700000 -0.00011753
1.35800000 -0.00011671
1.35900000 -0.00011591
1.36000000 -0.00011511
1.36100000 -0.00011432
1.36200000 -0.00011353
1.36300000 -0.00011275
1.36400000 -0.00011198
1.36500000 -0.00011121
1.36600000 -0.00011045
1.36700000 -0.00010970
1.36800000 -0.00010895
1.36900000 -0.00010821
1.37000000 -0.00010747
1.37100000 -0.00010674
1.37200000 -0.00010602
1.37300000 -0.00010530
1.37400000 -0.00010459
1.37500000 -0.00010388
1.37600000 -0.00010318
1.37700000 -0.00010248
1.37800000 -0.00010179
1.37900000 -0.00010111
1.38000000 -0.00010043
1.38100000 -0.00009976
1.38200000 -0.00009909
1.38300000 -0.00009843
1.38400000 -0.00009777
1.38500000 -0.00009712
1.38600000 -0.00009647
1.38700000 -0.00009583
1.38800000 -0.00009519
1.38900000 -0.00009456
1.39000000 -0.00009394
1.39100000 -0.00009332
1.39200000 -0.00009270
1.39300000 -0.00009209
1.39400000 -0.00009148
1.39500000 -0.00009088
1.39600000 -0.00009028
1.39700000 -0.00008969
1.39800000 -0.00008910
1.39900000 -0.00008852
1.40000000 -0.00008794
1.40100000 -0.00008736
1.40200000 -0.00008679
1.40300000 -0.00008623
1.40400000 -0.00008567
1.40500000 -0.00008511
1.40600000 -0.00008456
1.40700000 -0.00008401
1.40800000 -0.00008347
1.40900000 -0.00008293
1.41000000 -0.00008239
1.41100000 -0.00008186
1.41200000 -0.00008133
1.41300000 -0.00008081
1.41400000 -0.00008029
1.41500000 -0.00007978
1.41600000 -0.00007926
1.41700000 -0.00007876
1.41800000 -0.00007825
1.41900000 -0.00007775
1.42000000 -0.00007726
1.42100000 -0.00007677
1.42200000 -0.00007628
1.42300000 -0.00007579
1.42400000 -0.00007531
1.42500000 -0.00007484
1.42600000 -0.00007436
1.42700000 -0.00007389
1.42800000 -0.00007343
1.42900000 -0.00007296
1.43000000 -0.00007250
1.43100000 -0.00007205
1.43200000 -0.00007159
1.43300000 -0.00007115
1.43400000 -0.00007070
1.43500000 -0.00007026
1.43600000 -0.00006982
1.43700000 -0.00006938
1.43800000 -0.00006895
1.43900000 -0.00006852
1.44000000 -0.00006809
1.44100000 -0.00006767
1.44200000 -0.00006725
1.44300000 -0.00006683
1.44400000 -0.00006642
1.44500000 -0.00006601
1.44600000 -0.00006560
1.44700000 -0.00006520
1.44800000 -0.00006480
1.44900000 -0.00006440
1.45000000 -0.00006400
1.45100000 -0.00006361
1.45200000 -0.00006322
1.45300000 -0.00006283
1.45400000 -0.00006245
1.45500000 -0.00006207
1.45600000 -0.00006169
1.45700000 -0.00006131
1.45800000 -0.00006094
1.45900000 -0.00006057
1.46000000 -0.00006020
1.46100000 -0.00005984
1.46200000 -0.00005947
1.46300000 -0.00005911
1.46400000 -0.00005876
1.46500000 -0.00005840
1.46600000 -0.00005805
1.46700000 -0.00005770
1.46800000 -0.00005735
1.46900000 -0.00005701
1.47000000 -0.00005667
1.47100000 -0.00005633
1.47200000 -0.00005599
1.47300000 -0.00005566
1.47400000 -0.00005532
1.47500000 -0.00005499
1.47600000 -0.00005467
1.47700000 -0.00005434
1.47800000 -0.00005402
1.47900000 -0.00005370
1.48000000 -0.00005338
1.48100000 -0.00005306
1.48200000 -0.00005275
1.48300000 -0.00005244
1.48400000 -0.00005213
1.48500000 -0.00005182
1.48600000 -0.00005151
1.48700000 -0.00005121
1.48800000 -0.00005091
1.48900000 -0.00005061
1.49000000 -0.00005032
1.49100000 -0.00005002
1.49200000 -0.00004973
1.49300000 -0.00004944
1.49400000 -0.00004915
1.49500000 -0.00004886
1.49600000 -0.00004858
1.49700000 -0.00004830
1.49800000 -0.00004802
1.49900000 -0.00004774
1.50000000 -0.00004746
1.50100000 -0.00004719
1.50200000 -0.00004691
1.50300000 -0.00004664
1.50400000 -0.00004637
1.50500000 -0.00004611
1.50600000 -0.00004584
1.50700000 -0.00004558
1.50800000 -0.00004532
1.50900000 -0.00004506
1.51000000 -0.00004480
1.51100000 -0.00004454
1.51200000 -0.00004429
1.51300000 -0.00004403
1.51400000 -0.00004378
1.51500000 -0.00004353
1.51600000 -0.00004329
1.51700000 -0.00004304
1.51800000 -0.00004280
1.51900000 -0.00004255
1.52000000 -0.00004231
1.52100000 -0.00004207
1.52200000 -0.00004183
1.52300000 -0.00004160
1.52400000 -0.00004136
1.52500000 -0.00004113
1.52600000 -0.00004090
1.52700000 -0.00004067
1.52800000 -0.00004044
1.52900000 -0.00004021
1.53000000 -0.00003999
1.53100000 -0.00003977
1.53200000 -0.00003954
1.53300000 -0.00003932
1.53400000 -0.00003910
1.53500000 -0.00003889
1.53600000 -0.00003867
1.53700000 -0.00003845
1.53800000 -0.00003824
1.53900000 -0.00003803
1.54000000 -0.00003782
1.54100000 -0.00003761
1.54200000 -0.00003740
1.54300000 -0.00003719
1.54400000 -0.00003699
1.54500000 -0.00003678
1.54600000 -0.00003658
1.54700000 -0.00003638
1.54800000 -0.00003618
1.54900000 -0.00003598
1.55000000 -0.00003579
1.55100000 -0.00003559
1.55200000 -0.00003540
1.55300000 -0.00003520
1.55400000 -0.00003501
1.55500000 -0.00003482
1.55600000 -0.00003463
1.55700000 -0.00003444
1.55800000 -0.00003425
1.55900000 -0.00003407
1.56000000 -0.00003388
1.56100000 -0.00003370
1.56200000 -0.00003352
1.56300000 -0.00003334
1.56400000 -0.00003316
1.56500000 -0.00003298
1.56600000 -0.00003280
1.56700000 -0.00003262
1.56800000 -0.00003245
1.56900000 -0.00003227
1.57000000 -0.00003210
1.57100000 -0.00003193
1.57200000 -0.00003176
1.57300000 -0.00003159
1.57400000 -0.00003142
1.57500000 -0.00003125
1.57600000 -0.00003108
1.57700000 -0.00003092
1.57800000 -0.00003075
1.57900000 -0.00003059
1.58000000 -0.00003043
1.58100000 -0.00003027
1.58200000 -0.00003011
1.58300000 -0.00002995
1.58400000 -0.00002979
1.58500000 -0.00002963
1.58600000 -0.00002948
1.58700000 -0.00002932
1.58800000 -0.00002917
1.58900000 -0.00002901
1.59000000 -0.00002886
1.59100000 -0.00002871
1.59200000 -0.00002856
1.59300000 -0.00002841
1.59400000 -0.00002826
1.59500000 -0.00002811
1.59600000 -0.00002797
1.59700000 -0.00002782
1.59800000 -0.00002768
1.59900000 -0.00002753
1.60000000 -0.00002739
1.60100000 -0.00002725
1.60200000 -0.00002710
1.60300000 -0.00002696
1.60400000 -0.00002682
1.60500000 -0.00002669
1.60600000 -0.00002655
1.60700000 -0.00002641
1.60800000 -0.00002627
1.60900000 -0.00002614
1.61000000 -0.00002600
1.61100000 -0.00002587
1.61200000 -0.00002574
1.61300000 -0.00002561
1.61400000 -0.00002547
1.61500000 -0.00002534
1.61600000 -0.00002521
1.61700000 -0.00002509
1.61800000 -0.00002496
1.61900000 -0.00002483
1.62000000 -0.00002470
1.62100000 -0.00002458
1.62200000 -0.00002445
1.62300000 -0.00002433
1.62400000 -0.00002421
1.62500000 -0.00002408
1.62600000 -0.00002396
1.62700000 -0.00002384
1.62800000 -0.00002372
1.62900000 -0.00002360
1.63000000 -0.00002348
1.63100000 -0.00002336
1.63200000 -0.00002324
1.63300000 -0.00002313
1.63400000 -0.00002301
1.63500000 -0.00002290
1.63600000 -0.00002278
1.63700000 -0.00002267
1.63800000 -0.00002255
1.63900000 -0.00002244
1.64000000 -0.00002233
1.64100000 -0.00002222
1.64200000 -0.00002211
1.64300000 -0.00002200
1.64400000 -0.00002189
1.64500000 -0.00002178
1.64600000 -0.00002167
1.64700000 -0.00002156
1.64800000 -0.00002146
1.64900000 -0.00002135
1.65000000 -0.00002124
1.65100000 -0.00002114
1.65200000 -0.00002104
1.65300000 -0.00002093
1.65400000 -0.00002083
1.65500000 -0.00002073
1.65600000 -0.00002062
1.65700000 -0.00002052
1.65800000 -0.00002042
1.65900000 -0.00002032
1.66000000 -0.00002022
1.66100000 -0.00002012
1.66200000 -0.00002003
1.66300000 -0.00001993
1.66400000 -0.00001983
1.66500000 -0.00001973
1.66600000 -0.00001964
1.66700000 -0.00001954
1.66800000 -0.00001945
1.66900000 -0.00001935
1.67000000 -0.00001926
1.67100000 -0.00001917
1.67200000 -0.00001907
1.67300000 -0.00001898
1.67400000 -0.00001889
1.67500000 -0.00001880
1.67600000 -0.00001871
1.67700000 -0.00001862
1.67800000 -0.00001853
1.67900000 -0.00001844
1.68000000 -0.00001835
1.68100000 -0.00001826
1.68200000 -0.00001817
1.68300000 -0.00001809
1.68400000 -0.00001800
1.68500000 -0.00001791
1.68600000 -0.00001783
1.68700000 -0.00001774
1.68800000 -0.00001766
1.68900000 -0.00001758
1.69000000 -0.00001749
1.69100000 -0.00001741
1.69200000 -0.00001733
1.69300000 -0.00001724
1.69400000 -0.00001716
1.69500000 -0.00001708
1.69600000 -0.00001700
1.69700000 -0.00001692
1.69800000 -0.00001684
1.69900000 -0.00001676
1.70000000 -0.00001668
1.70100000 -0.00001660
1.70200000 -0.00001652
1.70300000 -0.00001645
1.70400000 -0.00001637
1.70500000 -0.00001629
1.70600000 -0.00001622
1.70700000 -0.00001614
1.70800000 -0.00001606
1.70900000 -0.00001599
1.71000000 -0.00001591
1.71100000 -0.00001584
1.71200000 -0.00001577
1.71300000 -0.00001569
1.71400000 -0.00001562
1.71500000 -0.00001555
1.71600000 -0.00001548
1.71700000 -0.00001540
1.71800000 -0.00001533
1.71900000 -0.00001526
1.72000000 -0.00001519
1.72100000 -0.00001512
1.72200000 -0.00001505
1.72300000 -0.00001498
1.72400000 -0.00001491
1.72500000 -0.00001484
1.72600000 -0.00001478
1.72700000 -0.00001471
1.72800000 -0.00001464
1.72900000 -0.00001457
1.73000000 -0.00001451
1.73100000 -0.00001444
1.73200000 -0.00001437
1.73300000 -0.00001431
1.73400000 -0.00001424
1.73500000 -0.00001418
1.73600000 -0.00001411
1.73700000 -0.00001405
1.73800000 -0.00001398
1.73900000 -0.00001392
1.74000000 -0.00001386
1.74100000 -0.00001379
1.74200000 -0.00001373
1.74300000 -0.00001367
1.74400000 -0.00001361
1.74500000 -0.00001355
1.74600000 -0.00001348
1.74700000 -0.00001342
1.74800000 -0.00001336
1.74900000 -0.00001330
1.75000000 -0.00001324
1.75100000 -0.00001318
1.75200000 -0.00001312
1.75300000 -0.00001307
1.75400000 -0.00001301
1.75500000 -0.00001295
1.75600000 -0.00001289
1.75700000 -0.00001283
1.75800000 -0.00001278
1.75900000 -0.00001272
1.76000000 -0.00001266
1.76100000 -0.00001261
1.76200000 -0.00001255
1.76300000 -0.00001249
1.76400000 -0.00001244
1.76500000 -0.00001238
1.76600000 -0.00001233
1.76700000 -0.00001227
1.76800000 -0.00001222
1.76900000 -0.00001216
1.77000000 -0.00001211
1.77100000 -0.00001206
1.77200000 -0.00001200
1.77300000 -0.00001195
1.77400000 -0.00001190
1.77500000 -0.00001185
1.77600000 -0.00001179
1.77700000 -0.00001174
1.77800000 -0.00001169
1.77900000 -0.00001164
1.78000000 -0.00001159
1.78100000 -0.00001154
1.78200000 -0.00001149
1.78300000 -0.00001144
1.78400000 -0.00001139
1.78500000 -0.00001134
1.78600000 -0.00001129
1.78700000 -0.00001124
1.78800000 -0.00001119
1.78900000 -0.00001114
1.79000000 -0.00001109
1.79100000 -0.00001104
1.79200000 -0.00001100
1.79300000 -0.00001095
1.79400000 -0.00001090
1.79500000 -0.00001085
1.79600000 -0.00001081
1.79700000 -0.00001076
1.79800000 -0.00001071
1.79900000 -0.00001067
1.80000000 -0.00001062
1.80100000 -0.00001058
1.80200000 -0.00001053
1.80300000 -0.00001048
1.80400000 -0.00001044
1.80500000 -0.00001039
1.80600000 -0.00001035
1.80700000 -0.00001031
1.80800000 -0.00001026
1.80900000 -0.00001022
1.81000000 -0.00001017
1.81100000 -0.00001013
1.81200000 -0.00001009
1.81300000 -0.00001004
1.81400000 -0.00001000
1.81500000 -0.00000996
1.81600000 -0.00000992
1.81700000 -0.00000987
1.81800000 -0.00000983
1.81900000 -0.00000979
1.82000000 -0.00000975
1.82100000 -0.00000971
1.82200000 -0.00000967
1.82300000 -0.00000963
1.82400000 -0.00000959
1.82500000 -0.00000955
1.82600000 -0.00000950
1.82700000 -0.00000946
1.82800000 -0.00000942
1.82900000 -0.00000939
1.83000000 -0.00000935
1.83100000 -0.00000931
1.83200000 -0.00000927
1.83300000 -0.00000923
1.83400000 -0.00000919
1.83500000 -0.00000915
1.83600000 -0.00000911
1.83700000 -0.00000908
1.83800000 -0.00000904
1.83900000 -0.00000900
1.84000000 -0.00000896
1.84100000 -0.00000892
1.84200000 -0.00000889
1.84300000 -0.00000885
1.84400000 -0.00000881
1.84500000 -0.00000878
1.84600000 -0.00000874
1.84700000 -0.00000870
1.84800000 -0.00000867
1.84900000 -0.00000863
1.85000000 -0.00000860
1.85100000 -0.00000856
1.85200000 -0.00000853
1.85300000 -0.00000849
1.85400000 -0.00000846
1.85500000 -0.00000842
1.85600000 -0.00000839
1.85700000 -0.00000835
1.85800000 -0.00000832
1.85900000 -0.00000828
1.86000000 -0.00000825
1.86100000 -0.00000822
1.86200000 -0.00000818
1.86300000 -0.00000815
1.86400000 -0.00000812
1.86500000 -0.00000808
1.86600000 -0.00000805
1.86700000 -0.00000802
1.86800000 -0.00000798
1.86900000 -0.00000795
1.87000000 -0.00000792
1.87100000 -0.00000789
1.87200000 -0.00000786
1.87300000 -0.00000782
1.87400000 -0.00000779
1.87500000 -0.00000776
1.87600000 -0.00000773
1.87700000 -0.00000770
1.87800000 -0.00000767
1.87900000 -0.00000764
1.88000000 -0.00000760
1.88100000 -0.00000757
1.88200000 -0.00000754
1.88300000 -0.00000751
1.88400000 -0.00000748
1.88500000 -0.00000745
1.88600000 -0.00000742
1.88700000 -0.00000739
1.88800000 -0.00000736
1.88900000 -0.00000733
1.89000000 -0.00000730
1.89100000 -0.00000728
1.89200000 -0.00000725
1.89300000 -0.00000722
1.89400000 -0.00000719
1.89500000 -0.00000716
1.89600000 -0.00000713
1.89700000 -0.00000710
1.89800000 -0.00000707
1.89900000 -0.00000705
1.90000000 -0.00000702
1.90100000 -0.00000699
1.90200000 -0.00000696
1.90300000 -0.00000694
1.90400000 -0.00000691
1.90500000 -0.00000688
1.90600000 -0.00000685
1.90700000 -0.00000683
1.90800000 -0.00000680
1.90900000 -0.00000677
1.91000000 -0.00000675
1.91100000 -0.00000672
1.91200000 -0.00000669
1.91300000 -0.00000667
1.91400000 -0.00000664
1.91500000 -0.00000661
1.91600000 -0.00000659
1.91700000 -0.00000656
1.91800000 -0.00000654
1.91900000 -0.00000651
1.92000000 -0.00000649
1.92100000 -0.00000646
1.92200000 -0.00000644
1.92300000 -0.00000641
1.92400000 -0.00000639
1.92500000 -0.00000636
1.92600000 -0.00000634
1.92700000 -0.00000631
1.92800000 -0.00000629
1.92900000 -0.00000626
1.93000000 -0.00000624
1.93100000 -0.00000621
1.93200000 -0.00000619
1.93300000 -0.00000617
1.93400000 -0.00000614
1.93500000 -0.00000612
1.93600000 -0.00000609
1.93700000 -0.00000607
1.93800000 -0.00000605
1.93900000 -0.00000602
1.94000000 -0.00000600
1.94100000 -0.00000598
1.94200000 -0.00000596
1.94300000 -0.00000593
1.94400000 -0.00000591
1.94500000 -0.00000589
1.94600000 -0.00000586
1.94700000 -0.00000584
1.94800000 -0.00000582
1.94900000 -0.00000580
1.95000000 -0.00000578
1.95100000 -0.00000575
1.95200000 -0.00000573
1.95300000 -0.00000571
1.95400000 -0.00000569
1.95500000 -0.00000567
1.95600000 -0.00000564
1.95700000 -0.00000562
1.95800000 -0.00000560
1.95900000 -0.00000558
1.96000000 -0.00000556
1.96100000 -0.00000554
1.96200000 -0.00000552
1.96300000 -0.00000550
1.96400000 -0.00000548
1.96500000 -0.00000545
1.96600000 -0.00000543
1.96700000 -0.00000541
1.96800000 -0.00000539
1.96900000 -0.00000537
1.97000000 -0.00000535
1.97100000 -0.00000533
1.97200000 -0.00000531
1.97300000 -0.00000529
1.97400000 -0.00000527
1.97500000 -0.00000525
1.97600000 -0.00000523
1.97700000 -0.00000521
1.97800000 -0.00000519
1.97900000 -0.00000517
1.98000000 -0.00000516
1.98100000 -0.00000514
1.98200000 -0.00000512
1.98300000 -0.00000510
1.98400000 -0.00000508
1.98500000 -0.00000506
1.98600000 -0.00000504
1.98700000 -0.00000502
1.98800000 -0.00000500
1.98900000 -0.00000499
1.99000000 -0.00000497
1.99100000 -0.00000495
1.99200000 -0.00000493
1.99300000 -0.00000491
1.99400000 -0.00000489
1.99500000 -0.00000488
1.99600000 -0.00000486
1.99700000 -0.00000484
1.99800000 -0.00000482
1.99900000 -0.00000480
2.00000000 -0.00000479
