0.10000000 158285455540.15792847
0.10100000 139079222187.61685181
0.10200000 122359286479.68208313
0.10300000 107783989994.17463684
0.10400000 95061295014.45545959
0.10500000 83941196956.72329712
0.10600000 74209354224.06021118
0.10700000 65681731136.63163757
0.10800000 58200085375.01737976
0.10900000 51628160638.04817200
0.11000000 45848469192.56524658
0.11100000 40759568672.76184845
0.11200000 36273753670.65772247
0.11300000 32315095992.02689362
0.11400000 28817778455.53937912
0.11500000 25724676209.76477814
0.11600000 22986147076.24653625
0.11700000 20558998676.24066925
0.11800000 18405605291.38667679
0.11900000 16493151730.22227478
0.12000000 14792985074.91114235
0.12100000 13280058190.21297646
0.12200000 11932451391.66201210
0.12300000 10730960776.03705215
0.12400000 9658743483.58557510
0.12500000 8701011645.07734871
0.12600000 7844768014.67075920
0.12700000 7078577340.70983982
0.12800000 6392368413.19356346
0.12900000 5777262475.54371738
0.13000000 5225424321.69444466
0.13100000 4729932935.95655155
0.13200000 4284668988.01082325
0.13300000 3884216881.64427042
0.13400000 3523779384.23407745
0.13500000 3199103143.52406883
0.13600000 2906413636.48666048
0.13700000 2642358298.36456251
0.13800000 2403956753.67349100
0.13900000 2188557219.50786304
0.14000000 1993798278.70749402
0.14100000 1817575329.50559258
0.14200000 1658011111.88221645
0.14300000 1513429791.27280760
0.14400000 1382334149.45908999
0.14500000 1263385492.03653097
0.14600000 1155385933.19822001
0.14700000 1057262762.88034236
0.14800000 968054639.58409500
0.14900000 886899385.27873147
0.15000000 813023187.43016779
0.15100000 745731038.01217079
0.15200000 684398260.87499118
0.15300000 628462997.52478611
0.15400000 577419537.59635663
0.15500000 530812394.41600680
0.15600000 488231038.33754104
0.15700000 449305211.23923200
0.15800000 413700754.90478659
0.15900000 381115894.15947437
0.16000000 351277922.75079834
0.16100000 323940246.18694651
0.16200000 298879741.19278657
0.16300000 275894396.21345365
0.16400000 254801201.57707435
0.16500000 235434261.59655744
0.16600000 217643104.11123511
0.16700000 201291165.79932806
0.16800000 186254434.08108327
0.16900000 172420228.62287152
0.17000000 159686107.38180780
0.17100000 147958883.83100337
0.17200000 137153743.50562972
0.17300000 127193449.33418289
0.17400000 118007626.38916466
0.17500000 109532117.72560330
0.17600000 101708403.89077869
0.17700000 94483079.49855532
0.17800000 87807380.97936763
0.17900000 81636760.25313860
0.18000000 75930499.63686547
0.18100000 70651363.79971159
0.18200000 65765285.02361165
0.18300000 61241078.42313373
0.18400000 57050184.13036734
0.18500000 53166433.76395123
0.18600000 49565838.78044995
0.18700000 46226398.55503275
0.18800000 43127926.26024495
0.18900000 40251890.80962161
0.19000000 37581273.30965610
0.19100000 35100436.62156766
0.19200000 32795006.77550241
0.19300000 30651765.10610204
0.19400000 28658550.09142042
0.19500000 26804167.97840975
0.19600000 25078311.36892072
0.19700000 23471485.02150343
0.19800000 21974938.19726955
0.19900000 20580602.94357855
0.20000000 19281037.76813925
0.20100000 18069376.20898153
0.20200000 16939279.85328190
0.20300000 15884895.40078302
0.20400000 14900815.40602944
0.20500000 13982042.36829617
0.20600000 13123955.86931068
0.20700000 12322282.48701478
0.20800000 11573068.23899931
0.20900000 10872653.33215166
0.21000000 10217649.01573797
0.21100000 9604916.35382255
0.21200000 9031546.74980961
0.21300000 8494844.07115630
0.21400000 7992308.23611422
0.21500000 7521620.13685263
0.21600000 7080627.78463151
0.21700000 6667333.57294243
0.21800000 6279882.56382438
0.21900000 5916551.71098434
0.22000000 5575739.94099285
0.22100000 5255959.02075845
0.22200000 4955825.14578055
0.22300000 4674051.18939850
0.22400000 4409439.55845121
0.22500000 4160875.60548587
0.22600000 3927321.55195128
0.22700000 3707810.88072069
0.22800000 3501443.15984850
0.22900000 3307379.26270571
0.23000000 3124836.95259214
0.23100000 2953086.80261452
0.23200000 2791448.42407347
0.23300000 2639286.97884061
0.23400000 2496009.95324980
0.23500000 2361064.17289081
0.23600000 2233933.03939699
0.23700000 2114133.97187393
0.23800000 2001216.03703827
0.23900000 1894757.75343574
0.24000000 1794365.05629676
0.24100000 1699669.41067592
0.24200000 1610326.06151770
0.24300000 1526012.41020265
0.24400000 1446426.50796394
0.24500000 1371285.65732936
0.24600000 1300325.11344593
0.24700000 1233296.87778767
0.24800000 1169968.57733750
0.24900000 1110122.42287574
0.25000000 1053554.24050557
0.25100000 1000072.57100168
0.25200000 949497.83198874
0.25300000 901661.53834114
0.25400000 856405.57655020
0.25500000 813581.52913103
0.25600000 773050.04544060
0.25700000 734680.25555480
0.25800000 698349.22410609
0.25900000 663941.44121689
0.26000000 631348.34787967
0.26100000 600467.89333255
0.26200000 571204.12216265
0.26300000 543466.78903747
0.26400000 517170.99912059
0.26500000 492236.87237101
0.26600000 468589.23005799
0.26700000 446157.30194550
0.26800000 424874.45271306
0.26900000 404677.92628404
0.27000000 385508.60682882
0.27100000 367310.79529911
0.27200000 350032.00043199
0.27300000 333622.74323844
0.27400000 318036.37406132
0.27500000 303228.90135297
0.27600000 289158.83138289
0.27700000 275787.01814172
0.27800000 263076.52275925
0.27900000 250992.48180246
0.28000000 239501.98386346
0.28100000 228573.95388862
0.28200000 218179.04473824
0.28300000 208289.53550125
0.28400000 198879.23612252
0.28500000 189923.39793054
0.28600000 181398.62968153
0.28700000 173282.81876231
0.28800000 165555.05721841
0.28900000 158195.57229679
0.29000000 151185.66121321
0.29100000 144507.62987411
0.29200000 138144.73530074
0.29300000 132081.13152034
0.29400000 126301.81870470
0.29500000 120792.59535121
0.29600000 115540.01331483
0.29700000 110531.33551228
0.29800000 105754.49613143
0.29900000 101198.06318973
0.30000000 96851.20329591
0.30100000 92703.64847841
0.30200000 88745.66495328
0.30300000 84968.02371200
0.30400000 81361.97281788
0.30500000 77919.21130649
0.30600000 74631.86459249
0.30700000 71492.46129145
0.30800000 68493.91137084
0.30900000 65629.48555024
0.31000000 62892.79587549
0.31100000 60277.77739638
0.31200000 57778.67088207
0.31300000 55390.00651228
0.31400000 53106.58848635
0.31500000 50923.48049587
0.31600000 48835.99200983
0.31700000 46839.66532453
0.31800000 44930.26333337
0.31900000 43103.75797444
0.32000000 41356.31931637
0.32100000 39684.30524539
0.32200000 38084.25171869
0.32300000 36552.86355139
0.32400000 35087.00570645
0.32500000 33683.69505855
0.32600000 32340.09260484
0.32700000 31053.49609707
0.32800000 29821.33307108
0.32900000 28641.15425116
0.33000000 27510.62730800
0.33100000 26427.53095035
0.33200000 25389.74933161
0.33300000 24395.26675363
0.33400000 23442.16265120
0.33500000 22528.60684151
0.33600000 21652.85502388
0.33700000 20813.24451585
0.33800000 20008.19021271
0.33900000 19236.18075790
0.34000000 18495.77491294
0.34100000 17785.59811588
0.34200000 17104.33921786
0.34300000 16450.74738827
0.34400000 15823.62917916
0.34500000 15221.84574047
0.34600000 14644.31017774
0.34700000 14089.98504474
0.34800000 13557.87996379
0.34900000 13047.04936685
0.35000000 12556.59035096
0.35100000 12085.64064200
0.35200000 11633.37666091
0.35300000 11199.01168705
0.35400000 10781.79411346
0.35500000 10381.00578933
0.35600000 9995.96044489
0.35700000 9626.00219461
0.35800000 9270.50411449
0.35900000 8928.86688962
0.36000000 8600.51752837
0.36100000 8284.90813974
0.36200000 7981.51477057
0.36300000 7689.83629965
0.36400000 7409.39338563
0.36500000 7139.72746613
0.36600000 6880.39980530
0.36700000 6630.99058751
0.36800000 6391.09805462
0.36900000 6160.33768487
0.37000000 5938.34141105
0.37100000 5724.75687610
0.37200000 5519.24672426
0.37300000 5321.48792590
0.37400000 5131.17113443
0.37500000 4948.00007364
0.37600000 4771.69095398
0.37700000 4601.97191630
0.37800000 4438.58250179
0.37900000 4281.27314667
0.38000000 4129.80470055
0.38100000 3983.94796725
0.38200000 3843.48326691
0.38300000 3708.20001850
0.38400000 3577.89634155
0.38500000 3452.37867636
0.38600000 3331.46142157
0.38700000 3214.96658850
0.38800000 3102.72347124
0.38900000 2994.56833182
0.39000000 2890.34409975
0.39100000 2789.90008524
0.39200000 2693.09170535
0.39300000 2599.78022262
0.39400000 2509.83249542
0.39500000 2423.12073958
0.39600000 2339.52230074
0.39700000 2258.91943681
0.39800000 2181.19911029
0.39900000 2106.25278970
0.40000000 2033.97625996
0.40100000 1964.26944112
0.40200000 1897.03621515
0.40300000 1832.18426030
0.40400000 1769.62489289
0.40500000 1709.27291591
0.40600000 1651.04647434
0.40700000 1594.86691682
0.40800000 1540.65866326
0.40900000 1488.34907828
0.41000000 1437.86835018
0.41100000 1389.14937505
0.41200000 1342.12764596
0.41300000 1296.74114696
0.41400000 1252.93025153
0.41500000 1210.63762551
0.41600000 1169.80813410
0.41700000 1130.38875288
0.41800000 1092.32848261
0.41900000 1055.57826763
0.42000000 1020.09091779
0.42100000 985.82103360
0.42200000 952.72493457
0.42300000 920.76059065
0.42400000 889.88755642
0.42500000 860.06690811
0.42600000 831.26118331
0.42700000 803.43432307
0.42800000 776.55161651
0.42900000 750.57964775
0.43000000 725.48624490
0.43100000 701.24043137
0.43200000 677.81237899
0.43300000 655.17336323
0.43400000 633.29572011
0.43500000 612.15280502
0.43600000 591.71895310
0.43700000 571.96944136
0.43800000 552.88045221
0.43900000 534.42903861
0.44000000 516.59309053
0.44100000 499.35130283
0.44200000 482.68314439
0.44300000 466.56882854
0.44400000 450.98928464
0.44500000 435.92613081
0.44600000 421.36164774
0.44700000 407.27875361
0.44800000 393.66097990
0.44900000 380.49244827
0.45000000 367.75784830
0.45100000 355.44241613
0.45200000 343.53191396
0.45300000 332.01261028
0.45400000 320.87126103
0.45500000 310.09509135
0.45600000 299.67177811
0.45700000 289.58943315
0.45800000 279.83658714
0.45900000 270.40217407
0.46000000 261.27551632
0.46100000 252.44631041
0.46200000 243.90461316
0.46300000 235.64082852
0.46400000 227.64569478
0.46500000 219.91027239
0.46600000 212.42593220
0.46700000 205.18434411
0.46800000 198.17746620
0.46900000 191.39753430
0.47000000 184.83705191
0.47100000 178.48878049
0.47200000 172.34573021
0.47300000 166.40115092
0.47400000 160.64852359
0.47500000 155.08155198
0.47600000 149.69415468
0.47700000 144.48045739
0.47800000 139.43478559
0.47900000 134.55165735
0.48000000 129.82577656
0.48100000 125.25202624
0.48200000 120.82546230
0.48300000 116.54130733
0.48400000 112.39494478
0.48500000 108.38191326
0.48600000 104.49790109
0.48700000 100.73874105
0.48800000 97.10040531
0.48900000 93.57900055
0.49000000 90.17076328
0.49100000 86.87205528
0.49200000 83.67935928
0.49300000 80.58927472
0.49400000 77.59851375
0.49500000 74.70389728
0.49600000 71.90235125
0.49700000 69.19090298
0.49800000 66.56667773
0.49900000 64.02689526
0.50000000 61.56886666
0.50100000 59.18999117
0.50200000 56.88775319
0.50300000 54.65971935
0.50400000 52.50353572
0.50500000 50.41692513
0.50600000 48.39768452
0.50700000 46.44368243
0.50800000 44.55285662
0.50900000 42.72321169
0.51000000 40.95281681
0.51100000 39.23980359
0.51200000 37.58236396
0.51300000 35.97874812
0.51400000 34.42726263
0.51500000 32.92626848
0.51600000 31.47417929
0.51700000 30.06945956
0.51800000 28.71062296
0.51900000 27.39623072
0.52000000 26.12489001
0.52100000 24.89525244
0.52200000 23.70601259
0.52300000 22.55590659
0.52400000 21.44371074
0.52500000 20.36824019
0.52600000 19.32834764
0.52700000 18.32292216
0.52800000 17.35088794
0.52900000 16.41120317
0.53000000 15.50285891
0.53100000 14.62487804
0.53200000 13.77631420
0.53300000 12.95625079
0.53400000 12.16380002
0.53500000 11.39810195
0.53600000 10.65832361
0.53700000 9.94365810
0.53800000 9.25332378
0.53900000 8.58656342
0.54000000 7.94264344
0.54100000 7.32085314
0.54200000 6.72050394
0.54300000 6.14092872
0.54400000 5.58148108
0.54500000 5.04153472
0.54600000 4.52048276
0.54700000 4.01773714
0.54800000 3.53272803
0.54900000 3.06490321
0.55000000 2.61372756
0.55100000 2.17868247
0.55200000 1.75926536
0.55300000 1.35498913
0.55400000 0.96538171
0.55500000 0.58998554
0.55600000 0.22835717
0.55700000 -0.11993325
0.55800000 -0.45530234
0.55900000 -0.77815396
0.56000000 -1.08887955
0.56100000 -1.38785858
0.56200000 -1.67545888
0.56300000 -1.95203703
0.56400000 -2.21793869
0.56500000 -2.47349899
0.56600000 -2.71904277
0.56700000 -2.95488500
0.56800000 -3.18133101
0.56900000 -3.39867683
0.57000000 -3.60720948
0.57100000 -3.80720721
0.57200000 -3.99893982
0.57300000 -4.18266890
0.57400000 -4.35864808
0.57500000 -4.52712328
0.57600000 -4.68833294
0.57700000 -4.84250827
0.57800000 -4.98987346
0.57900000 -5.13064589
0.58000000 -5.26503634
0.58100000 -5.39324921
0.58200000 -5.51548270
0.58300000 -5.63192900
0.58400000 -5.74277448
0.58500000 -5.84819986
0.58600000 -5.94838040
0.58700000 -6.04348602
0.58800000 -6.13368154
0.58900000 -6.21912677
0.59000000 -6.29997667
0.59100000 -6.37638153
0.59200000 -6.44848710
0.59300000 -6.51643469
0.59400000 -6.58036136
0.59500000 -6.64040002
0.59600000 -6.69667956
0.59700000 -6.74932495
0.59800000 -6.79845741
0.59900000 -6.84419446
0.60000000 -6.88665009
0.60100000 -6.92593483
0.60200000 -6.96215586
0.60300000 -6.99541712
0.60400000 -7.02581940
0.60500000 -7.05346043
0.60600000 -7.07843499
0.60700000 -7.10083497
0.60800000 -7.12074950
0.60900000 -7.13826499
0.61000000 -7.15346521
0.61100000 -7.16643142
0.61200000 -7.17724239
0.61300000 -7.18597450
0.61400000 -7.19270181
0.61500000 -7.19749612
0.61600000 -7.20042705
0.61700000 -7.20156209
0.61800000 -7.20096669
0.61900000 -7.19870428
0.62000000 -7.19483636
0.62100000 -7.18942256
0.62200000 -7.18252068
0.62300000 -7.17418674
0.62400000 -7.16447506
0.62500000 -7.15343827
0.62600000 -7.14112742
0.62700000 -7.12759194
0.62800000 -7.11287978
0.62900000 -7.09703741
0.63000000 -7.08010983
0.63100000 -7.06214068
0.63200000 -7.04317225
0.63300000 -7.02324550
0.63400000 -7.00240014
0.63500000 -6.98067464
0.63600000 -6.95810626
0.63700000 -6.93473110
0.63800000 -6.91058416
0.63900000 -6.88569930
0.64000000 -6.86010937
0.64100000 -6.83384614
0.64200000 -6.80694040
0.64300000 -6.77942199
0.64400000 -6.75131978
0.64500000 -6.72266173
0.64600000 -6.69347491
0.64700000 -6.66378556
0.64800000 -6.63361904
0.64900000 -6.60299992
0.65000000 -6.57195199
0.65100000 -6.54049827
0.65200000 -6.50866102
0.65300000 -6.47646182
0.65400000 -6.44392151
0.65500000 -6.41106029
0.65600000 -6.37789767
0.65700000 -6.34445254
0.65800000 -6.31074316
0.65900000 -6.27678721
0.66000000 -6.24260177
0.66100000 -6.20820335
0.66200000 -6.17360792
0.66300000 -6.13883091
0.66400000 -6.10388725
0.66500000 -6.06879134
0.66600000 -6.03355712
0.66700000 -5.99819804
0.66800000 -5.96272711
0.66900000 -5.92715687
0.67000000 -5.89149944
0.67100000 -5.85576654
0.67200000 -5.81996945
0.67300000 -5.78411907
0.67400000 -5.74822593
0.67500000 -5.71230018
0.67600000 -5.67635160
0.67700000 -5.64038963
0.67800000 -5.60442337
0.67900000 -5.56846160
0.68000000 -5.53251277
0.68100000 -5.49658501
0.68200000 -5.46068618
0.68300000 -5.42482383
0.68400000 -5.38900522
0.68500000 -5.35323736
0.68600000 -5.31752697
0.68700000 -5.28188053
0.68800000 -5.24630426
0.68900000 -5.21080414
0.69000000 -5.17538593
0.69100000 -5.14005514
0.69200000 -5.10481706
0.69300000 -5.06967679
0.69400000 -5.03463920
0.69500000 -4.99970896
0.69600000 -4.96489057
0.69700000 -4.93018830
0.69800000 -4.89560627
0.69900000 -4.86114841
0.70000000 -4.82681847
0.70100000 -4.79262006
0.70200000 -4.75855659
0.70300000 -4.72463136
0.70400000 -4.69084747
0.70500000 -4.65720790
0.70600000 -4.62371548
0.70700000 -4.59037292
0.70800000 -4.55718276
0.70900000 -4.52414745
0.71000000 -4.49126929
0.71100000 -4.45855047
0.71200000 -4.42599304
0.71300000 -4.39359897
0.71400000 -4.36137010
0.71500000 -4.32930816
0.71600000 -4.29741480
0.71700000 -4.26569154
0.71800000 -4.23413982
0.71900000 -4.20276098
0.72000000 -4.17155628
0.72100000 -4.14052689
0.72200000 -4.10967388
0.72300000 -4.07899825
0.72400000 -4.04850093
0.72500000 -4.01818275
0.72600000 -3.98804449
0.72700000 -3.95808685
0.72800000 -3.92831045
0.72900000 -3.89871585
0.73000000 -3.86930356
0.73100000 -3.84007401
0.73200000 -3.81102757
0.73300000 -3.78216456
0.73400000 -3.75348524
0.73500000 -3.72498983
0.73600000 -3.69667846
0.73700000 -3.66855126
0.73800000 -3.64060826
0.73900000 -3.61284949
0.74000000 -3.58527491
0.74100000 -3.55788443
0.74200000 -3.53067794
0.74300000 -3.50365526
0.74400000 -3.47681621
0.74500000 -3.45016054
0.74600000 -3.42368797
0.74700000 -3.39739820
0.74800000 -3.37129089
0.74900000 -3.34536565
0.75000000 -3.31962209
0.75100000 -3.29405976
0.75200000 -3.26867821
0.75300000 -3.24347694
0.75400000 -3.21845543
0.75500000 -3.19361314
0.75600000 -3.16894950
0.75700000 -3.14446393
0.75800000 -3.12015581
0.75900000 -3.09602450
0.76000000 -3.07206936
0.76100000 -3.04828971
0.76200000 -3.02468485
0.76300000 -3.00125408
0.76400000 -2.97799667
0.76500000 -2.95491189
0.76600000 -2.93199896
0.76700000 -2.90925712
0.76800000 -2.88668558
0.76900000 -2.86428354
0.77000000 -2.84205019
0.77100000 -2.81998470
0.77200000 -2.79808624
0.77300000 -2.77635397
0.77400000 -2.75478702
0.77500000 -2.73338453
0.77600000 -2.71214562
0.77700000 -2.69106942
0.77800000 -2.67015503
0.77900000 -2.64940156
0.78000000 -2.62880809
0.78100000 -2.60837371
0.78200000 -2.58809752
0.78300000 -2.56797857
0.78400000 -2.54801596
0.78500000 -2.52820873
0.78600000 -2.50855597
0.78700000 -2.48905671
0.78800000 -2.46971003
0.78900000 -2.45051496
0.79000000 -2.43147057
0.79100000 -2.41257589
0.79200000 -2.39382997
0.79300000 -2.37523186
0.79400000 -2.35678059
0.79500000 -2.33847520
0.79600000 -2.32031474
0.79700000 -2.30229823
0.79800000 -2.28442473
0.79900000 -2.26669326
0.80000000 -2.24910286
0.80100000 -2.23165258
0.80200000 -2.21434144
0.80300000 -2.19716849
0.80400000 -2.18013277
0.80500000 -2.16323332
0.80600000 -2.14646917
0.80700000 -2.12983938
0.80800000 -2.11334300
0.80900000 -2.09697905
0.81000000 -2.08074661
0.81100000 -2.06464471
0.81200000 -2.04867242
0.81300000 -2.03282879
0.81400000 -2.01711288
0.81500000 -2.00152374
0.81600000 -1.98606046
0.81700000 -1.97072208
0.81800000 -1.95550769
0.81900000 -1.94041636
0.82000000 -1.92544717
0.82100000 -1.91059920
0.82200000 -1.89587153
0.82300000 -1.88126326
0.82400000 -1.86677347
0.82500000 -1.85240126
0.82600000 -1.83814573
0.82700000 -1.82400599
0.82800000 -1.80998115
0.82900000 -1.79607031
0.83000000 -1.78227260
0.83100000 -1.76858714
0.83200000 -1.75501305
0.83300000 -1.74154946
0.83400000 -1.72819551
0.83500000 -1.71495034
0.83600000 -1.70181308
0.83700000 -1.68878290
0.83800000 -1.67585894
0.83900000 -1.66304036
0.84000000 -1.65032633
0.84100000 -1.63771600
0.84200000 -1.62520857
0.84300000 -1.61280319
0.84400000 -1.60049906
0.84500000 -1.58829535
0.84600000 -1.57619128
0.84700000 -1.56418602
0.84800000 -1.55227879
0.84900000 -1.54046878
0.85000000 -1.52875522
0.85100000 -1.51713732
0.85200000 -1.50561431
0.85300000 -1.49418540
0.85400000 -1.48284983
0.85500000 -1.47160685
0.85600000 -1.46045569
0.85700000 -1.44939560
0.85800000 -1.43842584
0.85900000 -1.42754566
0.86000000 -1.41675432
0.86100000 -1.40605110
0.86200000 -1.39543527
0.86300000 -1.38490610
0.86400000 -1.37446288
0.86500000 -1.36410490
0.86600000 -1.35383146
0.86700000 -1.34364185
0.86800000 -1.33353537
0.86900000 -1.32351133
0.87000000 -1.31356906
0.87100000 -1.30370787
0.87200000 -1.29392707
0.87300000 -1.28422601
0.87400000 -1.27460402
0.87500000 -1.26506043
0.87600000 -1.25559459
0.87700000 -1.24620584
0.87800000 -1.23689356
0.87900000 -1.22765708
0.88000000 -1.21849578
0.88100000 -1.20940902
0.88200000 -1.20039618
0.88300000 -1.19145664
0.88400000 -1.18258978
0.88500000 -1.17379499
0.88600000 -1.16507165
0.88700000 -1.15641918
0.88800000 -1.14783697
0.88900000 -1.13932443
0.89000000 -1.13088096
0.89100000 -1.12250600
0.89200000 -1.11419895
0.89300000 -1.10595925
0.89400000 -1.09778632
0.89500000 -1.08967960
0.89600000 -1.08163853
0.89700000 -1.07366256
0.89800000 -1.06575112
0.89900000 -1.05790368
0.90000000 -1.05011969
0.90100000 -1.04239862
0.90200000 -1.03473993
0.90300000 -1.02714309
0.90400000 -1.01960757
0.90500000 -1.01213286
0.90600000 -1.00471844
0.90700000 -0.99736380
0.90800000 -0.99006843
0.90900000 -0.98283182
0.91000000 -0.97565348
0.91100000 -0.96853291
0.91200000 -0.96146962
0.91300000 -0.95446312
0.91400000 -0.94751293
0.91500000 -0.94061858
0.91600000 -0.93377958
0.91700000 -0.92699547
0.91800000 -0.92026577
0.91900000 -0.91359003
0.92000000 -0.90696779
0.92100000 -0.90039859
0.92200000 -0.89388198
0.92300000 -0.88741751
0.92400000 -0.88100474
0.92500000 -0.87464322
0.92600000 -0.86833253
0.92700000 -0.86207223
0.92800000 -0.85586190
0.92900000 -0.84970109
0.93000000 -0.84358941
0.93100000 -0.83752642
0.93200000 -0.83151171
0.93300000 -0.82554487
0.93400000 -0.81962550
0.93500000 -0.81375319
0.93600000 -0.80792755
0.93700000 -0.80214816
0.93800000 -0.79641465
0.93900000 -0.79072661
0.94000000 -0.78508368
0.94100000 -0.77948545
0.94200000 -0.77393155
0.94300000 -0.76842161
0.94400000 -0.76295525
0.94500000 -0.75753210
0.94600000 -0.75215179
0.94700000 -0.74681397
0.94800000 -0.74151826
0.94900000 -0.73626432
0.95000000 -0.73105179
0.95100000 -0.72588031
0.95200000 -0.72074954
0.95300000 -0.71565914
0.95400000 -0.71060875
0.95500000 -0.70559805
0.95600000 -0.70062669
0.95700000 -0.69569435
0.95800000 -0.69080069
0.95900000 -0.68594539
0.96000000 -0.68112812
0.96100000 -0.67634855
0.96200000 -0.67160638
0.96300000 -0.66690128
0.96400000 -0.66223294
0.96500000 -0.65760105
0.96600000 -0.65300530
0.96700000 -0.64844539
0.96800000 -0.64392101
0.96900000 -0.63943187
0.97000000 -0.63497767
0.97100000 -0.63055811
0.97200000 -0.62617290
0.97300000 -0.62182175
0.97400000 -0.61750438
0.97500000 -0.61322049
0.97600000 -0.60896982
0.97700000 -0.60475207
0.97800000 -0.60056698
0.97900000 -0.59641426
0.98000000 -0.59229365
0.98100000 -0.58820488
0.98200000 -0.58414767
0.98300000 -0.58012177
0.98400000 -0.57612690
0.98500000 -0.57216282
0.98600000 -0.56822926
0.98700000 -0.56432597
0.98800000 -0.56045269
0.98900000 -0.55660918
0.99000000 -0.55279517
0.99100000 -0.54901044
0.99200000 -0.54525472
0.99300000 -0.54152779
0.99400000 -0.53782939
0.99500000 -0.53415929
0.99600000 -0.53051726
0.99700000 -0.52690306
0.99800000 -0.52331645
0.99900000 -0.51975721
1.00000000 -0.51622512
1.00100000 -0.51271994
1.00200000 -0.50924145
1.00300000 -0.50578942
1.00400000 -0.50236365
1.00500000 -0.49896390
1.00600000 -0.49558997
1.00700000 -0.49224164
1.00800000 -0.48891870
1.00900000 -0.48562093
1.01000000 -0.48234814
1.01100000 -0.47910010
1.01200000 -0.47587662
1.01300000 -0.47267749
1.01400000 -0.46950252
1.01500000 -0.46635150
1.01600000 -0.46322423
1.01700000 -0.46012052
1.01800000 -0.45704017
1.01900000 -0.45398300
1.02000000 -0.45094880
1.02100000 -0.44793740
1.02200000 -0.44494860
1.02300000 -0.44198222
1.02400000 -0.43903806
1.02500000 -0.43611596
1.02600000 -0.43321573
1.02700000 -0.43033719
1.02800000 -0.42748015
1.02900000 -0.42464446
1.03000000 -0.42182992
1.03100000 -0.41903637
1.03200000 -0.41626363
1.03300000 -0.41351154
1.03400000 -0.41077992
1.03500000 -0.40806861
1.03600000 -0.40537744
1.03700000 -0.40270625
1.03800000 -0.40005488
1.03900000 -0.39742316
1.04000000 -0.39481093
1.04100000 -0.39221803
1.04200000 -0.38964431
1.04300000 -0.38708962
1.04400000 -0.38455378
1.04500000 -0.38203666
1.04600000 -0.37953811
1.04700000 -0.37705796
1.04800000 -0.37459607
1.04900000 -0.37215230
1.05000000 -0.36972649
1.05100000 -0.36731850
1.05200000 -0.36492819
1.05300000 -0.36255541
1.05400000 -0.36020002
1.05500000 -0.35786188
1.05600000 -0.35554086
1.05700000 -0.35323681
1.05800000 -0.35094960
1.05900000 -0.34867908
1.06000000 -0.34642514
1.06100000 -0.34418763
1.06200000 -0.34196642
1.06300000 -0.33976138
1.06400000 -0.33757238
1.06500000 -0.33539929
1.06600000 -0.33324199
1.06700000 -0.33110035
1.06800000 -0.32897423
1.06900000 -0.32686353
1.07000000 -0.32476811
1.07100000 -0.32268785
1.07200000 -0.32062264
1.07300000 -0.31857234
1.07400000 -0.31653685
1.07500000 -0.31451604
1.07600000 -0.31250980
1.07700000 -0.31051801
1.07800000 -0.30854055
1.07900000 -0.30657732
1.08000000 -0.30462819
1.08100000 -0.30269307
1.08200000 -0.30077183
1.08300000 -0.29886436
1.08400000 -0.29697056
1.08500000 -0.29509032
1.08600000 -0.29322353
1.08700000 -0.29137008
1.08800000 -0.28952987
1.08900000 -0.28770280
1.09000000 -0.28588876
1.09100000 -0.28408764
1.09200000 -0.28229935
1.09300000 -0.28052379
1.09400000 -0.27876085
1.09500000 -0.27701043
1.09600000 -0.27527244
1.09700000 -0.27354678
1.09800000 -0.27183335
1.09900000 -0.27013206
1.10000000 -0.26844281
1.10100000 -0.26676550
1.10200000 -0.26510005
1.10300000 -0.26344636
1.10400000 -0.26180434
1.10500000 -0.26017389
1.10600000 -0.25855493
1.10700000 -0.25694736
1.10800000 -0.25535111
1.10900000 -0.25376607
1.11000000 -0.25219217
1.11100000 -0.25062931
1.11200000 -0.24907741
1.11300000 -0.24753638
1.11400000 -0.24600615
1.11500000 -0.24448662
1.11600000 -0.24297771
1.11700000 -0.24147935
1.11800000 -0.23999144
1.11900000 -0.23851391
1.12000000 -0.23704668
1.12100000 -0.23558967
1.12200000 -0.23414280
1.12300000 -0.23270598
1.12400000 -0.23127916
1.12500000 -0.22986223
1.12600000 -0.22845514
1.12700000 -0.22705780
1.12800000 -0.22567014
1.12900000 -0.22429209
1.13000000 -0.22292356
1.13100000 -0.22156450
1.13200000 -0.22021482
1.13300000 -0.21887445
1.13400000 -0.21754332
1.13500000 -0.21622137
1.13600000 -0.21490851
1.13700000 -0.21360469
1.13800000 -0.21230983
1.13900000 -0.21102386
1.14000000 -0.20974672
1.14100000 -0.20847834
1.14200000 -0.20721865
1.14300000 -0.20596759
1.14400000 -0.20472508
1.14500000 -0.20349107
1.14600000 -0.20226550
1.14700000 -0.20104828
1.14800000 -0.19983937
1.14900000 -0.19863870
1.15000000 -0.19744621
1.15100000 -0.19626184
1.15200000 -0.19508551
1.15300000 -0.19391718
1.15400000 -0.19275679
1.15500000 -0.19160427
1.15600000 -0.19045956
1.15700000 -0.18932260
1.15800000 -0.18819334
1.15900000 -0.18707172
1.16000000 -0.18595768
1.16100000 -0.18485117
1.16200000 -0.18375212
1.16300000 -0.18266048
1.16400000 -0.18157620
1.16500000 -0.18049922
1.16600000 -0.17942948
1.16700000 -0.17836694
1.16800000 -0.17731153
1.16900000 -0.17626321
1.17000000 -0.17522192
1.17100000 -0.17418761
1.17200000 -0.17316023
1.17300000 -0.17213972
1.17400000 -0.17112603
1.17500000 -0.17011912
1.17600000 -0.16911893
1.17700000 -0.16812541
1.17800000 -0.16713852
1.17900000 -0.16615820
1.18000000 -0.16518440
1.18100000 -0.16421709
1.18200000 -0.16325620
1.18300000 -0.16230169
1.18400000 -0.16135352
1.18500000 -0.16041163
1.18600000 -0.15947599
1.18700000 -0.15854654
1.18800000 -0.15762324
1.18900000 -0.15670604
1.19000000 -0.15579490
1.19100000 -0.15488978
1.19200000 -0.15399062
1.19300000 -0.15309739
1.19400000 -0.15221005
1.19500000 -0.15132854
1.19600000 -0.15045283
1.19700000 -0.14958288
1.19800000 -0.14871863
1.19900000 -0.14786006
1.20000000 -0.14700711
1.20100000 -0.14615976
1.20200000 -0.14531795
1.20300000 -0.14448164
1.20400000 -0.14365080
1.20500000 -0.14282539
1.20600000 -0.14200537
1.20700000 -0.14119069
1.20800000 -0.14038132
1.20900000 -0.13957722
1.21000000 -0.13877835
1.21100000 -0.13798468
1.21200000 -0.13719616
1.21300000 -0.13641276
1.21400000 -0.13563445
1.21500000 -0.13486117
1.21600000 -0.13409291
1.21700000 -0.13332962
1.21800000 -0.13257127
1.21900000 -0.13181781
1.22000000 -0.13106922
1.22100000 -0.13032547
1.22200000 -0.12958650
1.22300000 -0.12885230
1.22400000 -0.12812283
1.22500000 -0.12739805
1.22600000 -0.12667792
1.22700000 -0.12596243
1.22800000 -0.12525152
1.22900000 -0.12454518
1.23000000 -0.12384336
1.23100000 -0.12314604
1.23200000 -0.12245318
1.23300000 -0.12176475
1.23400000 -0.12108072
1.23500000 -0.12040106
1.23600000 -0.11972573
1.23700000 -0.11905471
1.23800000 -0.11838797
1.23900000 -0.11772547
1.24000000 -0.11706718
1.24100000 -0.11641308
1.24200000 -0.11576313
1.24300000 -0.11511731
1.24400000 -0.11447558
1.24500000 -0.11383793
1.24600000 -0.11320430
1.24700000 -0.11257469
1.24800000 -0.11194907
1.24900000 -0.11132739
1.25000000 -0.11070964
1.25100000 -0.11009579
1.25200000 -0.10948580
1.25300000 -0.10887966
1.25400000 -0.10827734
1.25500000 -0.10767881
1.25600000 -0.10708403
1.25700000 -0.10649300
1.25800000 -0.10590567
1.25900000 -0.10532203
1.26000000 -0.10474204
1.26100000 -0.10416569
1.26200000 -0.10359295
1.26300000 -0.10302378
1.26400000 -0.10245818
1.26500000 -0.10189610
1.26600000 -0.10133753
1.26700000 -0.10078245
1.26800000 -0.10023082
1.26900000 -0.09968263
1.27000000 -0.09913785
1.27100000 -0.09859645
1.27200000 -0.09805842
1.27300000 -0.09752373
1.27400000 -0.09699235
1.27500000 -0.09646427
1.27600000 -0.09593946
1.27700000 -0.09541790
1.27800000 -0.09489956
1.27900000 -0.09438443
1.28000000 -0.09387248
1.28100000 -0.09336369
1.28200000 -0.09285803
1.28300000 -0.09235549
1.28400000 -0.09185605
1.28500000 -0.09135968
1.28600000 -0.09086636
1.28700000 -0.09037607
1.28800000 -0.08988879
1.28900000 -0.08940451
1.29000000 -0.08892319
1.29100000 -0.08844482
1.29200000 -0.08796937
1.29300000 -0.08749684
1.29400000 -0.08702720
1.29500000 -0.08656042
1.29600000 -0.08609649
1.29700000 -0.08563540
1.29800000 -0.08517711
1.29900000 -0.08472161
1.30000000 -0.08426889
1.30100000 -0.08381892
1.30200000 -0.08337168
1.30300000 -0.08292717
1.30400000 -0.08248534
1.30500000 -0.08204620
1.30600000 -0.08160972
1.30700000 -0.08117588
1.30800000 -0.08074467
1.30900000 -0.08031606
1.31000000 -0.07989005
1.31100000 -0.07946661
1.31200000 -0.07904572
1.31300000 -0.07862737
1.31400000 -0.07821154
1.31500000 -0.07779821
1.31600000 -0.07738737
1.31700000 -0.07697900
1.31800000 -0.07657308
1.31900000 -0.07616960
1.32000000 -0.07576854
1.32100000 -0.07536989
1.32200000 -0.07497362
1.32300000 -0.07457972
1.32400000 -0.07418818
1.32500000 -0.07379898
1.32600000 -0.07341211
1.32700000 -0.07302755
1.32800000 -0.07264527
1.32900000 -0.07226528
1.33000000 -0.07188755
1.33100000 -0.07151207
1.33200000 -0.07113882
1.33300000 -0.07076779
1.33400000 -0.07039897
1.33500000 -0.07003233
1.33600000 -0.06966787
1.33700000 -0.06930556
1.33800000 -0.06894541
1.33900000 -0.06858738
1.34000000 -0.06823147
1.34100000 -0.06787766
1.34200000 -0.06752595
1.34300000 -0.06717631
1.34400000 -0.06682873
1.34500000 -0.06648320
1.34600000 -0.06613970
1.34700000 -0.06579823
1.34800000 -0.06545876
1.34900000 -0.06512129
1.35000000 -0.06478580
1.35100000 -0.06445227
1.35200000 -0.06412071
1.35300000 -0.06379108
1.35400000 -0.06346339
1.35500000 -0.06313761
1.35600000 -0.06281374
1.35700000 -0.06249176
1.35800000 -0.06217166
1.35900000 -0.06185343
1.36000000 -0.06153706
1.36100000 -0.06122252
1.36200000 -0.06090982
1.36300000 -0.06059894
1.36400000 -0.06028987
1.36500000 -0.05998259
1.36600000 -0.05967709
1.36700000 -0.05937337
1.36800000 -0.05907141
1.36900000 -0.05877120
1.37000000 -0.05847272
1.37100000 -0.05817598
1.37200000 -0.05788095
1.37300000 -0.05758762
1.37400000 -0.05729599
1.37500000 -0.05700604
1.37600000 -0.05671776
1.37700000 -0.05643114
1.37800000 -0.05614617
1.37900000 -0.05586285
1.38000000 -0.05558115
1.38100000 -0.05530107
1.38200000 -0.05502259
1.38300000 -0.05474572
1.38400000 -0.05447043
1.38500000 -0.05419672
1.38600000 -0.05392458
1.38700000 -0.05365399
1.38800000 -0.05338496
1.38900000 -0.05311745
1.39000000 -0.05285148
1.39100000 -0.05258702
1.39200000 -0.05232408
1.39300000 -0.05206262
1.39400000 -0.05180266
1.39500000 -0.05154418
1.39600000 -0.05128717
1.39700000 -0.05103162
1.39800000 -0.05077751
1.39900000 -0.05052486
1.40000000 -0.05027363
1.40100000 -0.05002383
1.40200000 -0.04977544
1.40300000 -0.04952845
1.40400000 -0.04928287
1.40500000 -0.04903867
1.40600000 -0.04879585
1.40700000 -0.04855440
1.40800000 -0.04831431
1.40900000 -0.04807558
1.41000000 -0.04783819
1.41100000 -0.04760213
1.41200000 -0.04736741
1.41300000 -0.04713400
1.41400000 -0.04690190
1.41500000 -0.04667111
1.41600000 -0.04644161
1.41700000 -0.04621339
1.41800000 -0.04598646
1.41900000 -0.04576079
1.42000000 -0.04553639
1.42100000 -0.04531324
1.42200000 -0.04509134
1.42300000 -0.04487068
1.42400000 -0.04465124
1.42500000 -0.04443303
1.42600000 -0.04421604
1.42700000 -0.04400025
1.42800000 -0.04378567
1.42900000 -0.04357228
1.43000000 -0.04336007
1.43100000 -0.04314904
1.43200000 -0.04293918
1.43300000 -0.04273049
1.43400000 -0.04252295
1.43500000 -0.04231656
1.43600000 -0.04211131
1.43700000 -0.04190720
1.43800000 -0.04170421
1.43900000 -0.04150235
1.44000000 -0.04130160
1.44100000 -0.04110196
1.44200000 -0.04090341
1.44300000 -0.04070596
1.44400000 -0.04050960
1.44500000 -0.04031432
1.44600000 -0.04012011
1.44700000 -0.03992696
1.44800000 -0.03973488
1.44900000 -0.03954385
1.45000000 -0.03935387
1.45100000 -0.03916493
1.45200000 -0.03897702
1.45300000 -0.03879014
1.45400000 -0.03860428
1.45500000 -0.03841944
1.45600000 -0.03823560
1.45700000 -0.03805277
1.45800000 -0.03787094
1.45900000 -0.03769009
1.46000000 -0.03751024
1.46100000 -0.03733136
1.46200000 -0.03715345
1.46300000 -0.03697651
1.46400000 -0.03680053
1.46500000 -0.03662550
1.46600000 -0.03645143
1.46700000 -0.03627829
1.46800000 -0.03610610
1.46900000 -0.03593483
1.47000000 -0.03576450
1.47100000 -0.03559508
1.47200000 -0.03542658
1.47300000 -0.03525899
1.47400000 -0.03509230
1.47500000 -0.03492651
1.47600000 -0.03476162
1.47700000 -0.03459761
1.47800000 -0.03443448
1.47900000 -0.03427224
1.48000000 -0.03411086
1.48100000 -0.03395035
1.48200000 -0.03379070
1.48300000 -0.03363191
1.48400000 -0.03347397
1.48500000 -0.03331687
1.48600000 -0.03316061
1.48700000 -0.03300520
1.48800000 -0.03285061
1.48900000 -0.03269684
1.49000000 -0.03254390
1.49100000 -0.03239177
1.49200000 -0.03224046
1.49300000 -0.03208995
1.49400000 -0.03194024
1.49500000 -0.03179133
1.49600000 -0.03164321
1.49700000 -0.03149588
1.49800000 -0.03134933
1.49900000 -0.03120356
1.50000000 -0.03105856
1.50100000 -0.03091432
1.50200000 -0.03077086
1.50300000 -0.03062815
1.50400000 -0.03048620
1.50500000 -0.03034499
1.50600000 -0.03020454
1.50700000 -0.03006482
1.50800000 -0.02992584
1.50900000 -0.02978760
1.51000000 -0.02965008
1.51100000 -0.02951329
1.51200000 -0.02937721
1.51300000 -0.02924186
1.51400000 -0.02910721
1.51500000 -0.02897327
1.51600000 -0.02884004
1.51700000 -0.02870750
1.51800000 -0.02857566
1.51900000 -0.02844450
1.52000000 -0.02831404
1.52100000 -0.02818426
1.52200000 -0.02805515
1.52300000 -0.02792672
1.52400000 -0.02779896
1.52500000 -0.02767187
1.52600000 -0.02754544
1.52700000 -0.02741967
1.52800000 -0.02729456
1.52900000 -0.02717009
1.53000000 -0.02704627
1.53100000 -0.02692310
1.53200000 -0.02680057
1.53300000 -0.02667867
1.53400000 -0.02655740
1.53500000 -0.02643677
1.53600000 -0.02631676
1.53700000 -0.02619737
1.53800000 -0.02607860
1.53900000 -0.02596044
1.54000000 -0.02584289
1.54100000 -0.02572595
1.54200000 -0.02560962
1.54300000 -0.02549388
1.54400000 -0.02537874
1.54500000 -0.02526420
1.54600000 -0.02515024
1.54700000 -0.02503687
1.54800000 -0.02492408
1.54900000 -0.02481188
1.55000000 -0.02470024
1.55100000 -0.02458919
1.55200000 -0.02447870
1.55300000 -0.02436878
1.55400000 -0.02425942
1.55500000 -0.02415062
1.55600000 -0.02404238
1.55700000 -0.02393469
1.55800000 -0.02382755
1.55900000 -0.02372096
1.56000000 -0.02361491
1.56100000 -0.02350940
1.56200000 -0.02340443
1.56300000 -0.02330000
1.56400000 -0.02319610
1.56500000 -0.02309272
1.56600000 -0.02298988
1.56700000 -0.02288755
1.56800000 -0.02278574
1.56900000 -0.02268445
1.57000000 -0.02258368
1.57100000 -0.02248341
1.57200000 -0.02238366
1.57300000 -0.02228441
1.57400000 -0.02218566
1.57500000 -0.02208740
1.57600000 -0.02198965
1.57700000 -0.02189239
1.57800000 -0.02179562
1.57900000 -0.02169934
1.58000000 -0.02160354
1.58100000 -0.02150823
1.58200000 -0.02141339
1.58300000 -0.02131904
1.58400000 -0.02122515
1.58500000 -0.02113174
1.58600000 -0.02103880
1.58700000 -0.02094633
1.58800000 -0.02085431
1.58900000 -0.02076276
1.59000000 -0.02067167
1.59100000 -0.02058104
1.59200000 -0.02049085
1.59300000 -0.02040112
1.59400000 -0.02031184
1.59500000 -0.02022300
1.59600000 -0.02013461
1.59700000 -0.02004665
1.59800000 -0.01995914
1.59900000 -0.01987206
1.60000000 -0.01978542
1.60100000 -0.01969920
1.60200000 -0.01961342
1.60300000 -0.01952806
1.60400000 -0.01944312
1.60500000 -0.01935861
1.60600000 -0.01927451
1.60700000 -0.01919083
1.60800000 -0.01910757
1.60900000 -0.01902472
1.61000000 -0.01894228
1.61100000 -0.01886025
1.61200000 -0.01877862
1.61300000 -0.01869739
1.61400000 -0.01861657
1.61500000 -0.01853614
1.61600000 -0.01845611
1.61700000 -0.01837648
1.61800000 -0.01829724
1.61900000 -0.01821838
1.62000000 -0.01813992
1.62100000 -0.01806184
1.62200000 -0.01798415
1.62300000 -0.01790683
1.62400000 -0.01782990
1.62500000 -0.01775334
1.62600000 -0.01767716
1.62700000 -0.01760135
1.62800000 -0.01752591
1.62900000 -0.01745084
1.63000000 -0.01737614
1.63100000 -0.01730180
1.63200000 -0.01722782
1.63300000 -0.01715421
1.63400000 -0.01708095
1.63500000 -0.01700806
1.63600000 -0.01693551
1.63700000 -0.01686332
1.63800000 -0.01679149
1.63900000 -0.01672000
1.64000000 -0.01664885
1.64100000 -0.01657806
1.64200000 -0.01650760
1.64300000 -0.01643749
1.64400000 -0.01636772
1.64500000 -0.01629829
1.64600000 -0.01622919
1.64700000 -0.01616043
1.64800000 -0.01609200
1.64900000 -0.01602390
1.65000000 -0.01595613
1.65100000 -0.01588868
1.65200000 -0.01582157
1.65300000 -0.01575477
1.65400000 -0.01568830
1.65500000 -0.01562214
1.65600000 -0.01555631
1.65700000 -0.01549079
1.65800000 -0.01542559
1.65900000 -0.01536070
1.66000000 -0.01529612
1.66100000 -0.01523185
1.66200000 -0.01516789
1.66300000 -0.01510424
1.66400000 -0.01504089
1.66500000 -0.01497784
1.66600000 -0.01491510
1.66700000 -0.01485266
1.66800000 -0.01479051
1.66900000 -0.01472866
1.67000000 -0.01466711
1.67100000 -0.01460585
1.67200000 -0.01454488
1.67300000 -0.01448420
1.67400000 -0.01442382
1.67500000 -0.01436371
1.67600000 -0.01430390
1.67700000 -0.01424437
1.67800000 -0.01418512
1.67900000 -0.01412615
1.68000000 -0.01406746
1.68100000 -0.01400906
1.68200000 -0.01395092
1.68300000 -0.01389307
1.68400000 -0.01383548
1.68500000 -0.01377817
1.68600000 -0.01372113
1.68700000 -0.01366436
1.68800000 -0.01360786
1.68900000 -0.01355163
1.69000000 -0.01349566
1.69100000 -0.01343995
1.69200000 -0.01338451
1.69300000 -0.01332932
1.69400000 -0.01327440
1.69500000 -0.01321974
1.69600000 -0.01316533
1.69700000 -0.01311118
1.69800000 -0.01305728
1.69900000 -0.01300363
1.70000000 -0.01295024
1.70100000 -0.01289710
1.70200000 -0.01284420
1.70300000 -0.01279156
1.70400000 -0.01273916
1.70500000 -0.01268700
1.70600000 -0.01263509
1.70700000 -0.01258342
1.70800000 -0.01253199
1.70900000 -0.01248080
1.71000000 -0.01242985
1.71100000 -0.01237914
1.71200000 -0.01232867
1.71300000 -0.01227842
1.71400000 -0.01222842
1.71500000 -0.01217864
1.71600000 -0.01212910
1.71700000 -0.01207979
1.71800000 -0.01203070
1.71900000 -0.01198184
1.72000000 -0.01193321
1.72100000 -0.01188481
1.72200000 -0.01183663
1.72300000 -0.01178867
1.72400000 -0.01174093
1.72500000 -0.01169342
1.72600000 -0.01164612
1.72700000 -0.01159905
1.72800000 -0.01155218
1.72900000 -0.01150554
1.73000000 -0.01145911
1.73100000 -0.01141290
1.73200000 -0.01136689
1.73300000 -0.01132110
1.73400000 -0.01127552
1.73500000 -0.01123015
1.73600000 -0.01118499
1.73700000 -0.01114003
1.73800000 -0.01109528
1.73900000 -0.01105074
1.74000000 -0.01100640
1.74100000 -0.01096226
1.74200000 -0.01091833
1.74300000 -0.01087460
1.74400000 -0.01083106
1.74500000 -0.01078773
1.74600000 -0.01074459
1.74700000 -0.01070165
1.74800000 -0.01065891
1.74900000 -0.01061636
1.75000000 -0.01057400
1.75100000 -0.01053184
1.75200000 -0.01048987
1.75300000 -0.01044809
1.75400000 -0.01040650
1.75500000 -0.01036510
1.75600000 -0.01032389
1.75700000 -0.01028286
1.75800000 -0.01024203
1.75900000 -0.01020137
1.76000000 -0.01016090
1.76100000 -0.01012062
1.76200000 -0.01008051
1.76300000 -0.01004059
1.76400000 -0.01000085
1.76500000 -0.00996128
1.76600000 -0.00992190
1.76700000 -0.00988269
1.76800000 -0.00984366
1.76900000 -0.00980481
1.77000000 -0.00976613
1.77100000 -0.00972763
1.77200000 -0.00968930
1.77300000 -0.00965114
1.77400000 -0.00961315
1.77500000 -0.00957534
1.77600000 -0.00953769
1.77700000 -0.00950021
1.77800000 -0.00946290
1.77900000 -0.00942576
1.78000000 -0.00938879
1.78100000 -0.00935198
1.78200000 -0.00931533
1.78300000 -0.00927885
1.78400000 -0.00924253
1.78500000 -0.00920638
1.78600000 -0.00917038
1.78700000 -0.00913455
1.78800000 -0.00909887
1.78900000 -0.00906336
1.79000000 -0.00902800
1.79100000 -0.00899280
1.79200000 -0.00895776
1.79300000 -0.00892287
1.79400000 -0.00888814
1.79500000 -0.00885357
1.79600000 -0.00881914
1.79700000 -0.00878487
1.79800000 -0.00875075
1.79900000 -0.00871679
1.80000000 -0.00868297
1.80100000 -0.00864930
1.80200000 -0.00861578
1.80300000 -0.00858242
1.80400000 -0.00854919
1.80500000 -0.00851612
1.80600000 -0.00848319
1.80700000 -0.00845040
1.80800000 -0.00841777
1.80900000 -0.00838527
1.81000000 -0.00835292
1.81100000 -0.00832071
1.81200000 -0.00828864
1.81300000 -0.00825671
1.81400000 -0.00822493
1.81500000 -0.00819328
1.81600000 -0.00816177
1.81700000 -0.00813041
1.81800000 -0.00809917
1.81900000 -0.00806808
1.82000000 -0.00803712
1.82100000 -0.00800630
1.82200000 -0.00797561
1.82300000 -0.00794506
1.82400000 -0.00791464
1.82500000 -0.00788435
1.82600000 -0.00785420
1.82700000 -0.00782417
1.82800000 -0.00779428
1.82900000 -0.00776452
1.83000000 -0.00773489
1.83100000 -0.00770539
1.83200000 -0.00767601
1.83300000 -0.00764677
1.83400000 -0.00761765
1.83500000 -0.00758866
1.83600000 -0.00755979
1.83700000 -0.00753105
1.83800000 -0.00750243
1.83900000 -0.00747394
1.84000000 -0.00744557
1.84100000 -0.00741733
1.84200000 -0.00738920
1.84300000 -0.00736120
1.84400000 -0.00733332
1.84500000 -0.00730556
1.84600000 -0.00727792
1.84700000 -0.00725040
1.84800000 -0.00722300
1.84900000 -0.00719572
1.85000000 -0.00716855
1.85100000 -0.00714150
1.85200000 -0.00711457
1.85300000 -0.00708775
1.85400000 -0.00706105
1.85500000 -0.00703447
1.85600000 -0.00700800
1.85700000 -0.00698164
1.85800000 -0.00695539
1.85900000 -0.00692926
1.86000000 -0.00690324
1.86100000 -0.00687733
1.86200000 -0.00685154
1.86300000 -0.00682585
1.86400000 -0.00680027
1.86500000 -0.00677481
1.86600000 -0.00674945
1.86700000 -0.00672420
1.86800000 -0.00669906
1.86900000 -0.00667402
1.87000000 -0.00664909
1.87100000 -0.00662427
1.87200000 -0.00659955
1.87300000 -0.00657494
1.87400000 -0.00655044
1.87500000 -0.00652604
1.87600000 -0.00650174
1.87700000 -0.00647754
1.87800000 -0.00645345
1.87900000 -0.00642946
1.88000000 -0.00640558
1.88100000 -0.00638179
1.88200000 -0.00635810
1.88300000 -0.00633452
1.88400000 -0.00631103
1.88500000 -0.00628765
1.88600000 -0.00626436
1.88700000 -0.00624117
1.88800000 -0.00621808
1.88900000 -0.00619509
1.89000000 -0.00617220
1.89100000 -0.00614940
1.89200000 -0.00612669
1.89300000 -0.00610409
1.89400000 -0.00608157
1.89500000 -0.00605916
1.89600000 -0.00603684
1.89700000 -0.00601461
1.89800000 -0.00599247
1.89900000 -0.00597043
1.90000000 -0.00594848
1.90100000 -0.00592662
1.90200000 -0.00590486
1.90300000 -0.00588318
1.90400000 -0.00586160
1.90500000 -0.00584010
1.90600000 -0.00581870
1.90700000 -0.00579739
1.90800000 -0.00577616
1.90900000 -0.00575503
1.91000000 -0.00573398
1.91100000 -0.00571302
1.91200000 -0.00569215
1.91300000 -0.00567136
1.91400000 -0.00565066
1.91500000 -0.00563005
1.91600000 -0.00560953
1.91700000 -0.00558908
1.91800000 -0.00556873
1.91900000 -0.00554846
1.92000000 -0.00552827
1.92100000 -0.00550817
1.92200000 -0.00548815
1.92300000 -0.00546821
1.92400000 -0.00544836
1.92500000 -0.00542859
1.92600000 -0.00540890
1.92700000 -0.00538929
1.92800000 -0.00536976
1.92900000 -0.00535032
1.93000000 -0.00533095
1.93100000 -0.00531166
1.93200000 -0.00529246
1.93300000 -0.00527333
1.93400000 -0.00525428
1.93500000 -0.00523532
1.93600000 -0.00521642
1.93700000 -0.00519761
1.93800000 -0.00517888
1.93900000 -0.00516022
1.94000000 -0.00514164
1.94100000 -0.00512313
1.94200000 -0.00510470
1.94300000 -0.00508635
1.94400000 -0.00506807
1.94500000 -0.00504987
1.94600000 -0.00503174
1.94700000 -0.00501368
1.94800000 -0.00499570
1.94900000 -0.00497780
1.95000000 -0.00495996
1.95100000 -0.00494220
1.95200000 -0.00492452
1.95300000 -0.00490690
1.95400000 -0.00488936
1.95500000 -0.00487189
1.95600000 -0.00485448
1.95700000 -0.00483716
1.95800000 -0.00481990
1.95900000 -0.00480271
1.96000000 -0.00478559
1.96100000 -0.00476854
1.96200000 -0.00475156
1.96300000 -0.00473465
1.96400000 -0.00471781
1.96500000 -0.00470104
1.96600000 -0.00468433
1.96700000 -0.00466769
1.96800000 -0.00465112
1.96900000 -0.00463462
1.97000000 -0.00461818
1.97100000 -0.00460181
1.97200000 -0.00458551
1.97300000 -0.00456927
1.97400000 -0.00455310
1.97500000 -0.00453700
1.97600000 -0.00452096
1.97700000 -0.00450498
1.97800000 -0.00448907
1.97900000 -0.00447322
1.98000000 -0.00445744
1.98100000 -0.00444172
1.98200000 -0.00442606
1.98300000 -0.00441046
1.98400000 -0.00439493
1.98500000 -0.00437946
1.98600000 -0.00436406
1.98700000 -0.00434871
1.98800000 -0.00433343
1.98900000 -0.00431821
1.99000000 -0.00430305
1.99100000 -0.00428795
1.99200000 -0.00427291
1.99300000 -0.00425793
1.99400000 -0.00424301
1.99500000 -0.00422815
1.99600000 -0.00421335
1.99700000 -0.00419861
1.99800000 -0.00418393
1.99900000 -0.00416931
2.00000000 -0.00415474
