0.10000000 261950748430.70968628
0.10100000 230165419207.99456787
0.10200000 202494813365.07519531
0.10300000 178373497704.44445801
0.10400000 157318159806.74151611
0.10500000 138915050809.16683960
0.10600000 122809442992.92988586
0.10700000 108696763984.73136902
0.10800000 96315128604.80841064
0.10900000 85439037825.92028809
0.11000000 75874053987.39743042
0.11100000 67452293978.67691803
0.11200000 60028608890.68237305
0.11300000 53477340698.79347992
0.11400000 47689564751.56803894
0.11500000 42570741894.48989105
0.11600000 38038716525.86619568
0.11700000 34022007224.56754303
0.11800000 30458345183.04252243
0.11900000 27293422831.24792480
0.12000000 24479820999.10536575
0.12100000 21976087942.69483948
0.12200000 19745947721.54770660
0.12300000 17757618899.96891785
0.12400000 15983227468.62843132
0.12500000 14398300338.00096512
0.12600000 12981327820.48580360
0.12700000 11713385257.63793564
0.12800000 10577805416.27886009
0.12900000 9559894516.63865280
0.13000000 8646685803.93473434
0.13100000 7826725462.56909847
0.13200000 7089886424.97407150
0.13300000 6427206266.38525391
0.13400000 5830745920.29755974
0.13500000 5293466411.99074364
0.13600000 4809121201.80442429
0.13700000 4372162066.30010128
0.13800000 3977656732.89449644
0.13900000 3621216729.41165829
0.14000000 3298934120.54028368
0.14100000 3007325983.67698479
0.14200000 2743285631.54789639
0.14300000 2504039722.10244226
0.14400000 2287110510.65993547
0.14500000 2090282597.87092328
0.14600000 1911573612.03057408
0.14700000 1749208337.60520935
0.14800000 1601595865.16804552
0.14900000 1467309392.70282078
0.15000000 1345068355.63169336
0.15100000 1233722603.98776388
0.15200000 1132238380.76386094
0.15300000 1039685886.38138068
0.15400000 955228241.08170629
0.15500000 878111680.40131319
0.15600000 807656839.22488284
0.15700000 743250997.62680435
0.15800000 684341177.16080606
0.15900000 630427989.74232757
0.16000000 581060153.04857278
0.16100000 535829596.66142625
0.16200000 494367092.19218487
0.16300000 456338348.52166879
0.16400000 421440520.20947063
0.16500000 389399083.19712335
0.16600000 359965037.26032680
0.16700000 332912399.34921277
0.16800000 308035956.07459623
0.16900000 285149247.22323728
0.17000000 264082755.37798789
0.17100000 244682279.53302950
0.17200000 226807473.07693323
0.17300000 210330528.70778561
0.17400000 195134994.78062311
0.17500000 181114709.29896757
0.17600000 168172839.27644414
0.17700000 156221014.53502575
0.17800000 145178546.19410649
0.17900000 134971721.15753815
0.18000000 125533164.83990352
0.18100000 116801265.20259579
0.18200000 108719651.90700184
0.18300000 101236725.04700515
0.18400000 94305228.50560212
0.18500000 87881863.49899377
0.18600000 81926938.33339548
0.18700000 76404050.81146495
0.18800000 71279800.09237093
0.18900000 66523525.13713628
0.19000000 62107067.16341573
0.19100000 58004553.79523651
0.19200000 54192202.82688717
0.19300000 50648143.72915667
0.19400000 47352255.21320881
0.19500000 44286017.33492237
0.19600000 41432376.77266587
0.19700000 38775624.04609174
0.19800000 36301281.56429814
0.19900000 33996001.50010888
0.20000000 31847472.58457568
0.20100000 29844335.00329316
0.20200000 27976102.65477201
0.20300000 26233092.10187208
0.20400000 24606357.61098395
0.20500000 23087631.73099446
0.20600000 21669270.91574548
0.20700000 20344205.74027323
0.20800000 19105895.30312707
0.20900000 17948285.44497558
0.21000000 16865770.44793409
0.21100000 15853157.91096105
0.21200000 14905636.52461099
0.21300000 14018746.49368978
0.21400000 13188352.37921028
0.21500000 12410618.15172473
0.21600000 11681984.26683559
0.21700000 10999146.59064831
0.21800000 10359037.01830183
0.21900000 9758805.64265107
0.22000000 9195804.34281908
0.22100000 8667571.67381140
0.22200000 8171818.94880287
0.22300000 7706417.41517000
0.22400000 7269386.43394209
0.22500000 6858882.58016119
0.22600000 6473189.58875252
0.22700000 6110709.07697594
0.22800000 5769951.98041920
0.22900000 5449530.64485681
0.23000000 5148151.52118452
0.23100000 4864608.41509320
0.23200000 4597776.24720635
0.23300000 4346605.28310948
0.23400000 4110115.79607976
0.23500000 3887393.12840967
0.23600000 3677583.12003654
0.23700000 3479887.87576417
0.23800000 3293561.84471573
0.23900000 3117908.18780851
0.24000000 2952275.41100877
0.24100000 2796054.24392563
0.24200000 2648674.74495064
0.24300000 2509603.61565930
0.24400000 2378341.70857276
0.24500000 2254421.71364503
0.24600000 2137406.01000197
0.24700000 2026884.67052355
0.24800000 1922473.60783740
0.24900000 1823812.85118832
0.25000000 1730564.94447127
0.25100000 1642413.45647104
0.25200000 1559061.59504600
0.25300000 1480230.91763129
0.25400000 1405660.13102318
0.25500000 1335103.97394565
0.25600000 1268332.17639606
0.25700000 1205128.49022360
0.25800000 1145289.78581380
0.25900000 1088625.21013989
0.26000000 1034955.40179740
0.26100000 984111.75896725
0.26200000 935935.75655496
0.26300000 890278.30903232
0.26400000 846999.17576564
0.26500000 805966.40585150
0.26600000 767055.81970035
0.26700000 730150.52481020
0.26800000 695140.46335941
0.26900000 661921.98942017
0.27000000 630397.47375315
0.27100000 600474.93429159
0.27200000 572067.69055875
0.27300000 545094.04038861
0.27400000 519476.95743648
0.27500000 495143.80807327
0.27600000 472026.08635750
0.27700000 450059.16587114
0.27800000 429182.06729071
0.27900000 409337.24064470
0.28000000 390470.36128125
0.28100000 372530.13863840
0.28200000 355468.13697209
0.28300000 339238.60725550
0.28400000 323798.32951787
0.28500000 309106.46494070
0.28600000 295124.41707665
0.28700000 281815.70159899
0.28800000 269145.82403059
0.28900000 257082.16493796
0.29000000 245593.87211137
0.29100000 234651.75928365
0.29200000 224228.21097100
0.29300000 214297.09304628
0.29400000 204833.66868194
0.29500000 195814.51932323
0.29600000 187217.47037530
0.29700000 179021.52130834
0.29800000 171206.77990463
0.29900000 163754.40038929
0.30000000 156646.52520351
0.30100000 149866.23019473
0.30200000 143397.47301285
0.30300000 137225.04451533
0.30400000 131334.52299652
0.30500000 125712.23106875
0.30600000 120345.19503351
0.30700000 115221.10659148
0.30800000 110328.28674990
0.30900000 105655.65179450
0.31000000 101192.68120194
0.31100000 96929.38737635
0.31200000 92856.28710076
0.31300000 88964.37460148
0.31400000 85245.09612932
0.31500000 81690.32596801
0.31600000 78292.34378545
0.31700000 75043.81324875
0.31800000 71937.76182893
0.31900000 68967.56172563
0.32000000 66126.91184653
0.32100000 63409.82078019
0.32200000 60810.59070454
0.32300000 58323.80217724
0.32400000 55944.29975681
0.32500000 53667.17840689
0.32600000 51487.77063890
0.32700000 49401.63435070
0.32800000 47404.54132183
0.32900000 45492.46632793
0.33000000 43661.57683928
0.33100000 41908.22327064
0.33200000 40228.92975117
0.33300000 38620.38538541
0.33400000 37079.43597774
0.33500000 35603.07619456
0.33600000 34188.44213974
0.33700000 32832.80432049
0.33800000 31533.56098210
0.33900000 30288.23179110
0.34000000 29094.45184772
0.34100000 27949.96600971
0.34200000 26852.62351027
0.34300000 25800.37285432
0.34400000 24791.25697780
0.34500000 23823.40865573
0.34600000 22895.04614574
0.34700000 22004.46905426
0.34800000 21150.05441339
0.34900000 20330.25295719
0.35000000 19543.58558681
0.35100000 18788.64001422
0.35200000 18064.06757521
0.35300000 17368.58020257
0.35400000 16700.94755107
0.35500000 16059.99426620
0.35600000 15444.59738906
0.35700000 14853.68389036
0.35800000 14286.22832674
0.35900000 13741.25061293
0.36000000 13217.81390397
0.36100000 12715.02258145
0.36200000 12232.02033871
0.36300000 11767.98835968
0.36400000 11322.14358661
0.36500000 10893.73707218
0.36600000 10482.05241154
0.36700000 10086.40425037
0.36800000 9706.13686496
0.36900000 9340.62281067
0.37000000 8989.26163535
0.37100000 8651.47865449
0.37200000 8326.72378477
0.37300000 8014.47043336
0.37400000 7714.21444000
0.37500000 7425.47306922
0.37600000 7147.78405028
0.37700000 6880.70466243
0.37800000 6623.81086322
0.37900000 6376.69645772
0.38000000 6138.97230666
0.38100000 5910.26557158
0.38200000 5690.21899517
0.38300000 5478.49021500
0.38400000 5274.75110915
0.38500000 5078.68717207
0.38600000 4889.99691925
0.38700000 4708.39131925
0.38800000 4533.59325189
0.38900000 4365.33699117
0.39000000 4203.36771189
0.39100000 4047.44101870
0.39200000 3897.32249658
0.39300000 3752.78728175
0.39400000 3613.61965191
0.39500000 3479.61263509
0.39600000 3350.56763600
0.39700000 3226.29407924
0.39800000 3106.60906847
0.39900000 2991.33706086
0.40000000 2880.30955597
0.40100000 2773.36479859
0.40200000 2670.34749470
0.40300000 2571.10853999
0.40400000 2475.50476046
0.40500000 2383.39866440
0.40600000 2294.65820525
0.40700000 2209.15655495
0.40800000 2126.77188712
0.40900000 2047.38716980
0.41000000 1970.88996714
0.41100000 1897.17224976
0.41200000 1826.13021332
0.41300000 1757.66410496
0.41400000 1691.67805721
0.41500000 1628.07992908
0.41600000 1566.78115394
0.41700000 1507.69659399
0.41800000 1450.74440090
0.41900000 1395.84588241
0.42000000 1342.92537465
0.42100000 1291.91011985
0.42200000 1242.73014925
0.42300000 1195.31817096
0.42400000 1149.60946258
0.42500000 1105.54176829
0.42600000 1063.05520035
0.42700000 1022.09214462
0.42800000 982.59717016
0.42900000 944.51694253
0.43000000 907.80014068
0.43100000 872.39737740
0.43200000 838.26112295
0.43300000 805.34563196
0.43400000 773.60687325
0.43500000 743.00246264
0.43600000 713.49159846
0.43700000 685.03499974
0.43800000 657.59484689
0.43900000 631.13472488
0.44000000 605.61956869
0.44100000 581.01561095
0.44200000 557.29033180
0.44300000 534.41241068
0.44400000 512.35168015
0.44500000 491.07908153
0.44600000 470.56662238
0.44700000 450.78733558
0.44800000 431.71524021
0.44900000 413.32530385
0.45000000 395.59340649
0.45100000 378.49630583
0.45200000 362.01160395
0.45300000 346.11771538
0.45400000 330.79383631
0.45500000 316.01991516
0.45600000 301.77662422
0.45700000 288.04533242
0.45800000 274.80807921
0.45900000 262.04754941
0.46000000 249.74704911
0.46100000 237.89048245
0.46200000 226.46232936
0.46300000 215.44762413
0.46400000 204.83193482
0.46500000 194.60134351
0.46600000 184.74242723
0.46700000 175.24223973
0.46800000 166.08829385
0.46900000 157.26854469
0.47000000 148.77137329
0.47100000 140.58557105
0.47200000 132.70032469
0.47300000 125.10520179
0.47400000 117.79013690
0.47500000 110.74541817
0.47600000 103.96167449
0.47700000 97.42986308
0.47800000 91.14125764
0.47900000 85.08743688
0.48000000 79.26027344
0.48100000 73.65192339
0.48200000 68.25481591
0.48300000 63.06164355
0.48400000 58.06535272
0.48500000 53.25913463
0.48600000 48.63641648
0.48700000 44.19085308
0.48800000 39.91631868
0.48900000 35.80689917
0.49000000 31.85688455
0.49100000 28.06076167
0.49200000 24.41320729
0.49300000 20.90908128
0.49400000 17.54342019
0.49500000 14.31143103
0.49600000 11.20848520
0.49700000 8.23011276
0.49800000 5.37199680
0.49900000 2.62996812
0.50000000 -0.00000000
0.50100000 -12.95754087
0.50200000 -25.14368081
0.50300000 -36.58746122
0.50400000 -47.31712540
0.50500000 -57.36013459
0.50600000 -66.74318388
0.50700000 -75.49221778
0.50800000 -83.63244569
0.50900000 -91.18835708
0.51000000 -98.18373650
0.51100000 -104.64167837
0.51200000 -110.58460156
0.51300000 -116.03426374
0.51400000 -121.01177557
0.51500000 -125.53761468
0.51600000 -129.63163937
0.51700000 -133.31310224
0.51800000 -136.60066351
0.51900000 -139.51240419
0.52000000 -142.06583905
0.52100000 -144.27792939
0.52200000 -146.16509563
0.52300000 -147.74322966
0.52400000 -149.02770707
0.52500000 -150.03339917
0.52600000 -150.77468474
0.52700000 -151.26546174
0.52800000 -151.51915871
0.52900000 -151.54874607
0.53000000 -151.36674714
0.53100000 -150.98524914
0.53200000 -150.41591380
0.53300000 -149.66998803
0.53400000 -148.75831417
0.53500000 -147.69134029
0.53600000 -146.47913014
0.53700000 -145.13137303
0.53800000 -143.65739354
0.53900000 -142.06616098
0.54000000 -140.36629878
0.54100000 -138.56609366
0.54200000 -136.67350464
0.54300000 -134.69617189
0.54400000 -132.64142547
0.54500000 -130.51629379
0.54600000 -128.32751206
0.54700000 -126.08153047
0.54800000 -123.78452225
0.54900000 -121.44239162
0.55000000 -119.06078150
0.55100000 -116.64508117
0.55200000 -114.20043368
0.55300000 -111.73174321
0.55400000 -109.24368219
0.55500000 -106.74069836
0.55600000 -104.22702162
0.55700000 -101.70667078
0.55800000 -99.18346017
0.55900000 -96.66100605
0.56000000 -94.14273298
0.56100000 -91.63187997
0.56200000 -89.13150656
0.56300000 -86.64449869
0.56400000 -84.17357454
0.56500000 -81.72129014
0.56600000 -79.29004493
0.56700000 -76.88208712
0.56800000 -74.49951901
0.56900000 -72.14430211
0.57000000 -69.81826217
0.57100000 -67.52309407
0.57200000 -65.26036667
0.57300000 -63.03152740
0.57400000 -60.83790685
0.57500000 -58.68072321
0.57600000 -56.56108658
0.57700000 -54.48000318
0.57800000 -52.43837946
0.57900000 -50.43702607
0.58000000 -48.47666178
0.58100000 -46.55791720
0.58200000 -44.68133851
0.58300000 -42.84739099
0.58400000 -41.05646249
0.58500000 -39.30886682
0.58600000 -37.60484697
0.58700000 -35.94457833
0.58800000 -34.32817173
0.58900000 -32.75567643
0.59000000 -31.22708300
0.59100000 -29.74232611
0.59200000 -28.30128726
0.59300000 -26.90379736
0.59400000 -25.54963927
0.59500000 -24.23855026
0.59600000 -22.97022433
0.59700000 -21.74431454
0.59800000 -20.56043514
0.59900000 -19.41816374
0.60000000 -18.31704331
0.60100000 -17.25658415
0.60200000 -16.23626577
0.60300000 -15.25553874
0.60400000 -14.31382634
0.60500000 -13.41052632
0.60600000 -12.54501243
0.60700000 -11.71663600
0.60800000 -10.92472736
0.60900000 -10.16859727
0.61000000 -9.44753822
0.61100000 -8.76082574
0.61200000 -8.10771960
0.61300000 -7.48746494
0.61400000 -6.89929338
0.61500000 -6.34242409
0.61600000 -5.81606471
0.61700000 -5.31941234
0.61800000 -4.85165439
0.61900000 -4.41196941
0.62000000 -3.99952787
0.62100000 -3.61349292
0.62200000 -3.25302104
0.62300000 -2.91726270
0.62400000 -2.60536296
0.62500000 -2.31646202
0.62600000 -2.04969576
0.62700000 -1.80419621
0.62800000 -1.57909198
0.62900000 -1.37350867
0.63000000 -1.18656927
0.63100000 -1.01739449
0.63200000 -0.86510305
0.63300000 -0.72881197
0.63400000 -0.60763686
0.63500000 -0.50069210
0.63600000 -0.40709104
0.63700000 -0.32594622
0.63800000 -0.25636949
0.63900000 -0.19747216
0.64000000 -0.14836512
0.64100000 -0.10815891
0.64200000 -0.07596383
0.64300000 -0.05089000
0.64400000 -0.03204742
0.64500000 -0.01854598
0.64600000 -0.00949555
0.64700000 -0.00400594
0.64800000 -0.00118694
0.64900000 -0.00014837
0.65000000 0.00000000
0.65100000 0.06020830
0.65200000 0.12041695
0.65300000 0.18062774
0.65400000 0.24084530
0.65500000 0.30107851
0.65600000 0.36134189
0.65700000 0.42165700
0.65800000 0.48205375
0.65900000 0.54257172
0.66000000 0.60326146
0.66100000 0.66418568
0.66200000 0.72542044
0.66300000 0.78705630
0.66400000 0.84919935
0.66500000 0.91197219
0.66600000 0.97551483
0.66700000 1.03998553
0.66800000 1.10556146
0.66900000 1.17243930
0.67000000 1.24083568
0.67100000 1.31098747
0.67200000 1.38315186
0.67300000 1.45760631
0.67400000 1.53464817
0.67500000 1.61459407
0.67600000 1.69777902
0.67700000 1.78455514
0.67800000 1.87528994
0.67900000 1.97036425
0.68000000 2.07016952
0.68100000 2.17510466
0.68200000 2.28557211
0.68300000 2.40197336
0.68400000 2.52470361
0.68500000 2.65414564
0.68600000 2.79066279
0.68700000 2.93459111
0.68800000 3.08623047
0.68900000 3.24583484
0.69000000 3.41360161
0.69100000 3.58966015
0.69200000 3.77405958
0.69300000 3.96675601
0.69400000 4.16759952
0.69500000 4.37632099
0.69600000 4.59251934
0.69700000 4.81564939
0.69800000 5.04501111
0.69900000 5.27974055
0.70000000 5.51880315
0.70100000 5.76099020
0.70200000 6.00491880
0.70300000 6.24903622
0.70400000 6.49162904
0.70500000 6.73083748
0.70600000 6.96467529
0.70700000 7.19105527
0.70800000 7.40782012
0.70900000 7.61277835
0.71000000 7.80374444
0.71100000 7.97858229
0.71200000 8.13525061
0.71300000 8.27184888
0.71400000 8.38666211
0.71500000 8.47820282
0.71600000 8.54524840
0.71700000 8.58687237
0.71800000 8.60246819
0.71900000 8.59176447
0.72000000 8.55483116
0.72100000 8.49207621
0.72200000 8.40423312
0.72300000 8.29233993
0.72400000 8.15771065
0.72500000 8.00190047
0.72600000 7.82666626
0.72700000 7.63392400
0.72800000 7.42570485
0.72900000 7.20411134
0.73000000 6.97127520
0.73100000 6.72931814
0.73200000 6.48031631
0.73300000 6.22626939
0.73400000 5.96907466
0.73500000 5.71050619
0.73600000 5.45219916
0.73700000 5.19563916
0.73800000 4.94215593
0.73900000 4.69292120
0.74000000 4.44895007
0.74100000 4.21110529
0.74200000 3.98010395
0.74300000 3.75652597
0.74400000 3.54082396
0.74500000 3.33333383
0.74600000 3.13428598
0.74700000 2.94381652
0.74800000 2.76197841
0.74900000 2.58875217
0.75000000 2.42405610
0.75100000 2.26775582
0.75200000 2.11967309
0.75300000 1.97959387
0.75400000 1.84727558
0.75500000 1.72245356
0.75600000 1.60484685
0.75700000 1.49416312
0.75800000 1.39010311
0.75900000 1.29236422
0.76000000 1.20064377
0.76100000 1.11464155
0.76200000 1.03406201
0.76300000 0.95861603
0.76400000 0.88802233
0.76500000 0.82200851
0.76600000 0.76031190
0.76700000 0.70268014
0.76800000 0.64887153
0.76900000 0.59865530
0.77000000 0.55181161
0.77100000 0.50813158
0.77200000 0.46741709
0.77300000 0.42948061
0.77400000 0.39414494
0.77500000 0.36124284
0.77600000 0.33061671
0.77700000 0.30211823
0.77800000 0.27560792
0.77900000 0.25095478
0.78000000 0.22803587
0.78100000 0.20673591
0.78200000 0.18694686
0.78300000 0.16856754
0.78400000 0.15150328
0.78500000 0.13566549
0.78600000 0.12097135
0.78700000 0.10734346
0.78800000 0.09470949
0.78900000 0.08300188
0.79000000 0.07215757
0.79100000 0.06211768
0.79200000 0.05282726
0.79300000 0.04423502
0.79400000 0.03629315
0.79500000 0.02895700
0.79600000 0.02218498
0.79700000 0.01593825
0.79800000 0.01018063
0.79900000 0.00487837
0.80000000 0.00000000
0.80100000 -0.00448381
0.80200000 -0.00860042
0.80300000 -0.01237533
0.80400000 -0.01583231
0.80500000 -0.01899351
0.80600000 -0.02187961
0.80700000 -0.02450985
0.80800000 -0.02690219
0.80900000 -0.02907338
0.81000000 -0.03103902
0.81100000 -0.03281364
0.81200000 -0.03441083
0.81300000 -0.03584321
0.81400000 -0.03712259
0.81500000 -0.03825994
0.81600000 -0.03926551
0.81700000 -0.04014886
0.81800000 -0.04091889
0.81900000 -0.04158391
0.82000000 -0.04215165
0.82100000 -0.04262934
0.82200000 -0.04302370
0.82300000 -0.04334100
0.82400000 -0.04358709
0.82500000 -0.04376743
0.82600000 -0.04388709
0.82700000 -0.04395081
0.82800000 -0.04396300
0.82900000 -0.04392778
0.83000000 -0.04384897
0.83100000 -0.04373016
0.83200000 -0.04357467
0.83300000 -0.04338560
0.83400000 -0.04316583
0.83500000 -0.04291806
0.83600000 -0.04264479
0.83700000 -0.04234835
0.83800000 -0.04203090
0.83900000 -0.04169448
0.84000000 -0.04134095
0.84100000 -0.04097207
0.84200000 -0.04058945
0.84300000 -0.04019460
0.84400000 -0.03978894
0.84500000 -0.03937375
0.84600000 -0.03895025
0.84700000 -0.03851957
0.84800000 -0.03808273
0.84900000 -0.03764071
0.85000000 -0.03719440
0.85100000 -0.03674463
0.85200000 -0.03629216
0.85300000 -0.03583771
0.85400000 -0.03538191
0.85500000 -0.03492539
0.85600000 -0.03446869
0.85700000 -0.03401232
0.85800000 -0.03355677
0.85900000 -0.03310246
0.86000000 -0.03264979
0.86100000 -0.03219913
0.86200000 -0.03175080
0.86300000 -0.03130512
0.86400000 -0.03086236
0.86500000 -0.03042277
0.86600000 -0.02998659
0.86700000 -0.02955402
0.86800000 -0.02912525
0.86900000 -0.02870044
0.87000000 -0.02827975
0.87100000 -0.02786331
0.87200000 -0.02745123
0.87300000 -0.02704364
0.87400000 -0.02664060
0.87500000 -0.02624221
0.87600000 -0.02584853
0.87700000 -0.02545961
0.87800000 -0.02507552
0.87900000 -0.02469627
0.88000000 -0.02432191
0.88100000 -0.02395246
0.88200000 -0.02358792
0.88300000 -0.02322831
0.88400000 -0.02287364
0.88500000 -0.02252388
0.88600000 -0.02217905
0.88700000 -0.02183912
0.88800000 -0.02150407
0.88900000 -0.02117389
0.89000000 -0.02084855
0.89100000 -0.02052801
0.89200000 -0.02021225
0.89300000 -0.01990123
0.89400000 -0.01959491
0.89500000 -0.01929325
0.89600000 -0.01899622
0.89700000 -0.01870376
0.89800000 -0.01841583
0.89900000 -0.01813239
0.90000000 -0.01785338
0.90100000 -0.01757876
0.90200000 -0.01730847
0.90300000 -0.01704246
0.90400000 -0.01678069
0.90500000 -0.01652309
0.90600000 -0.01626962
0.90700000 -0.01602022
0.90800000 -0.01577483
0.90900000 -0.01553341
0.91000000 -0.01529590
0.91100000 -0.01506223
0.91200000 -0.01483237
0.91300000 -0.01460625
0.91400000 -0.01438381
0.91500000 -0.01416501
0.91600000 -0.01394980
0.91700000 -0.01373810
0.91800000 -0.01352988
0.91900000 -0.01332508
0.92000000 -0.01312364
0.92100000 -0.01292552
0.92200000 -0.01273066
0.92300000 -0.01253900
0.92400000 -0.01235051
0.92500000 -0.01216512
0.92600000 -0.01198279
0.92700000 -0.01180347
0.92800000 -0.01162710
0.92900000 -0.01145365
0.93000000 -0.01128306
0.93100000 -0.01111528
0.93200000 -0.01095027
0.93300000 -0.01078798
0.93400000 -0.01062837
0.93500000 -0.01047139
0.93600000 -0.01031700
0.93700000 -0.01016514
0.93800000 -0.01001579
0.93900000 -0.00986890
0.94000000 -0.00972442
0.94100000 -0.00958231
0.94200000 -0.00944254
0.94300000 -0.00930506
0.94400000 -0.00916984
0.94500000 -0.00903683
0.94600000 -0.00890600
0.94700000 -0.00877730
0.94800000 -0.00865071
0.94900000 -0.00852619
0.95000000 -0.00840370
0.95100000 -0.00828320
0.95200000 -0.00816466
0.95300000 -0.00804805
0.95400000 -0.00793333
0.95500000 -0.00782047
0.95600000 -0.00770944
0.95700000 -0.00760021
0.95800000 -0.00749274
0.95900000 -0.00738700
0.96000000 -0.00728297
0.96100000 -0.00718061
0.96200000 -0.00707989
0.96300000 -0.00698080
0.96400000 -0.00688329
0.96500000 -0.00678734
0.96600000 -0.00669292
0.96700000 -0.00660001
0.96800000 -0.00650858
0.96900000 -0.00641861
0.97000000 -0.00633006
0.97100000 -0.00624292
0.97200000 -0.00615716
0.97300000 -0.00607275
0.97400000 -0.00598968
0.97500000 -0.00590791
0.97600000 -0.00582743
0.97700000 -0.00574822
0.97800000 -0.00567025
0.97900000 -0.00559350
0.98000000 -0.00551795
0.98100000 -0.00544358
0.98200000 -0.00537036
0.98300000 -0.00529829
0.98400000 -0.00522733
0.98500000 -0.00515748
0.98600000 -0.00508870
0.98700000 -0.00502099
0.98800000 -0.00495432
0.98900000 -0.00488868
0.99000000 -0.00482405
0.99100000 -0.00476041
0.99200000 -0.00469774
0.99300000 -0.00463603
0.99400000 -0.00457526
0.99500000 -0.00451542
0.99600000 -0.00445648
0.99700000 -0.00439844
0.99800000 -0.00434128
0.99900000 -0.00428499
1.00000000 -0.00422954
1.00100000 -0.00417493
1.00200000 -0.00412114
1.00300000 -0.00406816
1.00400000 -0.00401597
1.00500000 -0.00396456
1.00600000 -0.00391392
1.00700000 -0.00386403
1.00800000 -0.00381489
1.00900000 -0.00376647
1.01000000 -0.00371877
1.01100000 -0.00367178
1.01200000 -0.00362548
1.01300000 -0.00357986
1.01400000 -0.00353491
1.01500000 -0.00349063
1.01600000 -0.00344699
1.01700000 -0.00340398
1.01800000 -0.00336161
1.01900000 -0.00331985
1.02000000 -0.00327870
1.02100000 -0.00323815
1.02200000 -0.00319818
1.02300000 -0.00315880
1.02400000 -0.00311998
1.02500000 -0.00308171
1.02600000 -0.00304400
1.02700000 -0.00300683
1.02800000 -0.00297019
1.02900000 -0.00293408
1.03000000 -0.00289848
1.03100000 -0.00286338
1.03200000 -0.00282879
1.03300000 -0.00279468
1.03400000 -0.00276106
1.03500000 -0.00272791
1.03600000 -0.00269523
1.03700000 -0.00266301
1.03800000 -0.00263124
1.03900000 -0.00259992
1.04000000 -0.00256903
1.04100000 -0.00253857
1.04200000 -0.00250854
1.04300000 -0.00247893
1.04400000 -0.00244973
1.04500000 -0.00242093
1.04600000 -0.00239253
1.04700000 -0.00236453
1.04800000 -0.00233690
1.04900000 -0.00230966
1.05000000 -0.00228279
1.05100000 -0.00225629
1.05200000 -0.00223015
1.05300000 -0.00220437
1.05400000 -0.00217894
1.05500000 -0.00215385
1.05600000 -0.00212911
1.05700000 -0.00210470
1.05800000 -0.00208062
1.05900000 -0.00205686
1.06000000 -0.00203342
1.06100000 -0.00201030
1.06200000 -0.00198749
1.06300000 -0.00196498
1.06400000 -0.00194277
1.06500000 -0.00192086
1.06600000 -0.00189924
1.06700000 -0.00187791
1.06800000 -0.00185686
1.06900000 -0.00183609
1.07000000 -0.00181559
1.07100000 -0.00179536
1.07200000 -0.00177540
1.07300000 -0.00175570
1.07400000 -0.00173626
1.07500000 -0.00171707
1.07600000 -0.00169814
1.07700000 -0.00167945
1.07800000 -0.00166100
1.07900000 -0.00164279
1.08000000 -0.00162482
1.08100000 -0.00160708
1.08200000 -0.00158957
1.08300000 -0.00157228
1.08400000 -0.00155522
1.08500000 -0.00153837
1.08600000 -0.00152174
1.08700000 -0.00150532
1.08800000 -0.00148912
1.08900000 -0.00147312
1.09000000 -0.00145732
1.09100000 -0.00144172
1.09200000 -0.00142632
1.09300000 -0.00141111
1.09400000 -0.00139610
1.09500000 -0.00138127
1.09600000 -0.00136664
1.09700000 -0.00135218
1.09800000 -0.00133791
1.09900000 -0.00132381
1.10000000 -0.00130989
1.10100000 -0.00129614
1.10200000 -0.00128256
1.10300000 -0.00126916
1.10400000 -0.00125591
1.10500000 -0.00124284
1.10600000 -0.00122992
1.10700000 -0.00121716
1.10800000 -0.00120456
1.10900000 -0.00119211
1.11000000 -0.00117982
1.11100000 -0.00116767
1.11200000 -0.00115567
1.11300000 -0.00114382
1.11400000 -0.00113212
1.11500000 -0.00112055
1.11600000 -0.00110913
1.11700000 -0.00109784
1.11800000 -0.00108669
1.11900000 -0.00107567
1.12000000 -0.00106479
1.12100000 -0.00105403
1.12200000 -0.00104341
1.12300000 -0.00103291
1.12400000 -0.00102254
1.12500000 -0.00101229
1.12600000 -0.00100216
1.12700000 -0.00099215
1.12800000 -0.00098227
1.12900000 -0.00097249
1.13000000 -0.00096284
1.13100000 -0.00095329
1.13200000 -0.00094386
1.13300000 -0.00093454
1.13400000 -0.00092533
1.13500000 -0.00091623
1.13600000 -0.00090723
1.13700000 -0.00089834
1.13800000 -0.00088955
1.13900000 -0.00088086
1.14000000 -0.00087228
1.14100000 -0.00086379
1.14200000 -0.00085540
1.14300000 -0.00084711
1.14400000 -0.00083891
1.14500000 -0.00083081
1.14600000 -0.00082280
1.14700000 -0.00081488
1.14800000 -0.00080706
1.14900000 -0.00079932
1.15000000 -0.00079167
1.15100000 -0.00078410
1.15200000 -0.00077663
1.15300000 -0.00076923
1.15400000 -0.00076192
1.15500000 -0.00075470
1.15600000 -0.00074755
1.15700000 -0.00074049
1.15800000 -0.00073350
1.15900000 -0.00072659
1.16000000 -0.00071976
1.16100000 -0.00071301
1.16200000 -0.00070633
1.16300000 -0.00069973
1.16400000 -0.00069320
1.16500000 -0.00068674
1.16600000 -0.00068035
1.16700000 -0.00067404
1.16800000 -0.00066779
1.16900000 -0.00066161
1.17000000 -0.00065550
1.17100000 -0.00064946
1.17200000 -0.00064348
1.17300000 -0.00063757
1.17400000 -0.00063172
1.17500000 -0.00062594
1.17600000 -0.00062022
1.17700000 -0.00061456
1.17800000 -0.00060896
1.17900000 -0.00060343
1.18000000 -0.00059795
1.18100000 -0.00059254
1.18200000 -0.00058718
1.18300000 -0.00058188
1.18400000 -0.00057663
1.18500000 -0.00057144
1.18600000 -0.00056631
1.18700000 -0.00056123
1.18800000 -0.00055621
1.18900000 -0.00055124
1.19000000 -0.00054632
1.19100000 -0.00054146
1.19200000 -0.00053664
1.19300000 -0.00053188
1.19400000 -0.00052717
1.19500000 -0.00052251
1.19600000 -0.00051789
1.19700000 -0.00051333
1.19800000 -0.00050881
1.19900000 -0.00050434
1.20000000 -0.00049992
1.20100000 -0.00049554
1.20200000 -0.00049121
1.20300000 -0.00048692
1.20400000 -0.00048268
1.20500000 -0.00047848
1.20600000 -0.00047433
1.20700000 -0.00047022
1.20800000 -0.00046615
1.20900000 -0.00046212
1.21000000 -0.00045813
1.21100000 -0.00045419
1.21200000 -0.00045028
1.21300000 -0.00044642
1.21400000 -0.00044260
1.21500000 -0.00043881
1.21600000 -0.00043506
1.21700000 -0.00043135
1.21800000 -0.00042768
1.21900000 -0.00042405
1.22000000 -0.00042045
1.22100000 -0.00041689
1.22200000 -0.00041336
1.22300000 -0.00040987
1.22400000 -0.00040642
1.22500000 -0.00040300
1.22600000 -0.00039961
1.22700000 -0.00039626
1.22800000 -0.00039294
1.22900000 -0.00038965
1.23000000 -0.00038640
1.23100000 -0.00038318
1.23200000 -0.00037999
1.23300000 -0.00037684
1.23400000 -0.00037371
1.23500000 -0.00037062
1.23600000 -0.00036755
1.23700000 -0.00036452
1.23800000 -0.00036151
1.23900000 -0.00035854
1.24000000 -0.00035559
1.24100000 -0.00035268
1.24200000 -0.00034979
1.24300000 -0.00034693
1.24400000 -0.00034410
1.24500000 -0.00034129
1.24600000 -0.00033851
1.24700000 -0.00033576
1.24800000 -0.00033304
1.24900000 -0.00033034
1.25000000 -0.00032767
1.25100000 -0.00032503
1.25200000 -0.00032241
1.25300000 -0.00031981
1.25400000 -0.00031724
1.25500000 -0.00031469
1.25600000 -0.00031217
1.25700000 -0.00030968
1.25800000 -0.00030720
1.25900000 -0.00030475
1.26000000 -0.00030233
1.26100000 -0.00029992
1.26200000 -0.00029754
1.26300000 -0.00029518
1.26400000 -0.00029285
1.26500000 -0.00029053
1.26600000 -0.00028824
1.26700000 -0.00028597
1.26800000 -0.00028372
1.26900000 -0.00028150
1.27000000 -0.00027929
1.27100000 -0.00027710
1.27200000 -0.00027494
1.27300000 -0.00027279
1.27400000 -0.00027066
1.27500000 -0.00026856
1.27600000 -0.00026647
1.27700000 -0.00026440
1.27800000 -0.00026235
1.27900000 -0.00026033
1.28000000 -0.00025831
1.28100000 -0.00025632
1.28200000 -0.00025435
1.28300000 -0.00025239
1.28400000 -0.00025046
1.28500000 -0.00024854
1.28600000 -0.00024663
1.28700000 -0.00024475
1.28800000 -0.00024288
1.28900000 -0.00024103
1.29000000 -0.00023919
1.29100000 -0.00023738
1.29200000 -0.00023558
1.29300000 -0.00023379
1.29400000 -0.00023202
1.29500000 -0.00023027
1.29600000 -0.00022853
1.29700000 -0.00022681
1.29800000 -0.00022511
1.29900000 -0.00022342
1.30000000 -0.00022174
1.30100000 -0.00022008
1.30200000 -0.00021844
1.30300000 -0.00021681
1.30400000 -0.00021519
1.30500000 -0.00021359
1.30600000 -0.00021200
1.30700000 -0.00021043
1.30800000 -0.00020887
1.30900000 -0.00020732
1.31000000 -0.00020579
1.31100000 -0.00020427
1.31200000 -0.00020276
1.31300000 -0.00020127
1.31400000 -0.00019979
1.31500000 -0.00019833
1.31600000 -0.00019687
1.31700000 -0.00019543
1.31800000 -0.00019401
1.31900000 -0.00019259
1.32000000 -0.00019119
1.32100000 -0.00018980
1.32200000 -0.00018842
1.32300000 -0.00018705
1.32400000 -0.00018570
1.32500000 -0.00018435
1.32600000 -0.00018302
1.32700000 -0.00018170
1.32800000 -0.00018039
1.32900000 -0.00017909
1.33000000 -0.00017781
1.33100000 -0.00017653
1.33200000 -0.00017527
1.33300000 -0.00017401
1.33400000 -0.00017277
1.33500000 -0.00017154
1.33600000 -0.00017032
1.33700000 -0.00016911
1.33800000 -0.00016790
1.33900000 -0.00016671
1.34000000 -0.00016553
1.34100000 -0.00016436
1.34200000 -0.00016320
1.34300000 -0.00016205
1.34400000 -0.00016091
1.34500000 -0.00015978
1.34600000 -0.00015865
1.34700000 -0.00015754
1.34800000 -0.00015644
1.34900000 -0.00015534
1.35000000 -0.00015426
1.35100000 -0.00015318
1.35200000 -0.00015211
1.35300000 -0.00015105
1.35400000 -0.00015000
1.35500000 -0.00014896
1.35600000 -0.00014793
1.35700000 -0.00014691
1.35800000 -0.00014589
1.35900000 -0.00014488
1.36000000 -0.00014389
1.36100000 -0.00014290
1.36200000 -0.00014191
1.36300000 -0.00014094
1.36400000 -0.00013997
1.36500000 -0.00013901
1.36600000 -0.00013806
1.36700000 -0.00013712
1.36800000 -0.00013619
1.36900000 -0.00013526
1.37000000 -0.00013434
1.37100000 -0.00013343
1.37200000 -0.00013252
1.37300000 -0.00013162
1.37400000 -0.00013073
1.37500000 -0.00012985
1.37600000 -0.00012897
1.37700000 -0.00012811
1.37800000 -0.00012724
1.37900000 -0.00012639
1.38000000 -0.00012554
1.38100000 -0.00012470
1.38200000 -0.00012386
1.38300000 -0.00012304
1.38400000 -0.00012221
1.38500000 -0.00012140
1.38600000 -0.00012059
1.38700000 -0.00011979
1.38800000 -0.00011899
1.38900000 -0.00011820
1.39000000 -0.00011742
1.39100000 -0.00011664
1.39200000 -0.00011587
1.39300000 -0.00011511
1.39400000 -0.00011435
1.39500000 -0.00011360
1.39600000 -0.00011285
1.39700000 -0.00011211
1.39800000 -0.00011137
1.39900000 -0.00011065
1.40000000 -0.00010992
1.40100000 -0.00010920
1.40200000 -0.00010849
1.40300000 -0.00010779
1.40400000 -0.00010708
1.40500000 -0.00010639
1.40600000 -0.00010570
1.40700000 -0.00010501
1.40800000 -0.00010433
1.40900000 -0.00010366
1.41000000 -0.00010299
1.41100000 -0.00010233
1.41200000 -0.00010167
1.41300000 -0.00010101
1.41400000 -0.00010036
1.41500000 -0.00009972
1.41600000 -0.00009908
1.41700000 -0.00009845
1.41800000 -0.00009782
1.41900000 -0.00009719
1.42000000 -0.00009657
1.42100000 -0.00009596
1.42200000 -0.00009535
1.42300000 -0.00009474
1.42400000 -0.00009414
1.42500000 -0.00009354
1.42600000 -0.00009295
1.42700000 -0.00009237
1.42800000 -0.00009178
1.42900000 -0.00009120
1.43000000 -0.00009063
1.43100000 -0.00009006
1.43200000 -0.00008949
1.43300000 -0.00008893
1.43400000 -0.00008837
1.43500000 -0.00008782
1.43600000 -0.00008727
1.43700000 -0.00008673
1.43800000 -0.00008619
1.43900000 -0.00008565
1.44000000 -0.00008512
1.44100000 -0.00008459
1.44200000 -0.00008406
1.44300000 -0.00008354
1.44400000 -0.00008303
1.44500000 -0.00008251
1.44600000 -0.00008200
1.44700000 -0.00008150
1.44800000 -0.00008100
1.44900000 -0.00008050
1.45000000 -0.00008000
1.45100000 -0.00007951
1.45200000 -0.00007902
1.45300000 -0.00007854
1.45400000 -0.00007806
1.45500000 -0.00007758
1.45600000 -0.00007711
1.45700000 -0.00007664
1.45800000 -0.00007617
1.45900000 -0.00007571
1.46000000 -0.00007525
1.46100000 -0.00007480
1.46200000 -0.00007434
1.46300000 -0.00007389
1.46400000 -0.00007345
1.46500000 -0.00007300
1.46600000 -0.00007256
1.46700000 -0.00007213
1.46800000 -0.00007169
1.46900000 -0.00007126
1.47000000 -0.00007083
1.47100000 -0.00007041
1.47200000 -0.00006999
1.47300000 -0.00006957
1.47400000 -0.00006915
1.47500000 -0.00006874
1.47600000 -0.00006833
1.47700000 -0.00006793
1.47800000 -0.00006752
1.47900000 -0.00006712
1.48000000 -0.00006672
1.48100000 -0.00006633
1.48200000 -0.00006594
1.48300000 -0.00006555
1.48400000 -0.00006516
1.48500000 -0.00006477
1.48600000 -0.00006439
1.48700000 -0.00006401
1.48800000 -0.00006364
1.48900000 -0.00006327
1.49000000 -0.00006289
1.49100000 -0.00006253
1.49200000 -0.00006216
1.49300000 -0.00006180
1.49400000 -0.00006144
1.49500000 -0.00006108
1.49600000 -0.00006072
1.49700000 -0.00006037
1.49800000 -0.00006002
1.49900000 -0.00005967
1.50000000 -0.00005933
1.50100000 -0.00005898
1.50200000 -0.00005864
1.50300000 -0.00005830
1.50400000 -0.00005797
1.50500000 -0.00005763
1.50600000 -0.00005730
1.50700000 -0.00005697
1.50800000 -0.00005664
1.50900000 -0.00005632
1.51000000 -0.00005600
1.51100000 -0.00005568
1.51200000 -0.00005536
1.51300000 -0.00005504
1.51400000 -0.00005473
1.51500000 -0.00005442
1.51600000 -0.00005411
1.51700000 -0.00005380
1.51800000 -0.00005349
1.51900000 -0.00005319
1.52000000 -0.00005289
1.52100000 -0.00005259
1.52200000 -0.00005229
1.52300000 -0.00005200
1.52400000 -0.00005170
1.52500000 -0.00005141
1.52600000 -0.00005112
1.52700000 -0.00005084
1.52800000 -0.00005055
1.52900000 -0.00005027
1.53000000 -0.00004999
1.53100000 -0.00004971
1.53200000 -0.00004943
1.53300000 -0.00004915
1.53400000 -0.00004888
1.53500000 -0.00004861
1.53600000 -0.00004834
1.53700000 -0.00004807
1.53800000 -0.00004780
1.53900000 -0.00004754
1.54000000 -0.00004727
1.54100000 -0.00004701
1.54200000 -0.00004675
1.54300000 -0.00004649
1.54400000 -0.00004624
1.54500000 -0.00004598
1.54600000 -0.00004573
1.54700000 -0.00004548
1.54800000 -0.00004523
1.54900000 -0.00004498
1.55000000 -0.00004473
1.55100000 -0.00004449
1.55200000 -0.00004424
1.55300000 -0.00004400
1.55400000 -0.00004376
1.55500000 -0.00004352
1.55600000 -0.00004329
1.55700000 -0.00004305
1.55800000 -0.00004282
1.55900000 -0.00004258
1.56000000 -0.00004235
1.56100000 -0.00004212
1.56200000 -0.00004190
1.56300000 -0.00004167
1.56400000 -0.00004145
1.56500000 -0.00004122
1.56600000 -0.00004100
1.56700000 -0.00004078
1.56800000 -0.00004056
1.56900000 -0.00004034
1.57000000 -0.00004013
1.57100000 -0.00003991
1.57200000 -0.00003970
1.57300000 -0.00003948
1.57400000 -0.00003927
1.57500000 -0.00003906
1.57600000 -0.00003886
1.57700000 -0.00003865
1.57800000 -0.00003844
1.57900000 -0.00003824
1.58000000 -0.00003804
1.58100000 -0.00003783
1.58200000 -0.00003763
1.58300000 -0.00003743
1.58400000 -0.00003724
1.58500000 -0.00003704
1.58600000 -0.00003684
1.58700000 -0.00003665
1.58800000 -0.00003646
1.58900000 -0.00003627
1.59000000 -0.00003608
1.59100000 -0.00003589
1.59200000 -0.00003570
1.59300000 -0.00003551
1.59400000 -0.00003533
1.59500000 -0.00003514
1.59600000 -0.00003496
1.59700000 -0.00003478
1.59800000 -0.00003459
1.59900000 -0.00003441
1.60000000 -0.00003423
1.60100000 -0.00003406
1.60200000 -0.00003388
1.60300000 -0.00003370
1.60400000 -0.00003353
1.60500000 -0.00003336
1.60600000 -0.00003318
1.60700000 -0.00003301
1.60800000 -0.00003284
1.60900000 -0.00003267
1.61000000 -0.00003251
1.61100000 -0.00003234
1.61200000 -0.00003217
1.61300000 -0.00003201
1.61400000 -0.00003184
1.61500000 -0.00003168
1.61600000 -0.00003152
1.61700000 -0.00003136
1.61800000 -0.00003120
1.61900000 -0.00003104
1.62000000 -0.00003088
1.62100000 -0.00003072
1.62200000 -0.00003057
1.62300000 -0.00003041
1.62400000 -0.00003026
1.62500000 -0.00003010
1.62600000 -0.00002995
1.62700000 -0.00002980
1.62800000 -0.00002965
1.62900000 -0.00002950
1.63000000 -0.00002935
1.63100000 -0.00002920
1.63200000 -0.00002906
1.63300000 -0.00002891
1.63400000 -0.00002876
1.63500000 -0.00002862
1.63600000 -0.00002848
1.63700000 -0.00002833
1.63800000 -0.00002819
1.63900000 -0.00002805
1.64000000 -0.00002791
1.64100000 -0.00002777
1.64200000 -0.00002763
1.64300000 -0.00002750
1.64400000 -0.00002736
1.64500000 -0.00002722
1.64600000 -0.00002709
1.64700000 -0.00002695
1.64800000 -0.00002682
1.64900000 -0.00002669
1.65000000 -0.00002656
1.65100000 -0.00002642
1.65200000 -0.00002629
1.65300000 -0.00002616
1.65400000 -0.00002604
1.65500000 -0.00002591
1.65600000 -0.00002578
1.65700000 -0.00002565
1.65800000 -0.00002553
1.65900000 -0.00002540
1.66000000 -0.00002528
1.66100000 -0.00002515
1.66200000 -0.00002503
1.66300000 -0.00002491
1.66400000 -0.00002479
1.66500000 -0.00002467
1.66600000 -0.00002455
1.66700000 -0.00002443
1.66800000 -0.00002431
1.66900000 -0.00002419
1.67000000 -0.00002407
1.67100000 -0.00002396
1.67200000 -0.00002384
1.67300000 -0.00002373
1.67400000 -0.00002361
1.67500000 -0.00002350
1.67600000 -0.00002338
1.67700000 -0.00002327
1.67800000 -0.00002316
1.67900000 -0.00002305
1.68000000 -0.00002294
1.68100000 -0.00002283
1.68200000 -0.00002272
1.68300000 -0.00002261
1.68400000 -0.00002250
1.68500000 -0.00002239
1.68600000 -0.00002229
1.68700000 -0.00002218
1.68800000 -0.00002207
1.68900000 -0.00002197
1.69000000 -0.00002186
1.69100000 -0.00002176
1.69200000 -0.00002166
1.69300000 -0.00002155
1.69400000 -0.00002145
1.69500000 -0.00002135
1.69600000 -0.00002125
1.69700000 -0.00002115
1.69800000 -0.00002105
1.69900000 -0.00002095
1.70000000 -0.00002085
1.70100000 -0.00002075
1.70200000 -0.00002066
1.70300000 -0.00002056
1.70400000 -0.00002046
1.70500000 -0.00002037
1.70600000 -0.00002027
1.70700000 -0.00002018
1.70800000 -0.00002008
1.70900000 -0.00001999
1.71000000 -0.00001989
1.71100000 -0.00001980
1.71200000 -0.00001971
1.71300000 -0.00001962
1.71400000 -0.00001953
1.71500000 -0.00001943
1.71600000 -0.00001934
1.71700000 -0.00001925
1.71800000 -0.00001917
1.71900000 -0.00001908
1.72000000 -0.00001899
1.72100000 -0.00001890
1.72200000 -0.00001881
1.72300000 -0.00001873
1.72400000 -0.00001864
1.72500000 -0.00001855
1.72600000 -0.00001847
1.72700000 -0.00001838
1.72800000 -0.00001830
1.72900000 -0.00001822
1.73000000 -0.00001813
1.73100000 -0.00001805
1.73200000 -0.00001797
1.73300000 -0.00001788
1.73400000 -0.00001780
1.73500000 -0.00001772
1.73600000 -0.00001764
1.73700000 -0.00001756
1.73800000 -0.00001748
1.73900000 -0.00001740
1.74000000 -0.00001732
1.74100000 -0.00001724
1.74200000 -0.00001716
1.74300000 -0.00001709
1.74400000 -0.00001701
1.74500000 -0.00001693
1.74600000 -0.00001686
1.74700000 -0.00001678
1.74800000 -0.00001670
1.74900000 -0.00001663
1.75000000 -0.00001655
1.75100000 -0.00001648
1.75200000 -0.00001641
1.75300000 -0.00001633
1.75400000 -0.00001626
1.75500000 -0.00001619
1.75600000 -0.00001611
1.75700000 -0.00001604
1.75800000 -0.00001597
1.75900000 -0.00001590
1.76000000 -0.00001583
1.76100000 -0.00001576
1.76200000 -0.00001569
1.76300000 -0.00001562
1.76400000 -0.00001555
1.76500000 -0.00001548
1.76600000 -0.00001541
1.76700000 -0.00001534
1.76800000 -0.00001527
1.76900000 -0.00001521
1.77000000 -0.00001514
1.77100000 -0.00001507
1.77200000 -0.00001500
1.77300000 -0.00001494
1.77400000 -0.00001487
1.77500000 -0.00001481
1.77600000 -0.00001474
1.77700000 -0.00001468
1.77800000 -0.00001461
1.77900000 -0.00001455
1.78000000 -0.00001448
1.78100000 -0.00001442
1.78200000 -0.00001436
1.78300000 -0.00001430
1.78400000 -0.00001423
1.78500000 -0.00001417
1.78600000 -0.00001411
1.78700000 -0.00001405
1.78800000 -0.00001399
1.78900000 -0.00001393
1.79000000 -0.00001386
1.79100000 -0.00001380
1.79200000 -0.00001374
1.79300000 -0.00001368
1.79400000 -0.00001363
1.79500000 -0.00001357
1.79600000 -0.00001351
1.79700000 -0.00001345
1.79800000 -0.00001339
1.79900000 -0.00001333
1.80000000 -0.00001328
1.80100000 -0.00001322
1.80200000 -0.00001316
1.80300000 -0.00001311
1.80400000 -0.00001305
1.80500000 -0.00001299
1.80600000 -0.00001294
1.80700000 -0.00001288
1.80800000 -0.00001283
1.80900000 -0.00001277
1.81000000 -0.00001272
1.81100000 -0.00001266
1.81200000 -0.00001261
1.81300000 -0.00001256
1.81400000 -0.00001250
1.81500000 -0.00001245
1.81600000 -0.00001240
1.81700000 -0.00001234
1.81800000 -0.00001229
1.81900000 -0.00001224
1.82000000 -0.00001219
1.82100000 -0.00001214
1.82200000 -0.00001208
1.82300000 -0.00001203
1.82400000 -0.00001198
1.82500000 -0.00001193
1.82600000 -0.00001188
1.82700000 -0.00001183
1.82800000 -0.00001178
1.82900000 -0.00001173
1.83000000 -0.00001168
1.83100000 -0.00001163
1.83200000 -0.00001158
1.83300000 -0.00001154
1.83400000 -0.00001149
1.83500000 -0.00001144
1.83600000 -0.00001139
1.83700000 -0.00001134
1.83800000 -0.00001130
1.83900000 -0.00001125
1.84000000 -0.00001120
1.84100000 -0.00001116
1.84200000 -0.00001111
1.84300000 -0.00001106
1.84400000 -0.00001102
1.84500000 -0.00001097
1.84600000 -0.00001093
1.84700000 -0.00001088
1.84800000 -0.00001084
1.84900000 -0.00001079
1.85000000 -0.00001075
1.85100000 -0.00001070
1.85200000 -0.00001066
1.85300000 -0.00001061
1.85400000 -0.00001057
1.85500000 -0.00001053
1.85600000 -0.00001048
1.85700000 -0.00001044
1.85800000 -0.00001040
1.85900000 -0.00001035
1.86000000 -0.00001031
1.86100000 -0.00001027
1.86200000 -0.00001023
1.86300000 -0.00001019
1.86400000 -0.00001014
1.86500000 -0.00001010
1.86600000 -0.00001006
1.86700000 -0.00001002
1.86800000 -0.00000998
1.86900000 -0.00000994
1.87000000 -0.00000990
1.87100000 -0.00000986
1.87200000 -0.00000982
1.87300000 -0.00000978
1.87400000 -0.00000974
1.87500000 -0.00000970
1.87600000 -0.00000966
1.87700000 -0.00000962
1.87800000 -0.00000958
1.87900000 -0.00000954
1.88000000 -0.00000951
1.88100000 -0.00000947
1.88200000 -0.00000943
1.88300000 -0.00000939
1.88400000 -0.00000935
1.88500000 -0.00000932
1.88600000 -0.00000928
1.88700000 -0.00000924
1.88800000 -0.00000920
1.88900000 -0.00000917
1.89000000 -0.00000913
1.89100000 -0.00000909
1.89200000 -0.00000906
1.89300000 -0.00000902
1.89400000 -0.00000899
1.89500000 -0.00000895
1.89600000 -0.00000891
1.89700000 -0.00000888
1.89800000 -0.00000884
1.89900000 -0.00000881
1.90000000 -0.00000877
1.90100000 -0.00000874
1.90200000 -0.00000870
1.90300000 -0.00000867
1.90400000 -0.00000863
1.90500000 -0.00000860
1.90600000 -0.00000857
1.90700000 -0.00000853
1.90800000 -0.00000850
1.90900000 -0.00000847
1.91000000 -0.00000843
1.91100000 -0.00000840
1.91200000 -0.00000837
1.91300000 -0.00000833
1.91400000 -0.00000830
1.91500000 -0.00000827
1.91600000 -0.00000824
1.91700000 -0.00000820
1.91800000 -0.00000817
1.91900000 -0.00000814
1.92000000 -0.00000811
1.92100000 -0.00000808
1.92200000 -0.00000804
1.92300000 -0.00000801
1.92400000 -0.00000798
1.92500000 -0.00000795
1.92600000 -0.00000792
1.92700000 -0.00000789
1.92800000 -0.00000786
1.92900000 -0.00000783
1.93000000 -0.00000780
1.93100000 -0.00000777
1.93200000 -0.00000774
1.93300000 -0.00000771
1.93400000 -0.00000768
1.93500000 -0.00000765
1.93600000 -0.00000762
1.93700000 -0.00000759
1.93800000 -0.00000756
1.93900000 -0.00000753
1.94000000 -0.00000750
1.94100000 -0.00000747
1.94200000 -0.00000744
1.94300000 -0.00000742
1.94400000 -0.00000739
1.94500000 -0.00000736
1.94600000 -0.00000733
1.94700000 -0.00000730
1.94800000 -0.00000727
1.94900000 -0.00000725
1.95000000 -0.00000722
1.95100000 -0.00000719
1.95200000 -0.00000716
1.95300000 -0.00000714
1.95400000 -0.00000711
1.95500000 -0.00000708
1.95600000 -0.00000706
1.95700000 -0.00000703
1.95800000 -0.00000700
1.95900000 -0.00000698
1.96000000 -0.00000695
1.96100000 -0.00000692
1.96200000 -0.00000690
1.96300000 -0.00000687
1.96400000 -0.00000684
1.96500000 -0.00000682
1.96600000 -0.00000679
1.96700000 -0.00000677
1.96800000 -0.00000674
1.96900000 -0.00000672
1.97000000 -0.00000669
1.97100000 -0.00000667
1.97200000 -0.00000664
1.97300000 -0.00000662
1.97400000 -0.00000659
1.97500000 -0.00000657
1.97600000 -0.00000654
1.97700000 -0.00000652
1.97800000 -0.00000649
1.97900000 -0.00000647
1.98000000 -0.00000644
1.98100000 -0.00000642
1.98200000 -0.00000640
1.98300000 -0.00000637
1.98400000 -0.00000635
1.98500000 -0.00000633
1.98600000 -0.00000630
1.98700000 -0.00000628
1.98800000 -0.00000625
1.98900000 -0.00000623
1.99000000 -0.00000621
1.99100000 -0.00000619
1.99200000 -0.00000616
1.99300000 -0.00000614
1.99400000 -0.00000612
1.99500000 -0.00000609
1.99600000 -0.00000607
1.99700000 -0.00000605
1.99800000 -0.00000603
1.99900000 -0.00000601
2.00000000 -0.00000598
