0.10000000 1029.96056355
0.10100000 1009.66616791
0.10200000 989.96573547
0.10300000 970.83631203
0.10400000 952.25604164
0.10500000 934.20410412
0.10600000 916.66065672
0.10700000 899.60677959
0.10800000 883.02442470
0.10900000 866.89636809
0.11000000 851.20616516
0.11100000 835.93810869
0.11200000 821.07718952
0.11300000 806.60905968
0.11400000 792.51999772
0.11500000 778.79687616
0.11600000 765.42713091
0.11700000 752.39873251
0.11800000 739.70015906
0.11900000 727.32037071
0.12000000 715.24878570
0.12100000 703.47525771
0.12200000 691.99005453
0.12300000 680.78383798
0.12400000 669.84764486
0.12500000 659.17286909
0.12600000 648.75124472
0.12700000 638.57482996
0.12800000 628.63599201
0.12900000 618.92739279
0.13000000 609.44197534
0.13100000 600.17295103
0.13200000 591.11378739
0.13300000 582.25819662
0.13400000 573.60012464
0.13500000 565.13374077
0.13600000 556.85342791
0.13700000 548.75377320
0.13800000 540.82955920
0.13900000 533.07575545
0.14000000 525.48751053
0.14100000 518.06014442
0.14200000 510.78914132
0.14300000 503.67014277
0.14400000 496.69894111
0.14500000 489.87147329
0.14600000 483.18381490
0.14700000 476.63217459
0.14800000 470.21288862
0.14900000 463.92241582
0.15000000 457.75733263
0.15100000 451.71432852
0.15200000 445.79020146
0.15300000 439.98185373
0.15400000 434.28628786
0.15500000 428.70060277
0.15600000 423.22199004
0.15700000 417.84773042
0.15800000 412.57519045
0.15900000 407.40181920
0.16000000 402.32514522
0.16100000 397.34277356
0.16200000 392.45238298
0.16300000 387.65172321
0.16400000 382.93861238
0.16500000 378.31093453
0.16600000 373.76663726
0.16700000 369.30372942
0.16800000 364.92027893
0.16900000 360.61441073
0.17000000 356.38430474
0.17100000 352.22819392
0.17200000 348.14436248
0.17300000 344.13114405
0.17400000 340.18692002
0.17500000 336.31011789
0.17600000 332.49920970
0.17700000 328.75271055
0.17800000 325.06917710
0.17900000 321.44720625
0.18000000 317.88543374
0.18100000 314.38253290
0.18200000 310.93721341
0.18300000 307.54822012
0.18400000 304.21433186
0.18500000 300.93436041
0.18600000 297.70714939
0.18700000 294.53157325
0.18800000 291.40653631
0.18900000 288.33097178
0.19000000 285.30384090
0.19100000 282.32413200
0.19200000 279.39085971
0.19300000 276.50306409
0.19400000 273.65980992
0.19500000 270.86018587
0.19600000 268.10330379
0.19700000 265.38829805
0.19800000 262.71432479
0.19900000 260.08056132
0.20000000 257.48620545
0.20100000 254.93047492
0.20200000 252.41260674
0.20300000 249.93185672
0.20400000 247.48749883
0.20500000 245.07882471
0.20600000 242.70514316
0.20700000 240.36577964
0.20800000 238.06007576
0.20900000 235.78738887
0.21000000 233.54709158
0.21100000 231.33857131
0.21200000 229.16122992
0.21300000 227.01448327
0.21400000 224.89776084
0.21500000 222.81050532
0.21600000 220.75217231
0.21700000 218.72222990
0.21800000 216.72015835
0.21900000 214.74544978
0.22000000 212.79760782
0.22100000 210.87614728
0.22200000 208.98059389
0.22300000 207.11048401
0.22400000 205.26536430
0.22500000 203.44479147
0.22600000 201.64833203
0.22700000 199.87556202
0.22800000 198.12606674
0.22900000 196.39944053
0.23000000 194.69528654
0.23100000 193.01321649
0.23200000 191.35285043
0.23300000 189.71381656
0.23400000 188.09575102
0.23500000 186.49829766
0.23600000 184.92110786
0.23700000 183.36384033
0.23800000 181.82616097
0.23900000 180.30774261
0.24000000 178.80826491
0.24100000 177.32741416
0.24200000 175.86488311
0.24300000 174.42037082
0.24400000 172.99358251
0.24500000 171.58422940
0.24600000 170.19202856
0.24700000 168.81670280
0.24800000 167.45798048
0.24900000 166.11559542
0.25000000 164.78928673
0.25100000 163.47879875
0.25200000 162.18388084
0.25300000 160.90428732
0.25400000 159.63977734
0.25500000 158.39011476
0.25600000 157.15506805
0.25700000 155.93441016
0.25800000 154.72791844
0.25900000 153.53537454
0.26000000 152.35656427
0.26100000 151.19127758
0.26200000 150.03930839
0.26300000 148.90045454
0.26400000 147.77451768
0.26500000 146.66130321
0.26600000 145.56062018
0.26700000 144.47228120
0.26800000 143.39610238
0.26900000 142.33190323
0.27000000 141.27950661
0.27100000 140.23873863
0.27200000 139.20942859
0.27300000 138.19140892
0.27400000 137.18451511
0.27500000 136.18858561
0.27600000 135.20346180
0.27700000 134.22898794
0.27800000 133.26501106
0.27900000 132.31138094
0.28000000 131.36795003
0.28100000 130.43457340
0.28200000 129.51110870
0.28300000 128.59741606
0.28400000 127.69335812
0.28500000 126.79879986
0.28600000 125.91360867
0.28700000 125.03765423
0.28800000 124.17080845
0.28900000 123.31294551
0.29000000 122.46394169
0.29100000 121.62367545
0.29200000 120.79202729
0.29300000 119.96887976
0.29400000 119.15411741
0.29500000 118.34762672
0.29600000 117.54929611
0.29700000 116.75901587
0.29800000 115.97667811
0.29900000 115.20217676
0.30000000 114.43540751
0.30100000 113.67626777
0.30200000 112.92465667
0.30300000 112.18047498
0.30400000 111.44362510
0.30500000 110.71401104
0.30600000 109.99153837
0.30700000 109.27611418
0.30800000 108.56764710
0.30900000 107.86604720
0.31000000 107.17122602
0.31100000 106.48309651
0.31200000 105.80157303
0.31300000 105.12657128
0.31400000 104.45800832
0.31500000 103.79580252
0.31600000 103.13987352
0.31700000 102.49014227
0.31800000 101.84653091
0.31900000 101.20896283
0.32000000 100.57736261
0.32100000 99.95165599
0.32200000 99.33176989
0.32300000 98.71763232
0.32400000 98.10917244
0.32500000 97.50632046
0.32600000 96.90900769
0.32700000 96.31716647
0.32800000 95.73073018
0.32900000 95.14963320
0.33000000 94.57381091
0.33100000 94.00319967
0.33200000 93.43773679
0.33300000 92.87736051
0.33400000 92.32201002
0.33500000 91.77162539
0.33600000 91.22614760
0.33700000 90.68551848
0.33800000 90.14968074
0.33900000 89.61857794
0.34000000 89.09215444
0.34100000 88.57035544
0.34200000 88.05312693
0.34300000 87.54041569
0.34400000 87.03216926
0.34500000 86.52833597
0.34600000 86.02886485
0.34700000 85.53370571
0.34800000 85.04280904
0.34900000 84.55612607
0.35000000 84.07360870
0.35100000 83.59520954
0.35200000 83.12088185
0.35300000 82.65057956
0.35400000 82.18425726
0.35500000 81.72187015
0.35600000 81.26337409
0.35700000 80.80872554
0.35800000 80.35788157
0.35900000 79.91079985
0.36000000 79.46743864
0.36100000 79.02775676
0.36200000 78.59171362
0.36300000 78.15926918
0.36400000 77.73038395
0.36500000 77.30501897
0.36600000 76.88313582
0.36700000 76.46469661
0.36800000 76.04966395
0.36900000 75.63800097
0.37000000 75.22967128
0.37100000 74.82463900
0.37200000 74.42286872
0.37300000 74.02432550
0.37400000 73.62897488
0.37500000 73.23678285
0.37600000 72.84771584
0.37700000 72.46174075
0.37800000 72.07882491
0.37900000 71.69893606
0.38000000 71.32204238
0.38100000 70.94811248
0.38200000 70.57711535
0.38300000 70.20902041
0.38400000 69.84379747
0.38500000 69.48141673
0.38600000 69.12184876
0.38700000 68.76506455
0.38800000 68.41103542
0.38900000 68.05973308
0.39000000 67.71112960
0.39100000 67.36519740
0.39200000 67.02190927
0.39300000 66.68123833
0.39400000 66.34315803
0.39500000 66.00764218
0.39600000 65.67466491
0.39700000 65.34420067
0.39800000 65.01622424
0.39900000 64.69071070
0.40000000 64.36763547
0.40100000 64.04697424
0.40200000 63.72870303
0.40300000 63.41279814
0.40400000 63.09923618
0.40500000 62.78799403
0.40600000 62.47904887
0.40700000 62.17237815
0.40800000 61.86795959
0.40900000 61.56577120
0.41000000 61.26579126
0.41100000 60.96799828
0.41200000 60.67237106
0.41300000 60.37888866
0.41400000 60.08753038
0.41500000 59.79827576
0.41600000 59.51110460
0.41700000 59.22599695
0.41800000 58.94293308
0.41900000 58.66189349
0.42000000 58.38285895
0.42100000 58.10581041
0.42200000 57.83072907
0.42300000 57.55759637
0.42400000 57.28639392
0.42500000 57.01710360
0.42600000 56.74970746
0.42700000 56.48418778
0.42800000 56.22052704
0.42900000 55.95870794
0.43000000 55.69871336
0.43100000 55.44052638
0.43200000 55.18413030
0.43300000 54.92950858
0.43400000 54.67664489
0.43500000 54.42552308
0.43600000 54.17612720
0.43700000 53.92844145
0.43800000 53.68245025
0.43900000 53.43813817
0.44000000 53.19548995
0.44100000 52.95449054
0.44200000 52.71512501
0.44300000 52.47737864
0.44400000 52.24123686
0.44500000 52.00668526
0.44600000 51.77370959
0.44700000 51.54229576
0.44800000 51.31242985
0.44900000 51.08409809
0.45000000 50.85728684
0.45100000 50.63198264
0.45200000 50.40817218
0.45300000 50.18584226
0.45400000 49.96497987
0.45500000 49.74557211
0.45600000 49.52760624
0.45700000 49.31106966
0.45800000 49.09594988
0.45900000 48.88223459
0.46000000 48.66991158
0.46100000 48.45896878
0.46200000 48.24939426
0.46300000 48.04117621
0.46400000 47.83430294
0.46500000 47.62876291
0.46600000 47.42454467
0.46700000 47.22163692
0.46800000 47.02002848
0.46900000 46.81970827
0.47000000 46.62066533
0.47100000 46.42288884
0.47200000 46.22636808
0.47300000 46.03109242
0.47400000 45.83705139
0.47500000 45.64423459
0.47600000 45.45263174
0.47700000 45.26223268
0.47800000 45.07302735
0.47900000 44.88500578
0.48000000 44.69815812
0.48100000 44.51247462
0.48200000 44.32794562
0.48300000 44.14456159
0.48400000 43.96231306
0.48500000 43.78119067
0.48600000 43.60118518
0.48700000 43.42228741
0.48800000 43.24448830
0.48900000 43.06777886
0.49000000 42.89215021
0.49100000 42.71759356
0.49200000 42.54410020
0.49300000 42.37166151
0.49400000 42.20026895
0.49500000 42.02991409
0.49600000 41.86058857
0.49700000 41.69228410
0.49800000 41.52499249
0.49900000 41.35870564
0.50000000 41.19341552
0.50100000 41.02911417
0.50200000 40.86579372
0.50300000 40.70344638
0.50400000 40.54206443
0.50500000 40.38164024
0.50600000 40.22216625
0.50700000 40.06363495
0.50800000 39.90603895
0.50900000 39.74937089
0.51000000 39.59362350
0.51100000 39.43878958
0.51200000 39.28486201
0.51300000 39.13183373
0.51400000 38.97969774
0.51500000 38.82844711
0.51600000 38.67807500
0.51700000 38.52857461
0.51800000 38.37993922
0.51900000 38.23216216
0.52000000 38.08523685
0.52100000 37.93915674
0.52200000 37.79391537
0.52300000 37.64950633
0.52400000 37.50592326
0.52500000 37.36315990
0.52600000 37.22121000
0.52700000 37.08006739
0.52800000 36.93972597
0.52900000 36.80017969
0.53000000 36.66142255
0.53100000 36.52344861
0.53200000 36.38625199
0.53300000 36.24982686
0.53400000 36.11416744
0.53500000 35.97926802
0.53600000 35.84512293
0.53700000 35.71172655
0.53800000 35.57907333
0.53900000 35.44715776
0.54000000 35.31597437
0.54100000 35.18551776
0.54200000 35.05578257
0.54300000 34.92676349
0.54400000 34.79845526
0.54500000 34.67085266
0.54600000 34.54395053
0.54700000 34.41774376
0.54800000 34.29222727
0.54900000 34.16739604
0.55000000 34.04324509
0.55100000 33.91976949
0.55200000 33.79696434
0.55300000 33.67482480
0.55400000 33.55334606
0.55500000 33.43252338
0.55600000 33.31235204
0.55700000 33.19282736
0.55800000 33.07394470
0.55900000 32.95569949
0.56000000 32.83808717
0.56100000 32.72110323
0.56200000 32.60474321
0.56300000 32.48900267
0.56400000 32.37387722
0.56500000 32.25936252
0.56600000 32.14545426
0.56700000 32.03214815
0.56800000 31.91943997
0.56900000 31.80732550
0.57000000 31.69580060
0.57100000 31.58486112
0.57200000 31.47450299
0.57300000 31.36472215
0.57400000 31.25551458
0.57500000 31.14687628
0.57600000 31.03880333
0.57700000 30.93129179
0.57800000 30.82433778
0.57900000 30.71793747
0.58000000 30.61208702
0.58100000 30.50678267
0.58200000 30.40202066
0.58300000 30.29779727
0.58400000 30.19410881
0.58500000 30.09095164
0.58600000 29.98832212
0.58700000 29.88621668
0.58800000 29.78463173
0.58900000 29.68356376
0.59000000 29.58300925
0.59100000 29.48296474
0.59200000 29.38342679
0.59300000 29.28439198
0.59400000 29.18585693
0.59500000 29.08781827
0.59600000 28.99027268
0.59700000 28.89321686
0.59800000 28.79664754
0.59900000 28.70056146
0.60000000 28.60495542
0.60100000 28.50982621
0.60200000 28.41517068
0.60300000 28.32098568
0.60400000 28.22726810
0.60500000 28.13401485
0.60600000 28.04122287
0.60700000 27.94888912
0.60800000 27.85701059
0.60900000 27.76558430
0.61000000 27.67460727
0.61100000 27.58407657
0.61200000 27.49398930
0.61300000 27.40434254
0.61400000 27.31513344
0.61500000 27.22635916
0.61600000 27.13801686
0.61700000 27.05010377
0.61800000 26.96261708
0.61900000 26.87555407
0.62000000 26.78891198
0.62100000 26.70268812
0.62200000 26.61687980
0.62300000 26.53148435
0.62400000 26.44649912
0.62500000 26.36192150
0.62600000 26.27774888
0.62700000 26.19397868
0.62800000 26.11060833
0.62900000 26.02763531
0.63000000 25.94505708
0.63100000 25.86287114
0.63200000 25.78107502
0.63300000 25.69966626
0.63400000 25.61864240
0.63500000 25.53800104
0.63600000 25.45773976
0.63700000 25.37785617
0.63800000 25.29834793
0.63900000 25.21921267
0.64000000 25.14044807
0.64100000 25.06205181
0.64200000 24.98402161
0.64300000 24.90635518
0.64400000 24.82905027
0.64500000 24.75210465
0.64600000 24.67551608
0.64700000 24.59928236
0.64800000 24.52340130
0.64900000 24.44787073
0.65000000 24.37268850
0.65100000 24.29785246
0.65200000 24.22336050
0.65300000 24.14921051
0.65400000 24.07540039
0.65500000 24.00192808
0.65600000 23.92879151
0.65700000 23.85598865
0.65800000 23.78351746
0.65900000 23.71137593
0.66000000 23.63956208
0.66100000 23.56807391
0.66200000 23.49690946
0.66300000 23.42606678
0.66400000 23.35554394
0.66500000 23.28533900
0.66600000 23.21545006
0.66700000 23.14587523
0.66800000 23.07661263
0.66900000 23.00766039
0.67000000 22.93901667
0.67100000 22.87067962
0.67200000 22.80264741
0.67300000 22.73491825
0.67400000 22.66749033
0.67500000 22.60036186
0.67600000 22.53353109
0.67700000 22.46699624
0.67800000 22.40075558
0.67900000 22.33480737
0.68000000 22.26914990
0.68100000 22.20378145
0.68200000 22.13870034
0.68300000 22.07390488
0.68400000 22.00939341
0.68500000 21.94516426
0.68600000 21.88121579
0.68700000 21.81754637
0.68800000 21.75415438
0.68900000 21.69103820
0.69000000 21.62819625
0.69100000 21.56562692
0.69200000 21.50332866
0.69300000 21.44129989
0.69400000 21.37953907
0.69500000 21.31804464
0.69600000 21.25681509
0.69700000 21.19584890
0.69800000 21.13514454
0.69900000 21.07470054
0.70000000 21.01451540
0.70100000 20.95458764
0.70200000 20.89491580
0.70300000 20.83549843
0.70400000 20.77633407
0.70500000 20.71742130
0.70600000 20.65875869
0.70700000 20.60034483
0.70800000 20.54217831
0.70900000 20.48425774
0.71000000 20.42658173
0.71100000 20.36914890
0.71200000 20.31195790
0.71300000 20.25500737
0.71400000 20.19829596
0.71500000 20.14182233
0.71600000 20.08558516
0.71700000 20.02958313
0.71800000 19.97381492
0.71900000 19.91827925
0.72000000 19.86297481
0.72100000 19.80790033
0.72200000 19.75305454
0.72300000 19.69843616
0.72400000 19.64404395
0.72500000 19.58987665
0.72600000 19.53593303
0.72700000 19.48221186
0.72800000 19.42871191
0.72900000 19.37543198
0.73000000 19.32237086
0.73100000 19.26952735
0.73200000 19.21690027
0.73300000 19.16448843
0.73400000 19.11229066
0.73500000 19.06030580
0.73600000 19.00853269
0.73700000 18.95697018
0.73800000 18.90561714
0.73900000 18.85447242
0.74000000 18.80353491
0.74100000 18.75280348
0.74200000 18.70227703
0.74300000 18.65195445
0.74400000 18.60183465
0.74500000 18.55191654
0.74600000 18.50219904
0.74700000 18.45268108
0.74800000 18.40336158
0.74900000 18.35423949
0.75000000 18.30531376
0.75100000 18.25658335
0.75200000 18.20804721
0.75300000 18.15970431
0.75400000 18.11155363
0.75500000 18.06359415
0.75600000 18.01582486
0.75700000 17.96824475
0.75800000 17.92085284
0.75900000 17.87364812
0.76000000 17.82662961
0.76100000 17.77979634
0.76200000 17.73314733
0.76300000 17.68668162
0.76400000 17.64039824
0.76500000 17.59429625
0.76600000 17.54837470
0.76700000 17.50263265
0.76800000 17.45706916
0.76900000 17.41168330
0.77000000 17.36647416
0.77100000 17.32144082
0.77200000 17.27658237
0.77300000 17.23189789
0.77400000 17.18738651
0.77500000 17.14304731
0.77600000 17.09887942
0.77700000 17.05488195
0.77800000 17.01105402
0.77900000 16.96739478
0.78000000 16.92390335
0.78100000 16.88057887
0.78200000 16.83742049
0.78300000 16.79442737
0.78400000 16.75159865
0.78500000 16.70893351
0.78600000 16.66643111
0.78700000 16.62409062
0.78800000 16.58191123
0.78900000 16.53989211
0.79000000 16.49803246
0.79100000 16.45633147
0.79200000 16.41478833
0.79300000 16.37340226
0.79400000 16.33217247
0.79500000 16.29109816
0.79600000 16.25017855
0.79700000 16.20941288
0.79800000 16.16880036
0.79900000 16.12834024
0.80000000 16.08803174
0.80100000 16.04787413
0.80200000 16.00786663
0.80300000 15.96800851
0.80400000 15.92829902
0.80500000 15.88873742
0.80600000 15.84932299
0.80700000 15.81005499
0.80800000 15.77093269
0.80900000 15.73195539
0.81000000 15.69312235
0.81100000 15.65443287
0.81200000 15.61588625
0.81300000 15.57748178
0.81400000 15.53921876
0.81500000 15.50109651
0.81600000 15.46311432
0.81700000 15.42527151
0.81800000 15.38756741
0.81900000 15.35000134
0.82000000 15.31257262
0.82100000 15.27528058
0.82200000 15.23812457
0.82300000 15.20110391
0.82400000 15.16421796
0.82500000 15.12746605
0.82600000 15.09084755
0.82700000 15.05436180
0.82800000 15.01800817
0.82900000 14.98178602
0.83000000 14.94569471
0.83100000 14.90973362
0.83200000 14.87390211
0.83300000 14.83819958
0.83400000 14.80262539
0.83500000 14.76717894
0.83600000 14.73185962
0.83700000 14.69666681
0.83800000 14.66159991
0.83900000 14.62665833
0.84000000 14.59184147
0.84100000 14.55714873
0.84200000 14.52257953
0.84300000 14.48813327
0.84400000 14.45380939
0.84500000 14.41960729
0.84600000 14.38552640
0.84700000 14.35156616
0.84800000 14.31772598
0.84900000 14.28400532
0.85000000 14.25040359
0.85100000 14.21692026
0.85200000 14.18355475
0.85300000 14.15030652
0.85400000 14.11717502
0.85500000 14.08415971
0.85600000 14.05126003
0.85700000 14.01847546
0.85800000 13.98580545
0.85900000 13.95324947
0.86000000 13.92080700
0.86100000 13.88847750
0.86200000 13.85626045
0.86300000 13.82415533
0.86400000 13.79216162
0.86500000 13.76027881
0.86600000 13.72850638
0.86700000 13.69684383
0.86800000 13.66529065
0.86900000 13.63384634
0.87000000 13.60251039
0.87100000 13.57128232
0.87200000 13.54016161
0.87300000 13.50914779
0.87400000 13.47824037
0.87500000 13.44743885
0.87600000 13.41674276
0.87700000 13.38615161
0.87800000 13.35566493
0.87900000 13.32528224
0.88000000 13.29500307
0.88100000 13.26482695
0.88200000 13.23475341
0.88300000 13.20478199
0.88400000 13.17491222
0.88500000 13.14514365
0.88600000 13.11547582
0.88700000 13.08590828
0.88800000 13.05644057
0.88900000 13.02707224
0.89000000 12.99780286
0.89100000 12.96863197
0.89200000 12.93955913
0.89300000 12.91058391
0.89400000 12.88170587
0.89500000 12.85292457
0.89600000 12.82423959
0.89700000 12.79565048
0.89800000 12.76715684
0.89900000 12.73875822
0.90000000 12.71045422
0.90100000 12.68224440
0.90200000 12.65412836
0.90300000 12.62610568
0.90400000 12.59817594
0.90500000 12.57033873
0.90600000 12.54259365
0.90700000 12.51494029
0.90800000 12.48737824
0.90900000 12.45990711
0.91000000 12.43252650
0.91100000 12.40523600
0.91200000 12.37803522
0.91300000 12.35092378
0.91400000 12.32390127
0.91500000 12.29696731
0.91600000 12.27012152
0.91700000 12.24336350
0.91800000 12.21669289
0.91900000 12.19010929
0.92000000 12.16361233
0.92100000 12.13720163
0.92200000 12.11087682
0.92300000 12.08463753
0.92400000 12.05848338
0.92500000 12.03241401
0.92600000 12.00642906
0.92700000 11.98052815
0.92800000 11.95471094
0.92900000 11.92897704
0.93000000 11.90332612
0.93100000 11.87775781
0.93200000 11.85227175
0.93300000 11.82686760
0.93400000 11.80154501
0.93500000 11.77630362
0.93600000 11.75114309
0.93700000 11.72606307
0.93800000 11.70106323
0.93900000 11.67614321
0.94000000 11.65130269
0.94100000 11.62654131
0.94200000 11.60185876
0.94300000 11.57725468
0.94400000 11.55272876
0.94500000 11.52828065
0.94600000 11.50391004
0.94700000 11.47961658
0.94800000 11.45539997
0.94900000 11.43125987
0.95000000 11.40719596
0.95100000 11.38320792
0.95200000 11.35929544
0.95300000 11.33545820
0.95400000 11.31169587
0.95500000 11.28800815
0.95600000 11.26439473
0.95700000 11.24085529
0.95800000 11.21738953
0.95900000 11.19399713
0.96000000 11.17067780
0.96100000 11.14743123
0.96200000 11.12425712
0.96300000 11.10115516
0.96400000 11.07812506
0.96500000 11.05516652
0.96600000 11.03227925
0.96700000 11.00946294
0.96800000 10.98671731
0.96900000 10.96404206
0.97000000 10.94143690
0.97100000 10.91890155
0.97200000 10.89643572
0.97300000 10.87403912
0.97400000 10.85171147
0.97500000 10.82945249
0.97600000 10.80726188
0.97700000 10.78513939
0.97800000 10.76308472
0.97900000 10.74109760
0.98000000 10.71917775
0.98100000 10.69732490
0.98200000 10.67553878
0.98300000 10.65381911
0.98400000 10.63216563
0.98500000 10.61057806
0.98600000 10.58905615
0.98700000 10.56759961
0.98800000 10.54620820
0.98900000 10.52488164
0.99000000 10.50361968
0.99100000 10.48242205
0.99200000 10.46128849
0.99300000 10.44021875
0.99400000 10.41921256
0.99500000 10.39826968
0.99600000 10.37738985
0.99700000 10.35657282
0.99800000 10.33581833
0.99900000 10.31512614
1.00000000 10.29449599
1.00100000 10.27392764
1.00200000 10.25342085
1.00300000 10.23297536
1.00400000 10.21259093
1.00500000 10.19226732
1.00600000 10.17200428
1.00700000 10.15180159
1.00800000 10.13165899
1.00900000 10.11157625
1.01000000 10.09155313
1.01100000 10.07158940
1.01200000 10.05168483
1.01300000 10.03183917
1.01400000 10.01205220
1.01500000 9.99232368
1.01600000 9.97265339
1.01700000 9.95304109
1.01800000 9.93348656
1.01900000 9.91398958
1.02000000 9.89454991
1.02100000 9.87516733
1.02200000 9.85584162
1.02300000 9.83657256
1.02400000 9.81735992
1.02500000 9.79820349
1.02600000 9.77910304
1.02700000 9.76005836
1.02800000 9.74106923
1.02900000 9.72213544
1.03000000 9.70325677
1.03100000 9.68443300
1.03200000 9.66566393
1.03300000 9.64694934
1.03400000 9.62828903
1.03500000 9.60968277
1.03600000 9.59113037
1.03700000 9.57263161
1.03800000 9.55418630
1.03900000 9.53579422
1.04000000 9.51745516
1.04100000 9.49916893
1.04200000 9.48093533
1.04300000 9.46275414
1.04400000 9.44462517
1.04500000 9.42654823
1.04600000 9.40852311
1.04700000 9.39054961
1.04800000 9.37262753
1.04900000 9.35475669
1.05000000 9.33693688
1.05100000 9.31916792
1.05200000 9.30144960
1.05300000 9.28378174
1.05400000 9.26616414
1.05500000 9.24859662
1.05600000 9.23107898
1.05700000 9.21361103
1.05800000 9.19619260
1.05900000 9.17882348
1.06000000 9.16150350
1.06100000 9.14423247
1.06200000 9.12701021
1.06300000 9.10983653
1.06400000 9.09271125
1.06500000 9.07563418
1.06600000 9.05860515
1.06700000 9.04162398
1.06800000 9.02469049
1.06900000 9.00780450
1.07000000 8.99096583
1.07100000 8.97417430
1.07200000 8.95742975
1.07300000 8.94073199
1.07400000 8.92408084
1.07500000 8.90747615
1.07600000 8.89091773
1.07700000 8.87440541
1.07800000 8.85793903
1.07900000 8.84151841
1.08000000 8.82514337
1.08100000 8.80881377
1.08200000 8.79252941
1.08300000 8.77629015
1.08400000 8.76009581
1.08500000 8.74394622
1.08600000 8.72784123
1.08700000 8.71178066
1.08800000 8.69576436
1.08900000 8.67979216
1.09000000 8.66386390
1.09100000 8.64797942
1.09200000 8.63213856
1.09300000 8.61634116
1.09400000 8.60058706
1.09500000 8.58487610
1.09600000 8.56920813
1.09700000 8.55358299
1.09800000 8.53800052
1.09900000 8.52246056
1.10000000 8.50696297
1.10100000 8.49150759
1.10200000 8.47609426
1.10300000 8.46072283
1.10400000 8.44539316
1.10500000 8.43010509
1.10600000 8.41485847
1.10700000 8.39965315
1.10800000 8.38448898
1.10900000 8.36936581
1.11000000 8.35428350
1.11100000 8.33924189
1.11200000 8.32424085
1.11300000 8.30928023
1.11400000 8.29435987
1.11500000 8.27947965
1.11600000 8.26463940
1.11700000 8.24983900
1.11800000 8.23507829
1.11900000 8.22035714
1.12000000 8.20567540
1.12100000 8.19103294
1.12200000 8.17642961
1.12300000 8.16186527
1.12400000 8.14733979
1.12500000 8.13285303
1.12600000 8.11840485
1.12700000 8.10399511
1.12800000 8.08962368
1.12900000 8.07529042
1.13000000 8.06099520
1.13100000 8.04673787
1.13200000 8.03251832
1.13300000 8.01833640
1.13400000 8.00419199
1.13500000 7.99008494
1.13600000 7.97601513
1.13700000 7.96198243
1.13800000 7.94798671
1.13900000 7.93402783
1.14000000 7.92010567
1.14100000 7.90622010
1.14200000 7.89237099
1.14300000 7.87855822
1.14400000 7.86478165
1.14500000 7.85104117
1.14600000 7.83733663
1.14700000 7.82366793
1.14800000 7.81003493
1.14900000 7.79643751
1.15000000 7.78287555
1.15100000 7.76934892
1.15200000 7.75585750
1.15300000 7.74240117
1.15400000 7.72897981
1.15500000 7.71559329
1.15600000 7.70224150
1.15700000 7.68892431
1.15800000 7.67564161
1.15900000 7.66239327
1.16000000 7.64917919
1.16100000 7.63599923
1.16200000 7.62285329
1.16300000 7.60974125
1.16400000 7.59666298
1.16500000 7.58361838
1.16600000 7.57060732
1.16700000 7.55762970
1.16800000 7.54468540
1.16900000 7.53177430
1.17000000 7.51889630
1.17100000 7.50605127
1.17200000 7.49323911
1.17300000 7.48045970
1.17400000 7.46771294
1.17500000 7.45499871
1.17600000 7.44231689
1.17700000 7.42966739
1.17800000 7.41705009
1.17900000 7.40446488
1.18000000 7.39191166
1.18100000 7.37939030
1.18200000 7.36690072
1.18300000 7.35444280
1.18400000 7.34201642
1.18500000 7.32962150
1.18600000 7.31725791
1.18700000 7.30492556
1.18800000 7.29262434
1.18900000 7.28035414
1.19000000 7.26811486
1.19100000 7.25590641
1.19200000 7.24372866
1.19300000 7.23158152
1.19400000 7.21946489
1.19500000 7.20737867
1.19600000 7.19532275
1.19700000 7.18329704
1.19800000 7.17130143
1.19900000 7.15933582
1.20000000 7.14740011
1.20100000 7.13549420
1.20200000 7.12361800
1.20300000 7.11177140
1.20400000 7.09995430
1.20500000 7.08816662
1.20600000 7.07640824
1.20700000 7.06467908
1.20800000 7.05297904
1.20900000 7.04130802
1.21000000 7.02966592
1.21100000 7.01805265
1.21200000 7.00646811
1.21300000 6.99491222
1.21400000 6.98338487
1.21500000 6.97188597
1.21600000 6.96041543
1.21700000 6.94897315
1.21800000 6.93755904
1.21900000 6.92617302
1.22000000 6.91481498
1.22100000 6.90348483
1.22200000 6.89218250
1.22300000 6.88090787
1.22400000 6.86966087
1.22500000 6.85844140
1.22600000 6.84724937
1.22700000 6.83608469
1.22800000 6.82494728
1.22900000 6.81383705
1.23000000 6.80275390
1.23100000 6.79169776
1.23200000 6.78066852
1.23300000 6.76966611
1.23400000 6.75869044
1.23500000 6.74774142
1.23600000 6.73681896
1.23700000 6.72592298
1.23800000 6.71505339
1.23900000 6.70421012
1.24000000 6.69339306
1.24100000 6.68260215
1.24200000 6.67183729
1.24300000 6.66109840
1.24400000 6.65038540
1.24500000 6.63969820
1.24600000 6.62903673
1.24700000 6.61840089
1.24800000 6.60779061
1.24900000 6.59720581
1.25000000 6.58664640
1.25100000 6.57611230
1.25200000 6.56560343
1.25300000 6.55511972
1.25400000 6.54466107
1.25500000 6.53422742
1.25600000 6.52381868
1.25700000 6.51343477
1.25800000 6.50307561
1.25900000 6.49274113
1.26000000 6.48243124
1.26100000 6.47214588
1.26200000 6.46188495
1.26300000 6.45164839
1.26400000 6.44143611
1.26500000 6.43124804
1.26600000 6.42108411
1.26700000 6.41094423
1.26800000 6.40082834
1.26900000 6.39073635
1.27000000 6.38066819
1.27100000 6.37062378
1.27200000 6.36060306
1.27300000 6.35060594
1.27400000 6.34063235
1.27500000 6.33068222
1.27600000 6.32075548
1.27700000 6.31085205
1.27800000 6.30097186
1.27900000 6.29111483
1.28000000 6.28128090
1.28100000 6.27146999
1.28200000 6.26168202
1.28300000 6.25191694
1.28400000 6.24217466
1.28500000 6.23245512
1.28600000 6.22275825
1.28700000 6.21308397
1.28800000 6.20343221
1.28900000 6.19380291
1.29000000 6.18419599
1.29100000 6.17461140
1.29200000 6.16504904
1.29300000 6.15550887
1.29400000 6.14599080
1.29500000 6.13649478
1.29600000 6.12702073
1.29700000 6.11756858
1.29800000 6.10813828
1.29900000 6.09872974
1.30000000 6.08934291
1.30100000 6.07997772
1.30200000 6.07063409
1.30300000 6.06131197
1.30400000 6.05201129
1.30500000 6.04273198
1.30600000 6.03347398
1.30700000 6.02423722
1.30800000 6.01502164
1.30900000 6.00582718
1.31000000 5.99665376
1.31100000 5.98750132
1.31200000 5.97836980
1.31300000 5.96925915
1.31400000 5.96016928
1.31500000 5.95110014
1.31600000 5.94205167
1.31700000 5.93302381
1.31800000 5.92401648
1.31900000 5.91502964
1.32000000 5.90606321
1.32100000 5.89711714
1.32200000 5.88819136
1.32300000 5.87928581
1.32400000 5.87040044
1.32500000 5.86153517
1.32600000 5.85268996
1.32700000 5.84386473
1.32800000 5.83505943
1.32900000 5.82627401
1.33000000 5.81750839
1.33100000 5.80876252
1.33200000 5.80003635
1.33300000 5.79132980
1.33400000 5.78264283
1.33500000 5.77397537
1.33600000 5.76532737
1.33700000 5.75669876
1.33800000 5.74808950
1.33900000 5.73949952
1.34000000 5.73092876
1.34100000 5.72237717
1.34200000 5.71384469
1.34300000 5.70533126
1.34400000 5.69683682
1.34500000 5.68836133
1.34600000 5.67990472
1.34700000 5.67146694
1.34800000 5.66304793
1.34900000 5.65464764
1.35000000 5.64626601
1.35100000 5.63790298
1.35200000 5.62955850
1.35300000 5.62123252
1.35400000 5.61292498
1.35500000 5.60463583
1.35600000 5.59636501
1.35700000 5.58811246
1.35800000 5.57987815
1.35900000 5.57166200
1.36000000 5.56346397
1.36100000 5.55528400
1.36200000 5.54712205
1.36300000 5.53897805
1.36400000 5.53085196
1.36500000 5.52274372
1.36600000 5.51465328
1.36700000 5.50658060
1.36800000 5.49852560
1.36900000 5.49048826
1.37000000 5.48246851
1.37100000 5.47446630
1.37200000 5.46648158
1.37300000 5.45851430
1.37400000 5.45056442
1.37500000 5.44263187
1.37600000 5.43471661
1.37700000 5.42681859
1.37800000 5.41893775
1.37900000 5.41107406
1.38000000 5.40322745
1.38100000 5.39539789
1.38200000 5.38758531
1.38300000 5.37978968
1.38400000 5.37201094
1.38500000 5.36424904
1.38600000 5.35650394
1.38700000 5.34877558
1.38800000 5.34106392
1.38900000 5.33336891
1.39000000 5.32569050
1.39100000 5.31802865
1.39200000 5.31038331
1.39300000 5.30275442
1.39400000 5.29514195
1.39500000 5.28754584
1.39600000 5.27996605
1.39700000 5.27240253
1.39800000 5.26485524
1.39900000 5.25732412
1.40000000 5.24980914
1.40100000 5.24231025
1.40200000 5.23482739
1.40300000 5.22736053
1.40400000 5.21990962
1.40500000 5.21247462
1.40600000 5.20505547
1.40700000 5.19765214
1.40800000 5.19026457
1.40900000 5.18289273
1.41000000 5.17553657
1.41100000 5.16819604
1.41200000 5.16087111
1.41300000 5.15356172
1.41400000 5.14626783
1.41500000 5.13898940
1.41600000 5.13172639
1.41700000 5.12447875
1.41800000 5.11724644
1.41900000 5.11002941
1.42000000 5.10282762
1.42100000 5.09564104
1.42200000 5.08846961
1.42300000 5.08131329
1.42400000 5.07417205
1.42500000 5.06704583
1.42600000 5.05993460
1.42700000 5.05283832
1.42800000 5.04575694
1.42900000 5.03869042
1.43000000 5.03163872
1.43100000 5.02460180
1.43200000 5.01757962
1.43300000 5.01057213
1.43400000 5.00357930
1.43500000 4.99660108
1.43600000 4.98963744
1.43700000 4.98268833
1.43800000 4.97575371
1.43900000 4.96883355
1.44000000 4.96192779
1.44100000 4.95503641
1.44200000 4.94815936
1.44300000 4.94129661
1.44400000 4.93444810
1.44500000 4.92761381
1.44600000 4.92079370
1.44700000 4.91398772
1.44800000 4.90719584
1.44900000 4.90041801
1.45000000 4.89365420
1.45100000 4.88690437
1.45200000 4.88016849
1.45300000 4.87344650
1.45400000 4.86673838
1.45500000 4.86004409
1.45600000 4.85336359
1.45700000 4.84669683
1.45800000 4.84004379
1.45900000 4.83340443
1.46000000 4.82677870
1.46100000 4.82016658
1.46200000 4.81356801
1.46300000 4.80698298
1.46400000 4.80041143
1.46500000 4.79385334
1.46600000 4.78730866
1.46700000 4.78077736
1.46800000 4.77425941
1.46900000 4.76775476
1.47000000 4.76126338
1.47100000 4.75478524
1.47200000 4.74832030
1.47300000 4.74186851
1.47400000 4.73542986
1.47500000 4.72900429
1.47600000 4.72259179
1.47700000 4.71619230
1.47800000 4.70980580
1.47900000 4.70343225
1.48000000 4.69707161
1.48100000 4.69072385
1.48200000 4.68438894
1.48300000 4.67806684
1.48400000 4.67175752
1.48500000 4.66546094
1.48600000 4.65917706
1.48700000 4.65290586
1.48800000 4.64664730
1.48900000 4.64040135
1.49000000 4.63416797
1.49100000 4.62794712
1.49200000 4.62173878
1.49300000 4.61554291
1.49400000 4.60935948
1.49500000 4.60318845
1.49600000 4.59702979
1.49700000 4.59088347
1.49800000 4.58474946
1.49900000 4.57862772
1.50000000 4.57251822
1.50100000 4.56642092
1.50200000 4.56033580
1.50300000 4.55426283
1.50400000 4.54820196
1.50500000 4.54215317
1.50600000 4.53611642
1.50700000 4.53009169
1.50800000 4.52407894
1.50900000 4.51807814
1.51000000 4.51208926
1.51100000 4.50611227
1.51200000 4.50014713
1.51300000 4.49419381
1.51400000 4.48825229
1.51500000 4.48232253
1.51600000 4.47640450
1.51700000 4.47049817
1.51800000 4.46460351
1.51900000 4.45872049
1.52000000 4.45284907
1.52100000 4.44698924
1.52200000 4.44114094
1.52300000 4.43530417
1.52400000 4.42947888
1.52500000 4.42366505
1.52600000 4.41786264
1.52700000 4.41207163
1.52800000 4.40629199
1.52900000 4.40052368
1.53000000 4.39476668
1.53100000 4.38902096
1.53200000 4.38328648
1.53300000 4.37756322
1.53400000 4.37185116
1.53500000 4.36615025
1.53600000 4.36046047
1.53700000 4.35478180
1.53800000 4.34911420
1.53900000 4.34345764
1.54000000 4.33781210
1.54100000 4.33217755
1.54200000 4.32655396
1.54300000 4.32094129
1.54400000 4.31533953
1.54500000 4.30974865
1.54600000 4.30416860
1.54700000 4.29859938
1.54800000 4.29304095
1.54900000 4.28749327
1.55000000 4.28195634
1.55100000 4.27643011
1.55200000 4.27091455
1.55300000 4.26540965
1.55400000 4.25991537
1.55500000 4.25443169
1.55600000 4.24895858
1.55700000 4.24349601
1.55800000 4.23804396
1.55900000 4.23260240
1.56000000 4.22717129
1.56100000 4.22175062
1.56200000 4.21634036
1.56300000 4.21094048
1.56400000 4.20555096
1.56500000 4.20017176
1.56600000 4.19480286
1.56700000 4.18944424
1.56800000 4.18409587
1.56900000 4.17875773
1.57000000 4.17342978
1.57100000 4.16811200
1.57200000 4.16280437
1.57300000 4.15750685
1.57400000 4.15221943
1.57500000 4.14694208
1.57600000 4.14167477
1.57700000 4.13641748
1.57800000 4.13117018
1.57900000 4.12593285
1.58000000 4.12070546
1.58100000 4.11548799
1.58200000 4.11028040
1.58300000 4.10508268
1.58400000 4.09989481
1.58500000 4.09471675
1.58600000 4.08954848
1.58700000 4.08438998
1.58800000 4.07924122
1.58900000 4.07410218
1.59000000 4.06897283
1.59100000 4.06385315
1.59200000 4.05874312
1.59300000 4.05364270
1.59400000 4.04855189
1.59500000 4.04347064
1.59600000 4.03839895
1.59700000 4.03333678
1.59800000 4.02828411
1.59900000 4.02324091
1.60000000 4.01820717
1.60100000 4.01318286
1.60200000 4.00816796
1.60300000 4.00316243
1.60400000 3.99816627
1.60500000 3.99317944
1.60600000 3.98820193
1.60700000 3.98323371
1.60800000 3.97827475
1.60900000 3.97332503
1.61000000 3.96838454
1.61100000 3.96345324
1.61200000 3.95853112
1.61300000 3.95361815
1.61400000 3.94871431
1.61500000 3.94381957
1.61600000 3.93893392
1.61700000 3.93405733
1.61800000 3.92918978
1.61900000 3.92433125
1.62000000 3.91948171
1.62100000 3.91464115
1.62200000 3.90980953
1.62300000 3.90498685
1.62400000 3.90017307
1.62500000 3.89536817
1.62600000 3.89057214
1.62700000 3.88578494
1.62800000 3.88100657
1.62900000 3.87623700
1.63000000 3.87147620
1.63100000 3.86672415
1.63200000 3.86198084
1.63300000 3.85724624
1.63400000 3.85252033
1.63500000 3.84780308
1.63600000 3.84309449
1.63700000 3.83839452
1.63800000 3.83370316
1.63900000 3.82902038
1.64000000 3.82434617
1.64100000 3.81968050
1.64200000 3.81502335
1.64300000 3.81037470
1.64400000 3.80573453
1.64500000 3.80110282
1.64600000 3.79647956
1.64700000 3.79186471
1.64800000 3.78725826
1.64900000 3.78266018
1.65000000 3.77807047
1.65100000 3.77348909
1.65200000 3.76891603
1.65300000 3.76435127
1.65400000 3.75979478
1.65500000 3.75524656
1.65600000 3.75070657
1.65700000 3.74617479
1.65800000 3.74165122
1.65900000 3.73713582
1.66000000 3.73262858
1.66100000 3.72812948
1.66200000 3.72363849
1.66300000 3.71915561
1.66400000 3.71468081
1.66500000 3.71021406
1.66600000 3.70575536
1.66700000 3.70130468
1.66800000 3.69686200
1.66900000 3.69242731
1.67000000 3.68800058
1.67100000 3.68358179
1.67200000 3.67917094
1.67300000 3.67476798
1.67400000 3.67037292
1.67500000 3.66598573
1.67600000 3.66160639
1.67700000 3.65723488
1.67800000 3.65287118
1.67900000 3.64851528
1.68000000 3.64416715
1.68100000 3.63982679
1.68200000 3.63549416
1.68300000 3.63116925
1.68400000 3.62685204
1.68500000 3.62254252
1.68600000 3.61824067
1.68700000 3.61394646
1.68800000 3.60965989
1.68900000 3.60538092
1.69000000 3.60110955
1.69100000 3.59684576
1.69200000 3.59258952
1.69300000 3.58834082
1.69400000 3.58409964
1.69500000 3.57986597
1.69600000 3.57563979
1.69700000 3.57142108
1.69800000 3.56720981
1.69900000 3.56300598
1.70000000 3.55880957
1.70100000 3.55462056
1.70200000 3.55043892
1.70300000 3.54626466
1.70400000 3.54209774
1.70500000 3.53793815
1.70600000 3.53378587
1.70700000 3.52964088
1.70800000 3.52550318
1.70900000 3.52137274
1.71000000 3.51724954
1.71100000 3.51313357
1.71200000 3.50902481
1.71300000 3.50492324
1.71400000 3.50082885
1.71500000 3.49674163
1.71600000 3.49266154
1.71700000 3.48858858
1.71800000 3.48452274
1.71900000 3.48046398
1.72000000 3.47641230
1.72100000 3.47236769
1.72200000 3.46833012
1.72300000 3.46429957
1.72400000 3.46027604
1.72500000 3.45625951
1.72600000 3.45224995
1.72700000 3.44824736
1.72800000 3.44425171
1.72900000 3.44026300
1.73000000 3.43628120
1.73100000 3.43230630
1.73200000 3.42833828
1.73300000 3.42437713
1.73400000 3.42042283
1.73500000 3.41647537
1.73600000 3.41253472
1.73700000 3.40860089
1.73800000 3.40467383
1.73900000 3.40075356
1.74000000 3.39684004
1.74100000 3.39293326
1.74200000 3.38903321
1.74300000 3.38513986
1.74400000 3.38125322
1.74500000 3.37737325
1.74600000 3.37349995
1.74700000 3.36963330
1.74800000 3.36577328
1.74900000 3.36191989
1.75000000 3.35807309
1.75100000 3.35423289
1.75200000 3.35039926
1.75300000 3.34657219
1.75400000 3.34275166
1.75500000 3.33893766
1.75600000 3.33513018
1.75700000 3.33132919
1.75800000 3.32753469
1.75900000 3.32374666
1.76000000 3.31996509
1.76100000 3.31618995
1.76200000 3.31242125
1.76300000 3.30865895
1.76400000 3.30490305
1.76500000 3.30115353
1.76600000 3.29741038
1.76700000 3.29367359
1.76800000 3.28994313
1.76900000 3.28621900
1.77000000 3.28250117
1.77100000 3.27878965
1.77200000 3.27508440
1.77300000 3.27138543
1.77400000 3.26769271
1.77500000 3.26400622
1.77600000 3.26032597
1.77700000 3.25665192
1.77800000 3.25298407
1.77900000 3.24932241
1.78000000 3.24566692
1.78100000 3.24201758
1.78200000 3.23837438
1.78300000 3.23473731
1.78400000 3.23110636
1.78500000 3.22748151
1.78600000 3.22386274
1.78700000 3.22025005
1.78800000 3.21664342
1.78900000 3.21304284
1.79000000 3.20944829
1.79100000 3.20585975
1.79200000 3.20227723
1.79300000 3.19870069
1.79400000 3.19513014
1.79500000 3.19156555
1.79600000 3.18800692
1.79700000 3.18445422
1.79800000 3.18090745
1.79900000 3.17736659
1.80000000 3.17383164
1.80100000 3.17030257
1.80200000 3.16677937
1.80300000 3.16326204
1.80400000 3.15975055
1.80500000 3.15624490
1.80600000 3.15274506
1.80700000 3.14925104
1.80800000 3.14576282
1.80900000 3.14228038
1.81000000 3.13880370
1.81100000 3.13533279
1.81200000 3.13186762
1.81300000 3.12840819
1.81400000 3.12495447
1.81500000 3.12150646
1.81600000 3.11806415
1.81700000 3.11462751
1.81800000 3.11119655
1.81900000 3.10777125
1.82000000 3.10435159
1.82100000 3.10093756
1.82200000 3.09752915
1.82300000 3.09412635
1.82400000 3.09072914
1.82500000 3.08733752
1.82600000 3.08395147
1.82700000 3.08057098
1.82800000 3.07719603
1.82900000 3.07382662
1.83000000 3.07046273
1.83100000 3.06710435
1.83200000 3.06375147
1.83300000 3.06040407
1.83400000 3.05706215
1.83500000 3.05372569
1.83600000 3.05039469
1.83700000 3.04706912
1.83800000 3.04374897
1.83900000 3.04043425
1.84000000 3.03712492
1.84100000 3.03382099
1.84200000 3.03052243
1.84300000 3.02722925
1.84400000 3.02394142
1.84500000 3.02065894
1.84600000 3.01738178
1.84700000 3.01410996
1.84800000 3.01084344
1.84900000 3.00758222
1.85000000 3.00432628
1.85100000 3.00107562
1.85200000 2.99783023
1.85300000 2.99459009
1.85400000 2.99135519
1.85500000 2.98812552
1.85600000 2.98490108
1.85700000 2.98168183
1.85800000 2.97846779
1.85900000 2.97525893
1.86000000 2.97205525
1.86100000 2.96885673
1.86200000 2.96566336
1.86300000 2.96247513
1.86400000 2.95929203
1.86500000 2.95611405
1.86600000 2.95294118
1.86700000 2.94977341
1.86800000 2.94661072
1.86900000 2.94345311
1.87000000 2.94030056
1.87100000 2.93715307
1.87200000 2.93401062
1.87300000 2.93087320
1.87400000 2.92774080
1.87500000 2.92461341
1.87600000 2.92149103
1.87700000 2.91837363
1.87800000 2.91526121
1.87900000 2.91215376
1.88000000 2.90905126
1.88100000 2.90595372
1.88200000 2.90286111
1.88300000 2.89977343
1.88400000 2.89669066
1.88500000 2.89361279
1.88600000 2.89053983
1.88700000 2.88747174
1.88800000 2.88440853
1.88900000 2.88135019
1.89000000 2.87829669
1.89100000 2.87524804
1.89200000 2.87220423
1.89300000 2.86916523
1.89400000 2.86613105
1.89500000 2.86310167
1.89600000 2.86007709
1.89700000 2.85705728
1.89800000 2.85404225
1.89900000 2.85103198
1.90000000 2.84802646
1.90100000 2.84502568
1.90200000 2.84202964
1.90300000 2.83903831
1.90400000 2.83605170
1.90500000 2.83306980
1.90600000 2.83009258
1.90700000 2.82712005
1.90800000 2.82415219
1.90900000 2.82118899
1.91000000 2.81823044
1.91100000 2.81527654
1.91200000 2.81232728
1.91300000 2.80938263
1.91400000 2.80644260
1.91500000 2.80350718
1.91600000 2.80057635
1.91700000 2.79765011
1.91800000 2.79472844
1.91900000 2.79181134
1.92000000 2.78889879
1.92100000 2.78599080
1.92200000 2.78308734
1.92300000 2.78018841
1.92400000 2.77729400
1.92500000 2.77440410
1.92600000 2.77151870
1.92700000 2.76863779
1.92800000 2.76576136
1.92900000 2.76288940
1.93000000 2.76002191
1.93100000 2.75715887
1.93200000 2.75430028
1.93300000 2.75144612
1.93400000 2.74859639
1.93500000 2.74575108
1.93600000 2.74291017
1.93700000 2.74007366
1.93800000 2.73724154
1.93900000 2.73441381
1.94000000 2.73159044
1.94100000 2.72877144
1.94200000 2.72595679
1.94300000 2.72314649
1.94400000 2.72034052
1.94500000 2.71753888
1.94600000 2.71474156
1.94700000 2.71194855
1.94800000 2.70915983
1.94900000 2.70637541
1.95000000 2.70359527
1.95100000 2.70081941
1.95200000 2.69804781
1.95300000 2.69528047
1.95400000 2.69251737
1.95500000 2.68975852
1.95600000 2.68700389
1.95700000 2.68425349
1.95800000 2.68150730
1.95900000 2.67876532
1.96000000 2.67602753
1.96100000 2.67329392
1.96200000 2.67056450
1.96300000 2.66783925
1.96400000 2.66511816
1.96500000 2.66240122
1.96600000 2.65968843
1.96700000 2.65697977
1.96800000 2.65427524
1.96900000 2.65157484
1.97000000 2.64887854
1.97100000 2.64618635
1.97200000 2.64349825
1.97300000 2.64081424
1.97400000 2.63813430
1.97500000 2.63545844
1.97600000 2.63278664
1.97700000 2.63011889
1.97800000 2.62745518
1.97900000 2.62479552
1.98000000 2.62213988
1.98100000 2.61948826
1.98200000 2.61684066
1.98300000 2.61419706
1.98400000 2.61155746
1.98500000 2.60892184
1.98600000 2.60629021
1.98700000 2.60366255
1.98800000 2.60103885
1.98900000 2.59841911
1.99000000 2.59580332
1.99100000 2.59319147
1.99200000 2.59058355
1.99300000 2.58797955
1.99400000 2.58537948
1.99500000 2.58278331
1.99600000 2.58019104
1.99700000 2.57760267
1.99800000 2.57501818
1.99900000 2.57243757
2.00000000 2.56986083
2.00100000 2.56728795
2.00200000 2.56471893
2.00300000 2.56215375
2.00400000 2.55959242
2.00500000 2.55703491
2.00600000 2.55448123
2.00700000 2.55193137
2.00800000 2.54938531
2.00900000 2.54684306
2.01000000 2.54430460
2.01100000 2.54176992
2.01200000 2.53923902
2.01300000 2.53671190
2.01400000 2.53418854
2.01500000 2.53166893
2.01600000 2.52915307
2.01700000 2.52664096
2.01800000 2.52413258
2.01900000 2.52162792
2.02000000 2.51912698
2.02100000 2.51662976
2.02200000 2.51413624
2.02300000 2.51164642
2.02400000 2.50916028
2.02500000 2.50667783
2.02600000 2.50419905
2.02700000 2.50172395
2.02800000 2.49925250
2.02900000 2.49678470
2.03000000 2.49432055
2.03100000 2.49186005
2.03200000 2.48940317
2.03300000 2.48694992
2.03400000 2.48450028
2.03500000 2.48205426
2.03600000 2.47961184
2.03700000 2.47717301
2.03800000 2.47473778
2.03900000 2.47230612
2.04000000 2.46987805
2.04100000 2.46745354
2.04200000 2.46503259
2.04300000 2.46261519
2.04400000 2.46020135
2.04500000 2.45779104
2.04600000 2.45538427
2.04700000 2.45298102
2.04800000 2.45058130
2.04900000 2.44818508
2.05000000 2.44579238
2.05100000 2.44340317
2.05200000 2.44101745
2.05300000 2.43863522
2.05400000 2.43625647
2.05500000 2.43388119
2.05600000 2.43150937
2.05700000 2.42914102
2.05800000 2.42677611
2.05900000 2.42441465
2.06000000 2.42205663
2.06100000 2.41970204
2.06200000 2.41735088
2.06300000 2.41500313
2.06400000 2.41265879
2.06500000 2.41031786
2.06600000 2.40798033
2.06700000 2.40564619
2.06800000 2.40331544
2.06900000 2.40098807
2.07000000 2.39866406
2.07100000 2.39634343
2.07200000 2.39402615
2.07300000 2.39171223
2.07400000 2.38940165
2.07500000 2.38709441
2.07600000 2.38479051
2.07700000 2.38248993
2.07800000 2.38019267
2.07900000 2.37789873
2.08000000 2.37560809
2.08100000 2.37332076
2.08200000 2.37103672
2.08300000 2.36875598
2.08400000 2.36647851
2.08500000 2.36420432
2.08600000 2.36193340
2.08700000 2.35966574
2.08800000 2.35740134
2.08900000 2.35514020
2.09000000 2.35288229
2.09100000 2.35062763
2.09200000 2.34837620
2.09300000 2.34612800
2.09400000 2.34388301
2.09500000 2.34164124
2.09600000 2.33940268
2.09700000 2.33716732
2.09800000 2.33493516
2.09900000 2.33270618
2.10000000 2.33048039
2.10100000 2.32825778
2.10200000 2.32603834
2.10300000 2.32382206
2.10400000 2.32160894
2.10500000 2.31939898
2.10600000 2.31719216
2.10700000 2.31498849
2.10800000 2.31278795
2.10900000 2.31059054
2.11000000 2.30839626
2.11100000 2.30620509
2.11200000 2.30401703
2.11300000 2.30183208
2.11400000 2.29965023
2.11500000 2.29747148
2.11600000 2.29529581
2.11700000 2.29312323
2.11800000 2.29095372
2.11900000 2.28878728
2.12000000 2.28662391
2.12100000 2.28446360
2.12200000 2.28230634
2.12300000 2.28015213
2.12400000 2.27800096
2.12500000 2.27585283
2.12600000 2.27370773
2.12700000 2.27156565
2.12800000 2.26942659
2.12900000 2.26729055
2.13000000 2.26515751
2.13100000 2.26302748
2.13200000 2.26090044
2.13300000 2.25877640
2.13400000 2.25665534
2.13500000 2.25453726
2.13600000 2.25242215
2.13700000 2.25031001
2.13800000 2.24820084
2.13900000 2.24609462
2.14000000 2.24399136
2.14100000 2.24189104
2.14200000 2.23979366
2.14300000 2.23769922
2.14400000 2.23560771
2.14500000 2.23351912
2.14600000 2.23143345
2.14700000 2.22935070
2.14800000 2.22727086
2.14900000 2.22519391
2.15000000 2.22311987
2.15100000 2.22104872
2.15200000 2.21898045
2.15300000 2.21691507
2.15400000 2.21485256
2.15500000 2.21279292
2.15600000 2.21073615
2.15700000 2.20868223
2.15800000 2.20663118
2.15900000 2.20458297
2.16000000 2.20253761
2.16100000 2.20049508
2.16200000 2.19845539
2.16300000 2.19641853
2.16400000 2.19438449
2.16500000 2.19235327
2.16600000 2.19032486
2.16700000 2.18829926
2.16800000 2.18627646
2.16900000 2.18425646
2.17000000 2.18223925
2.17100000 2.18022483
2.17200000 2.17821319
2.17300000 2.17620432
2.17400000 2.17419823
2.17500000 2.17219491
2.17600000 2.17019434
2.17700000 2.16819653
2.17800000 2.16620148
2.17900000 2.16420917
2.18000000 2.16221960
2.18100000 2.16023277
2.18200000 2.15824867
2.18300000 2.15626729
2.18400000 2.15428864
2.18500000 2.15231270
2.18600000 2.15033947
2.18700000 2.14836895
2.18800000 2.14640113
2.18900000 2.14443601
2.19000000 2.14247358
2.19100000 2.14051384
2.19200000 2.13855677
2.19300000 2.13660239
2.19400000 2.13465067
2.19500000 2.13270163
2.19600000 2.13075524
2.19700000 2.12881151
2.19800000 2.12687044
2.19900000 2.12493201
2.20000000 2.12299623
2.20100000 2.12106308
2.20200000 2.11913257
2.20300000 2.11720468
2.20400000 2.11527942
2.20500000 2.11335678
2.20600000 2.11143675
2.20700000 2.10951933
2.20800000 2.10760452
2.20900000 2.10569231
2.21000000 2.10378269
2.21100000 2.10187566
2.21200000 2.09997122
2.21300000 2.09806936
2.21400000 2.09617007
2.21500000 2.09427336
2.21600000 2.09237922
2.21700000 2.09048764
2.21800000 2.08859861
2.21900000 2.08671214
2.22000000 2.08482822
2.22100000 2.08294684
2.22200000 2.08106800
2.22300000 2.07919170
2.22400000 2.07731793
2.22500000 2.07544668
2.22600000 2.07357796
2.22700000 2.07171175
2.22800000 2.06984806
2.22900000 2.06798687
2.23000000 2.06612819
2.23100000 2.06427200
2.23200000 2.06241831
2.23300000 2.06056711
2.23400000 2.05871840
2.23500000 2.05687216
2.23600000 2.05502840
2.23700000 2.05318712
2.23800000 2.05134830
2.23900000 2.04951195
2.24000000 2.04767805
2.24100000 2.04584661
2.24200000 2.04401762
2.24300000 2.04219108
2.24400000 2.04036698
2.24500000 2.03854531
2.24600000 2.03672608
2.24700000 2.03490928
2.24800000 2.03309490
2.24900000 2.03128294
2.25000000 2.02947339
2.25100000 2.02766626
2.25200000 2.02586153
2.25300000 2.02405921
2.25400000 2.02225928
2.25500000 2.02046175
2.25600000 2.01866661
2.25700000 2.01687386
2.25800000 2.01508348
2.25900000 2.01329548
2.26000000 2.01150986
2.26100000 2.00972661
2.26200000 2.00794572
2.26300000 2.00616719
2.26400000 2.00439101
2.26500000 2.00261719
2.26600000 2.00084572
2.26700000 1.99907659
2.26800000 1.99730980
2.26900000 1.99554535
2.27000000 1.99378323
2.27100000 1.99202343
2.27200000 1.99026596
2.27300000 1.98851081
2.27400000 1.98675797
2.27500000 1.98500744
2.27600000 1.98325922
2.27700000 1.98151331
2.27800000 1.97976969
2.27900000 1.97802837
2.28000000 1.97628934
2.28100000 1.97455259
2.28200000 1.97281813
2.28300000 1.97108595
2.28400000 1.96935604
2.28500000 1.96762840
2.28600000 1.96590303
2.28700000 1.96417992
2.28800000 1.96245907
2.28900000 1.96074048
2.29000000 1.95902414
2.29100000 1.95731004
2.29200000 1.95559819
2.29300000 1.95388858
2.29400000 1.95218120
2.29500000 1.95047606
2.29600000 1.94877314
2.29700000 1.94707244
2.29800000 1.94537397
2.29900000 1.94367771
2.30000000 1.94198366
2.30100000 1.94029182
2.30200000 1.93860219
2.30300000 1.93691476
2.30400000 1.93522952
2.30500000 1.93354648
2.30600000 1.93186562
2.30700000 1.93018696
2.30800000 1.92851047
2.30900000 1.92683616
2.31000000 1.92516403
2.31100000 1.92349406
2.31200000 1.92182626
2.31300000 1.92016063
2.31400000 1.91849715
2.31500000 1.91683583
2.31600000 1.91517666
2.31700000 1.91351964
2.31800000 1.91186476
2.31900000 1.91021203
2.32000000 1.90856143
2.32100000 1.90691296
2.32200000 1.90526662
2.32300000 1.90362241
2.32400000 1.90198032
2.32500000 1.90034035
2.32600000 1.89870250
2.32700000 1.89706675
2.32800000 1.89543312
2.32900000 1.89380158
2.33000000 1.89217215
2.33100000 1.89054482
2.33200000 1.88891957
2.33300000 1.88729642
2.33400000 1.88567535
2.33500000 1.88405637
2.33600000 1.88243946
2.33700000 1.88082463
2.33800000 1.87921188
2.33900000 1.87760119
2.34000000 1.87599256
2.34100000 1.87438600
2.34200000 1.87278149
2.34300000 1.87117904
2.34400000 1.86957863
2.34500000 1.86798028
2.34600000 1.86638397
2.34700000 1.86478970
2.34800000 1.86319746
2.34900000 1.86160726
2.35000000 1.86001909
2.35100000 1.85843294
2.35200000 1.85684882
2.35300000 1.85526672
2.35400000 1.85368663
2.35500000 1.85210856
2.35600000 1.85053249
2.35700000 1.84895843
2.35800000 1.84738637
2.35900000 1.84581632
2.36000000 1.84424825
2.36100000 1.84268218
2.36200000 1.84111810
2.36300000 1.83955600
2.36400000 1.83799589
2.36500000 1.83643775
2.36600000 1.83488159
2.36700000 1.83332741
2.36800000 1.83177519
2.36900000 1.83022493
2.37000000 1.82867664
2.37100000 1.82713031
2.37200000 1.82558593
2.37300000 1.82404350
2.37400000 1.82250303
2.37500000 1.82096449
2.37600000 1.81942791
2.37700000 1.81789326
2.37800000 1.81636054
2.37900000 1.81482976
2.38000000 1.81330091
2.38100000 1.81177398
2.38200000 1.81024898
2.38300000 1.80872589
2.38400000 1.80720473
2.38500000 1.80568547
2.38600000 1.80416813
2.38700000 1.80265269
2.38800000 1.80113916
2.38900000 1.79962752
2.39000000 1.79811779
2.39100000 1.79660994
2.39200000 1.79510399
2.39300000 1.79359993
2.39400000 1.79209775
2.39500000 1.79059745
2.39600000 1.78909903
2.39700000 1.78760248
2.39800000 1.78610781
2.39900000 1.78461501
2.40000000 1.78312407
2.40100000 1.78163499
2.40200000 1.78014778
2.40300000 1.77866242
2.40400000 1.77717891
2.40500000 1.77569726
2.40600000 1.77421745
2.40700000 1.77273948
2.40800000 1.77126336
2.40900000 1.76978907
2.41000000 1.76831662
2.41100000 1.76684600
2.41200000 1.76537721
2.41300000 1.76391025
2.41400000 1.76244511
2.41500000 1.76098179
2.41600000 1.75952028
2.41700000 1.75806059
2.41800000 1.75660271
2.41900000 1.75514664
2.42000000 1.75369237
2.42100000 1.75223991
2.42200000 1.75078924
2.42300000 1.74934037
2.42400000 1.74789329
2.42500000 1.74644800
2.42600000 1.74500450
2.42700000 1.74356279
2.42800000 1.74212285
2.42900000 1.74068469
2.43000000 1.73924831
2.43100000 1.73781370
2.43200000 1.73638086
2.43300000 1.73494979
2.43400000 1.73352048
2.43500000 1.73209293
2.43600000 1.73066713
2.43700000 1.72924310
2.43800000 1.72782081
2.43900000 1.72640028
2.44000000 1.72498149
2.44100000 1.72356444
2.44200000 1.72214914
2.44300000 1.72073557
2.44400000 1.71932374
2.44500000 1.71791364
2.44600000 1.71650526
2.44700000 1.71509862
2.44800000 1.71369370
2.44900000 1.71229050
2.45000000 1.71088902
2.45100000 1.70948925
2.45200000 1.70809119
2.45300000 1.70669485
2.45400000 1.70530021
2.45500000 1.70390728
2.45600000 1.70251604
2.45700000 1.70112651
2.45800000 1.69973867
2.45900000 1.69835252
2.46000000 1.69696807
2.46100000 1.69558530
2.46200000 1.69420422
2.46300000 1.69282481
2.46400000 1.69144709
2.46500000 1.69007105
2.46600000 1.68869667
2.46700000 1.68732397
2.46800000 1.68595294
2.46900000 1.68458357
2.47000000 1.68321587
2.47100000 1.68184983
2.47200000 1.68048544
2.47300000 1.67912271
2.47400000 1.67776163
2.47500000 1.67640220
2.47600000 1.67504442
2.47700000 1.67368828
2.47800000 1.67233378
2.47900000 1.67098093
2.48000000 1.66962971
2.48100000 1.66828012
2.48200000 1.66693216
2.48300000 1.66558583
2.48400000 1.66424113
2.48500000 1.66289805
2.48600000 1.66155659
2.48700000 1.66021675
2.48800000 1.65887853
2.48900000 1.65754192
2.49000000 1.65620691
2.49100000 1.65487352
2.49200000 1.65354173
2.49300000 1.65221154
2.49400000 1.65088295
2.49500000 1.64955596
2.49600000 1.64823057
2.49700000 1.64690677
2.49800000 1.64558455
2.49900000 1.64426393
2.50000000 1.64294489
2.50100000 1.64162743
2.50200000 1.64031155
2.50300000 1.63899724
2.50400000 1.63768451
2.50500000 1.63637336
2.50600000 1.63506377
2.50700000 1.63375575
2.50800000 1.63244929
2.50900000 1.63114440
2.51000000 1.62984106
2.51100000 1.62853929
2.51200000 1.62723906
2.51300000 1.62594039
2.51400000 1.62464327
2.51500000 1.62334770
2.51600000 1.62205367
2.51700000 1.62076118
2.51800000 1.61947023
2.51900000 1.61818082
2.52000000 1.61689294
2.52100000 1.61560660
2.52200000 1.61432179
2.52300000 1.61303850
2.52400000 1.61175674
2.52500000 1.61047650
2.52600000 1.60919778
2.52700000 1.60792058
2.52800000 1.60664490
2.52900000 1.60537073
2.53000000 1.60409807
2.53100000 1.60282691
2.53200000 1.60155727
2.53300000 1.60028912
2.53400000 1.59902248
2.53500000 1.59775734
2.53600000 1.59649369
2.53700000 1.59523154
2.53800000 1.59397088
2.53900000 1.59271171
2.54000000 1.59145402
2.54100000 1.59019782
2.54200000 1.58894311
2.54300000 1.58768987
2.54400000 1.58643811
2.54500000 1.58518783
2.54600000 1.58393901
2.54700000 1.58269167
2.54800000 1.58144580
2.54900000 1.58020140
2.55000000 1.57895845
2.55100000 1.57771697
2.55200000 1.57647695
2.55300000 1.57523839
2.55400000 1.57400128
2.55500000 1.57276562
2.55600000 1.57153142
2.55700000 1.57029866
2.55800000 1.56906734
2.55900000 1.56783747
2.56000000 1.56660904
2.56100000 1.56538205
2.56200000 1.56415650
2.56300000 1.56293238
2.56400000 1.56170969
2.56500000 1.56048844
2.56600000 1.55926861
2.56700000 1.55805020
2.56800000 1.55683322
2.56900000 1.55561766
2.57000000 1.55440352
2.57100000 1.55319080
2.57200000 1.55197949
2.57300000 1.55076959
2.57400000 1.54956110
2.57500000 1.54835402
2.57600000 1.54714835
2.57700000 1.54594408
2.57800000 1.54474121
2.57900000 1.54353974
2.58000000 1.54233966
2.58100000 1.54114098
2.58200000 1.53994370
2.58300000 1.53874780
2.58400000 1.53755329
2.58500000 1.53636017
2.58600000 1.53516843
2.58700000 1.53397808
2.58800000 1.53278910
2.58900000 1.53160150
2.59000000 1.53041528
2.59100000 1.52923043
2.59200000 1.52804695
2.59300000 1.52686484
2.59400000 1.52568410
2.59500000 1.52450472
2.59600000 1.52332671
2.59700000 1.52215005
2.59800000 1.52097476
2.59900000 1.51980082
2.60000000 1.51862823
2.60100000 1.51745700
2.60200000 1.51628712
2.60300000 1.51511858
2.60400000 1.51395140
2.60500000 1.51278555
2.60600000 1.51162105
2.60700000 1.51045789
2.60800000 1.50929606
2.60900000 1.50813558
2.61000000 1.50697642
2.61100000 1.50581860
2.61200000 1.50466211
2.61300000 1.50350694
2.61400000 1.50235310
2.61500000 1.50120058
2.61600000 1.50004939
2.61700000 1.49889951
2.61800000 1.49775096
2.61900000 1.49660371
2.62000000 1.49545779
2.62100000 1.49431317
2.62200000 1.49316986
2.62300000 1.49202786
2.62400000 1.49088717
2.62500000 1.48974777
2.62600000 1.48860968
2.62700000 1.48747289
2.62800000 1.48633740
2.62900000 1.48520321
2.63000000 1.48407030
2.63100000 1.48293869
2.63200000 1.48180837
2.63300000 1.48067933
2.63400000 1.47955159
2.63500000 1.47842512
2.63600000 1.47729994
2.63700000 1.47617604
2.63800000 1.47505341
2.63900000 1.47393206
2.64000000 1.47281199
2.64100000 1.47169319
2.64200000 1.47057565
2.64300000 1.46945939
2.64400000 1.46834439
2.64500000 1.46723066
2.64600000 1.46611819
2.64700000 1.46500698
2.64800000 1.46389703
2.64900000 1.46278834
2.65000000 1.46168090
2.65100000 1.46057471
2.65200000 1.45946978
2.65300000 1.45836609
2.65400000 1.45726366
2.65500000 1.45616246
2.65600000 1.45506252
2.65700000 1.45396381
2.65800000 1.45286634
2.65900000 1.45177012
2.66000000 1.45067512
2.66100000 1.44958137
2.66200000 1.44848884
2.66300000 1.44739755
2.66400000 1.44630748
2.66500000 1.44521864
2.66600000 1.44413103
2.66700000 1.44304464
2.66800000 1.44195947
2.66900000 1.44087552
2.67000000 1.43979279
2.67100000 1.43871127
2.67200000 1.43763097
2.67300000 1.43655188
2.67400000 1.43547400
2.67500000 1.43439733
2.67600000 1.43332187
2.67700000 1.43224761
2.67800000 1.43117456
2.67900000 1.43010271
2.68000000 1.42903205
2.68100000 1.42796260
2.68200000 1.42689434
2.68300000 1.42582727
2.68400000 1.42476140
2.68500000 1.42369672
2.68600000 1.42263323
2.68700000 1.42157092
2.68800000 1.42050981
2.68900000 1.41944987
2.69000000 1.41839112
2.69100000 1.41733354
2.69200000 1.41627715
2.69300000 1.41522193
2.69400000 1.41416789
2.69500000 1.41311502
2.69600000 1.41206332
2.69700000 1.41101279
2.69800000 1.40996343
2.69900000 1.40891523
2.70000000 1.40786820
2.70100000 1.40682234
2.70200000 1.40577763
2.70300000 1.40473408
2.70400000 1.40369169
2.70500000 1.40265046
2.70600000 1.40161038
2.70700000 1.40057146
2.70800000 1.39953368
2.70900000 1.39849706
2.71000000 1.39746158
2.71100000 1.39642724
2.71200000 1.39539405
2.71300000 1.39436201
2.71400000 1.39333110
2.71500000 1.39230134
2.71600000 1.39127271
2.71700000 1.39024521
2.71800000 1.38921885
2.71900000 1.38819363
2.72000000 1.38716953
2.72100000 1.38614656
2.72200000 1.38512472
2.72300000 1.38410401
2.72400000 1.38308442
2.72500000 1.38206595
2.72600000 1.38104860
2.72700000 1.38003237
2.72800000 1.37901726
2.72900000 1.37800327
2.73000000 1.37699039
2.73100000 1.37597862
2.73200000 1.37496796
2.73300000 1.37395841
2.73400000 1.37294997
2.73500000 1.37194264
2.73600000 1.37093641
2.73700000 1.36993128
2.73800000 1.36892725
2.73900000 1.36792433
2.74000000 1.36692250
2.74100000 1.36592177
2.74200000 1.36492213
2.74300000 1.36392359
2.74400000 1.36292614
2.74500000 1.36192977
2.74600000 1.36093450
2.74700000 1.35994031
2.74800000 1.35894721
2.74900000 1.35795519
2.75000000 1.35696426
2.75100000 1.35597440
2.75200000 1.35498563
2.75300000 1.35399793
2.75400000 1.35301130
2.75500000 1.35202576
2.75600000 1.35104128
2.75700000 1.35005787
2.75800000 1.34907554
2.75900000 1.34809427
2.76000000 1.34711407
2.76100000 1.34613494
2.76200000 1.34515686
2.76300000 1.34417985
2.76400000 1.34320390
2.76500000 1.34222901
2.76600000 1.34125518
2.76700000 1.34028240
2.76800000 1.33931068
2.76900000 1.33834000
2.77000000 1.33737038
2.77100000 1.33640181
2.77200000 1.33543429
2.77300000 1.33446782
2.77400000 1.33350239
2.77500000 1.33253800
2.77600000 1.33157465
2.77700000 1.33061235
2.77800000 1.32965109
2.77900000 1.32869086
2.78000000 1.32773167
2.78100000 1.32677351
2.78200000 1.32581639
2.78300000 1.32486030
2.78400000 1.32390523
2.78500000 1.32295120
2.78600000 1.32199820
2.78700000 1.32104622
2.78800000 1.32009526
2.78900000 1.31914533
2.79000000 1.31819642
2.79100000 1.31724853
2.79200000 1.31630165
2.79300000 1.31535580
2.79400000 1.31441096
2.79500000 1.31346713
2.79600000 1.31252432
2.79700000 1.31158251
2.79800000 1.31064172
2.79900000 1.30970194
2.80000000 1.30876316
2.80100000 1.30782539
2.80200000 1.30688862
2.80300000 1.30595285
2.80400000 1.30501809
2.80500000 1.30408432
2.80600000 1.30315156
2.80700000 1.30221979
2.80800000 1.30128901
2.80900000 1.30035923
2.81000000 1.29943044
2.81100000 1.29850265
2.81200000 1.29757584
2.81300000 1.29665002
2.81400000 1.29572519
2.81500000 1.29480134
2.81600000 1.29387848
2.81700000 1.29295660
2.81800000 1.29203570
2.81900000 1.29111579
2.82000000 1.29019685
2.82100000 1.28927888
2.82200000 1.28836190
2.82300000 1.28744589
2.82400000 1.28653085
2.82500000 1.28561678
2.82600000 1.28470368
2.82700000 1.28379156
2.82800000 1.28288039
2.82900000 1.28197020
2.83000000 1.28106097
2.83100000 1.28015271
2.83200000 1.27924540
2.83300000 1.27833906
2.83400000 1.27743367
2.83500000 1.27652925
2.83600000 1.27562578
2.83700000 1.27472326
2.83800000 1.27382170
2.83900000 1.27292110
2.84000000 1.27202144
2.84100000 1.27112274
2.84200000 1.27022498
2.84300000 1.26932817
2.84400000 1.26843230
2.84500000 1.26753738
2.84600000 1.26664341
2.84700000 1.26575037
2.84800000 1.26485828
2.84900000 1.26396713
2.85000000 1.26307691
2.85100000 1.26218763
2.85200000 1.26129928
2.85300000 1.26041187
2.85400000 1.25952540
2.85500000 1.25863985
2.85600000 1.25775523
2.85700000 1.25687155
2.85800000 1.25598879
2.85900000 1.25510695
2.86000000 1.25422605
2.86100000 1.25334606
2.86200000 1.25246700
2.86300000 1.25158886
2.86400000 1.25071164
2.86500000 1.24983533
2.86600000 1.24895995
2.86700000 1.24808548
2.86800000 1.24721192
2.86900000 1.24633928
2.87000000 1.24546755
2.87100000 1.24459673
2.87200000 1.24372682
2.87300000 1.24285782
2.87400000 1.24198973
2.87500000 1.24112254
2.87600000 1.24025626
2.87700000 1.23939088
2.87800000 1.23852640
2.87900000 1.23766282
2.88000000 1.23680014
2.88100000 1.23593836
2.88200000 1.23507748
2.88300000 1.23421749
2.88400000 1.23335840
2.88500000 1.23250020
2.88600000 1.23164289
2.88700000 1.23078648
2.88800000 1.22993095
2.88900000 1.22907631
2.89000000 1.22822256
2.89100000 1.22736970
2.89200000 1.22651772
2.89300000 1.22566662
2.89400000 1.22481640
2.89500000 1.22396707
2.89600000 1.22311862
2.89700000 1.22227104
2.89800000 1.22142434
2.89900000 1.22057852
2.90000000 1.21973357
2.90100000 1.21888950
2.90200000 1.21804630
2.90300000 1.21720397
2.90400000 1.21636251
2.90500000 1.21552192
2.90600000 1.21468220
2.90700000 1.21384334
2.90800000 1.21300535
2.90900000 1.21216822
2.91000000 1.21133196
2.91100000 1.21049656
2.91200000 1.20966202
2.91300000 1.20882833
2.91400000 1.20799551
2.91500000 1.20716354
2.91600000 1.20633243
2.91700000 1.20550218
2.91800000 1.20467277
2.91900000 1.20384422
2.92000000 1.20301652
2.92100000 1.20218968
2.92200000 1.20136368
2.92300000 1.20053852
2.92400000 1.19971422
2.92500000 1.19889076
2.92600000 1.19806814
2.92700000 1.19724637
2.92800000 1.19642544
2.92900000 1.19560535
2.93000000 1.19478610
2.93100000 1.19396769
2.93200000 1.19315011
2.93300000 1.19233337
2.93400000 1.19151747
2.93500000 1.19070240
2.93600000 1.18988816
2.93700000 1.18907476
2.93800000 1.18826218
2.93900000 1.18745044
2.94000000 1.18663952
2.94100000 1.18582943
2.94200000 1.18502017
2.94300000 1.18421173
2.94400000 1.18340411
2.94500000 1.18259732
2.94600000 1.18179135
2.94700000 1.18098620
2.94800000 1.18018187
2.94900000 1.17937836
2.95000000 1.17857566
2.95100000 1.17777378
2.95200000 1.17697272
2.95300000 1.17617247
2.95400000 1.17537303
2.95500000 1.17457440
2.95600000 1.17377658
2.95700000 1.17297958
2.95800000 1.17218338
2.95900000 1.17138799
2.96000000 1.17059340
2.96100000 1.16979962
2.96200000 1.16900665
2.96300000 1.16821447
2.96400000 1.16742310
2.96500000 1.16663253
2.96600000 1.16584276
2.96700000 1.16505379
2.96800000 1.16426561
2.96900000 1.16347823
2.97000000 1.16269165
2.97100000 1.16190586
2.97200000 1.16112086
2.97300000 1.16033666
2.97400000 1.15955324
2.97500000 1.15877062
2.97600000 1.15798879
2.97700000 1.15720774
2.97800000 1.15642748
2.97900000 1.15564801
2.98000000 1.15486932
2.98100000 1.15409141
2.98200000 1.15331429
2.98300000 1.15253795
2.98400000 1.15176238
2.98500000 1.15098760
2.98600000 1.15021360
2.98700000 1.14944037
2.98800000 1.14866792
2.98900000 1.14789625
2.99000000 1.14712535
2.99100000 1.14635522
2.99200000 1.14558587
2.99300000 1.14481728
2.99400000 1.14404947
2.99500000 1.14328242
2.99600000 1.14251615
2.99700000 1.14175064
2.99800000 1.14098590
2.99900000 1.14022192
3.00000000 1.13945870
3.00100000 1.13869625
3.00200000 1.13793456
3.00300000 1.13717363
3.00400000 1.13641346
3.00500000 1.13565405
3.00600000 1.13489540
3.00700000 1.13413751
3.00800000 1.13338037
3.00900000 1.13262398
3.01000000 1.13186835
3.01100000 1.13111347
3.01200000 1.13035935
3.01300000 1.12960597
3.01400000 1.12885335
3.01500000 1.12810147
3.01600000 1.12735034
3.01700000 1.12659996
3.01800000 1.12585032
3.01900000 1.12510143
3.02000000 1.12435329
3.02100000 1.12360588
3.02200000 1.12285922
3.02300000 1.12211330
3.02400000 1.12136812
3.02500000 1.12062367
3.02600000 1.11987997
3.02700000 1.11913700
3.02800000 1.11839477
3.02900000 1.11765328
3.03000000 1.11691251
3.03100000 1.11617248
3.03200000 1.11543319
3.03300000 1.11469462
3.03400000 1.11395679
3.03500000 1.11321968
3.03600000 1.11248330
3.03700000 1.11174765
3.03800000 1.11101273
3.03900000 1.11027853
3.04000000 1.10954506
3.04100000 1.10881231
3.04200000 1.10808028
3.04300000 1.10734898
3.04400000 1.10661839
3.04500000 1.10588853
3.04600000 1.10515938
3.04700000 1.10443095
3.04800000 1.10370324
3.04900000 1.10297624
3.05000000 1.10224996
3.05100000 1.10152440
3.05200000 1.10079954
3.05300000 1.10007540
3.05400000 1.09935197
3.05500000 1.09862925
3.05600000 1.09790724
3.05700000 1.09718594
3.05800000 1.09646535
3.05900000 1.09574546
3.06000000 1.09502628
3.06100000 1.09430781
3.06200000 1.09359003
3.06300000 1.09287296
3.06400000 1.09215660
3.06500000 1.09144093
3.06600000 1.09072596
3.06700000 1.09001170
3.06800000 1.08929813
3.06900000 1.08858526
3.07000000 1.08787308
3.07100000 1.08716161
3.07200000 1.08645082
3.07300000 1.08574073
3.07400000 1.08503134
3.07500000 1.08432263
3.07600000 1.08361462
3.07700000 1.08290729
3.07800000 1.08220066
3.07900000 1.08149472
3.08000000 1.08078946
3.08100000 1.08008489
3.08200000 1.07938100
3.08300000 1.07867780
3.08400000 1.07797528
3.08500000 1.07727345
3.08600000 1.07657230
3.08700000 1.07587183
3.08800000 1.07517204
3.08900000 1.07447293
3.09000000 1.07377450
3.09100000 1.07307675
3.09200000 1.07237967
3.09300000 1.07168327
3.09400000 1.07098755
3.09500000 1.07029250
3.09600000 1.06959812
3.09700000 1.06890442
3.09800000 1.06821139
3.09900000 1.06751903
3.10000000 1.06682733
3.10100000 1.06613631
3.10200000 1.06544596
3.10300000 1.06475627
3.10400000 1.06406725
3.10500000 1.06337890
3.10600000 1.06269121
3.10700000 1.06200418
3.10800000 1.06131782
3.10900000 1.06063212
3.11000000 1.05994708
3.11100000 1.05926270
3.11200000 1.05857899
3.11300000 1.05789593
3.11400000 1.05721353
3.11500000 1.05653178
3.11600000 1.05585069
3.11700000 1.05517026
3.11800000 1.05449048
3.11900000 1.05381136
3.12000000 1.05313289
3.12100000 1.05245507
3.12200000 1.05177790
3.12300000 1.05110139
3.12400000 1.05042552
3.12500000 1.04975030
3.12600000 1.04907573
3.12700000 1.04840181
3.12800000 1.04772853
3.12900000 1.04705590
3.13000000 1.04638392
3.13100000 1.04571257
3.13200000 1.04504187
3.13300000 1.04437182
3.13400000 1.04370240
3.13500000 1.04303362
3.13600000 1.04236549
3.13700000 1.04169799
3.13800000 1.04103113
3.13900000 1.04036491
3.14000000 1.03969933
3.14100000 1.03903438
3.14200000 1.03837007
3.14300000 1.03770639
3.14400000 1.03704334
3.14500000 1.03638092
3.14600000 1.03571914
3.14700000 1.03505799
3.14800000 1.03439747
3.14900000 1.03373758
3.15000000 1.03307831
3.15100000 1.03241968
3.15200000 1.03176167
3.15300000 1.03110428
3.15400000 1.03044753
3.15500000 1.02979139
3.15600000 1.02913588
3.15700000 1.02848100
3.15800000 1.02782673
3.15900000 1.02717309
3.16000000 1.02652006
3.16100000 1.02586766
3.16200000 1.02521588
3.16300000 1.02456471
3.16400000 1.02391416
3.16500000 1.02326423
3.16600000 1.02261492
3.16700000 1.02196621
3.16800000 1.02131813
3.16900000 1.02067065
3.17000000 1.02002379
3.17100000 1.01937755
3.17200000 1.01873191
3.17300000 1.01808688
3.17400000 1.01744246
3.17500000 1.01679866
3.17600000 1.01615546
3.17700000 1.01551286
3.17800000 1.01487088
3.17900000 1.01422950
3.18000000 1.01358872
3.18100000 1.01294855
3.18200000 1.01230898
3.18300000 1.01167002
3.18400000 1.01103166
3.18500000 1.01039390
3.18600000 1.00975674
3.18700000 1.00912017
3.18800000 1.00848421
3.18900000 1.00784885
3.19000000 1.00721408
3.19100000 1.00657991
3.19200000 1.00594634
3.19300000 1.00531336
3.19400000 1.00468098
3.19500000 1.00404919
3.19600000 1.00341799
3.19700000 1.00278739
3.19800000 1.00215738
3.19900000 1.00152795
3.20000000 1.00089912
3.20100000 1.00027088
3.20200000 0.99964323
3.20300000 0.99901616
3.20400000 0.99838968
3.20500000 0.99776379
3.20600000 0.99713848
3.20700000 0.99651376
3.20800000 0.99588962
3.20900000 0.99526607
3.21000000 0.99464310
3.21100000 0.99402071
3.21200000 0.99339890
3.21300000 0.99277767
3.21400000 0.99215702
3.21500000 0.99153696
3.21600000 0.99091747
3.21700000 0.99029855
3.21800000 0.98968022
3.21900000 0.98906246
3.22000000 0.98844528
3.22100000 0.98782867
3.22200000 0.98721263
3.22300000 0.98659717
3.22400000 0.98598228
3.22500000 0.98536797
3.22600000 0.98475422
3.22700000 0.98414105
3.22800000 0.98352844
3.22900000 0.98291641
3.23000000 0.98230494
3.23100000 0.98169404
3.23200000 0.98108371
3.23300000 0.98047394
3.23400000 0.97986474
3.23500000 0.97925611
3.23600000 0.97864804
3.23700000 0.97804053
3.23800000 0.97743358
3.23900000 0.97682720
3.24000000 0.97622138
3.24100000 0.97561612
3.24200000 0.97501142
3.24300000 0.97440728
3.24400000 0.97380370
3.24500000 0.97320067
3.24600000 0.97259821
3.24700000 0.97199630
3.24800000 0.97139494
3.24900000 0.97079415
3.25000000 0.97019390
3.25100000 0.96959421
3.25200000 0.96899507
3.25300000 0.96839649
3.25400000 0.96779846
3.25500000 0.96720098
3.25600000 0.96660405
3.25700000 0.96600766
3.25800000 0.96541183
3.25900000 0.96481655
3.26000000 0.96422181
3.26100000 0.96362762
3.26200000 0.96303398
3.26300000 0.96244089
3.26400000 0.96184834
3.26500000 0.96125633
3.26600000 0.96066487
3.26700000 0.96007395
3.26800000 0.95948357
3.26900000 0.95889373
3.27000000 0.95830444
3.27100000 0.95771569
3.27200000 0.95712747
3.27300000 0.95653980
3.27400000 0.95595266
3.27500000 0.95536606
3.27600000 0.95478000
3.27700000 0.95419448
3.27800000 0.95360949
3.27900000 0.95302504
3.28000000 0.95244112
3.28100000 0.95185773
3.28200000 0.95127488
3.28300000 0.95069256
3.28400000 0.95011077
3.28500000 0.94952952
3.28600000 0.94894879
3.28700000 0.94836860
3.28800000 0.94778893
3.28900000 0.94720979
3.29000000 0.94663119
3.29100000 0.94605310
3.29200000 0.94547555
3.29300000 0.94489852
3.29400000 0.94432202
3.29500000 0.94374604
3.29600000 0.94317059
3.29700000 0.94259566
3.29800000 0.94202125
3.29900000 0.94144736
3.30000000 0.94087400
3.30100000 0.94030116
3.30200000 0.93972884
3.30300000 0.93915704
3.30400000 0.93858575
3.30500000 0.93801499
3.30600000 0.93744474
3.30700000 0.93687502
3.30800000 0.93630580
3.30900000 0.93573711
3.31000000 0.93516893
3.31100000 0.93460126
3.31200000 0.93403411
3.31300000 0.93346747
3.31400000 0.93290135
3.31500000 0.93233574
3.31600000 0.93177063
3.31700000 0.93120604
3.31800000 0.93064197
3.31900000 0.93007840
3.32000000 0.92951534
3.32100000 0.92895279
3.32200000 0.92839074
3.32300000 0.92782921
3.32400000 0.92726818
3.32500000 0.92670765
3.32600000 0.92614764
3.32700000 0.92558812
3.32800000 0.92502912
3.32900000 0.92447061
3.33000000 0.92391261
3.33100000 0.92335511
3.33200000 0.92279812
3.33300000 0.92224162
3.33400000 0.92168563
3.33500000 0.92113013
3.33600000 0.92057514
3.33700000 0.92002064
3.33800000 0.91946665
3.33900000 0.91891315
3.34000000 0.91836014
3.34100000 0.91780764
3.34200000 0.91725563
3.34300000 0.91670411
3.34400000 0.91615309
3.34500000 0.91560257
3.34600000 0.91505254
3.34700000 0.91450300
3.34800000 0.91395395
3.34900000 0.91340540
3.35000000 0.91285734
3.35100000 0.91230976
3.35200000 0.91176268
3.35300000 0.91121609
3.35400000 0.91066998
3.35500000 0.91012437
3.35600000 0.90957924
3.35700000 0.90903460
3.35800000 0.90849045
3.35900000 0.90794678
3.36000000 0.90740359
3.36100000 0.90686090
3.36200000 0.90631868
3.36300000 0.90577695
3.36400000 0.90523571
3.36500000 0.90469494
3.36600000 0.90415466
3.36700000 0.90361486
3.36800000 0.90307554
3.36900000 0.90253670
3.37000000 0.90199834
3.37100000 0.90146046
3.37200000 0.90092306
3.37300000 0.90038613
3.37400000 0.89984969
3.37500000 0.89931372
3.37600000 0.89877822
3.37700000 0.89824320
3.37800000 0.89770866
3.37900000 0.89717459
3.38000000 0.89664100
3.38100000 0.89610788
3.38200000 0.89557523
3.38300000 0.89504306
3.38400000 0.89451135
3.38500000 0.89398012
3.38600000 0.89344936
3.38700000 0.89291907
3.38800000 0.89238924
3.38900000 0.89185989
3.39000000 0.89133101
3.39100000 0.89080259
3.39200000 0.89027464
3.39300000 0.88974716
3.39400000 0.88922014
3.39500000 0.88869359
3.39600000 0.88816751
3.39700000 0.88764189
3.39800000 0.88711673
3.39900000 0.88659204
3.40000000 0.88606781
3.40100000 0.88554404
3.40200000 0.88502074
3.40300000 0.88449789
3.40400000 0.88397551
3.40500000 0.88345358
3.40600000 0.88293212
3.40700000 0.88241112
3.40800000 0.88189057
3.40900000 0.88137048
3.41000000 0.88085085
3.41100000 0.88033168
3.41200000 0.87981297
3.41300000 0.87929470
3.41400000 0.87877690
3.41500000 0.87825955
3.41600000 0.87774265
3.41700000 0.87722621
3.41800000 0.87671022
3.41900000 0.87619469
3.42000000 0.87567960
3.42100000 0.87516497
3.42200000 0.87465079
3.42300000 0.87413706
3.42400000 0.87362378
3.42500000 0.87311095
3.42600000 0.87259857
3.42700000 0.87208664
3.42800000 0.87157515
3.42900000 0.87106412
3.43000000 0.87055353
3.43100000 0.87004338
3.43200000 0.86953369
3.43300000 0.86902443
3.43400000 0.86851563
3.43500000 0.86800726
3.43600000 0.86749935
3.43700000 0.86699187
3.43800000 0.86648484
3.43900000 0.86597825
3.44000000 0.86547210
3.44100000 0.86496639
3.44200000 0.86446112
3.44300000 0.86395630
3.44400000 0.86345191
3.44500000 0.86294797
3.44600000 0.86244446
3.44700000 0.86194139
3.44800000 0.86143875
3.44900000 0.86093656
3.45000000 0.86043480
3.45100000 0.85993348
3.45200000 0.85943259
3.45300000 0.85893214
3.45400000 0.85843212
3.45500000 0.85793254
3.45600000 0.85743339
3.45700000 0.85693468
3.45800000 0.85643639
3.45900000 0.85593854
3.46000000 0.85544112
3.46100000 0.85494414
3.46200000 0.85444758
3.46300000 0.85395145
3.46400000 0.85345575
3.46500000 0.85296049
3.46600000 0.85246565
3.46700000 0.85197124
3.46800000 0.85147725
3.46900000 0.85098370
3.47000000 0.85049057
3.47100000 0.84999786
3.47200000 0.84950559
3.47300000 0.84901373
3.47400000 0.84852231
3.47500000 0.84803130
3.47600000 0.84754072
3.47700000 0.84705057
3.47800000 0.84656083
3.47900000 0.84607152
3.48000000 0.84558263
3.48100000 0.84509417
3.48200000 0.84460612
3.48300000 0.84411849
3.48400000 0.84363129
3.48500000 0.84314450
3.48600000 0.84265813
3.48700000 0.84217218
3.48800000 0.84168665
3.48900000 0.84120154
3.49000000 0.84071684
3.49100000 0.84023256
3.49200000 0.83974869
3.49300000 0.83926524
3.49400000 0.83878221
3.49500000 0.83829959
3.49600000 0.83781739
3.49700000 0.83733559
3.49800000 0.83685422
3.49900000 0.83637325
3.50000000 0.83589270
3.50100000 0.83541256
3.50200000 0.83493283
3.50300000 0.83445351
3.50400000 0.83397460
3.50500000 0.83349610
3.50600000 0.83301801
3.50700000 0.83254033
3.50800000 0.83206306
3.50900000 0.83158620
3.51000000 0.83110974
3.51100000 0.83063369
3.51200000 0.83015805
3.51300000 0.82968281
3.51400000 0.82920798
3.51500000 0.82873356
3.51600000 0.82825954
3.51700000 0.82778592
3.51800000 0.82731271
3.51900000 0.82683990
3.52000000 0.82636750
3.52100000 0.82589549
3.52200000 0.82542389
3.52300000 0.82495269
3.52400000 0.82448190
3.52500000 0.82401150
3.52600000 0.82354150
3.52700000 0.82307190
3.52800000 0.82260271
3.52900000 0.82213391
3.53000000 0.82166551
3.53100000 0.82119750
3.53200000 0.82072990
3.53300000 0.82026269
3.53400000 0.81979588
3.53500000 0.81932946
3.53600000 0.81886344
3.53700000 0.81839782
3.53800000 0.81793259
3.53900000 0.81746776
3.54000000 0.81700332
3.54100000 0.81653927
3.54200000 0.81607561
3.54300000 0.81561235
3.54400000 0.81514948
3.54500000 0.81468701
3.54600000 0.81422492
3.54700000 0.81376322
3.54800000 0.81330192
3.54900000 0.81284100
3.55000000 0.81238048
3.55100000 0.81192034
3.55200000 0.81146059
3.55300000 0.81100123
3.55400000 0.81054226
3.55500000 0.81008368
3.55600000 0.80962548
3.55700000 0.80916767
3.55800000 0.80871024
3.55900000 0.80825320
3.56000000 0.80779655
3.56100000 0.80734028
3.56200000 0.80688439
3.56300000 0.80642889
3.56400000 0.80597377
3.56500000 0.80551904
3.56600000 0.80506469
3.56700000 0.80461072
3.56800000 0.80415713
3.56900000 0.80370392
3.57000000 0.80325110
3.57100000 0.80279865
3.57200000 0.80234658
3.57300000 0.80189490
3.57400000 0.80144359
3.57500000 0.80099266
3.57600000 0.80054211
3.57700000 0.80009194
3.57800000 0.79964215
3.57900000 0.79919273
3.58000000 0.79874369
3.58100000 0.79829502
3.58200000 0.79784673
3.58300000 0.79739882
3.58400000 0.79695128
3.58500000 0.79650412
3.58600000 0.79605733
3.58700000 0.79561091
3.58800000 0.79516487
3.58900000 0.79471920
3.59000000 0.79427390
3.59100000 0.79382898
3.59200000 0.79338442
3.59300000 0.79294024
3.59400000 0.79249643
3.59500000 0.79205299
3.59600000 0.79160991
3.59700000 0.79116721
3.59800000 0.79072488
3.59900000 0.79028292
3.60000000 0.78984132
3.60100000 0.78940009
3.60200000 0.78895923
3.60300000 0.78851874
3.60400000 0.78807861
3.60500000 0.78763885
3.60600000 0.78719946
3.60700000 0.78676043
3.60800000 0.78632177
3.60900000 0.78588347
3.61000000 0.78544553
3.61100000 0.78500796
3.61200000 0.78457075
3.61300000 0.78413391
3.61400000 0.78369743
3.61500000 0.78326131
3.61600000 0.78282555
3.61700000 0.78239016
3.61800000 0.78195512
3.61900000 0.78152045
3.62000000 0.78108613
3.62100000 0.78065218
3.62200000 0.78021858
3.62300000 0.77978535
3.62400000 0.77935247
3.62500000 0.77891995
3.62600000 0.77848779
3.62700000 0.77805599
3.62800000 0.77762454
3.62900000 0.77719345
3.63000000 0.77676272
3.63100000 0.77633234
3.63200000 0.77590232
3.63300000 0.77547265
3.63400000 0.77504334
3.63500000 0.77461438
3.63600000 0.77418578
3.63700000 0.77375753
3.63800000 0.77332963
3.63900000 0.77290209
3.64000000 0.77247490
3.64100000 0.77204806
3.64200000 0.77162157
3.64300000 0.77119543
3.64400000 0.77076964
3.64500000 0.77034421
3.64600000 0.76991912
3.64700000 0.76949439
3.64800000 0.76907000
3.64900000 0.76864596
3.65000000 0.76822228
3.65100000 0.76779893
3.65200000 0.76737594
3.65300000 0.76695330
3.65400000 0.76653100
3.65500000 0.76610905
3.65600000 0.76568744
3.65700000 0.76526618
3.65800000 0.76484527
3.65900000 0.76442470
3.66000000 0.76400447
3.66100000 0.76358459
3.66200000 0.76316506
3.66300000 0.76274587
3.66400000 0.76232702
3.66500000 0.76190851
3.66600000 0.76149035
3.66700000 0.76107253
3.66800000 0.76065505
3.66900000 0.76023791
3.67000000 0.75982111
3.67100000 0.75940465
3.67200000 0.75898854
3.67300000 0.75857276
3.67400000 0.75815733
3.67500000 0.75774223
3.67600000 0.75732747
3.67700000 0.75691305
3.67800000 0.75649897
3.67900000 0.75608522
3.68000000 0.75567181
3.68100000 0.75525874
3.68200000 0.75484601
3.68300000 0.75443361
3.68400000 0.75402155
3.68500000 0.75360982
3.68600000 0.75319843
3.68700000 0.75278738
3.68800000 0.75237665
3.68900000 0.75196627
3.69000000 0.75155621
3.69100000 0.75114649
3.69200000 0.75073710
3.69300000 0.75032805
3.69400000 0.74991933
3.69500000 0.74951093
3.69600000 0.74910288
3.69700000 0.74869515
3.69800000 0.74828775
3.69900000 0.74788068
3.70000000 0.74747394
3.70100000 0.74706754
3.70200000 0.74666146
3.70300000 0.74625571
3.70400000 0.74585029
3.70500000 0.74544520
3.70600000 0.74504043
3.70700000 0.74463600
3.70800000 0.74423189
3.70900000 0.74382811
3.71000000 0.74342465
3.71100000 0.74302152
3.71200000 0.74261872
3.71300000 0.74221624
3.71400000 0.74181409
3.71500000 0.74141226
3.71600000 0.74101075
3.71700000 0.74060957
3.71800000 0.74020872
3.71900000 0.73980819
3.72000000 0.73940798
3.72100000 0.73900809
3.72200000 0.73860852
3.72300000 0.73820928
3.72400000 0.73781036
3.72500000 0.73741176
3.72600000 0.73701348
3.72700000 0.73661552
3.72800000 0.73621789
3.72900000 0.73582057
3.73000000 0.73542357
3.73100000 0.73502689
3.73200000 0.73463053
3.73300000 0.73423449
3.73400000 0.73383877
3.73500000 0.73344336
3.73600000 0.73304828
3.73700000 0.73265350
3.73800000 0.73225905
3.73900000 0.73186491
3.74000000 0.73147109
3.74100000 0.73107759
3.74200000 0.73068440
3.74300000 0.73029152
3.74400000 0.72989896
3.74500000 0.72950672
3.74600000 0.72911479
3.74700000 0.72872317
3.74800000 0.72833187
3.74900000 0.72794088
3.75000000 0.72755020
3.75100000 0.72715983
3.75200000 0.72676978
3.75300000 0.72638004
3.75400000 0.72599061
3.75500000 0.72560149
3.75600000 0.72521269
3.75700000 0.72482419
3.75800000 0.72443600
3.75900000 0.72404812
3.76000000 0.72366056
3.76100000 0.72327330
3.76200000 0.72288635
3.76300000 0.72249971
3.76400000 0.72211338
3.76500000 0.72172735
3.76600000 0.72134163
3.76700000 0.72095622
3.76800000 0.72057112
3.76900000 0.72018632
3.77000000 0.71980183
3.77100000 0.71941765
3.77200000 0.71903377
3.77300000 0.71865020
3.77400000 0.71826693
3.77500000 0.71788396
3.77600000 0.71750130
3.77700000 0.71711895
3.77800000 0.71673690
3.77900000 0.71635515
3.78000000 0.71597370
3.78100000 0.71559256
3.78200000 0.71521172
3.78300000 0.71483118
3.78400000 0.71445094
3.78500000 0.71407101
3.78600000 0.71369137
3.78700000 0.71331204
3.78800000 0.71293301
3.78900000 0.71255427
3.79000000 0.71217584
3.79100000 0.71179771
3.79200000 0.71141987
3.79300000 0.71104234
3.79400000 0.71066510
3.79500000 0.71028816
3.79600000 0.70991152
3.79700000 0.70953518
3.79800000 0.70915913
3.79900000 0.70878338
3.80000000 0.70840793
3.80100000 0.70803277
3.80200000 0.70765791
3.80300000 0.70728335
3.80400000 0.70690908
3.80500000 0.70653511
3.80600000 0.70616143
3.80700000 0.70578804
3.80800000 0.70541495
3.80900000 0.70504216
3.81000000 0.70466966
3.81100000 0.70429745
3.81200000 0.70392553
3.81300000 0.70355391
3.81400000 0.70318258
3.81500000 0.70281154
3.81600000 0.70244079
3.81700000 0.70207033
3.81800000 0.70170017
3.81900000 0.70133029
3.82000000 0.70096071
3.82100000 0.70059142
3.82200000 0.70022241
3.82300000 0.69985370
3.82400000 0.69948528
3.82500000 0.69911714
3.82600000 0.69874929
3.82700000 0.69838173
3.82800000 0.69801446
3.82900000 0.69764748
3.83000000 0.69728079
3.83100000 0.69691438
3.83200000 0.69654826
3.83300000 0.69618242
3.83400000 0.69581688
3.83500000 0.69545161
3.83600000 0.69508664
3.83700000 0.69472195
3.83800000 0.69435754
3.83900000 0.69399342
3.84000000 0.69362958
3.84100000 0.69326603
3.84200000 0.69290276
3.84300000 0.69253978
3.84400000 0.69217708
3.84500000 0.69181466
3.84600000 0.69145252
3.84700000 0.69109067
3.84800000 0.69072910
3.84900000 0.69036781
3.85000000 0.69000680
3.85100000 0.68964607
3.85200000 0.68928563
3.85300000 0.68892546
3.85400000 0.68856558
3.85500000 0.68820597
3.85600000 0.68784665
3.85700000 0.68748761
3.85800000 0.68712884
3.85900000 0.68677035
3.86000000 0.68641215
3.86100000 0.68605422
3.86200000 0.68569656
3.86300000 0.68533919
3.86400000 0.68498209
3.86500000 0.68462527
3.86600000 0.68426873
3.86700000 0.68391247
3.86800000 0.68355648
3.86900000 0.68320076
3.87000000 0.68284533
3.87100000 0.68249017
3.87200000 0.68213528
3.87300000 0.68178067
3.87400000 0.68142633
3.87500000 0.68107227
3.87600000 0.68071848
3.87700000 0.68036496
3.87800000 0.68001172
3.87900000 0.67965876
3.88000000 0.67930606
3.88100000 0.67895364
3.88200000 0.67860149
3.88300000 0.67824961
3.88400000 0.67789800
3.88500000 0.67754667
3.88600000 0.67719561
3.88700000 0.67684481
3.88800000 0.67649429
3.88900000 0.67614404
3.89000000 0.67579406
3.89100000 0.67544435
3.89200000 0.67509491
3.89300000 0.67474574
3.89400000 0.67439683
3.89500000 0.67404820
3.89600000 0.67369983
3.89700000 0.67335174
3.89800000 0.67300391
3.89900000 0.67265634
3.90000000 0.67230905
3.90100000 0.67196202
3.90200000 0.67161526
3.90300000 0.67126877
3.90400000 0.67092254
3.90500000 0.67057658
3.90600000 0.67023088
3.90700000 0.66988545
3.90800000 0.66954029
3.90900000 0.66919539
3.91000000 0.66885075
3.91100000 0.66850638
3.91200000 0.66816227
3.91300000 0.66781843
3.91400000 0.66747485
3.91500000 0.66713153
3.91600000 0.66678848
3.91700000 0.66644569
3.91800000 0.66610316
3.91900000 0.66576090
3.92000000 0.66541889
3.92100000 0.66507715
3.92200000 0.66473567
3.92300000 0.66439445
3.92400000 0.66405349
3.92500000 0.66371280
3.92600000 0.66337236
3.92700000 0.66303218
3.92800000 0.66269226
3.92900000 0.66235261
3.93000000 0.66201321
3.93100000 0.66167407
3.93200000 0.66133519
3.93300000 0.66099656
3.93400000 0.66065820
3.93500000 0.66032010
3.93600000 0.65998225
3.93700000 0.65964466
3.93800000 0.65930732
3.93900000 0.65897025
3.94000000 0.65863343
3.94100000 0.65829686
3.94200000 0.65796056
3.94300000 0.65762451
3.94400000 0.65728871
3.94500000 0.65695317
3.94600000 0.65661788
3.94700000 0.65628285
3.94800000 0.65594808
3.94900000 0.65561356
3.95000000 0.65527929
3.95100000 0.65494528
3.95200000 0.65461152
3.95300000 0.65427801
3.95400000 0.65394476
3.95500000 0.65361176
3.95600000 0.65327901
3.95700000 0.65294652
3.95800000 0.65261427
3.95900000 0.65228228
3.96000000 0.65195054
3.96100000 0.65161905
3.96200000 0.65128781
3.96300000 0.65095683
3.96400000 0.65062609
3.96500000 0.65029561
3.96600000 0.64996537
3.96700000 0.64963538
3.96800000 0.64930565
3.96900000 0.64897616
3.97000000 0.64864692
3.97100000 0.64831793
3.97200000 0.64798919
3.97300000 0.64766070
3.97400000 0.64733245
3.97500000 0.64700446
3.97600000 0.64667671
3.97700000 0.64634920
3.97800000 0.64602195
3.97900000 0.64569494
3.98000000 0.64536818
3.98100000 0.64504166
3.98200000 0.64471539
3.98300000 0.64438937
3.98400000 0.64406359
3.98500000 0.64373806
3.98600000 0.64341277
3.98700000 0.64308773
3.98800000 0.64276293
3.98900000 0.64243837
3.99000000 0.64211406
3.99100000 0.64179000
3.99200000 0.64146618
3.99300000 0.64114260
3.99400000 0.64081926
3.99500000 0.64049617
3.99600000 0.64017332
3.99700000 0.63985071
3.99800000 0.63952834
3.99900000 0.63920622
4.00000000 0.63888433
4.00100000 0.63856269
4.00200000 0.63824129
4.00300000 0.63792013
4.00400000 0.63759921
4.00500000 0.63727854
4.00600000 0.63695810
4.00700000 0.63663790
4.00800000 0.63631794
4.00900000 0.63599822
4.01000000 0.63567874
4.01100000 0.63535950
4.01200000 0.63504050
4.01300000 0.63472174
4.01400000 0.63440321
4.01500000 0.63408492
4.01600000 0.63376687
4.01700000 0.63344906
4.01800000 0.63313149
4.01900000 0.63281415
4.02000000 0.63249705
4.02100000 0.63218019
4.02200000 0.63186356
4.02300000 0.63154717
4.02400000 0.63123101
4.02500000 0.63091509
4.02600000 0.63059941
4.02700000 0.63028396
4.02800000 0.62996875
4.02900000 0.62965377
4.03000000 0.62933902
4.03100000 0.62902451
4.03200000 0.62871024
4.03300000 0.62839619
4.03400000 0.62808238
4.03500000 0.62776881
4.03600000 0.62745547
4.03700000 0.62714236
4.03800000 0.62682948
4.03900000 0.62651684
4.04000000 0.62620442
4.04100000 0.62589224
4.04200000 0.62558029
4.04300000 0.62526858
4.04400000 0.62495709
4.04500000 0.62464584
4.04600000 0.62433481
4.04700000 0.62402402
4.04800000 0.62371346
4.04900000 0.62340312
4.05000000 0.62309302
4.05100000 0.62278315
4.05200000 0.62247351
4.05300000 0.62216409
4.05400000 0.62185491
4.05500000 0.62154595
4.05600000 0.62123722
4.05700000 0.62092872
4.05800000 0.62062045
4.05900000 0.62031241
4.06000000 0.62000459
4.06100000 0.61969700
4.06200000 0.61938964
4.06300000 0.61908251
4.06400000 0.61877560
4.06500000 0.61846892
4.06600000 0.61816246
4.06700000 0.61785623
4.06800000 0.61755023
4.06900000 0.61724445
4.07000000 0.61693890
4.07100000 0.61663358
4.07200000 0.61632847
4.07300000 0.61602360
4.07400000 0.61571895
4.07500000 0.61541452
4.07600000 0.61511031
4.07700000 0.61480633
4.07800000 0.61450258
4.07900000 0.61419905
4.08000000 0.61389574
4.08100000 0.61359265
4.08200000 0.61328979
4.08300000 0.61298715
4.08400000 0.61268473
4.08500000 0.61238253
4.08600000 0.61208056
4.08700000 0.61177880
4.08800000 0.61147727
4.08900000 0.61117596
4.09000000 0.61087487
4.09100000 0.61057400
4.09200000 0.61027336
4.09300000 0.60997293
4.09400000 0.60967272
4.09500000 0.60937273
4.09600000 0.60907297
4.09700000 0.60877342
4.09800000 0.60847409
4.09900000 0.60817498
4.10000000 0.60787609
