0.10000000 122243682600.99784851
0.10100000 107410528963.73080444
0.10200000 94497579570.36842346
0.10300000 83240965595.40739441
0.10400000 73415141243.14604187
0.10500000 64827023710.94452667
0.10600000 57311073396.70061493
0.10700000 50725156526.20797729
0.10800000 44947060015.57726288
0.10900000 39871550985.42947388
0.11000000 35407891860.78546906
0.11100000 31477737190.04922867
0.11200000 28013350815.65177155
0.11300000 24956092326.10362244
0.11400000 22255130217.39841843
0.11500000 19866346217.42861557
0.11600000 17751401045.40422440
0.11700000 15876936704.79818726
0.11800000 14213894418.75317574
0.11900000 12736930654.58236313
0.12000000 11423916466.24917221
0.12100000 10255507706.59092712
0.12200000 9214775603.38892937
0.12300000 8286888819.98549461
0.12400000 7458839485.35993385
0.12500000 6719206824.40045071
0.12600000 6057952982.89337444
0.12700000 5466246453.56436920
0.12800000 4936309194.26346779
0.12900000 4461284107.76470470
0.13000000 4035120041.83620930
0.13100000 3652471882.53224564
0.13200000 3308613664.98790026
0.13300000 2999362924.31311846
0.13400000 2721014762.80552816
0.13500000 2470284325.59568071
0.13600000 2244256560.84206438
0.13700000 2040342297.60671425
0.13800000 1856239808.68409801
0.13900000 1689901140.39210725
0.14000000 1539502589.58546591
0.14100000 1403418792.38259315
0.14200000 1280199961.38901854
0.14300000 1168551870.31447291
0.14400000 1067318238.30796993
0.14500000 975465212.33976424
0.14600000 892067685.61426795
0.14700000 816297224.21576428
0.14800000 747411403.74508786
0.14900000 684744383.26131642
0.15000000 627698565.96145701
0.15100000 575737215.19428980
0.15200000 528377911.02313507
0.15300000 485186746.97797763
0.15400000 445773179.17146289
0.15500000 409785450.85394609
0.15600000 376906524.97161204
0.15700000 346850465.55917543
0.15800000 319359216.00837618
0.15900000 294199728.54641950
0.16000000 271161404.75600064
0.16100000 250053811.77533224
0.16200000 230704643.02301961
0.16300000 212957895.97677878
0.16400000 196672242.76441965
0.16500000 181719572.15865758
0.16600000 167983684.05481917
0.16700000 155359119.69629928
0.16800000 143750112.83481157
0.16900000 133069648.70417739
0.17000000 123238619.17639436
0.17100000 114185063.78208041
0.17200000 105843487.43590219
0.17300000 98154246.73029995
0.17400000 91062997.56429078
0.17500000 84520197.67285153
0.17600000 78480658.32900727
0.17700000 72903140.11634535
0.17800000 67749988.22391635
0.17900000 62986803.20685114
0.18000000 58582143.59195498
0.18100000 54507257.09454469
0.18200000 50735837.55660086
0.18300000 47243805.02193573
0.18400000 44009106.63594766
0.18500000 41011536.29953043
0.18600000 38232571.22225123
0.18700000 35655223.71201697
0.18800000 33263906.70977310
0.18900000 31044311.73066360
0.19000000 28983298.00959401
0.19100000 27068791.77111037
0.19200000 25289694.65254734
0.19300000 23635800.40693978
0.19400000 22097719.09949744
0.19500000 20666808.08963044
0.19600000 19335109.16057741
0.19700000 18095291.22150948
0.19800000 16940598.06333913
0.19900000 15864800.70005081
0.20000000 14862153.87280198
0.20100000 13927356.33487014
0.20200000 13055514.57222694
0.20300000 12242109.64754030
0.20400000 11482966.88512584
0.20500000 10774228.14113075
0.20600000 10112326.42734789
0.20700000 9493962.67879418
0.20800000 8916084.47479263
0.20900000 8375866.54098860
0.21000000 7870692.87570257
0.21100000 7398140.35844849
0.21200000 6955963.71148513
0.21300000 6542081.69705523
0.21400000 6154564.44363147
0.21500000 5791621.80413821
0.21600000 5451592.65785661
0.21700000 5132935.07563588
0.21800000 4834217.27520752
0.21900000 4554109.29990383
0.22000000 4291375.35998224
0.22100000 4044866.78111199
0.22200000 3813515.50944134
0.22300000 3596328.12707933
0.22400000 3392380.33583964
0.22500000 3200811.87074189
0.22600000 3020821.80808451
0.22700000 2851664.23592210
0.22800000 2692644.25752896
0.22900000 2543114.30093318
0.23000000 2402470.70988611
0.23100000 2270150.59371016
0.23200000 2145628.91536296
0.23300000 2028415.79878442
0.23400000 1918054.03817055
0.23500000 1814116.79325784
0.23600000 1716205.45601705
0.23700000 1623947.67535661
0.23800000 1536995.52753401
0.23900000 1455023.82097730
0.24000000 1377728.52513743
0.24100000 1304825.31383196
0.24200000 1236048.21431030
0.24300000 1171148.35397434
0.24400000 1109892.79733396
0.24500000 1052063.46636768
0.24600000 997456.13800092
0.24700000 945879.51291099
0.24800000 897154.35032412
0.24900000 851112.66388788
0.25000000 807596.97408659
0.25100000 766459.61301982
0.25200000 727562.07768813
0.25300000 690774.42822793
0.25400000 655974.72781082
0.25500000 623048.52117464
0.25600000 591888.34898483
0.25700000 562393.29543768
0.25800000 534468.56671311
0.25900000 508025.09806528
0.26000000 482979.18750545
0.26100000 459252.15418472
0.26200000 436770.01972565
0.26300000 415463.21088175
0.26400000 395266.28202397
0.26500000 376117.65606403
0.26600000 357959.38252683
0.26700000 340736.91157809
0.26800000 324398.88290106
0.26900000 308896.92839608
0.27000000 294185.48775147
0.27100000 280221.63600274
0.27200000 266964.92226075
0.27300000 254377.21884802
0.27400000 242422.58013703
0.27500000 231067.11043419
0.27600000 220278.84030017
0.27700000 210027.61073987
0.27800000 200284.96473566
0.27900000 191024.04563419
0.28000000 182219.50193125
0.28100000 173847.39803125
0.28200000 165885.13058697
0.28300000 158311.35005257
0.28400000 151105.88710834
0.28500000 144249.68363900
0.28600000 137724.72796910
0.28700000 131513.99407953
0.28800000 125601.38454761
0.28900000 119971.67697105
0.29000000 114610.47365197
0.29100000 109504.15433237
0.29200000 104639.83178647
0.29300000 100005.31008826
0.29400000 95589.04538491
0.29500000 91380.10901751
0.29600000 87368.15284181
0.29700000 83543.37661056
0.29800000 79896.49728883
0.29900000 76418.72018167
0.30000000 73101.71176164
0.30100000 69937.57409087
0.30200000 66918.82073933
0.30300000 64038.35410715
0.30400000 61289.44406504
0.30500000 58665.70783208
0.30600000 56161.09101564
0.30700000 53769.84974269
0.30800000 51486.53381662
0.30900000 49305.97083743
0.31000000 47223.25122757
0.31100000 45233.71410896
0.31200000 43332.93398035
0.31300000 41516.70814736
0.31400000 39781.04486035
0.31500000 38122.15211840
0.31600000 36536.42709988
0.31700000 35020.44618275
0.31800000 33570.95552017
0.31900000 32184.86213863
0.32000000 30859.22552838
0.32100000 29591.24969742
0.32200000 28378.27566212
0.32300000 27217.77434938
0.32400000 26107.33988651
0.32500000 25044.68325655
0.32600000 24027.62629815
0.32700000 23054.09603033
0.32800000 22122.11928352
0.32900000 21229.81761970
0.33000000 20375.40252500
0.33100000 19557.17085963
0.33200000 18773.50055054
0.33300000 18022.84651319
0.33400000 17303.73678961
0.33500000 16614.76889080
0.33600000 15954.60633188
0.33700000 15321.97534956
0.33800000 14715.66179165
0.33900000 14134.50816918
0.34000000 13577.41086227
0.34100000 13043.31747120
0.34200000 12531.22430479
0.34300000 12040.17399868
0.34400000 11569.25325631
0.34500000 11117.59070601
0.34600000 10684.35486801
0.34700000 10268.75222532
0.34800000 9870.02539291
0.34900000 9487.45138002
0.35000000 9120.33994051
0.35100000 8768.03200664
0.35200000 8429.89820177
0.35300000 8105.33742787
0.35400000 7793.77552383
0.35500000 7494.66399089
0.35600000 7207.47878156
0.35700000 6931.71914884
0.35800000 6666.90655248
0.35900000 6412.58361937
0.36000000 6168.31315518
0.36100000 5933.67720467
0.36200000 5708.27615806
0.36300000 5491.72790118
0.36400000 5283.66700709
0.36500000 5083.74396702
0.36600000 4891.62445872
0.36700000 4706.98865017
0.36800000 4529.53053698
0.36900000 4358.95731164
0.37000000 4194.98876316
0.37100000 4037.35670543
0.37200000 3885.80443289
0.37300000 3740.08620224
0.37400000 3599.96673867
0.37500000 3465.22076563
0.37600000 3335.63255680
0.37700000 3210.99550913
0.37800000 3091.11173617
0.37900000 2975.79168027
0.38000000 2864.85374311
0.38100000 2758.12393341
0.38200000 2655.43553108
0.38300000 2556.62876700
0.38400000 2461.55051760
0.38500000 2370.05401363
0.38600000 2281.99856232
0.38700000 2197.24928232
0.38800000 2115.67685088
0.38900000 2037.15726255
0.39000000 1961.57159888
0.39100000 1888.80580873
0.39200000 1818.75049840
0.39300000 1751.30073148
0.39400000 1686.35583756
0.39500000 1623.81922971
0.39600000 1563.59823013
0.39700000 1505.60390364
0.39800000 1449.75089862
0.39900000 1395.95729507
0.40000000 1344.14445945
0.40100000 1294.23690601
0.40200000 1246.16216419
0.40300000 1199.85065200
0.40400000 1155.23555488
0.40500000 1112.25271005
0.40600000 1070.84049578
0.40700000 1030.93972564
0.40800000 992.49354732
0.40900000 955.44734591
0.41000000 919.74865133
0.41100000 885.34704989
0.41200000 852.19409955
0.41300000 820.24324898
0.41400000 789.44976003
0.41500000 759.77063357
0.41600000 731.16453851
0.41700000 703.59174386
0.41800000 677.01405375
0.41900000 651.39474512
0.42000000 626.69850817
0.42100000 602.89138926
0.42200000 579.94073631
0.42300000 557.81514645
0.42400000 536.48441587
0.42500000 515.91949187
0.42600000 496.09242683
0.42700000 476.97633415
0.42800000 458.54534607
0.42900000 440.77457318
0.43000000 423.64006565
0.43100000 407.11877612
0.43200000 391.18852405
0.43300000 375.82796158
0.43400000 361.01654085
0.43500000 346.73448257
0.43600000 332.96274595
0.43700000 319.68299988
0.43800000 306.87759521
0.43900000 294.52953828
0.44000000 282.62246539
0.44100000 271.14061845
0.44200000 260.06882151
0.44300000 249.39245832
0.44400000 239.09745074
0.44500000 229.17023805
0.44600000 219.59775711
0.44700000 210.36742327
0.44800000 201.46711210
0.44900000 192.88514180
0.45000000 184.61025636
0.45100000 176.63160939
0.45200000 168.93874851
0.45300000 161.52160051
0.45400000 154.37045694
0.45500000 147.47596041
0.45600000 140.82909130
0.45700000 134.42115513
0.45800000 128.24377030
0.45900000 122.28885639
0.46000000 116.54862292
0.46100000 111.01555848
0.46200000 105.68242037
0.46300000 100.54222459
0.46400000 95.58823625
0.46500000 90.81396031
0.46600000 86.21313271
0.46700000 81.77971187
0.46800000 77.50787047
0.46900000 73.39198752
0.47000000 69.42664087
0.47100000 65.60659982
0.47200000 61.92681819
0.47300000 58.38242750
0.47400000 54.96873055
0.47500000 51.68119515
0.47600000 48.51544809
0.47700000 45.46726944
0.47800000 42.53258690
0.47900000 39.70747054
0.48000000 36.98812761
0.48100000 34.37089758
0.48200000 31.85224742
0.48300000 29.42876699
0.48400000 27.09716460
0.48500000 24.85426283
0.48600000 22.69699436
0.48700000 20.62239811
0.48800000 18.62761538
0.48900000 16.70988628
0.49000000 14.86654612
0.49100000 13.09502211
0.49200000 11.39283007
0.49300000 9.75757126
0.49400000 8.18692942
0.49500000 6.67866781
0.49600000 5.23062643
0.49700000 3.84071929
0.49800000 2.50693184
0.49900000 1.22731846
0.50000000 -0.00000000
0.50100000 -8.06246987
0.50200000 -15.64495695
0.50300000 -22.76553143
0.50400000 -29.44176691
0.50500000 -35.69075041
0.50600000 -41.52909219
0.50700000 -46.97293551
0.50800000 -52.03796621
0.50900000 -56.73942218
0.51000000 -61.09210271
0.51100000 -65.11037765
0.51200000 -68.80819653
0.51300000 -72.19909744
0.51400000 -75.29621591
0.51500000 -78.11229358
0.51600000 -80.65968672
0.51700000 -82.95037473
0.51800000 -84.99596841
0.51900000 -86.80771816
0.52000000 -88.39652208
0.52100000 -89.77293385
0.52200000 -90.94717061
0.52300000 -91.92912067
0.52400000 -92.72835107
0.52500000 -93.35411504
0.52600000 -93.81535939
0.52700000 -94.12073175
0.52800000 -94.27858764
0.52900000 -94.29699755
0.53000000 -94.18375378
0.53100000 -93.94637724
0.53200000 -93.59212414
0.53300000 -93.12799255
0.53400000 -92.56072882
0.53500000 -91.89683396
0.53600000 -91.14256986
0.53700000 -90.30396544
0.53800000 -89.38682265
0.53900000 -88.39672239
0.54000000 -87.33903035
0.54100000 -86.21890272
0.54200000 -85.04129177
0.54300000 -83.81095140
0.54400000 -82.53244251
0.54500000 -81.21013836
0.54600000 -79.84822973
0.54700000 -78.45073007
0.54800000 -77.02148051
0.54900000 -75.56415479
0.55000000 -74.08226405
0.55100000 -72.57916162
0.55200000 -71.05804762
0.55300000 -69.52197355
0.55400000 -67.97384669
0.55500000 -66.41643453
0.55600000 -64.85236901
0.55700000 -63.28415071
0.55800000 -61.71415300
0.55900000 -60.14462599
0.56000000 -58.57770052
0.56100000 -57.01539198
0.56200000 -55.45960408
0.56300000 -53.91213252
0.56400000 -52.37466860
0.56500000 -50.84880275
0.56600000 -49.33602795
0.56700000 -47.83774310
0.56800000 -46.35525628
0.56900000 -44.88978798
0.57000000 -43.44247424
0.57100000 -42.01436965
0.57200000 -40.60645037
0.57300000 -39.21961705
0.57400000 -37.85469760
0.57500000 -36.51245000
0.57600000 -35.19356499
0.57700000 -33.89866865
0.57800000 -32.62832500
0.57900000 -31.38303844
0.58000000 -30.16325622
0.58100000 -28.96937070
0.58200000 -27.80172174
0.58300000 -26.66059884
0.58400000 -25.54624333
0.58500000 -24.45885047
0.58600000 -23.39857145
0.58700000 -22.36551541
0.58800000 -21.35975130
0.58900000 -20.38130978
0.59000000 -19.43018498
0.59100000 -18.50633625
0.59200000 -17.60968985
0.59300000 -16.74014058
0.59400000 -15.89755332
0.59500000 -15.08176460
0.59600000 -14.29258403
0.59700000 -13.52979571
0.59800000 -12.79315965
0.59900000 -12.08241300
0.60000000 -11.39727139
0.60100000 -10.73743014
0.60200000 -10.10256537
0.60300000 -9.49233521
0.60400000 -8.90638083
0.60500000 -8.34432749
0.60600000 -7.80578551
0.60700000 -7.29035129
0.60800000 -6.79760814
0.60900000 -6.32712719
0.61000000 -5.87846823
0.61100000 -5.45118046
0.61200000 -5.04480331
0.61300000 -4.65886707
0.61400000 -4.29289366
0.61500000 -3.94639721
0.61600000 -3.61888471
0.61700000 -3.30985657
0.61800000 -3.01880717
0.61900000 -2.74522541
0.62000000 -2.48859512
0.62100000 -2.24839560
0.62200000 -2.02410198
0.62300000 -1.81518568
0.62400000 -1.62111473
0.62500000 -1.44135415
0.62600000 -1.27536625
0.62700000 -1.12261098
0.62800000 -0.98254612
0.62900000 -0.85462762
0.63000000 -0.73830977
0.63100000 -0.63304546
0.63200000 -0.53828634
0.63300000 -0.45348301
0.63400000 -0.37808516
0.63500000 -0.31154175
0.63600000 -0.25330109
0.63700000 -0.20281098
0.63800000 -0.15951879
0.63900000 -0.12287157
0.64000000 -0.09231607
0.64100000 -0.06729888
0.64200000 -0.04726638
0.64300000 -0.03166489
0.64400000 -0.01994061
0.64500000 -0.01153972
0.64600000 -0.00590834
0.64700000 -0.00249258
0.64800000 -0.00073854
0.64900000 -0.00009232
0.65000000 0.00000000
0.65100000 0.22310863
0.65200000 0.44622255
0.65300000 0.66936817
0.65400000 0.89261408
0.65500000 1.11609194
0.65600000 1.34001712
0.65700000 1.56470904
0.65800000 1.79061110
0.65900000 2.01831013
0.66000000 2.24855518
0.66100000 2.48227574
0.66200000 2.72059895
0.66300000 2.96486598
0.66400000 3.21664708
0.66500000 3.47775520
0.66600000 3.75025791
0.66700000 4.03648704
0.66800000 4.33904570
0.66900000 4.66081203
0.67000000 5.00493893
0.67100000 5.37484885
0.67200000 5.77422260
0.67300000 6.20698104
0.67400000 6.67725812
0.67500000 7.18936377
0.67600000 7.74773494
0.67700000 8.35687295
0.67800000 9.02126541
0.67900000 9.74529081
0.68000000 10.53310442
0.68100000 11.38850417
0.68200000 12.31477622
0.68300000 13.31452035
0.68400000 14.38945700
0.68500000 15.54021879
0.68600000 16.76613173
0.68700000 18.06499299
0.68800000 19.43285467
0.68900000 20.86382543
0.69000000 22.34990359
0.69100000 23.88085775
0.69200000 25.44417123
0.69300000 27.02506685
0.69400000 28.60662687
0.69500000 30.17001948
0.69600000 31.69483808
0.69700000 33.15955261
0.69800000 34.54206407
0.69900000 35.82034417
0.70000000 36.97313317
0.70100000 37.98066156
0.70200000 38.82535530
0.70300000 39.49248250
0.70400000 39.97070059
0.70500000 40.25246857
0.70600000 40.33429775
0.70700000 40.21682623
0.70800000 39.90471493
0.70900000 39.40637646
0.71000000 38.73355939
0.71100000 37.90081918
0.71200000 36.92491306
0.71300000 35.82415746
0.71400000 34.61778525
0.71500000 33.32533570
0.71600000 31.96610335
0.71700000 30.55866465
0.71800000 29.12049348
0.71900000 27.66766948
0.72000000 26.21467694
0.72100000 24.77428760
0.72200000 23.35751710
0.72300000 21.97364310
0.72400000 20.63027259
0.72500000 19.33344586
0.72600000 18.08776587
0.72700000 16.89654291
0.72800000 15.76194627
0.72900000 14.68515620
0.73000000 13.66651097
0.73100000 12.70564544
0.73200000 11.80161862
0.73300000 10.95302892
0.73400000 10.15811638
0.73500000 9.41485197
0.73600000 8.72101445
0.73700000 8.07425554
0.73800000 7.47215437
0.73900000 6.91226230
0.74000000 6.39213925
0.74100000 5.90938251
0.74200000 5.46164919
0.74300000 5.04667318
0.74400000 4.66227751
0.74500000 4.30638287
0.74600000 3.97701304
0.74700000 3.67229765
0.74800000 3.39047301
0.74900000 3.12988128
0.75000000 2.88896839
0.75100000 2.66628101
0.75200000 2.46046286
0.75300000 2.27025051
0.75400000 2.09446888
0.75500000 1.93202658
0.75600000 1.78191113
0.75700000 1.64318425
0.75800000 1.51497716
0.75900000 1.39648608
0.76000000 1.28696785
0.76100000 1.18573571
0.76200000 1.09215534
0.76300000 1.00564108
0.76400000 0.92565234
0.76500000 0.85169029
0.76600000 0.78329471
0.76700000 0.72004104
0.76800000 0.66153768
0.76900000 0.60742346
0.77000000 0.55736524
0.77100000 0.51105576
0.77200000 0.46821162
0.77300000 0.42857138
0.77400000 0.39189387
0.77500000 0.35795656
0.77600000 0.32655411
0.77700000 0.29749703
0.77800000 0.27061037
0.77900000 0.24573264
0.78000000 0.22271471
0.78100000 0.20141884
0.78200000 0.18171779
0.78300000 0.16349400
0.78400000 0.14663880
0.78500000 0.13105176
0.78600000 0.11664001
0.78700000 0.10331766
0.78800000 0.09100525
0.78900000 0.07962927
0.79000000 0.06912168
0.79100000 0.05941949
0.79200000 0.05046439
0.79300000 0.04220235
0.79400000 0.03458334
0.79500000 0.02756099
0.79600000 0.02109233
0.79700000 0.01513752
0.79800000 0.00965962
0.79900000 0.00462438
0.80000000 0.00000000
0.80100000 -0.00424299
0.80200000 -0.00813197
0.80300000 -0.01169234
0.80400000 -0.01494769
0.80500000 -0.01791991
0.80600000 -0.02062935
0.80700000 -0.02309491
0.80800000 -0.02533414
0.80900000 -0.02736337
0.81000000 -0.02919776
0.81100000 -0.03085141
0.81200000 -0.03233742
0.81300000 -0.03366799
0.81400000 -0.03485445
0.81500000 -0.03590734
0.81600000 -0.03683647
0.81700000 -0.03765096
0.81800000 -0.03835931
0.81900000 -0.03896941
0.82000000 -0.03948861
0.82100000 -0.03992376
0.82200000 -0.04028122
0.82300000 -0.04056693
0.82400000 -0.04078638
0.82500000 -0.04094473
0.82600000 -0.04104675
0.82700000 -0.04109689
0.82800000 -0.04109929
0.82900000 -0.04105780
0.83000000 -0.04097602
0.83100000 -0.04085728
0.83200000 -0.04070469
0.83300000 -0.04052115
0.83400000 -0.04030933
0.83500000 -0.04007176
0.83600000 -0.03981075
0.83700000 -0.03952848
0.83800000 -0.03922695
0.83900000 -0.03890804
0.84000000 -0.03857350
0.84100000 -0.03822493
0.84200000 -0.03786385
0.84300000 -0.03749164
0.84400000 -0.03710961
0.84500000 -0.03671896
0.84600000 -0.03632080
0.84700000 -0.03591616
0.84800000 -0.03550602
0.84900000 -0.03509125
0.85000000 -0.03467268
0.85100000 -0.03425107
0.85200000 -0.03382713
0.85300000 -0.03340149
0.85400000 -0.03297478
0.85500000 -0.03254753
0.85600000 -0.03212026
0.85700000 -0.03169344
0.85800000 -0.03126749
0.85900000 -0.03084283
0.86000000 -0.03041980
0.86100000 -0.02999875
0.86200000 -0.02957998
0.86300000 -0.02916377
0.86400000 -0.02875036
0.86500000 -0.02834000
0.86600000 -0.02793288
0.86700000 -0.02752920
0.86800000 -0.02712912
0.86900000 -0.02673280
0.87000000 -0.02634038
0.87100000 -0.02595197
0.87200000 -0.02556768
0.87300000 -0.02518760
0.87400000 -0.02481183
0.87500000 -0.02444042
0.87600000 -0.02407343
0.87700000 -0.02371093
0.87800000 -0.02335294
0.87900000 -0.02299951
0.88000000 -0.02265065
0.88100000 -0.02230639
0.88200000 -0.02196674
0.88300000 -0.02163170
0.88400000 -0.02130128
0.88500000 -0.02097546
0.88600000 -0.02065424
0.88700000 -0.02033760
0.88800000 -0.02002553
0.88900000 -0.01971801
0.89000000 -0.01941500
0.89100000 -0.01911648
0.89200000 -0.01882242
0.89300000 -0.01853279
0.89400000 -0.01824754
0.89500000 -0.01796664
0.89600000 -0.01769006
0.89700000 -0.01741774
0.89800000 -0.01714965
0.89900000 -0.01688574
0.90000000 -0.01662597
0.90100000 -0.01637028
0.90200000 -0.01611864
0.90300000 -0.01587099
0.90400000 -0.01562728
0.90500000 -0.01538746
0.90600000 -0.01515149
0.90700000 -0.01491931
0.90800000 -0.01469087
0.90900000 -0.01446612
0.91000000 -0.01424501
0.91100000 -0.01402749
0.91200000 -0.01381351
0.91300000 -0.01360301
0.91400000 -0.01339595
0.91500000 -0.01319227
0.91600000 -0.01299192
0.91700000 -0.01279486
0.91800000 -0.01260103
0.91900000 -0.01241038
0.92000000 -0.01222287
0.92100000 -0.01203844
0.92200000 -0.01185705
0.92300000 -0.01167864
0.92400000 -0.01150318
0.92500000 -0.01133060
0.92600000 -0.01116088
0.92700000 -0.01099395
0.92800000 -0.01082977
0.92900000 -0.01066831
0.93000000 -0.01050950
0.93100000 -0.01035332
0.93200000 -0.01019971
0.93300000 -0.01004864
0.93400000 -0.00990005
0.93500000 -0.00975392
0.93600000 -0.00961019
0.93700000 -0.00946883
0.93800000 -0.00932979
0.93900000 -0.00919304
0.94000000 -0.00905854
0.94100000 -0.00892624
0.94200000 -0.00879612
0.94300000 -0.00866814
0.94400000 -0.00854225
0.94500000 -0.00841842
0.94600000 -0.00829662
0.94700000 -0.00817680
0.94800000 -0.00805895
0.94900000 -0.00794302
0.95000000 -0.00782897
0.95100000 -0.00771679
0.95200000 -0.00760642
0.95300000 -0.00749785
0.95400000 -0.00739105
0.95500000 -0.00728597
0.95600000 -0.00718259
0.95700000 -0.00708089
0.95800000 -0.00698082
0.95900000 -0.00688237
0.96000000 -0.00678551
0.96100000 -0.00669020
0.96200000 -0.00659642
0.96300000 -0.00650415
0.96400000 -0.00641336
0.96500000 -0.00632401
0.96600000 -0.00623610
0.96700000 -0.00614958
0.96800000 -0.00606445
0.96900000 -0.00598066
0.97000000 -0.00589821
0.97100000 -0.00581707
0.97200000 -0.00573720
0.97300000 -0.00565860
0.97400000 -0.00558124
0.97500000 -0.00550510
0.97600000 -0.00543016
0.97700000 -0.00535639
0.97800000 -0.00528378
0.97900000 -0.00521230
0.98000000 -0.00514194
0.98100000 -0.00507268
0.98200000 -0.00500450
0.98300000 -0.00493737
0.98400000 -0.00487129
0.98500000 -0.00480623
0.98600000 -0.00474218
0.98700000 -0.00467912
0.98800000 -0.00461702
0.98900000 -0.00455589
0.99000000 -0.00449569
0.99100000 -0.00443641
0.99200000 -0.00437805
0.99300000 -0.00432057
0.99400000 -0.00426397
0.99500000 -0.00420823
0.99600000 -0.00415334
0.99700000 -0.00409928
0.99800000 -0.00404604
0.99900000 -0.00399360
1.00000000 -0.00394195
1.00100000 -0.00389108
1.00200000 -0.00384098
1.00300000 -0.00379163
1.00400000 -0.00374301
1.00500000 -0.00369513
1.00600000 -0.00364795
1.00700000 -0.00360148
1.00800000 -0.00355570
1.00900000 -0.00351060
1.01000000 -0.00346616
1.01100000 -0.00342239
1.01200000 -0.00337925
1.01300000 -0.00333676
1.01400000 -0.00329489
1.01500000 -0.00325363
1.01600000 -0.00321297
1.01700000 -0.00317291
1.01800000 -0.00313343
1.01900000 -0.00309453
1.02000000 -0.00305620
1.02100000 -0.00301841
1.02200000 -0.00298118
1.02300000 -0.00294448
1.02400000 -0.00290832
1.02500000 -0.00287267
1.02600000 -0.00283753
1.02700000 -0.00280290
1.02800000 -0.00276876
1.02900000 -0.00273511
1.03000000 -0.00270194
1.03100000 -0.00266925
1.03200000 -0.00263701
1.03300000 -0.00260523
1.03400000 -0.00257391
1.03500000 -0.00254302
1.03600000 -0.00251257
1.03700000 -0.00248255
1.03800000 -0.00245295
1.03900000 -0.00242376
1.04000000 -0.00239498
1.04100000 -0.00236660
1.04200000 -0.00233862
1.04300000 -0.00231103
1.04400000 -0.00228381
1.04500000 -0.00225698
1.04600000 -0.00223052
1.04700000 -0.00220442
1.04800000 -0.00217868
1.04900000 -0.00215329
1.05000000 -0.00212825
1.05100000 -0.00210356
1.05200000 -0.00207920
1.05300000 -0.00205518
1.05400000 -0.00203148
1.05500000 -0.00200810
1.05600000 -0.00198504
1.05700000 -0.00196229
1.05800000 -0.00193985
1.05900000 -0.00191771
1.06000000 -0.00189587
1.06100000 -0.00187432
1.06200000 -0.00185306
1.06300000 -0.00183208
1.06400000 -0.00181139
1.06500000 -0.00179097
1.06600000 -0.00177082
1.06700000 -0.00175093
1.06800000 -0.00173132
1.06900000 -0.00171196
1.07000000 -0.00169285
1.07100000 -0.00167400
1.07200000 -0.00165540
1.07300000 -0.00163704
1.07400000 -0.00161892
1.07500000 -0.00160103
1.07600000 -0.00158338
1.07700000 -0.00156596
1.07800000 -0.00154877
1.07900000 -0.00153180
1.08000000 -0.00151505
1.08100000 -0.00149851
1.08200000 -0.00148219
1.08300000 -0.00146608
1.08400000 -0.00145017
1.08500000 -0.00143447
1.08600000 -0.00141897
1.08700000 -0.00140367
1.08800000 -0.00138856
1.08900000 -0.00137365
1.09000000 -0.00135892
1.09100000 -0.00134438
1.09200000 -0.00133003
1.09300000 -0.00131585
1.09400000 -0.00130186
1.09500000 -0.00128804
1.09600000 -0.00127439
1.09700000 -0.00126092
1.09800000 -0.00124761
1.09900000 -0.00123447
1.10000000 -0.00122150
1.10100000 -0.00120868
1.10200000 -0.00119602
1.10300000 -0.00118353
1.10400000 -0.00117118
1.10500000 -0.00115899
1.10600000 -0.00114695
1.10700000 -0.00113505
1.10800000 -0.00112331
1.10900000 -0.00111170
1.11000000 -0.00110024
1.11100000 -0.00108892
1.11200000 -0.00107774
1.11300000 -0.00106669
1.11400000 -0.00105578
1.11500000 -0.00104499
1.11600000 -0.00103434
1.11700000 -0.00102382
1.11800000 -0.00101343
1.11900000 -0.00100316
1.12000000 -0.00099301
1.12100000 -0.00098298
1.12200000 -0.00097308
1.12300000 -0.00096329
1.12400000 -0.00095362
1.12500000 -0.00094406
1.12600000 -0.00093462
1.12700000 -0.00092529
1.12800000 -0.00091607
1.12900000 -0.00090696
1.13000000 -0.00089796
1.13100000 -0.00088906
1.13200000 -0.00088027
1.13300000 -0.00087158
1.13400000 -0.00086299
1.13500000 -0.00085451
1.13600000 -0.00084612
1.13700000 -0.00083783
1.13800000 -0.00082963
1.13900000 -0.00082153
1.14000000 -0.00081353
1.14100000 -0.00080562
1.14200000 -0.00079779
1.14300000 -0.00079006
1.14400000 -0.00078242
1.14500000 -0.00077487
1.14600000 -0.00076740
1.14700000 -0.00076002
1.14800000 -0.00075272
1.14900000 -0.00074550
1.15000000 -0.00073837
1.15100000 -0.00073132
1.15200000 -0.00072435
1.15300000 -0.00071745
1.15400000 -0.00071064
1.15500000 -0.00070390
1.15600000 -0.00069724
1.15700000 -0.00069065
1.15800000 -0.00068414
1.15900000 -0.00067769
1.16000000 -0.00067133
1.16100000 -0.00066503
1.16200000 -0.00065880
1.16300000 -0.00065264
1.16400000 -0.00064655
1.16500000 -0.00064053
1.16600000 -0.00063458
1.16700000 -0.00062869
1.16800000 -0.00062286
1.16900000 -0.00061710
1.17000000 -0.00061140
1.17100000 -0.00060577
1.17200000 -0.00060019
1.17300000 -0.00059468
1.17400000 -0.00058923
1.17500000 -0.00058384
1.17600000 -0.00057850
1.17700000 -0.00057323
1.17800000 -0.00056801
1.17900000 -0.00056285
1.18000000 -0.00055774
1.18100000 -0.00055269
1.18200000 -0.00054769
1.18300000 -0.00054275
1.18400000 -0.00053786
1.18500000 -0.00053302
1.18600000 -0.00052823
1.18700000 -0.00052350
1.18800000 -0.00051881
1.18900000 -0.00051418
1.19000000 -0.00050959
1.19100000 -0.00050506
1.19200000 -0.00050057
1.19300000 -0.00049613
1.19400000 -0.00049173
1.19500000 -0.00048738
1.19600000 -0.00048308
1.19700000 -0.00047883
1.19800000 -0.00047461
1.19900000 -0.00047044
1.20000000 -0.00046632
1.20100000 -0.00046224
1.20200000 -0.00045820
1.20300000 -0.00045420
1.20400000 -0.00045024
1.20500000 -0.00044633
1.20600000 -0.00044246
1.20700000 -0.00043862
1.20800000 -0.00043483
1.20900000 -0.00043107
1.21000000 -0.00042735
1.21100000 -0.00042367
1.21200000 -0.00042003
1.21300000 -0.00041643
1.21400000 -0.00041286
1.21500000 -0.00040933
1.21600000 -0.00040584
1.21700000 -0.00040238
1.21800000 -0.00039895
1.21900000 -0.00039556
1.22000000 -0.00039221
1.22100000 -0.00038889
1.22200000 -0.00038560
1.22300000 -0.00038234
1.22400000 -0.00037912
1.22500000 -0.00037593
1.22600000 -0.00037277
1.22700000 -0.00036965
1.22800000 -0.00036655
1.22900000 -0.00036349
1.23000000 -0.00036045
1.23100000 -0.00035745
1.23200000 -0.00035448
1.23300000 -0.00035153
1.23400000 -0.00034862
1.23500000 -0.00034573
1.23600000 -0.00034287
1.23700000 -0.00034004
1.23800000 -0.00033724
1.23900000 -0.00033447
1.24000000 -0.00033172
1.24100000 -0.00032900
1.24200000 -0.00032631
1.24300000 -0.00032364
1.24400000 -0.00032100
1.24500000 -0.00031838
1.24600000 -0.00031579
1.24700000 -0.00031323
1.24800000 -0.00031069
1.24900000 -0.00030817
1.25000000 -0.00030568
1.25100000 -0.00030321
1.25200000 -0.00030077
1.25300000 -0.00029835
1.25400000 -0.00029595
1.25500000 -0.00029358
1.25600000 -0.00029122
1.25700000 -0.00028889
1.25800000 -0.00028659
1.25900000 -0.00028430
1.26000000 -0.00028204
1.26100000 -0.00027980
1.26200000 -0.00027758
1.26300000 -0.00027538
1.26400000 -0.00027320
1.26500000 -0.00027104
1.26600000 -0.00026890
1.26700000 -0.00026679
1.26800000 -0.00026469
1.26900000 -0.00026261
1.27000000 -0.00026055
1.27100000 -0.00025851
1.27200000 -0.00025649
1.27300000 -0.00025449
1.27400000 -0.00025251
1.27500000 -0.00025054
1.27600000 -0.00024860
1.27700000 -0.00024667
1.27800000 -0.00024476
1.27900000 -0.00024286
1.28000000 -0.00024099
1.28100000 -0.00023913
1.28200000 -0.00023729
1.28300000 -0.00023546
1.28400000 -0.00023366
1.28500000 -0.00023187
1.28600000 -0.00023009
1.28700000 -0.00022833
1.28800000 -0.00022659
1.28900000 -0.00022486
1.29000000 -0.00022315
1.29100000 -0.00022146
1.29200000 -0.00021978
1.29300000 -0.00021811
1.29400000 -0.00021646
1.29500000 -0.00021483
1.29600000 -0.00021321
1.29700000 -0.00021160
1.29800000 -0.00021001
1.29900000 -0.00020844
1.30000000 -0.00020687
1.30100000 -0.00020533
1.30200000 -0.00020379
1.30300000 -0.00020227
1.30400000 -0.00020076
1.30500000 -0.00019927
1.30600000 -0.00019779
1.30700000 -0.00019632
1.30800000 -0.00019486
1.30900000 -0.00019342
1.31000000 -0.00019199
1.31100000 -0.00019058
1.31200000 -0.00018917
1.31300000 -0.00018778
1.31400000 -0.00018640
1.31500000 -0.00018503
1.31600000 -0.00018368
1.31700000 -0.00018233
1.31800000 -0.00018100
1.31900000 -0.00017968
1.32000000 -0.00017837
1.32100000 -0.00017708
1.32200000 -0.00017579
1.32300000 -0.00017451
1.32400000 -0.00017325
1.32500000 -0.00017200
1.32600000 -0.00017076
1.32700000 -0.00016952
1.32800000 -0.00016830
1.32900000 -0.00016709
1.33000000 -0.00016589
1.33100000 -0.00016470
1.33200000 -0.00016352
1.33300000 -0.00016235
1.33400000 -0.00016119
1.33500000 -0.00016004
1.33600000 -0.00015890
1.33700000 -0.00015777
1.33800000 -0.00015665
1.33900000 -0.00015554
1.34000000 -0.00015444
1.34100000 -0.00015335
1.34200000 -0.00015227
1.34300000 -0.00015119
1.34400000 -0.00015013
1.34500000 -0.00014907
1.34600000 -0.00014802
1.34700000 -0.00014698
1.34800000 -0.00014596
1.34900000 -0.00014493
1.35000000 -0.00014392
1.35100000 -0.00014292
1.35200000 -0.00014192
1.35300000 -0.00014093
1.35400000 -0.00013996
1.35500000 -0.00013898
1.35600000 -0.00013802
1.35700000 -0.00013707
1.35800000 -0.00013612
1.35900000 -0.00013518
1.36000000 -0.00013425
1.36100000 -0.00013332
1.36200000 -0.00013241
1.36300000 -0.00013150
1.36400000 -0.00013060
1.36500000 -0.00012970
1.36600000 -0.00012882
1.36700000 -0.00012794
1.36800000 -0.00012706
1.36900000 -0.00012620
1.37000000 -0.00012534
1.37100000 -0.00012449
1.37200000 -0.00012365
1.37300000 -0.00012281
1.37400000 -0.00012198
1.37500000 -0.00012115
1.37600000 -0.00012034
1.37700000 -0.00011953
1.37800000 -0.00011872
1.37900000 -0.00011792
1.38000000 -0.00011713
1.38100000 -0.00011635
1.38200000 -0.00011557
1.38300000 -0.00011480
1.38400000 -0.00011403
1.38500000 -0.00011327
1.38600000 -0.00011252
1.38700000 -0.00011177
1.38800000 -0.00011103
1.38900000 -0.00011029
1.39000000 -0.00010956
1.39100000 -0.00010883
1.39200000 -0.00010811
1.39300000 -0.00010740
1.39400000 -0.00010669
1.39500000 -0.00010599
1.39600000 -0.00010529
1.39700000 -0.00010460
1.39800000 -0.00010392
1.39900000 -0.00010324
1.40000000 -0.00010256
1.40100000 -0.00010189
1.40200000 -0.00010123
1.40300000 -0.00010057
1.40400000 -0.00009991
1.40500000 -0.00009927
1.40600000 -0.00009862
1.40700000 -0.00009798
1.40800000 -0.00009735
1.40900000 -0.00009672
1.41000000 -0.00009609
1.41100000 -0.00009547
1.41200000 -0.00009486
1.41300000 -0.00009425
1.41400000 -0.00009364
1.41500000 -0.00009304
1.41600000 -0.00009245
1.41700000 -0.00009186
1.41800000 -0.00009127
1.41900000 -0.00009069
1.42000000 -0.00009011
1.42100000 -0.00008953
1.42200000 -0.00008897
1.42300000 -0.00008840
1.42400000 -0.00008784
1.42500000 -0.00008728
1.42600000 -0.00008673
1.42700000 -0.00008618
1.42800000 -0.00008564
1.42900000 -0.00008510
1.43000000 -0.00008456
1.43100000 -0.00008403
1.43200000 -0.00008350
1.43300000 -0.00008298
1.43400000 -0.00008246
1.43500000 -0.00008194
1.43600000 -0.00008143
1.43700000 -0.00008092
1.43800000 -0.00008042
1.43900000 -0.00007992
1.44000000 -0.00007942
1.44100000 -0.00007893
1.44200000 -0.00007844
1.44300000 -0.00007795
1.44400000 -0.00007747
1.44500000 -0.00007699
1.44600000 -0.00007652
1.44700000 -0.00007604
1.44800000 -0.00007558
1.44900000 -0.00007511
1.45000000 -0.00007465
1.45100000 -0.00007419
1.45200000 -0.00007374
1.45300000 -0.00007329
1.45400000 -0.00007284
1.45500000 -0.00007239
1.45600000 -0.00007195
1.45700000 -0.00007151
1.45800000 -0.00007108
1.45900000 -0.00007065
1.46000000 -0.00007022
1.46100000 -0.00006979
1.46200000 -0.00006937
1.46300000 -0.00006895
1.46400000 -0.00006853
1.46500000 -0.00006812
1.46600000 -0.00006771
1.46700000 -0.00006730
1.46800000 -0.00006690
1.46900000 -0.00006649
1.47000000 -0.00006609
1.47100000 -0.00006570
1.47200000 -0.00006531
1.47300000 -0.00006492
1.47400000 -0.00006453
1.47500000 -0.00006414
1.47600000 -0.00006376
1.47700000 -0.00006338
1.47800000 -0.00006300
1.47900000 -0.00006263
1.48000000 -0.00006226
1.48100000 -0.00006189
1.48200000 -0.00006152
1.48300000 -0.00006116
1.48400000 -0.00006080
1.48500000 -0.00006044
1.48600000 -0.00006009
1.48700000 -0.00005973
1.48800000 -0.00005938
1.48900000 -0.00005903
1.49000000 -0.00005869
1.49100000 -0.00005834
1.49200000 -0.00005800
1.49300000 -0.00005766
1.49400000 -0.00005733
1.49500000 -0.00005699
1.49600000 -0.00005666
1.49700000 -0.00005633
1.49800000 -0.00005601
1.49900000 -0.00005568
1.50000000 -0.00005536
1.50100000 -0.00005504
1.50200000 -0.00005472
1.50300000 -0.00005440
1.50400000 -0.00005409
1.50500000 -0.00005378
1.50600000 -0.00005347
1.50700000 -0.00005316
1.50800000 -0.00005286
1.50900000 -0.00005255
1.51000000 -0.00005225
1.51100000 -0.00005195
1.51200000 -0.00005166
1.51300000 -0.00005136
1.51400000 -0.00005107
1.51500000 -0.00005078
1.51600000 -0.00005049
1.51700000 -0.00005020
1.51800000 -0.00004992
1.51900000 -0.00004963
1.52000000 -0.00004935
1.52100000 -0.00004907
1.52200000 -0.00004880
1.52300000 -0.00004852
1.52400000 -0.00004825
1.52500000 -0.00004798
1.52600000 -0.00004771
1.52700000 -0.00004744
1.52800000 -0.00004717
1.52900000 -0.00004691
1.53000000 -0.00004664
1.53100000 -0.00004638
1.53200000 -0.00004612
1.53300000 -0.00004587
1.53400000 -0.00004561
1.53500000 -0.00004536
1.53600000 -0.00004510
1.53700000 -0.00004485
1.53800000 -0.00004460
1.53900000 -0.00004436
1.54000000 -0.00004411
1.54100000 -0.00004387
1.54200000 -0.00004362
1.54300000 -0.00004338
1.54400000 -0.00004314
1.54500000 -0.00004291
1.54600000 -0.00004267
1.54700000 -0.00004244
1.54800000 -0.00004220
1.54900000 -0.00004197
1.55000000 -0.00004174
1.55100000 -0.00004151
1.55200000 -0.00004129
1.55300000 -0.00004106
1.55400000 -0.00004084
1.55500000 -0.00004061
1.55600000 -0.00004039
1.55700000 -0.00004017
1.55800000 -0.00003995
1.55900000 -0.00003974
1.56000000 -0.00003952
1.56100000 -0.00003931
1.56200000 -0.00003910
1.56300000 -0.00003888
1.56400000 -0.00003867
1.56500000 -0.00003847
1.56600000 -0.00003826
1.56700000 -0.00003805
1.56800000 -0.00003785
1.56900000 -0.00003764
1.57000000 -0.00003744
1.57100000 -0.00003724
1.57200000 -0.00003704
1.57300000 -0.00003684
1.57400000 -0.00003665
1.57500000 -0.00003645
1.57600000 -0.00003626
1.57700000 -0.00003607
1.57800000 -0.00003587
1.57900000 -0.00003568
1.58000000 -0.00003549
1.58100000 -0.00003531
1.58200000 -0.00003512
1.58300000 -0.00003493
1.58400000 -0.00003475
1.58500000 -0.00003456
1.58600000 -0.00003438
1.58700000 -0.00003420
1.58800000 -0.00003402
1.58900000 -0.00003384
1.59000000 -0.00003366
1.59100000 -0.00003349
1.59200000 -0.00003331
1.59300000 -0.00003314
1.59400000 -0.00003296
1.59500000 -0.00003279
1.59600000 -0.00003262
1.59700000 -0.00003245
1.59800000 -0.00003228
1.59900000 -0.00003211
1.60000000 -0.00003195
1.60100000 -0.00003178
1.60200000 -0.00003162
1.60300000 -0.00003145
1.60400000 -0.00003129
1.60500000 -0.00003113
1.60600000 -0.00003097
1.60700000 -0.00003081
1.60800000 -0.00003065
1.60900000 -0.00003049
1.61000000 -0.00003033
1.61100000 -0.00003018
1.61200000 -0.00003002
1.61300000 -0.00002987
1.61400000 -0.00002972
1.61500000 -0.00002956
1.61600000 -0.00002941
1.61700000 -0.00002926
1.61800000 -0.00002911
1.61900000 -0.00002896
1.62000000 -0.00002882
1.62100000 -0.00002867
1.62200000 -0.00002852
1.62300000 -0.00002838
1.62400000 -0.00002823
1.62500000 -0.00002809
1.62600000 -0.00002795
1.62700000 -0.00002781
1.62800000 -0.00002767
1.62900000 -0.00002753
1.63000000 -0.00002739
1.63100000 -0.00002725
1.63200000 -0.00002711
1.63300000 -0.00002698
1.63400000 -0.00002684
1.63500000 -0.00002671
1.63600000 -0.00002657
1.63700000 -0.00002644
1.63800000 -0.00002631
1.63900000 -0.00002618
1.64000000 -0.00002605
1.64100000 -0.00002592
1.64200000 -0.00002579
1.64300000 -0.00002566
1.64400000 -0.00002553
1.64500000 -0.00002540
1.64600000 -0.00002528
1.64700000 -0.00002515
1.64800000 -0.00002503
1.64900000 -0.00002490
1.65000000 -0.00002478
1.65100000 -0.00002466
1.65200000 -0.00002454
1.65300000 -0.00002442
1.65400000 -0.00002430
1.65500000 -0.00002418
1.65600000 -0.00002406
1.65700000 -0.00002394
1.65800000 -0.00002382
1.65900000 -0.00002371
1.66000000 -0.00002359
1.66100000 -0.00002347
1.66200000 -0.00002336
1.66300000 -0.00002324
1.66400000 -0.00002313
1.66500000 -0.00002302
1.66600000 -0.00002291
1.66700000 -0.00002280
1.66800000 -0.00002268
1.66900000 -0.00002257
1.67000000 -0.00002247
1.67100000 -0.00002236
1.67200000 -0.00002225
1.67300000 -0.00002214
1.67400000 -0.00002203
1.67500000 -0.00002193
1.67600000 -0.00002182
1.67700000 -0.00002172
1.67800000 -0.00002161
1.67900000 -0.00002151
1.68000000 -0.00002140
1.68100000 -0.00002130
1.68200000 -0.00002120
1.68300000 -0.00002110
1.68400000 -0.00002100
1.68500000 -0.00002090
1.68600000 -0.00002080
1.68700000 -0.00002070
1.68800000 -0.00002060
1.68900000 -0.00002050
1.69000000 -0.00002040
1.69100000 -0.00002031
1.69200000 -0.00002021
1.69300000 -0.00002011
1.69400000 -0.00002002
1.69500000 -0.00001992
1.69600000 -0.00001983
1.69700000 -0.00001974
1.69800000 -0.00001964
1.69900000 -0.00001955
1.70000000 -0.00001946
1.70100000 -0.00001937
1.70200000 -0.00001928
1.70300000 -0.00001918
1.70400000 -0.00001909
1.70500000 -0.00001901
1.70600000 -0.00001892
1.70700000 -0.00001883
1.70800000 -0.00001874
1.70900000 -0.00001865
1.71000000 -0.00001856
1.71100000 -0.00001848
1.71200000 -0.00001839
1.71300000 -0.00001831
1.71400000 -0.00001822
1.71500000 -0.00001814
1.71600000 -0.00001805
1.71700000 -0.00001797
1.71800000 -0.00001789
1.71900000 -0.00001780
1.72000000 -0.00001772
1.72100000 -0.00001764
1.72200000 -0.00001756
1.72300000 -0.00001748
1.72400000 -0.00001739
1.72500000 -0.00001731
1.72600000 -0.00001724
1.72700000 -0.00001716
1.72800000 -0.00001708
1.72900000 -0.00001700
1.73000000 -0.00001692
1.73100000 -0.00001684
1.73200000 -0.00001677
1.73300000 -0.00001669
1.73400000 -0.00001661
1.73500000 -0.00001654
1.73600000 -0.00001646
1.73700000 -0.00001639
1.73800000 -0.00001631
1.73900000 -0.00001624
1.74000000 -0.00001616
1.74100000 -0.00001609
1.74200000 -0.00001602
1.74300000 -0.00001595
1.74400000 -0.00001587
1.74500000 -0.00001580
1.74600000 -0.00001573
1.74700000 -0.00001566
1.74800000 -0.00001559
1.74900000 -0.00001552
1.75000000 -0.00001545
1.75100000 -0.00001538
1.75200000 -0.00001531
1.75300000 -0.00001524
1.75400000 -0.00001517
1.75500000 -0.00001510
1.75600000 -0.00001504
1.75700000 -0.00001497
1.75800000 -0.00001490
1.75900000 -0.00001484
1.76000000 -0.00001477
1.76100000 -0.00001470
1.76200000 -0.00001464
1.76300000 -0.00001457
1.76400000 -0.00001451
1.76500000 -0.00001444
1.76600000 -0.00001438
1.76700000 -0.00001432
1.76800000 -0.00001425
1.76900000 -0.00001419
1.77000000 -0.00001413
1.77100000 -0.00001406
1.77200000 -0.00001400
1.77300000 -0.00001394
1.77400000 -0.00001388
1.77500000 -0.00001382
1.77600000 -0.00001376
1.77700000 -0.00001370
1.77800000 -0.00001364
1.77900000 -0.00001358
1.78000000 -0.00001352
1.78100000 -0.00001346
1.78200000 -0.00001340
1.78300000 -0.00001334
1.78400000 -0.00001328
1.78500000 -0.00001322
1.78600000 -0.00001317
1.78700000 -0.00001311
1.78800000 -0.00001305
1.78900000 -0.00001300
1.79000000 -0.00001294
1.79100000 -0.00001288
1.79200000 -0.00001283
1.79300000 -0.00001277
1.79400000 -0.00001272
1.79500000 -0.00001266
1.79600000 -0.00001261
1.79700000 -0.00001255
1.79800000 -0.00001250
1.79900000 -0.00001244
1.80000000 -0.00001239
1.80100000 -0.00001234
1.80200000 -0.00001228
1.80300000 -0.00001223
1.80400000 -0.00001218
1.80500000 -0.00001213
1.80600000 -0.00001207
1.80700000 -0.00001202
1.80800000 -0.00001197
1.80900000 -0.00001192
1.81000000 -0.00001187
1.81100000 -0.00001182
1.81200000 -0.00001177
1.81300000 -0.00001172
1.81400000 -0.00001167
1.81500000 -0.00001162
1.81600000 -0.00001157
1.81700000 -0.00001152
1.81800000 -0.00001147
1.81900000 -0.00001142
1.82000000 -0.00001137
1.82100000 -0.00001132
1.82200000 -0.00001128
1.82300000 -0.00001123
1.82400000 -0.00001118
1.82500000 -0.00001113
1.82600000 -0.00001109
1.82700000 -0.00001104
1.82800000 -0.00001099
1.82900000 -0.00001095
1.83000000 -0.00001090
1.83100000 -0.00001086
1.83200000 -0.00001081
1.83300000 -0.00001077
1.83400000 -0.00001072
1.83500000 -0.00001068
1.83600000 -0.00001063
1.83700000 -0.00001059
1.83800000 -0.00001054
1.83900000 -0.00001050
1.84000000 -0.00001045
1.84100000 -0.00001041
1.84200000 -0.00001037
1.84300000 -0.00001032
1.84400000 -0.00001028
1.84500000 -0.00001024
1.84600000 -0.00001020
1.84700000 -0.00001015
1.84800000 -0.00001011
1.84900000 -0.00001007
1.85000000 -0.00001003
1.85100000 -0.00000999
1.85200000 -0.00000995
1.85300000 -0.00000991
1.85400000 -0.00000986
1.85500000 -0.00000982
1.85600000 -0.00000978
1.85700000 -0.00000974
1.85800000 -0.00000970
1.85900000 -0.00000966
1.86000000 -0.00000962
1.86100000 -0.00000958
1.86200000 -0.00000955
1.86300000 -0.00000951
1.86400000 -0.00000947
1.86500000 -0.00000943
1.86600000 -0.00000939
1.86700000 -0.00000935
1.86800000 -0.00000931
1.86900000 -0.00000928
1.87000000 -0.00000924
1.87100000 -0.00000920
1.87200000 -0.00000916
1.87300000 -0.00000913
1.87400000 -0.00000909
1.87500000 -0.00000905
1.87600000 -0.00000902
1.87700000 -0.00000898
1.87800000 -0.00000894
1.87900000 -0.00000891
1.88000000 -0.00000887
1.88100000 -0.00000884
1.88200000 -0.00000880
1.88300000 -0.00000876
1.88400000 -0.00000873
1.88500000 -0.00000869
1.88600000 -0.00000866
1.88700000 -0.00000862
1.88800000 -0.00000859
1.88900000 -0.00000856
1.89000000 -0.00000852
1.89100000 -0.00000849
1.89200000 -0.00000845
1.89300000 -0.00000842
1.89400000 -0.00000839
1.89500000 -0.00000835
1.89600000 -0.00000832
1.89700000 -0.00000829
1.89800000 -0.00000825
1.89900000 -0.00000822
1.90000000 -0.00000819
1.90100000 -0.00000815
1.90200000 -0.00000812
1.90300000 -0.00000809
1.90400000 -0.00000806
1.90500000 -0.00000803
1.90600000 -0.00000799
1.90700000 -0.00000796
1.90800000 -0.00000793
1.90900000 -0.00000790
1.91000000 -0.00000787
1.91100000 -0.00000784
1.91200000 -0.00000781
1.91300000 -0.00000778
1.91400000 -0.00000775
1.91500000 -0.00000772
1.91600000 -0.00000769
1.91700000 -0.00000766
1.91800000 -0.00000763
1.91900000 -0.00000760
1.92000000 -0.00000757
1.92100000 -0.00000754
1.92200000 -0.00000751
1.92300000 -0.00000748
1.92400000 -0.00000745
1.92500000 -0.00000742
1.92600000 -0.00000739
1.92700000 -0.00000736
1.92800000 -0.00000733
1.92900000 -0.00000731
1.93000000 -0.00000728
1.93100000 -0.00000725
1.93200000 -0.00000722
1.93300000 -0.00000719
1.93400000 -0.00000716
1.93500000 -0.00000714
1.93600000 -0.00000711
1.93700000 -0.00000708
1.93800000 -0.00000705
1.93900000 -0.00000703
1.94000000 -0.00000700
1.94100000 -0.00000697
1.94200000 -0.00000695
1.94300000 -0.00000692
1.94400000 -0.00000689
1.94500000 -0.00000687
1.94600000 -0.00000684
1.94700000 -0.00000681
1.94800000 -0.00000679
1.94900000 -0.00000676
1.95000000 -0.00000674
1.95100000 -0.00000671
1.95200000 -0.00000669
1.95300000 -0.00000666
1.95400000 -0.00000663
1.95500000 -0.00000661
1.95600000 -0.00000658
1.95700000 -0.00000656
1.95800000 -0.00000653
1.95900000 -0.00000651
1.96000000 -0.00000648
1.96100000 -0.00000646
1.96200000 -0.00000644
1.96300000 -0.00000641
1.96400000 -0.00000639
1.96500000 -0.00000636
1.96600000 -0.00000634
1.96700000 -0.00000632
1.96800000 -0.00000629
1.96900000 -0.00000627
1.97000000 -0.00000624
1.97100000 -0.00000622
1.97200000 -0.00000620
1.97300000 -0.00000617
1.97400000 -0.00000615
1.97500000 -0.00000613
1.97600000 -0.00000610
1.97700000 -0.00000608
1.97800000 -0.00000606
1.97900000 -0.00000604
1.98000000 -0.00000601
1.98100000 -0.00000599
1.98200000 -0.00000597
1.98300000 -0.00000595
1.98400000 -0.00000592
1.98500000 -0.00000590
1.98600000 -0.00000588
1.98700000 -0.00000586
1.98800000 -0.00000584
1.98900000 -0.00000582
1.99000000 -0.00000579
1.99100000 -0.00000577
1.99200000 -0.00000575
1.99300000 -0.00000573
1.99400000 -0.00000571
1.99500000 -0.00000569
1.99600000 -0.00000567
1.99700000 -0.00000565
1.99800000 -0.00000563
1.99900000 -0.00000560
2.00000000 -0.00000558
