0.10000000 221599637756.22109985
0.10100000 194710911062.66360474
0.10200000 171303001071.55493164
0.10300000 150897585991.84451294
0.10400000 133085813020.23764038
0.10500000 117517675739.41261292
0.10600000 103893095913.68431091
0.10700000 91954423591.28430176
0.10800000 81480119525.02433777
0.10900000 72279424893.26742554
0.11000000 64187856869.59134674
0.11100000 57063396141.86659241
0.11200000 50783255138.92080688
0.11300000 45241134388.83764648
0.11400000 40344889837.75513458
0.11500000 36014546693.67070007
0.11600000 32180605906.74515152
0.11700000 28782598146.73693848
0.11800000 25767847407.94134903
0.11900000 23090412422.31118774
0.12000000 20710179104.87560272
0.12100000 18592081466.29816437
0.12200000 16705431948.32681656
0.12300000 15023345086.45187187
0.12400000 13522240877.01980782
0.12500000 12181416303.10828781
0.12600000 10982675220.53906441
0.12700000 9910008276.99377441
0.12800000 8949315778.47098923
0.12900000 8088167465.76120567
0.13000000 7315594050.37222385
0.13100000 6621906110.33917141
0.13200000 5998536583.21515274
0.13300000 5437903634.30197811
0.13400000 4933291137.92770863
0.13500000 4478744400.93369675
0.13600000 4068979091.08132505
0.13700000 3699301617.71038723
0.13800000 3365539455.14288712
0.13900000 3063980107.31100798
0.14000000 2791317590.19049215
0.14100000 2544605461.30782986
0.14200000 2321215556.63510370
0.14300000 2118801707.78193069
0.14400000 1935267809.24272609
0.14500000 1768739688.85114336
0.14600000 1617540306.47750807
0.14700000 1480167868.03247929
0.14800000 1355276495.41773295
0.14900000 1241659139.39022422
0.15000000 1138232462.40223503
0.15100000 1044023453.21703899
0.15200000 958157565.22498763
0.15300000 879848196.53470051
0.15400000 808387352.63489926
0.15500000 743137352.18240964
0.15600000 683523453.67255735
0.15700000 629027295.73492479
0.15800000 579181056.86670113
0.15900000 533562251.82326412
0.16000000 491789091.85111755
0.16100000 453516344.66172504
0.16200000 418431637.66990125
0.16300000 386252154.69883513
0.16400000 356721682.20790410
0.16500000 329607966.23518044
0.16600000 304700345.75572920
0.16700000 281807632.11905932
0.16800000 260756207.71351656
0.16900000 241388320.07202014
0.17000000 223560550.33453092
0.17100000 207142437.36340472
0.17200000 192015240.90788162
0.17300000 178070829.06785604
0.17400000 165210676.94483051
0.17500000 153344964.81584463
0.17600000 142391765.44709021
0.17700000 132276311.29797745
0.17800000 122930333.37111467
0.17900000 114291464.35439403
0.18000000 106302699.49161166
0.18100000 98911909.31959623
0.18200000 92071399.03305630
0.18300000 85737509.79238723
0.18400000 79870257.78251427
0.18500000 74433007.26953173
0.18600000 69392174.29262993
0.18700000 64716957.97704584
0.18800000 60379096.76434293
0.18900000 56352647.13347025
0.19000000 52613782.63351854
0.19100000 49140611.27019472
0.19200000 45913009.48570336
0.19300000 42912471.14854285
0.19400000 40121970.12798858
0.19500000 37525835.16977365
0.19600000 35109635.91648901
0.19700000 32860079.03010480
0.19800000 30764913.47617736
0.19900000 28812844.12100996
0.20000000 26993452.87539496
0.20100000 25297126.69257414
0.20200000 23714991.79459465
0.20300000 22238853.56109623
0.20400000 20861141.56844121
0.20500000 19574859.31561464
0.20600000 18373538.21703495
0.20700000 17251195.48182069
0.20800000 16202295.53459903
0.20900000 15221714.66501232
0.21000000 14304708.62203315
0.21100000 13446882.89535158
0.21200000 12644165.44973345
0.21300000 11892781.69961882
0.21400000 11189231.53055991
0.21500000 10530268.19159368
0.21600000 9912878.89848411
0.21700000 9334267.00211940
0.21800000 8791835.58935413
0.21900000 8283172.39537807
0.22000000 7806035.91738999
0.22100000 7358342.62906183
0.22200000 6938155.20409277
0.22300000 6543671.66515790
0.22400000 6173215.38183169
0.22500000 5825225.84768022
0.22600000 5498250.17273179
0.22700000 5190935.23300896
0.22800000 4902020.42378790
0.22900000 4630330.96778800
0.23000000 4374771.73362900
0.23100000 4134321.52366033
0.23200000 3908027.79370286
0.23300000 3695001.77037686
0.23400000 3494413.93454972
0.23500000 3305489.84204713
0.23600000 3127506.25515578
0.23700000 2959787.56062350
0.23800000 2801702.45185357
0.23900000 2652660.85481003
0.24000000 2512111.07881546
0.24100000 2379537.17494629
0.24200000 2254456.48612477
0.24300000 2136417.37428371
0.24400000 2024997.11114952
0.24500000 1919799.92026110
0.24600000 1820455.15882430
0.24700000 1726615.62890274
0.24800000 1637956.00827249
0.24900000 1554171.39202604
0.25000000 1474975.93670779
0.25100000 1400101.59940235
0.25200000 1329296.96478424
0.25300000 1262326.15367759
0.25400000 1198967.80717028
0.25500000 1139014.14078345
0.25600000 1082270.06361684
0.25700000 1028552.35777673
0.25800000 977688.91374852
0.25900000 929518.01770365
0.26000000 883887.68703154
0.26100000 840655.05066558
0.26200000 799685.77102771
0.26300000 760853.50465246
0.26400000 724039.39876883
0.26500000 689131.62131942
0.26600000 656024.92208119
0.26700000 624620.22272370
0.26800000 594824.23379829
0.26900000 566549.09679766
0.27000000 539712.04956035
0.27100000 514235.11341876
0.27200000 490044.80060479
0.27300000 467071.84053382
0.27400000 445250.92368585
0.27500000 424520.46189415
0.27600000 404822.36393605
0.27700000 386101.82539841
0.27800000 368307.13186295
0.27900000 351389.47452344
0.28000000 335302.77740884
0.28100000 320003.53544407
0.28200000 305450.66263354
0.28300000 291605.34970175
0.28400000 278430.93057153
0.28500000 265892.75710275
0.28600000 253958.08155415
0.28700000 242595.94626724
0.28800000 231777.08010578
0.28900000 221473.80121550
0.29000000 211659.92569849
0.29100000 202310.68182375
0.29200000 193402.62942103
0.29300000 184913.58412847
0.29400000 176822.54618658
0.29500000 169109.63349170
0.29600000 161756.01864076
0.29700000 154743.86971719
0.29800000 148056.29458400
0.29900000 141677.28846563
0.30000000 135591.68461427
0.30100000 129785.10786977
0.30200000 124243.93093459
0.30300000 118955.23319680
0.30400000 113906.76194503
0.30500000 109086.89582908
0.30600000 104484.61042949
0.30700000 100089.44580803
0.30800000 95891.47591917
0.30900000 91881.27977034
0.31000000 88049.91422569
0.31100000 84388.88835494
0.31200000 80890.13923490
0.31300000 77546.00911719
0.31400000 74349.22388088
0.31500000 71292.87269422
0.31600000 68370.38881377
0.31700000 65575.53145435
0.31800000 62902.36866672
0.31900000 60345.26116421
0.32000000 57898.84704292
0.32100000 55558.02734355
0.32200000 53317.95240616
0.32300000 51174.00897194
0.32400000 49121.80798903
0.32500000 47157.17308197
0.32600000 45276.12964678
0.32700000 43474.89453590
0.32800000 41749.86629952
0.32900000 40097.61595162
0.33000000 38514.87823119
0.33100000 36998.54333049
0.33200000 35545.64906425
0.33300000 34153.37345508
0.33400000 32819.02771168
0.33500000 31540.04957812
0.33600000 30313.99703343
0.33700000 29138.54232220
0.33800000 28011.46629780
0.33900000 26930.65306106
0.34000000 25894.08487812
0.34100000 24899.83736223
0.34200000 23946.07490501
0.34300000 23031.04634357
0.34400000 22153.08085082
0.34500000 21310.58403666
0.34600000 20502.03424883
0.34700000 19725.97906263
0.34800000 18981.03194931
0.34900000 18265.86911359
0.35000000 17579.22649134
0.35100000 16919.89689880
0.35200000 16286.72732527
0.35300000 15678.61636186
0.35400000 15094.51175885
0.35500000 14533.40810507
0.35600000 13994.34462285
0.35700000 13476.40307246
0.35800000 12978.70576029
0.35900000 12500.41364547
0.36000000 12040.72453972
0.36100000 11598.87139563
0.36200000 11174.12067879
0.36300000 10765.77081951
0.36400000 10373.15073988
0.36500000 9995.61845258
0.36600000 9632.55972743
0.36700000 9283.38682251
0.36800000 8947.53727647
0.36900000 8624.47275882
0.37000000 8313.67797546
0.37100000 8014.65962654
0.37200000 7726.94541396
0.37300000 7450.08309626
0.37400000 7183.63958820
0.37500000 6927.20010310
0.37600000 6680.36733557
0.37700000 6442.76068283
0.37800000 6214.01550251
0.37900000 5993.78240534
0.38000000 5781.72658078
0.38100000 5577.52715415
0.38200000 5380.87657367
0.38300000 5191.48002589
0.38400000 5009.05487817
0.38500000 4833.33014690
0.38600000 4664.04599020
0.38700000 4500.95322391
0.38800000 4343.81285974
0.38900000 4192.39566455
0.39000000 4046.48173966
0.39100000 3905.86011934
0.39200000 3770.32838749
0.39300000 3639.69231167
0.39400000 3513.76549358
0.39500000 3392.36903542
0.39600000 3275.33122104
0.39700000 3162.48721154
0.39800000 3053.67875440
0.39900000 2948.75390557
0.40000000 2847.56676394
0.40100000 2749.97721757
0.40200000 2655.85070121
0.40300000 2565.05796443
0.40400000 2477.47485005
0.40500000 2392.98208227
0.40600000 2311.46506408
0.40700000 2232.81368355
0.40800000 2156.92212856
0.40900000 2083.68870960
0.41000000 2013.01569025
0.41100000 1944.80912506
0.41200000 1878.97870434
0.41300000 1815.43760574
0.41400000 1754.10235214
0.41500000 1694.89267571
0.41600000 1637.73138774
0.41700000 1582.54425403
0.41800000 1529.25987565
0.41900000 1477.80957469
0.42000000 1428.12728491
0.42100000 1380.14944703
0.42200000 1333.81490840
0.42300000 1289.06482691
0.42400000 1245.84257898
0.42500000 1204.09367136
0.42600000 1163.76565663
0.42700000 1124.80805229
0.42800000 1087.17226312
0.42900000 1050.81150684
0.43000000 1015.68074286
0.43100000 981.73660392
0.43200000 948.93733059
0.43300000 917.24270852
0.43400000 886.61400816
0.43500000 857.01392703
0.43600000 828.40653435
0.43700000 800.75721790
0.43800000 774.03263309
0.43900000 748.20065405
0.44000000 723.23032674
0.44100000 699.09182396
0.44200000 675.75640214
0.44300000 653.19635996
0.44400000 631.38499850
0.44500000 610.29658313
0.44600000 589.90630684
0.44700000 570.19025505
0.44800000 551.12537186
0.44900000 532.68942757
0.45000000 514.86098762
0.45100000 497.61938259
0.45200000 480.94467954
0.45300000 464.81765439
0.45400000 449.21976545
0.45500000 434.13312789
0.45600000 419.54048935
0.45700000 405.42520641
0.45800000 391.77122200
0.45900000 378.56304369
0.46000000 365.78572285
0.46100000 353.42483457
0.46200000 341.46645843
0.46300000 329.89715992
0.46400000 318.70397269
0.46500000 307.87438135
0.46600000 297.39630509
0.46700000 287.25808175
0.46800000 277.44845268
0.46900000 267.95654802
0.47000000 258.77187267
0.47100000 249.88429269
0.47200000 241.28402229
0.47300000 232.96161129
0.47400000 224.90793303
0.47500000 217.11417278
0.47600000 209.57181655
0.47700000 202.27264035
0.47800000 195.20869983
0.47900000 188.37232030
0.48000000 181.75608718
0.48100000 175.35283674
0.48200000 169.15564722
0.48300000 163.15783026
0.48400000 157.35292269
0.48500000 151.73467856
0.48600000 146.29706152
0.48700000 141.03423747
0.48800000 135.94056743
0.48900000 131.01060077
0.49000000 126.23906859
0.49100000 121.62087739
0.49200000 117.15110299
0.49300000 112.82498461
0.49400000 108.63791926
0.49500000 104.58545620
0.49600000 100.66329175
0.49700000 96.86726417
0.49800000 93.19334882
0.49900000 89.63765336
0.50000000 86.19641333
0.50100000 82.86598764
0.50200000 79.64285447
0.50300000 76.52360709
0.50400000 73.50495001
0.50500000 70.58369519
0.50600000 67.75675833
0.50700000 65.02115541
0.50800000 62.37399927
0.50900000 59.81249636
0.51000000 57.33394353
0.51100000 54.93572503
0.51200000 52.61530954
0.51300000 50.37024737
0.51400000 48.19816768
0.51500000 46.09677587
0.51600000 44.06385100
0.51700000 42.09724338
0.51800000 40.19487215
0.51900000 38.35472301
0.52000000 36.57484601
0.52100000 34.85335341
0.52200000 33.18841763
0.52300000 31.57826923
0.52400000 30.02119504
0.52500000 28.51553626
0.52600000 27.05968670
0.52700000 25.65209102
0.52800000 24.29124312
0.52900000 22.97568443
0.53000000 21.70400247
0.53100000 20.47482926
0.53200000 19.28683988
0.53300000 18.13875111
0.53400000 17.02932003
0.53500000 15.95734273
0.53600000 14.92165306
0.53700000 13.92112134
0.53800000 12.95465329
0.53900000 12.02118879
0.54000000 11.11970082
0.54100000 10.24919439
0.54200000 9.40870552
0.54300000 8.59730021
0.54400000 7.81407352
0.54500000 7.05814861
0.54600000 6.32867586
0.54700000 5.62483200
0.54800000 4.94581924
0.54900000 4.29086449
0.55000000 3.65921858
0.55100000 3.05015546
0.55200000 2.46297150
0.55300000 1.89698478
0.55400000 1.35153439
0.55500000 0.82597976
0.55600000 0.31970004
0.55700000 -0.16790655
0.55800000 -0.63742328
0.55900000 -1.08941554
0.56000000 -1.52443137
0.56100000 -1.94300201
0.56200000 -2.34564243
0.56300000 -2.73285184
0.56400000 -3.10511417
0.56500000 -3.46289858
0.56600000 -3.80665988
0.56700000 -4.13683900
0.56800000 -4.45386341
0.56900000 -4.75814756
0.57000000 -5.05009327
0.57100000 -5.33009009
0.57200000 -5.59851575
0.57300000 -5.85573646
0.57400000 -6.10210732
0.57500000 -6.33797259
0.57600000 -6.56366612
0.57700000 -6.77951158
0.57800000 -6.98582284
0.57900000 -7.18290424
0.58000000 -7.37105087
0.58100000 -7.55054889
0.58200000 -7.72167578
0.58300000 -7.88470060
0.58400000 -8.03988428
0.58500000 -8.18747981
0.58600000 -8.32773256
0.58700000 -8.46088043
0.58800000 -8.58715416
0.58900000 -8.70677747
0.59000000 -8.81996733
0.59100000 -8.92693414
0.59200000 -9.02788193
0.59300000 -9.12300856
0.59400000 -9.21250591
0.59500000 -9.29656003
0.59600000 -9.37535138
0.59700000 -9.44905493
0.59800000 -9.51784037
0.59900000 -9.58187225
0.60000000 -9.64131013
0.60100000 -9.69630877
0.60200000 -9.74701821
0.60300000 -9.79358397
0.60400000 -9.83614716
0.60500000 -9.87484460
0.60600000 -9.90980898
0.60700000 -9.94116896
0.60800000 -9.96904930
0.60900000 -9.99357098
0.61000000 -10.01485129
0.61100000 -10.03300399
0.61200000 -10.04813934
0.61300000 -10.06036430
0.61400000 -10.06978253
0.61500000 -10.07649456
0.61600000 -10.08059787
0.61700000 -10.08218693
0.61800000 -10.08135336
0.61900000 -10.07818599
0.62000000 -10.07277091
0.62100000 -10.06519159
0.62200000 -10.05552895
0.62300000 -10.04386144
0.62400000 -10.03026508
0.62500000 -10.01481358
0.62600000 -9.99757838
0.62700000 -9.97862872
0.62800000 -9.95803170
0.62900000 -9.93585237
0.63000000 -9.91215376
0.63100000 -9.88699695
0.63200000 -9.86044115
0.63300000 -9.83254370
0.63400000 -9.80336020
0.63500000 -9.77294449
0.63600000 -9.74134876
0.63700000 -9.70862354
0.63800000 -9.67481782
0.63900000 -9.63997903
0.64000000 -9.60415311
0.64100000 -9.56738459
0.64200000 -9.52971657
0.64300000 -9.49119079
0.64400000 -9.45184769
0.64500000 -9.41172642
0.64600000 -9.37086488
0.64700000 -9.32929978
0.64800000 -9.28706665
0.64900000 -9.24419989
0.65000000 -9.20073279
0.65100000 -9.15669757
0.65200000 -9.11212543
0.65300000 -9.06704655
0.65400000 -9.02149012
0.65500000 -8.97548440
0.65600000 -8.92905674
0.65700000 -8.88223355
0.65800000 -8.83504043
0.65900000 -8.78750210
0.66000000 -8.73964248
0.66100000 -8.69148469
0.66200000 -8.64305108
0.66300000 -8.59436327
0.66400000 -8.54544214
0.66500000 -8.49630787
0.66600000 -8.44697997
0.66700000 -8.39747726
0.66800000 -8.34781795
0.66900000 -8.29801962
0.67000000 -8.24809922
0.67100000 -8.19807315
0.67200000 -8.14795723
0.67300000 -8.09776670
0.67400000 -8.04751631
0.67500000 -7.99722025
0.67600000 -7.94689224
0.67700000 -7.89654548
0.67800000 -7.84619272
0.67900000 -7.79584624
0.68000000 -7.74551787
0.68100000 -7.69521902
0.68200000 -7.64496065
0.68300000 -7.59475336
0.68400000 -7.54460731
0.68500000 -7.49453230
0.68600000 -7.44453776
0.68700000 -7.39463274
0.68800000 -7.34482596
0.68900000 -7.29512580
0.69000000 -7.24554030
0.69100000 -7.19607719
0.69200000 -7.14674389
0.69300000 -7.09754751
0.69400000 -7.04849488
0.69500000 -6.99959255
0.69600000 -6.95084679
0.69700000 -6.90226362
0.69800000 -6.85384877
0.69900000 -6.80560777
0.70000000 -6.75754586
0.70100000 -6.70966808
0.70200000 -6.66197923
0.70300000 -6.61448390
0.70400000 -6.56718645
0.70500000 -6.52009106
0.70600000 -6.47320168
0.70700000 -6.42652209
0.70800000 -6.38005587
0.70900000 -6.33380644
0.71000000 -6.28777701
0.71100000 -6.24197065
0.71200000 -6.19639026
0.71300000 -6.15103856
0.71400000 -6.10591814
0.71500000 -6.06103143
0.71600000 -6.01638072
0.71700000 -5.97196815
0.71800000 -5.92779574
0.71900000 -5.88386537
0.72000000 -5.84017880
0.72100000 -5.79673764
0.72200000 -5.75354343
0.72300000 -5.71059755
0.72400000 -5.66790130
0.72500000 -5.62545585
0.72600000 -5.58326229
0.72700000 -5.54132159
0.72800000 -5.49963463
0.72900000 -5.45820219
0.73000000 -5.41702498
0.73100000 -5.37610361
0.73200000 -5.33543860
0.73300000 -5.29503038
0.73400000 -5.25487934
0.73500000 -5.21498576
0.73600000 -5.17534985
0.73700000 -5.13597176
0.73800000 -5.09685157
0.73900000 -5.05798929
0.74000000 -5.01938487
0.74100000 -4.98103820
0.74200000 -4.94294911
0.74300000 -4.90511737
0.74400000 -4.86754269
0.74500000 -4.83022475
0.74600000 -4.79316316
0.74700000 -4.75635749
0.74800000 -4.71980725
0.74900000 -4.68351192
0.75000000 -4.64747093
0.75100000 -4.61168367
0.75200000 -4.57614949
0.75300000 -4.54086771
0.75400000 -4.50583760
0.75500000 -4.47105840
0.75600000 -4.43652931
0.75700000 -4.40224950
0.75800000 -4.36821813
0.75900000 -4.33443430
0.76000000 -4.30089710
0.76100000 -4.26760559
0.76200000 -4.23455879
0.76300000 -4.20175571
0.76400000 -4.16919534
0.76500000 -4.13687664
0.76600000 -4.10479854
0.76700000 -4.07295996
0.76800000 -4.04135981
0.76900000 -4.00999695
0.77000000 -3.97887026
0.77100000 -3.94797858
0.77200000 -3.91732074
0.77300000 -3.88689555
0.77400000 -3.85670182
0.77500000 -3.82673834
0.77600000 -3.79700387
0.77700000 -3.76749719
0.77800000 -3.73821705
0.77900000 -3.70916218
0.78000000 -3.68033132
0.78100000 -3.65172320
0.78200000 -3.62333652
0.78300000 -3.59517000
0.78400000 -3.56722234
0.78500000 -3.53949223
0.78600000 -3.51197835
0.78700000 -3.48467940
0.78800000 -3.45759404
0.78900000 -3.43072095
0.79000000 -3.40405879
0.79100000 -3.37760624
0.79200000 -3.35136196
0.79300000 -3.32532460
0.79400000 -3.29949282
0.79500000 -3.27386528
0.79600000 -3.24844063
0.79700000 -3.22321753
0.79800000 -3.19819462
0.79900000 -3.17337057
0.80000000 -3.14874401
0.80100000 -3.12431361
0.80200000 -3.10007802
0.80300000 -3.07603589
0.80400000 -3.05218588
0.80500000 -3.02852664
0.80600000 -3.00505684
0.80700000 -2.98177514
0.80800000 -2.95868019
0.80900000 -2.93577068
0.81000000 -2.91304525
0.81100000 -2.89050260
0.81200000 -2.86814139
0.81300000 -2.84596031
0.81400000 -2.82395803
0.81500000 -2.80213324
0.81600000 -2.78048464
0.81700000 -2.75901091
0.81800000 -2.73771077
0.81900000 -2.71658291
0.82000000 -2.69562604
0.82100000 -2.67483888
0.82200000 -2.65422015
0.82300000 -2.63376856
0.82400000 -2.61348285
0.82500000 -2.59336176
0.82600000 -2.57340403
0.82700000 -2.55360839
0.82800000 -2.53397361
0.82900000 -2.51449844
0.83000000 -2.49518165
0.83100000 -2.47602200
0.83200000 -2.45701827
0.83300000 -2.43816925
0.83400000 -2.41947371
0.83500000 -2.40093047
0.83600000 -2.38253832
0.83700000 -2.36429606
0.83800000 -2.34620252
0.83900000 -2.32825651
0.84000000 -2.31045686
0.84100000 -2.29280241
0.84200000 -2.27529199
0.84300000 -2.25792446
0.84400000 -2.24069868
0.84500000 -2.22361350
0.84600000 -2.20666779
0.84700000 -2.18986043
0.84800000 -2.17319030
0.84900000 -2.15665630
0.85000000 -2.14025731
0.85100000 -2.12399225
0.85200000 -2.10786003
0.85300000 -2.09185956
0.85400000 -2.07598977
0.85500000 -2.06024959
0.85600000 -2.04463797
0.85700000 -2.02915384
0.85800000 -2.01379617
0.85900000 -1.99856392
0.86000000 -1.98345605
0.86100000 -1.96847154
0.86200000 -1.95360937
0.86300000 -1.93886854
0.86400000 -1.92424804
0.86500000 -1.90974687
0.86600000 -1.89536404
0.86700000 -1.88109858
0.86800000 -1.86694951
0.86900000 -1.85291587
0.87000000 -1.83899669
0.87100000 -1.82519101
0.87200000 -1.81149790
0.87300000 -1.79791642
0.87400000 -1.78444562
0.87500000 -1.77108460
0.87600000 -1.75783242
0.87700000 -1.74468818
0.87800000 -1.73165098
0.87900000 -1.71871991
0.88000000 -1.70589409
0.88100000 -1.69317263
0.88200000 -1.68055465
0.88300000 -1.66803930
0.88400000 -1.65562569
0.88500000 -1.64331298
0.88600000 -1.63110031
0.88700000 -1.61898685
0.88800000 -1.60697176
0.88900000 -1.59505420
0.89000000 -1.58323335
0.89100000 -1.57150840
0.89200000 -1.55987853
0.89300000 -1.54834295
0.89400000 -1.53690085
0.89500000 -1.52555144
0.89600000 -1.51429395
0.89700000 -1.50312758
0.89800000 -1.49205157
0.89900000 -1.48106515
0.90000000 -1.47016757
0.90100000 -1.45935807
0.90200000 -1.44863590
0.90300000 -1.43800032
0.90400000 -1.42745060
0.90500000 -1.41698601
0.90600000 -1.40660582
0.90700000 -1.39630932
0.90800000 -1.38609580
0.90900000 -1.37596454
0.91000000 -1.36591487
0.91100000 -1.35594607
0.91200000 -1.34605746
0.91300000 -1.33624837
0.91400000 -1.32651811
0.91500000 -1.31686601
0.91600000 -1.30729141
0.91700000 -1.29779365
0.91800000 -1.28837208
0.91900000 -1.27902605
0.92000000 -1.26975491
0.92100000 -1.26055802
0.92200000 -1.25143477
0.92300000 -1.24238451
0.92400000 -1.23340663
0.92500000 -1.22450051
0.92600000 -1.21566555
0.92700000 -1.20690113
0.92800000 -1.19820665
0.92900000 -1.18958153
0.93000000 -1.18102517
0.93100000 -1.17253698
0.93200000 -1.16411639
0.93300000 -1.15576282
0.93400000 -1.14747571
0.93500000 -1.13925447
0.93600000 -1.13109856
0.93700000 -1.12300743
0.93800000 -1.11498051
0.93900000 -1.10701726
0.94000000 -1.09911715
0.94100000 -1.09127963
0.94200000 -1.08350417
0.94300000 -1.07579025
0.94400000 -1.06813735
0.94500000 -1.06054494
0.94600000 -1.05301251
0.94700000 -1.04553956
0.94800000 -1.03812557
0.94900000 -1.03077005
0.95000000 -1.02347250
0.95100000 -1.01623243
0.95200000 -1.00904936
0.95300000 -1.00192279
0.95400000 -0.99485225
0.95500000 -0.98783727
0.95600000 -0.98087737
0.95700000 -0.97397209
0.95800000 -0.96712097
0.95900000 -0.96032355
0.96000000 -0.95357936
0.96100000 -0.94688797
0.96200000 -0.94024893
0.96300000 -0.93366179
0.96400000 -0.92712611
0.96500000 -0.92064147
0.96600000 -0.91420742
0.96700000 -0.90782355
0.96800000 -0.90148942
0.96900000 -0.89520462
0.97000000 -0.88896874
0.97100000 -0.88278135
0.97200000 -0.87664206
0.97300000 -0.87055045
0.97400000 -0.86450613
0.97500000 -0.85850869
0.97600000 -0.85255775
0.97700000 -0.84665290
0.97800000 -0.84079377
0.97900000 -0.83497997
0.98000000 -0.82921111
0.98100000 -0.82348683
0.98200000 -0.81780674
0.98300000 -0.81217047
0.98400000 -0.80657767
0.98500000 -0.80102795
0.98600000 -0.79552097
0.98700000 -0.79005636
0.98800000 -0.78463377
0.98900000 -0.77925285
0.99000000 -0.77391324
0.99100000 -0.76861461
0.99200000 -0.76335661
0.99300000 -0.75813890
0.99400000 -0.75296114
0.99500000 -0.74782301
0.99600000 -0.74272416
0.99700000 -0.73766428
0.99800000 -0.73264303
0.99900000 -0.72766010
1.00000000 -0.72271517
1.00100000 -0.71780791
1.00200000 -0.71293802
1.00300000 -0.70810519
1.00400000 -0.70330911
1.00500000 -0.69854946
1.00600000 -0.69382596
1.00700000 -0.68913830
1.00800000 -0.68448618
1.00900000 -0.67986931
1.01000000 -0.67528739
1.01100000 -0.67074014
1.01200000 -0.66622727
1.01300000 -0.66174849
1.01400000 -0.65730353
1.01500000 -0.65289210
1.01600000 -0.64851392
1.01700000 -0.64416873
1.01800000 -0.63985624
1.01900000 -0.63557620
1.02000000 -0.63132833
1.02100000 -0.62711236
1.02200000 -0.62292804
1.02300000 -0.61877510
1.02400000 -0.61465329
1.02500000 -0.61056235
1.02600000 -0.60650202
1.02700000 -0.60247206
1.02800000 -0.59847222
1.02900000 -0.59450224
1.03000000 -0.59056189
1.03100000 -0.58665091
1.03200000 -0.58276908
1.03300000 -0.57891615
1.03400000 -0.57509189
1.03500000 -0.57129606
1.03600000 -0.56752842
1.03700000 -0.56378876
1.03800000 -0.56007683
1.03900000 -0.55639242
1.04000000 -0.55273530
1.04100000 -0.54910525
1.04200000 -0.54550204
1.04300000 -0.54192546
1.04400000 -0.53837530
1.04500000 -0.53485133
1.04600000 -0.53135335
1.04700000 -0.52788114
1.04800000 -0.52443450
1.04900000 -0.52101321
1.05000000 -0.51761708
1.05100000 -0.51424590
1.05200000 -0.51089946
1.05300000 -0.50757757
1.05400000 -0.50428003
1.05500000 -0.50100664
1.05600000 -0.49775720
1.05700000 -0.49453153
1.05800000 -0.49132943
1.05900000 -0.48815072
1.06000000 -0.48499519
1.06100000 -0.48186268
1.06200000 -0.47875298
1.06300000 -0.47566593
1.06400000 -0.47260133
1.06500000 -0.46955901
1.06600000 -0.46653879
1.06700000 -0.46354048
1.06800000 -0.46056393
1.06900000 -0.45760894
1.07000000 -0.45467535
1.07100000 -0.45176299
1.07200000 -0.44887169
1.07300000 -0.44600128
1.07400000 -0.44315159
1.07500000 -0.44032245
1.07600000 -0.43751372
1.07700000 -0.43472521
1.07800000 -0.43195677
1.07900000 -0.42920825
1.08000000 -0.42647947
1.08100000 -0.42377029
1.08200000 -0.42108056
1.08300000 -0.41841010
1.08400000 -0.41575878
1.08500000 -0.41312645
1.08600000 -0.41051294
1.08700000 -0.40791812
1.08800000 -0.40534182
1.08900000 -0.40278392
1.09000000 -0.40024426
1.09100000 -0.39772270
1.09200000 -0.39521909
1.09300000 -0.39273330
1.09400000 -0.39026519
1.09500000 -0.38781460
1.09600000 -0.38538142
1.09700000 -0.38296550
1.09800000 -0.38056670
1.09900000 -0.37818489
1.10000000 -0.37581993
1.10100000 -0.37347171
1.10200000 -0.37114007
1.10300000 -0.36882490
1.10400000 -0.36652607
1.10500000 -0.36424344
1.10600000 -0.36197690
1.10700000 -0.35972631
1.10800000 -0.35749155
1.10900000 -0.35527250
1.11000000 -0.35306903
1.11100000 -0.35088103
1.11200000 -0.34870837
1.11300000 -0.34655093
1.11400000 -0.34440861
1.11500000 -0.34228126
1.11600000 -0.34016880
1.11700000 -0.33807109
1.11800000 -0.33598802
1.11900000 -0.33391948
1.12000000 -0.33186535
1.12100000 -0.32982554
1.12200000 -0.32779992
1.12300000 -0.32578838
1.12400000 -0.32379082
1.12500000 -0.32180713
1.12600000 -0.31983720
1.12700000 -0.31788092
1.12800000 -0.31593820
1.12900000 -0.31400892
1.13000000 -0.31209299
1.13100000 -0.31019030
1.13200000 -0.30830074
1.13300000 -0.30642423
1.13400000 -0.30456065
1.13500000 -0.30270992
1.13600000 -0.30087192
1.13700000 -0.29904657
1.13800000 -0.29723376
1.13900000 -0.29543341
1.14000000 -0.29364541
1.14100000 -0.29186968
1.14200000 -0.29010611
1.14300000 -0.28835462
1.14400000 -0.28661512
1.14500000 -0.28488750
1.14600000 -0.28317169
1.14700000 -0.28146760
1.14800000 -0.27977512
1.14900000 -0.27809419
1.15000000 -0.27642470
1.15100000 -0.27476657
1.15200000 -0.27311972
1.15300000 -0.27148406
1.15400000 -0.26985950
1.15500000 -0.26824597
1.15600000 -0.26664338
1.15700000 -0.26505164
1.15800000 -0.26347068
1.15900000 -0.26190041
1.16000000 -0.26034076
1.16100000 -0.25879163
1.16200000 -0.25725297
1.16300000 -0.25572467
1.16400000 -0.25420668
1.16500000 -0.25269891
1.16600000 -0.25120128
1.16700000 -0.24971372
1.16800000 -0.24823615
1.16900000 -0.24676850
1.17000000 -0.24531069
1.17100000 -0.24386265
1.17200000 -0.24242432
1.17300000 -0.24099560
1.17400000 -0.23957644
1.17500000 -0.23816676
1.17600000 -0.23676650
1.17700000 -0.23537558
1.17800000 -0.23399392
1.17900000 -0.23262148
1.18000000 -0.23125817
1.18100000 -0.22990392
1.18200000 -0.22855868
1.18300000 -0.22722237
1.18400000 -0.22589492
1.18500000 -0.22457628
1.18600000 -0.22326638
1.18700000 -0.22196515
1.18800000 -0.22067253
1.18900000 -0.21938845
1.19000000 -0.21811286
1.19100000 -0.21684569
1.19200000 -0.21558687
1.19300000 -0.21433635
1.19400000 -0.21309407
1.19500000 -0.21185996
1.19600000 -0.21063396
1.19700000 -0.20941603
1.19800000 -0.20820609
1.19900000 -0.20700408
1.20000000 -0.20580996
1.20100000 -0.20462366
1.20200000 -0.20344513
1.20300000 -0.20227430
1.20400000 -0.20111113
1.20500000 -0.19995555
1.20600000 -0.19880751
1.20700000 -0.19766696
1.20800000 -0.19653385
1.20900000 -0.19540811
1.21000000 -0.19428969
1.21100000 -0.19317855
1.21200000 -0.19207463
1.21300000 -0.19097787
1.21400000 -0.18988823
1.21500000 -0.18880564
1.21600000 -0.18773008
1.21700000 -0.18666147
1.21800000 -0.18559977
1.21900000 -0.18454494
1.22000000 -0.18349691
1.22100000 -0.18245565
1.22200000 -0.18142110
1.22300000 -0.18039322
1.22400000 -0.17937196
1.22500000 -0.17835726
1.22600000 -0.17734909
1.22700000 -0.17634740
1.22800000 -0.17535213
1.22900000 -0.17436325
1.23000000 -0.17338071
1.23100000 -0.17240445
1.23200000 -0.17143445
1.23300000 -0.17047065
1.23400000 -0.16951301
1.23500000 -0.16856148
1.23600000 -0.16761602
1.23700000 -0.16667660
1.23800000 -0.16574315
1.23900000 -0.16481565
1.24000000 -0.16389405
1.24100000 -0.16297831
1.24200000 -0.16206838
1.24300000 -0.16116423
1.24400000 -0.16026582
1.24500000 -0.15937310
1.24600000 -0.15848603
1.24700000 -0.15760457
1.24800000 -0.15672869
1.24900000 -0.15585835
1.25000000 -0.15499350
1.25100000 -0.15413410
1.25200000 -0.15328013
1.25300000 -0.15243153
1.25400000 -0.15158828
1.25500000 -0.15075033
1.25600000 -0.14991765
1.25700000 -0.14909020
1.25800000 -0.14826794
1.25900000 -0.14745084
1.26000000 -0.14663886
1.26100000 -0.14583197
1.26200000 -0.14503013
1.26300000 -0.14423330
1.26400000 -0.14344145
1.26500000 -0.14265454
1.26600000 -0.14187255
1.26700000 -0.14109543
1.26800000 -0.14032315
1.26900000 -0.13955568
1.27000000 -0.13879299
1.27100000 -0.13803503
1.27200000 -0.13728179
1.27300000 -0.13653322
1.27400000 -0.13578930
1.27500000 -0.13504998
1.27600000 -0.13431525
1.27700000 -0.13358506
1.27800000 -0.13285939
1.27900000 -0.13213820
1.28000000 -0.13142147
1.28100000 -0.13070916
1.28200000 -0.13000125
1.28300000 -0.12929769
1.28400000 -0.12859847
1.28500000 -0.12790355
1.28600000 -0.12721290
1.28700000 -0.12652650
1.28800000 -0.12584431
1.28900000 -0.12516631
1.29000000 -0.12449246
1.29100000 -0.12382274
1.29200000 -0.12315712
1.29300000 -0.12249558
1.29400000 -0.12183807
1.29500000 -0.12118459
1.29600000 -0.12053509
1.29700000 -0.11988955
1.29800000 -0.11924795
1.29900000 -0.11861026
1.30000000 -0.11797645
1.30100000 -0.11734649
1.30200000 -0.11672036
1.30300000 -0.11609803
1.30400000 -0.11547948
1.30500000 -0.11486468
1.30600000 -0.11425361
1.30700000 -0.11364624
1.30800000 -0.11304254
1.30900000 -0.11244249
1.31000000 -0.11184607
1.31100000 -0.11125325
1.31200000 -0.11066400
1.31300000 -0.11007831
1.31400000 -0.10949615
1.31500000 -0.10891749
1.31600000 -0.10834232
1.31700000 -0.10777060
1.31800000 -0.10720231
1.31900000 -0.10663744
1.32000000 -0.10607596
1.32100000 -0.10551784
1.32200000 -0.10496307
1.32300000 -0.10441161
1.32400000 -0.10386346
1.32500000 -0.10331858
1.32600000 -0.10277695
1.32700000 -0.10223856
1.32800000 -0.10170338
1.32900000 -0.10117139
1.33000000 -0.10064257
1.33100000 -0.10011690
1.33200000 -0.09959435
1.33300000 -0.09907491
1.33400000 -0.09855855
1.33500000 -0.09804526
1.33600000 -0.09753501
1.33700000 -0.09702779
1.33800000 -0.09652357
1.33900000 -0.09602233
1.34000000 -0.09552406
1.34100000 -0.09502873
1.34200000 -0.09453633
1.34300000 -0.09404683
1.34400000 -0.09356022
1.34500000 -0.09307648
1.34600000 -0.09259558
1.34700000 -0.09211752
1.34800000 -0.09164226
1.34900000 -0.09116980
1.35000000 -0.09070012
1.35100000 -0.09023318
1.35200000 -0.08976899
1.35300000 -0.08930752
1.35400000 -0.08884875
1.35500000 -0.08839266
1.35600000 -0.08793924
1.35700000 -0.08748847
1.35800000 -0.08704033
1.35900000 -0.08659481
1.36000000 -0.08615188
1.36100000 -0.08571153
1.36200000 -0.08527375
1.36300000 -0.08483852
1.36400000 -0.08440581
1.36500000 -0.08397562
1.36600000 -0.08354793
1.36700000 -0.08312272
1.36800000 -0.08269997
1.36900000 -0.08227968
1.37000000 -0.08186181
1.37100000 -0.08144637
1.37200000 -0.08103333
1.37300000 -0.08062267
1.37400000 -0.08021438
1.37500000 -0.07980845
1.37600000 -0.07940486
1.37700000 -0.07900360
1.37800000 -0.07860464
1.37900000 -0.07820798
1.38000000 -0.07781361
1.38100000 -0.07742149
1.38200000 -0.07703163
1.38300000 -0.07664401
1.38400000 -0.07625861
1.38500000 -0.07587541
1.38600000 -0.07549441
1.38700000 -0.07511559
1.38800000 -0.07473894
1.38900000 -0.07436444
1.39000000 -0.07399207
1.39100000 -0.07362183
1.39200000 -0.07325371
1.39300000 -0.07288767
1.39400000 -0.07252373
1.39500000 -0.07216185
1.39600000 -0.07180204
1.39700000 -0.07144426
1.39800000 -0.07108852
1.39900000 -0.07073480
1.40000000 -0.07038308
1.40100000 -0.07003336
1.40200000 -0.06968561
1.40300000 -0.06933983
1.40400000 -0.06899601
1.40500000 -0.06865414
1.40600000 -0.06831419
1.40700000 -0.06797616
1.40800000 -0.06764004
1.40900000 -0.06730581
1.41000000 -0.06697346
1.41100000 -0.06664299
1.41200000 -0.06631437
1.41300000 -0.06598760
1.41400000 -0.06566266
1.41500000 -0.06533955
1.41600000 -0.06501825
1.41700000 -0.06469875
1.41800000 -0.06438104
1.41900000 -0.06406511
1.42000000 -0.06375095
1.42100000 -0.06343854
1.42200000 -0.06312788
1.42300000 -0.06281895
1.42400000 -0.06251174
1.42500000 -0.06220625
1.42600000 -0.06190246
1.42700000 -0.06160036
1.42800000 -0.06129994
1.42900000 -0.06100119
1.43000000 -0.06070410
1.43100000 -0.06040866
1.43200000 -0.06011485
1.43300000 -0.05982268
1.43400000 -0.05953213
1.43500000 -0.05924318
1.43600000 -0.05895584
1.43700000 -0.05867008
1.43800000 -0.05838590
1.43900000 -0.05810329
1.44000000 -0.05782224
1.44100000 -0.05754274
1.44200000 -0.05726478
1.44300000 -0.05698835
1.44400000 -0.05671344
1.44500000 -0.05644004
1.44600000 -0.05616815
1.44700000 -0.05589775
1.44800000 -0.05562883
1.44900000 -0.05536139
1.45000000 -0.05509542
1.45100000 -0.05483090
1.45200000 -0.05456783
1.45300000 -0.05430619
1.45400000 -0.05404599
1.45500000 -0.05378721
1.45600000 -0.05352985
1.45700000 -0.05327388
1.45800000 -0.05301931
1.45900000 -0.05276613
1.46000000 -0.05251433
1.46100000 -0.05226390
1.46200000 -0.05201483
1.46300000 -0.05176711
1.46400000 -0.05152074
1.46500000 -0.05127570
1.46600000 -0.05103200
1.46700000 -0.05078961
1.46800000 -0.05054854
1.46900000 -0.05030877
1.47000000 -0.05007030
1.47100000 -0.04983312
1.47200000 -0.04959721
1.47300000 -0.04936259
1.47400000 -0.04912922
1.47500000 -0.04889712
1.47600000 -0.04866627
1.47700000 -0.04843665
1.47800000 -0.04820828
1.47900000 -0.04798113
1.48000000 -0.04775520
1.48100000 -0.04753049
1.48200000 -0.04730698
1.48300000 -0.04708467
1.48400000 -0.04686355
1.48500000 -0.04664362
1.48600000 -0.04642486
1.48700000 -0.04620727
1.48800000 -0.04599085
1.48900000 -0.04577558
1.49000000 -0.04556146
1.49100000 -0.04534848
1.49200000 -0.04513664
1.49300000 -0.04492593
1.49400000 -0.04471634
1.49500000 -0.04450786
1.49600000 -0.04430050
1.49700000 -0.04409423
1.49800000 -0.04388906
1.49900000 -0.04368498
1.50000000 -0.04348198
1.50100000 -0.04328005
1.50200000 -0.04307920
1.50300000 -0.04287941
1.50400000 -0.04268067
1.50500000 -0.04248299
1.50600000 -0.04228635
1.50700000 -0.04209075
1.50800000 -0.04189618
1.50900000 -0.04170264
1.51000000 -0.04151011
1.51100000 -0.04131860
1.51200000 -0.04112810
1.51300000 -0.04093860
1.51400000 -0.04075010
1.51500000 -0.04056258
1.51600000 -0.04037605
1.51700000 -0.04019050
1.51800000 -0.04000592
1.51900000 -0.03982231
1.52000000 -0.03963965
1.52100000 -0.03945796
1.52200000 -0.03927721
1.52300000 -0.03909741
1.52400000 -0.03891855
1.52500000 -0.03874062
1.52600000 -0.03856362
1.52700000 -0.03838754
1.52800000 -0.03821238
1.52900000 -0.03803813
1.53000000 -0.03786478
1.53100000 -0.03769234
1.53200000 -0.03752079
1.53300000 -0.03735014
1.53400000 -0.03718037
1.53500000 -0.03701148
1.53600000 -0.03684346
1.53700000 -0.03667632
1.53800000 -0.03651003
1.53900000 -0.03634461
1.54000000 -0.03618005
1.54100000 -0.03601633
1.54200000 -0.03585346
1.54300000 -0.03569143
1.54400000 -0.03553024
1.54500000 -0.03536987
1.54600000 -0.03521033
1.54700000 -0.03505162
1.54800000 -0.03489372
1.54900000 -0.03473663
1.55000000 -0.03458034
1.55100000 -0.03442486
1.55200000 -0.03427018
1.55300000 -0.03411629
1.55400000 -0.03396318
1.55500000 -0.03381087
1.55600000 -0.03365933
1.55700000 -0.03350856
1.55800000 -0.03335857
1.55900000 -0.03320934
1.56000000 -0.03306087
1.56100000 -0.03291316
1.56200000 -0.03276621
1.56300000 -0.03262000
1.56400000 -0.03247454
1.56500000 -0.03232981
1.56600000 -0.03218583
1.56700000 -0.03204257
1.56800000 -0.03190004
1.56900000 -0.03175824
1.57000000 -0.03161715
1.57100000 -0.03147678
1.57200000 -0.03133712
1.57300000 -0.03119817
1.57400000 -0.03105992
1.57500000 -0.03092237
1.57600000 -0.03078551
1.57700000 -0.03064935
1.57800000 -0.03051387
1.57900000 -0.03037907
1.58000000 -0.03024496
1.58100000 -0.03011152
1.58200000 -0.02997875
1.58300000 -0.02984665
1.58400000 -0.02971522
1.58500000 -0.02958444
1.58600000 -0.02945432
1.58700000 -0.02932486
1.58800000 -0.02919604
1.58900000 -0.02906787
1.59000000 -0.02894034
1.59100000 -0.02881345
1.59200000 -0.02868720
1.59300000 -0.02856157
1.59400000 -0.02843657
1.59500000 -0.02831220
1.59600000 -0.02818845
1.59700000 -0.02806532
1.59800000 -0.02794280
1.59900000 -0.02782089
1.60000000 -0.02769958
1.60100000 -0.02757888
1.60200000 -0.02745878
1.60300000 -0.02733928
1.60400000 -0.02722037
1.60500000 -0.02710205
1.60600000 -0.02698432
1.60700000 -0.02686717
1.60800000 -0.02675060
1.60900000 -0.02663461
1.61000000 -0.02651919
1.61100000 -0.02640434
1.61200000 -0.02629006
1.61300000 -0.02617635
1.61400000 -0.02606320
1.61500000 -0.02595060
1.61600000 -0.02583856
1.61700000 -0.02572707
1.61800000 -0.02561613
1.61900000 -0.02550574
1.62000000 -0.02539589
1.62100000 -0.02528658
1.62200000 -0.02517780
1.62300000 -0.02506956
1.62400000 -0.02496185
1.62500000 -0.02485467
1.62600000 -0.02474802
1.62700000 -0.02464188
1.62800000 -0.02453627
1.62900000 -0.02443117
1.63000000 -0.02432659
1.63100000 -0.02422252
1.63200000 -0.02411895
1.63300000 -0.02401589
1.63400000 -0.02391334
1.63500000 -0.02381128
1.63600000 -0.02370972
1.63700000 -0.02360865
1.63800000 -0.02350808
1.63900000 -0.02340799
1.64000000 -0.02330840
1.64100000 -0.02320928
1.64200000 -0.02311065
1.64300000 -0.02301249
1.64400000 -0.02291481
1.64500000 -0.02281760
1.64600000 -0.02272087
1.64700000 -0.02262460
1.64800000 -0.02252880
1.64900000 -0.02243346
1.65000000 -0.02233858
1.65100000 -0.02224416
1.65200000 -0.02215019
1.65300000 -0.02205668
1.65400000 -0.02196362
1.65500000 -0.02187100
1.65600000 -0.02177883
1.65700000 -0.02168711
1.65800000 -0.02159582
1.65900000 -0.02150498
1.66000000 -0.02141457
1.66100000 -0.02132459
1.66200000 -0.02123505
1.66300000 -0.02114593
1.66400000 -0.02105725
1.66500000 -0.02096898
1.66600000 -0.02088114
1.66700000 -0.02079372
1.66800000 -0.02070672
1.66900000 -0.02062013
1.67000000 -0.02053395
1.67100000 -0.02044819
1.67200000 -0.02036283
1.67300000 -0.02027789
1.67400000 -0.02019334
1.67500000 -0.02010920
1.67600000 -0.02002546
1.67700000 -0.01994211
1.67800000 -0.01985917
1.67900000 -0.01977661
1.68000000 -0.01969445
1.68100000 -0.01961268
1.68200000 -0.01953129
1.68300000 -0.01945029
1.68400000 -0.01936968
1.68500000 -0.01928944
1.68600000 -0.01920959
1.68700000 -0.01913011
1.68800000 -0.01905101
1.68900000 -0.01897228
1.69000000 -0.01889392
1.69100000 -0.01881593
1.69200000 -0.01873831
1.69300000 -0.01866105
1.69400000 -0.01858416
1.69500000 -0.01850763
1.69600000 -0.01843146
1.69700000 -0.01835565
1.69800000 -0.01828019
1.69900000 -0.01820509
1.70000000 -0.01813034
1.70100000 -0.01805593
1.70200000 -0.01798188
1.70300000 -0.01790818
1.70400000 -0.01783482
1.70500000 -0.01776180
1.70600000 -0.01768912
1.70700000 -0.01761679
1.70800000 -0.01754479
1.70900000 -0.01747312
1.71000000 -0.01740179
1.71100000 -0.01733080
1.71200000 -0.01726013
1.71300000 -0.01718979
1.71400000 -0.01711978
1.71500000 -0.01705010
1.71600000 -0.01698074
1.71700000 -0.01691170
1.71800000 -0.01684298
1.71900000 -0.01677458
1.72000000 -0.01670650
1.72100000 -0.01663873
1.72200000 -0.01657128
1.72300000 -0.01650414
1.72400000 -0.01643731
1.72500000 -0.01637079
1.72600000 -0.01630457
1.72700000 -0.01623866
1.72800000 -0.01617306
1.72900000 -0.01610776
1.73000000 -0.01604276
1.73100000 -0.01597805
1.73200000 -0.01591365
1.73300000 -0.01584954
1.73400000 -0.01578573
1.73500000 -0.01572221
1.73600000 -0.01565898
1.73700000 -0.01559605
1.73800000 -0.01553340
1.73900000 -0.01547104
1.74000000 -0.01540896
1.74100000 -0.01534717
1.74200000 -0.01528566
1.74300000 -0.01522443
1.74400000 -0.01516349
1.74500000 -0.01510282
1.74600000 -0.01504243
1.74700000 -0.01498231
1.74800000 -0.01492247
1.74900000 -0.01486290
1.75000000 -0.01480361
1.75100000 -0.01474458
1.75200000 -0.01468582
1.75300000 -0.01462733
1.75400000 -0.01456910
1.75500000 -0.01451114
1.75600000 -0.01445345
1.75700000 -0.01439601
1.75800000 -0.01433884
1.75900000 -0.01428192
1.76000000 -0.01422526
1.76100000 -0.01416886
1.76200000 -0.01411272
1.76300000 -0.01405682
1.76400000 -0.01400118
1.76500000 -0.01394580
1.76600000 -0.01389066
1.76700000 -0.01383577
1.76800000 -0.01378113
1.76900000 -0.01372674
1.77000000 -0.01367259
1.77100000 -0.01361868
1.77200000 -0.01356502
1.77300000 -0.01351159
1.77400000 -0.01345841
1.77500000 -0.01340547
1.77600000 -0.01335277
1.77700000 -0.01330030
1.77800000 -0.01324806
1.77900000 -0.01319607
1.78000000 -0.01314430
1.78100000 -0.01309277
1.78200000 -0.01304146
1.78300000 -0.01299039
1.78400000 -0.01293954
1.78500000 -0.01288893
1.78600000 -0.01283853
1.78700000 -0.01278837
1.78800000 -0.01273842
1.78900000 -0.01268870
1.79000000 -0.01263920
1.79100000 -0.01258993
1.79200000 -0.01254087
1.79300000 -0.01249202
1.79400000 -0.01244340
1.79500000 -0.01239499
1.79600000 -0.01234680
1.79700000 -0.01229882
1.79800000 -0.01225106
1.79900000 -0.01220350
1.80000000 -0.01215616
1.80100000 -0.01210902
1.80200000 -0.01206210
1.80300000 -0.01201538
1.80400000 -0.01196887
1.80500000 -0.01192256
1.80600000 -0.01187646
1.80700000 -0.01183057
1.80800000 -0.01178487
1.80900000 -0.01173938
1.81000000 -0.01169409
1.81100000 -0.01164899
1.81200000 -0.01160410
1.81300000 -0.01155940
1.81400000 -0.01151490
1.81500000 -0.01147059
1.81600000 -0.01142648
1.81700000 -0.01138257
1.81800000 -0.01133884
1.81900000 -0.01129531
1.82000000 -0.01125197
1.82100000 -0.01120882
1.82200000 -0.01116585
1.82300000 -0.01112308
1.82400000 -0.01108049
1.82500000 -0.01103809
1.82600000 -0.01099588
1.82700000 -0.01095384
1.82800000 -0.01091199
1.82900000 -0.01087033
1.83000000 -0.01082884
1.83100000 -0.01078754
1.83200000 -0.01074642
1.83300000 -0.01070547
1.83400000 -0.01066471
1.83500000 -0.01062412
1.83600000 -0.01058370
1.83700000 -0.01054347
1.83800000 -0.01050340
1.83900000 -0.01046352
1.84000000 -0.01042380
1.84100000 -0.01038426
1.84200000 -0.01034488
1.84300000 -0.01030568
1.84400000 -0.01026665
1.84500000 -0.01022779
1.84600000 -0.01018909
1.84700000 -0.01015056
1.84800000 -0.01011220
1.84900000 -0.01007400
1.85000000 -0.01003597
1.85100000 -0.00999810
1.85200000 -0.00996040
1.85300000 -0.00992286
1.85400000 -0.00988547
1.85500000 -0.00984825
1.85600000 -0.00981119
1.85700000 -0.00977429
1.85800000 -0.00973755
1.85900000 -0.00970097
1.86000000 -0.00966454
1.86100000 -0.00962827
1.86200000 -0.00959215
1.86300000 -0.00955619
1.86400000 -0.00952038
1.86500000 -0.00948473
1.86600000 -0.00944923
1.86700000 -0.00941388
1.86800000 -0.00937868
1.86900000 -0.00934363
1.87000000 -0.00930873
1.87100000 -0.00927398
1.87200000 -0.00923938
1.87300000 -0.00920492
1.87400000 -0.00917061
1.87500000 -0.00913645
1.87600000 -0.00910243
1.87700000 -0.00906856
1.87800000 -0.00903483
1.87900000 -0.00900125
1.88000000 -0.00896781
1.88100000 -0.00893451
1.88200000 -0.00890135
1.88300000 -0.00886833
1.88400000 -0.00883545
1.88500000 -0.00880271
1.88600000 -0.00877011
1.88700000 -0.00873764
1.88800000 -0.00870532
1.88900000 -0.00867313
1.89000000 -0.00864107
1.89100000 -0.00860916
1.89200000 -0.00857737
1.89300000 -0.00854572
1.89400000 -0.00851420
1.89500000 -0.00848282
1.89600000 -0.00845157
1.89700000 -0.00842045
1.89800000 -0.00838946
1.89900000 -0.00835860
1.90000000 -0.00832787
1.90100000 -0.00829727
1.90200000 -0.00826680
1.90300000 -0.00823645
1.90400000 -0.00820624
1.90500000 -0.00817615
1.90600000 -0.00814618
1.90700000 -0.00811634
1.90800000 -0.00808663
1.90900000 -0.00805704
1.91000000 -0.00802757
1.91100000 -0.00799823
1.91200000 -0.00796901
1.91300000 -0.00793991
1.91400000 -0.00791093
1.91500000 -0.00788207
1.91600000 -0.00785334
1.91700000 -0.00782472
1.91800000 -0.00779622
1.91900000 -0.00776784
1.92000000 -0.00773958
1.92100000 -0.00771143
1.92200000 -0.00768341
1.92300000 -0.00765550
1.92400000 -0.00762770
1.92500000 -0.00760002
1.92600000 -0.00757246
1.92700000 -0.00754500
1.92800000 -0.00751767
1.92900000 -0.00749044
1.93000000 -0.00746333
1.93100000 -0.00743633
1.93200000 -0.00740944
1.93300000 -0.00738267
1.93400000 -0.00735600
1.93500000 -0.00732944
1.93600000 -0.00730299
1.93700000 -0.00727666
1.93800000 -0.00725043
1.93900000 -0.00722430
1.94000000 -0.00719829
1.94100000 -0.00717238
1.94200000 -0.00714658
1.94300000 -0.00712089
1.94400000 -0.00709530
1.94500000 -0.00706981
1.94600000 -0.00704443
1.94700000 -0.00701916
1.94800000 -0.00699399
1.94900000 -0.00696892
1.95000000 -0.00694395
1.95100000 -0.00691909
1.95200000 -0.00689432
1.95300000 -0.00686966
1.95400000 -0.00684510
1.95500000 -0.00682064
1.95600000 -0.00679628
1.95700000 -0.00677202
1.95800000 -0.00674785
1.95900000 -0.00672379
1.96000000 -0.00669982
1.96100000 -0.00667596
1.96200000 -0.00665218
1.96300000 -0.00662851
1.96400000 -0.00660493
1.96500000 -0.00658145
1.96600000 -0.00655806
1.96700000 -0.00653477
1.96800000 -0.00651157
1.96900000 -0.00648847
1.97000000 -0.00646546
1.97100000 -0.00644254
1.97200000 -0.00641972
1.97300000 -0.00639698
1.97400000 -0.00637434
1.97500000 -0.00635179
1.97600000 -0.00632934
1.97700000 -0.00630697
1.97800000 -0.00628469
1.97900000 -0.00626251
1.98000000 -0.00624041
1.98100000 -0.00621840
1.98200000 -0.00619648
1.98300000 -0.00617465
1.98400000 -0.00615291
1.98500000 -0.00613125
1.98600000 -0.00610968
1.98700000 -0.00608820
1.98800000 -0.00606680
1.98900000 -0.00604549
1.99000000 -0.00602427
1.99100000 -0.00600313
1.99200000 -0.00598207
1.99300000 -0.00596110
1.99400000 -0.00594022
1.99500000 -0.00591941
1.99600000 -0.00589869
1.99700000 -0.00587806
1.99800000 -0.00585750
1.99900000 -0.00583703
2.00000000 -0.00581664
