0.10000000 166499480.10075316
0.10100000 146289221.95818383
0.10200000 128695722.10036139
0.10300000 113359358.08565609
0.10400000 99972740.24005236
0.10500000 88272724.38833471
0.10600000 78033706.17161565
0.10700000 69061981.82806000
0.10800000 61190997.98816744
0.10900000 54277343.84332282
0.11000000 48197364.28645538
0.11100000 42844293.34145515
0.11200000 38125824.23509423
0.11300000 33962046.50084176
0.11400000 30283692.08745623
0.11500000 27030642.02165730
0.11600000 24150653.10484533
0.11700000 21598270.70262425
0.11800000 19333899.15224722
0.11900000 17323005.86252013
0.12000000 15535438.97301235
0.12100000 13944841.60558691
0.12200000 12528148.38872838
0.12300000 11265152.15224299
0.12400000 10138130.54935766
0.12500000 9131523.92502549
0.12600000 8231657.06289904
0.12700000 7426498.54994231
0.12800000 6705452.43098127
0.12900000 6059177.61382456
0.13000000 5479431.15234375
0.13100000 4958932.09958433
0.13200000 4491243.10183610
0.13300000 4070667.31119053
0.13400000 3692158.53979486
0.13500000 3351242.87326985
0.13600000 3043950.21154872
0.13700000 2766754.41939786
0.13800000 2516520.95170827
0.13900000 2290460.97502645
0.14000000 2086091.14070353
0.14100000 1901198.27984247
0.14200000 1733808.38875160
0.14300000 1582159.35826896
0.14400000 1444676.97313815
0.14500000 1319953.77031609
0.14600000 1206730.39913885
0.14700000 1103879.17290619
0.14800000 1010389.54172726
0.14900000 925355.25129894
0.15000000 847962.98243306
0.15100000 777482.29226527
0.15200000 713256.70072675
0.15300000 654695.78551923
0.15400000 601268.16591582
0.15500000 552495.27056506
0.15600000 507945.79740732
0.15700000 467230.78507897
0.15800000 429999.22500523
0.15900000 395934.15195785
0.16000000 364749.15834582
0.16100000 336185.28405734
0.16200000 310008.23940332
0.16300000 286005.92373336
0.16400000 263986.20669535
0.16500000 243774.94297096
0.16600000 225214.19470833
0.16700000 208160.63885203
0.16800000 192484.13918946
0.16900000 178066.46523786
0.17000000 164800.14212640
0.17100000 152587.41741732
0.17200000 141339.33238860
0.17300000 130974.88669396
0.17400000 121420.28654723
0.17500000 112608.26766606
0.17600000 104477.48517276
0.17700000 96971.96350259
0.17800000 90040.60012455
0.17900000 83636.71754945
0.18000000 77717.65869382
0.18100000 72244.42119530
0.18200000 67181.32674389
0.18300000 62495.72190927
0.18400000 58157.70731530
0.18500000 54139.89234191
0.18600000 50417.17282875
0.18700000 46966.52951621
0.18800000 43766.84519293
0.18900000 40798.73872728
0.19000000 38044.41434612
0.19100000 35487.52469013
0.19200000 33113.04632385
0.19300000 30907.16651115
0.19400000 28857.18018579
0.19500000 26951.39615325
0.19600000 25179.05165556
0.19700000 23530.23451608
0.19800000 21995.81215825
0.19900000 20567.36686099
0.20000000 19237.13667550
0.20100000 17997.96148353
0.20200000 16843.23372751
0.20300000 15766.85338745
0.20400000 14763.18682051
0.20500000 13827.02911507
0.20600000 12953.56964432
0.20700000 12138.36053374
0.20800000 11377.28778376
0.20900000 10666.54481271
0.21000000 10002.60820714
0.21100000 9382.21548607
0.21200000 8802.34470360
0.21300000 8260.19573020
0.21400000 7753.17306765
0.21500000 7278.87006576
0.21600000 6835.05442064
0.21700000 6419.65484536
0.21800000 6030.74881348
0.21900000 5666.55128471
0.22000000 5325.40433012
0.22100000 5005.76758144
0.22200000 4706.20943585
0.22300000 4425.39895336
0.22400000 4162.09838966
0.22500000 3915.15631196
0.22600000 3683.50125012
0.22700000 3466.13583934
0.22800000 3262.13141442
0.22900000 3070.62301911
0.23000000 2890.80479698
0.23100000 2721.92573322
0.23200000 2563.28571942
0.23300000 2414.23191542
0.23400000 2274.15538482
0.23500000 2142.48798251
0.23600000 2018.69947434
0.23700000 1902.29487088
0.23800000 1792.81195837
0.23900000 1689.81901177
0.24000000 1592.91267561
0.24100000 1501.71599984
0.24200000 1415.87661875
0.24300000 1335.06506200
0.24400000 1258.97318767
0.24500000 1187.31272816
0.24600000 1119.81394036
0.24700000 1056.22435222
0.24800000 996.30759851
0.24900000 939.84233915
0.25000000 886.62125388
0.25100000 836.45010769
0.25200000 789.14688177
0.25300000 744.54096509
0.25400000 702.47240228
0.25500000 662.79119360
0.25600000 625.35664324
0.25700000 590.03675256
0.25800000 556.70765474
0.25900000 525.25308825
0.26000000 495.56390597
0.26100000 467.53761776
0.26200000 441.07796380
0.26300000 416.09451672
0.26400000 392.50231045
0.26500000 370.22149380
0.26600000 349.17700719
0.26700000 329.29828084
0.26800000 310.51895281
0.26900000 292.77660581
0.27000000 276.01252114
0.27100000 260.17144885
0.27200000 245.20139279
0.27300000 231.05340977
0.27400000 217.68142159
0.27500000 205.04203932
0.27600000 193.09439886
0.27700000 181.80000701
0.27800000 171.12259742
0.27900000 161.02799572
0.28000000 151.48399324
0.28100000 142.46022862
0.28200000 133.92807704
0.28300000 125.86054631
0.28400000 118.23217950
0.28500000 111.01896369
0.28600000 104.19824438
0.28700000 97.74864516
0.28800000 91.64999249
0.28900000 85.88324496
0.29000000 80.43042705
0.29100000 75.27456683
0.29200000 70.39963753
0.29300000 65.79050271
0.29400000 61.43286464
0.29500000 57.31321594
0.29600000 53.41879405
0.29700000 49.73753851
0.29800000 46.25805070
0.29900000 42.96955614
0.30000000 39.86186889
0.30100000 36.92535819
0.30200000 34.15091696
0.30300000 31.52993230
0.30400000 29.05425761
0.30500000 26.71618641
0.30600000 24.50842768
0.30700000 22.42408266
0.30800000 20.45662295
0.30900000 18.59986998
0.31000000 16.84797555
0.31100000 15.19540360
0.31200000 13.63691295
0.31300000 12.16754112
0.31400000 10.78258898
0.31500000 9.47760635
0.31600000 8.24837839
0.31700000 7.09091277
0.31800000 6.00142757
0.31900000 4.97633989
0.32000000 4.01225502
0.32100000 3.10595632
0.32200000 2.25439563
0.32300000 1.45468416
0.32400000 0.70408400
0.32500000 0.00000000
0.32600000 0.00000000
0.32700000 0.00000000
0.32800000 0.00000000
0.32900000 0.00000000
0.33000000 0.00000000
0.33100000 0.00000000
0.33200000 0.00000000
0.33300000 0.00000000
0.33400000 0.00000000
0.33500000 0.00000000
0.33600000 0.00000000
0.33700000 0.00000000
0.33800000 0.00000000
0.33900000 0.00000000
0.34000000 0.00000000
0.34100000 0.00000000
0.34200000 0.00000000
0.34300000 0.00000000
0.34400000 0.00000000
0.34500000 0.00000000
0.34600000 0.00000000
0.34700000 0.00000000
0.34800000 0.00000000
0.34900000 0.00000000
0.35000000 0.00000000
0.35100000 0.00000000
0.35200000 0.00000000
0.35300000 0.00000000
0.35400000 0.00000000
0.35500000 0.00000000
0.35600000 0.00000000
0.35700000 0.00000000
0.35800000 0.00000000
0.35900000 0.00000000
0.36000000 0.00000000
0.36100000 0.00000000
0.36200000 0.00000000
0.36300000 0.00000000
0.36400000 0.00000000
0.36500000 0.00000000
0.36600000 0.00000000
0.36700000 0.00000000
0.36800000 0.00000000
0.36900000 0.00000000
0.37000000 0.00000000
0.37100000 0.00000000
0.37200000 0.00000000
0.37300000 0.00000000
0.37400000 0.00000000
0.37500000 0.00000000
0.37600000 0.00000000
0.37700000 0.00000000
0.37800000 0.00000000
0.37900000 0.00000000
0.38000000 0.00000000
0.38100000 0.00000000
0.38200000 0.00000000
0.38300000 0.00000000
0.38400000 0.00000000
0.38500000 0.00000000
0.38600000 0.00000000
0.38700000 0.00000000
0.38800000 0.00000000
0.38900000 0.00000000
0.39000000 0.00000000
0.39100000 0.00000000
0.39200000 0.00000000
0.39300000 0.00000000
0.39400000 0.00000000
0.39500000 0.00000000
0.39600000 0.00000000
0.39700000 0.00000000
0.39800000 0.00000000
0.39900000 0.00000000
0.40000000 0.00000000
0.40100000 0.00000000
0.40200000 0.00000000
0.40300000 0.00000000
0.40400000 0.00000000
0.40500000 0.00000000
0.40600000 0.00000000
0.40700000 0.00000000
0.40800000 0.00000000
0.40900000 0.00000000
0.41000000 0.00000000
0.41100000 0.00000000
0.41200000 0.00000000
0.41300000 0.00000000
0.41400000 0.00000000
0.41500000 0.00000000
0.41600000 0.00000000
0.41700000 0.00000000
0.41800000 0.00000000
0.41900000 0.00000000
0.42000000 0.00000000
0.42100000 0.00000000
0.42200000 0.00000000
0.42300000 0.00000000
0.42400000 0.00000000
0.42500000 0.00000000
0.42600000 0.00000000
0.42700000 0.00000000
0.42800000 0.00000000
0.42900000 0.00000000
0.43000000 0.00000000
0.43100000 0.00000000
0.43200000 0.00000000
0.43300000 0.00000000
0.43400000 0.00000000
0.43500000 0.00000000
0.43600000 0.00000000
0.43700000 0.00000000
0.43800000 0.00000000
0.43900000 0.00000000
0.44000000 0.00000000
0.44100000 0.00000000
0.44200000 0.00000000
0.44300000 0.00000000
0.44400000 0.00000000
0.44500000 0.00000000
0.44600000 0.00000000
0.44700000 0.00000000
0.44800000 0.00000000
0.44900000 0.00000000
0.45000000 0.00000000
0.45100000 0.00000000
0.45200000 0.00000000
0.45300000 0.00000000
0.45400000 0.00000000
0.45500000 0.00000000
0.45600000 0.00000000
0.45700000 0.00000000
0.45800000 0.00000000
0.45900000 0.00000000
0.46000000 0.00000000
0.46100000 0.00000000
0.46200000 0.00000000
0.46300000 0.00000000
0.46400000 0.00000000
0.46500000 0.00000000
0.46600000 0.00000000
0.46700000 0.00000000
0.46800000 0.00000000
0.46900000 0.00000000
0.47000000 0.00000000
0.47100000 0.00000000
0.47200000 0.00000000
0.47300000 0.00000000
0.47400000 0.00000000
0.47500000 0.00000000
0.47600000 0.00000000
0.47700000 0.00000000
0.47800000 0.00000000
0.47900000 0.00000000
0.48000000 0.00000000
0.48100000 0.00000000
0.48200000 0.00000000
0.48300000 0.00000000
0.48400000 0.00000000
0.48500000 0.00000000
0.48600000 0.00000000
0.48700000 0.00000000
0.48800000 0.00000000
0.48900000 0.00000000
0.49000000 0.00000000
0.49100000 0.00000000
0.49200000 0.00000000
0.49300000 0.00000000
0.49400000 0.00000000
0.49500000 0.00000000
0.49600000 0.00000000
0.49700000 0.00000000
0.49800000 0.00000000
0.49900000 0.00000000
0.50000000 0.00000000
0.50100000 0.00000000
0.50200000 0.00000000
0.50300000 0.00000000
0.50400000 0.00000000
0.50500000 0.00000000
0.50600000 0.00000000
0.50700000 0.00000000
0.50800000 0.00000000
0.50900000 0.00000000
0.51000000 0.00000000
0.51100000 0.00000000
0.51200000 0.00000000
0.51300000 0.00000000
0.51400000 0.00000000
0.51500000 0.00000000
0.51600000 0.00000000
0.51700000 0.00000000
0.51800000 0.00000000
0.51900000 0.00000000
0.52000000 0.00000000
0.52100000 0.00000000
0.52200000 0.00000000
0.52300000 0.00000000
0.52400000 0.00000000
0.52500000 0.00000000
0.52600000 0.00000000
0.52700000 0.00000000
0.52800000 0.00000000
0.52900000 0.00000000
0.53000000 0.00000000
0.53100000 0.00000000
0.53200000 0.00000000
0.53300000 0.00000000
0.53400000 0.00000000
0.53500000 0.00000000
0.53600000 0.00000000
0.53700000 0.00000000
0.53800000 0.00000000
0.53900000 0.00000000
0.54000000 0.00000000
0.54100000 0.00000000
0.54200000 0.00000000
0.54300000 0.00000000
0.54400000 0.00000000
0.54500000 0.00000000
0.54600000 0.00000000
0.54700000 0.00000000
0.54800000 0.00000000
0.54900000 0.00000000
0.55000000 0.00000000
0.55100000 0.00000000
0.55200000 0.00000000
0.55300000 0.00000000
0.55400000 0.00000000
0.55500000 0.00000000
0.55600000 0.00000000
0.55700000 0.00000000
0.55800000 0.00000000
0.55900000 0.00000000
0.56000000 0.00000000
0.56100000 0.00000000
0.56200000 0.00000000
0.56300000 0.00000000
0.56400000 0.00000000
0.56500000 0.00000000
0.56600000 0.00000000
0.56700000 0.00000000
0.56800000 0.00000000
0.56900000 0.00000000
0.57000000 0.00000000
0.57100000 0.00000000
0.57200000 0.00000000
0.57300000 0.00000000
0.57400000 0.00000000
0.57500000 0.00000000
0.57600000 0.00000000
0.57700000 0.00000000
0.57800000 0.00000000
0.57900000 0.00000000
0.58000000 0.00000000
0.58100000 0.00000000
0.58200000 0.00000000
0.58300000 0.00000000
0.58400000 0.00000000
0.58500000 0.00000000
0.58600000 0.00000000
0.58700000 0.00000000
0.58800000 0.00000000
0.58900000 0.00000000
0.59000000 0.00000000
0.59100000 0.00000000
0.59200000 0.00000000
0.59300000 0.00000000
0.59400000 0.00000000
0.59500000 0.00000000
0.59600000 0.00000000
0.59700000 0.00000000
0.59800000 0.00000000
0.59900000 0.00000000
0.60000000 0.00000000
0.60100000 0.00000000
0.60200000 0.00000000
0.60300000 0.00000000
0.60400000 0.00000000
0.60500000 0.00000000
0.60600000 0.00000000
0.60700000 0.00000000
0.60800000 0.00000000
0.60900000 0.00000000
0.61000000 0.00000000
0.61100000 0.00000000
0.61200000 0.00000000
0.61300000 0.00000000
0.61400000 0.00000000
0.61500000 0.00000000
0.61600000 0.00000000
0.61700000 0.00000000
0.61800000 0.00000000
0.61900000 0.00000000
0.62000000 0.00000000
0.62100000 0.00000000
0.62200000 0.00000000
0.62300000 0.00000000
0.62400000 0.00000000
0.62500000 0.00000000
0.62600000 0.00000000
0.62700000 0.00000000
0.62800000 0.00000000
0.62900000 0.00000000
0.63000000 0.00000000
0.63100000 0.00000000
0.63200000 0.00000000
0.63300000 0.00000000
0.63400000 0.00000000
0.63500000 0.00000000
0.63600000 0.00000000
0.63700000 0.00000000
0.63800000 0.00000000
0.63900000 0.00000000
0.64000000 0.00000000
0.64100000 0.00000000
0.64200000 0.00000000
0.64300000 0.00000000
0.64400000 0.00000000
0.64500000 0.00000000
0.64600000 0.00000000
0.64700000 0.00000000
0.64800000 0.00000000
0.64900000 0.00000000
0.65000000 0.00000000
0.65100000 0.00000000
0.65200000 0.00000000
0.65300000 0.00000000
0.65400000 0.00000000
0.65500000 0.00000000
0.65600000 0.00000000
0.65700000 0.00000000
0.65800000 0.00000000
0.65900000 0.00000000
0.66000000 0.00000000
0.66100000 0.00000000
0.66200000 0.00000000
0.66300000 0.00000000
0.66400000 0.00000000
0.66500000 0.00000000
0.66600000 0.00000000
0.66700000 0.00000000
0.66800000 0.00000000
0.66900000 0.00000000
0.67000000 0.00000000
0.67100000 0.00000000
0.67200000 0.00000000
0.67300000 0.00000000
0.67400000 0.00000000
0.67500000 0.00000000
0.67600000 0.00000000
0.67700000 0.00000000
0.67800000 0.00000000
0.67900000 0.00000000
0.68000000 0.00000000
0.68100000 0.00000000
0.68200000 0.00000000
0.68300000 0.00000000
0.68400000 0.00000000
0.68500000 0.00000000
0.68600000 0.00000000
0.68700000 0.00000000
0.68800000 0.00000000
0.68900000 0.00000000
0.69000000 0.00000000
0.69100000 0.00000000
0.69200000 0.00000000
0.69300000 0.00000000
0.69400000 0.00000000
0.69500000 0.00000000
0.69600000 0.00000000
0.69700000 0.00000000
0.69800000 0.00000000
0.69900000 0.00000000
0.70000000 0.00000000
0.70100000 0.00000000
0.70200000 0.00000000
0.70300000 0.00000000
0.70400000 0.00000000
0.70500000 0.00000000
0.70600000 0.00000000
0.70700000 0.00000000
0.70800000 0.00000000
0.70900000 0.00000000
0.71000000 0.00000000
0.71100000 0.00000000
0.71200000 0.00000000
0.71300000 0.00000000
0.71400000 0.00000000
0.71500000 0.00000000
0.71600000 0.00000000
0.71700000 0.00000000
0.71800000 0.00000000
0.71900000 0.00000000
0.72000000 0.00000000
0.72100000 0.00000000
0.72200000 0.00000000
0.72300000 0.00000000
0.72400000 0.00000000
0.72500000 0.00000000
0.72600000 0.00000000
0.72700000 0.00000000
0.72800000 0.00000000
0.72900000 0.00000000
0.73000000 0.00000000
0.73100000 0.00000000
0.73200000 0.00000000
0.73300000 0.00000000
0.73400000 0.00000000
0.73500000 0.00000000
0.73600000 0.00000000
0.73700000 0.00000000
0.73800000 0.00000000
0.73900000 0.00000000
0.74000000 0.00000000
0.74100000 0.00000000
0.74200000 0.00000000
0.74300000 0.00000000
0.74400000 0.00000000
0.74500000 0.00000000
0.74600000 0.00000000
0.74700000 0.00000000
0.74800000 0.00000000
0.74900000 0.00000000
0.75000000 0.00000000
0.75100000 0.00000000
0.75200000 0.00000000
0.75300000 0.00000000
0.75400000 0.00000000
0.75500000 0.00000000
0.75600000 0.00000000
0.75700000 0.00000000
0.75800000 0.00000000
0.75900000 0.00000000
0.76000000 0.00000000
0.76100000 0.00000000
0.76200000 0.00000000
0.76300000 0.00000000
0.76400000 0.00000000
0.76500000 0.00000000
0.76600000 0.00000000
0.76700000 0.00000000
0.76800000 0.00000000
0.76900000 0.00000000
0.77000000 0.00000000
0.77100000 0.00000000
0.77200000 0.00000000
0.77300000 0.00000000
0.77400000 0.00000000
0.77500000 0.00000000
0.77600000 0.00000000
0.77700000 0.00000000
0.77800000 0.00000000
0.77900000 0.00000000
0.78000000 0.00000000
0.78100000 0.00000000
0.78200000 0.00000000
0.78300000 0.00000000
0.78400000 0.00000000
0.78500000 0.00000000
0.78600000 0.00000000
0.78700000 0.00000000
0.78800000 0.00000000
0.78900000 0.00000000
0.79000000 0.00000000
0.79100000 0.00000000
0.79200000 0.00000000
0.79300000 0.00000000
0.79400000 0.00000000
0.79500000 0.00000000
0.79600000 0.00000000
0.79700000 0.00000000
0.79800000 0.00000000
0.79900000 0.00000000
0.80000000 0.00000000
0.80100000 0.00000000
0.80200000 0.00000000
0.80300000 0.00000000
0.80400000 0.00000000
0.80500000 0.00000000
0.80600000 0.00000000
0.80700000 0.00000000
0.80800000 0.00000000
0.80900000 0.00000000
0.81000000 0.00000000
0.81100000 0.00000000
0.81200000 0.00000000
0.81300000 0.00000000
0.81400000 0.00000000
0.81500000 0.00000000
0.81600000 0.00000000
0.81700000 0.00000000
0.81800000 0.00000000
0.81900000 0.00000000
0.82000000 0.00000000
0.82100000 0.00000000
0.82200000 0.00000000
0.82300000 0.00000000
0.82400000 0.00000000
0.82500000 0.00000000
0.82600000 0.00000000
0.82700000 0.00000000
0.82800000 0.00000000
0.82900000 0.00000000
0.83000000 0.00000000
0.83100000 0.00000000
0.83200000 0.00000000
0.83300000 0.00000000
0.83400000 0.00000000
0.83500000 0.00000000
0.83600000 0.00000000
0.83700000 0.00000000
0.83800000 0.00000000
0.83900000 0.00000000
0.84000000 0.00000000
0.84100000 0.00000000
0.84200000 0.00000000
0.84300000 0.00000000
0.84400000 0.00000000
0.84500000 0.00000000
0.84600000 0.00000000
0.84700000 0.00000000
0.84800000 0.00000000
0.84900000 0.00000000
0.85000000 0.00000000
0.85100000 0.00000000
0.85200000 0.00000000
0.85300000 0.00000000
0.85400000 0.00000000
0.85500000 0.00000000
0.85600000 0.00000000
0.85700000 0.00000000
0.85800000 0.00000000
0.85900000 0.00000000
0.86000000 0.00000000
0.86100000 0.00000000
0.86200000 0.00000000
0.86300000 0.00000000
0.86400000 0.00000000
0.86500000 0.00000000
0.86600000 0.00000000
0.86700000 0.00000000
0.86800000 0.00000000
0.86900000 0.00000000
0.87000000 0.00000000
0.87100000 0.00000000
0.87200000 0.00000000
0.87300000 0.00000000
0.87400000 0.00000000
0.87500000 0.00000000
0.87600000 0.00000000
0.87700000 0.00000000
0.87800000 0.00000000
0.87900000 0.00000000
0.88000000 0.00000000
0.88100000 0.00000000
0.88200000 0.00000000
0.88300000 0.00000000
0.88400000 0.00000000
0.88500000 0.00000000
0.88600000 0.00000000
0.88700000 0.00000000
0.88800000 0.00000000
0.88900000 0.00000000
0.89000000 0.00000000
0.89100000 0.00000000
0.89200000 0.00000000
0.89300000 0.00000000
0.89400000 0.00000000
0.89500000 0.00000000
0.89600000 0.00000000
0.89700000 0.00000000
0.89800000 0.00000000
0.89900000 0.00000000
0.90000000 0.00000000
0.90100000 0.00000000
0.90200000 0.00000000
0.90300000 0.00000000
0.90400000 0.00000000
0.90500000 0.00000000
0.90600000 0.00000000
0.90700000 0.00000000
0.90800000 0.00000000
0.90900000 0.00000000
0.91000000 0.00000000
0.91100000 0.00000000
0.91200000 0.00000000
0.91300000 0.00000000
0.91400000 0.00000000
0.91500000 0.00000000
0.91600000 0.00000000
0.91700000 0.00000000
0.91800000 0.00000000
0.91900000 0.00000000
0.92000000 0.00000000
0.92100000 0.00000000
0.92200000 0.00000000
0.92300000 0.00000000
0.92400000 0.00000000
0.92500000 0.00000000
0.92600000 0.00000000
0.92700000 0.00000000
0.92800000 0.00000000
0.92900000 0.00000000
0.93000000 0.00000000
0.93100000 0.00000000
0.93200000 0.00000000
0.93300000 0.00000000
0.93400000 0.00000000
0.93500000 0.00000000
0.93600000 0.00000000
0.93700000 0.00000000
0.93800000 0.00000000
0.93900000 0.00000000
0.94000000 0.00000000
0.94100000 0.00000000
0.94200000 0.00000000
0.94300000 0.00000000
0.94400000 0.00000000
0.94500000 0.00000000
0.94600000 0.00000000
0.94700000 0.00000000
0.94800000 0.00000000
0.94900000 0.00000000
0.95000000 0.00000000
0.95100000 0.00000000
0.95200000 0.00000000
0.95300000 0.00000000
0.95400000 0.00000000
0.95500000 0.00000000
0.95600000 0.00000000
0.95700000 0.00000000
0.95800000 0.00000000
0.95900000 0.00000000
0.96000000 0.00000000
0.96100000 0.00000000
0.96200000 0.00000000
0.96300000 0.00000000
0.96400000 0.00000000
0.96500000 0.00000000
0.96600000 0.00000000
0.96700000 0.00000000
0.96800000 0.00000000
0.96900000 0.00000000
0.97000000 0.00000000
0.97100000 0.00000000
0.97200000 0.00000000
0.97300000 0.00000000
0.97400000 0.00000000
0.97500000 0.00000000
0.97600000 0.00000000
0.97700000 0.00000000
0.97800000 0.00000000
0.97900000 0.00000000
0.98000000 0.00000000
0.98100000 0.00000000
0.98200000 0.00000000
0.98300000 0.00000000
0.98400000 0.00000000
0.98500000 0.00000000
0.98600000 0.00000000
0.98700000 0.00000000
0.98800000 0.00000000
0.98900000 0.00000000
0.99000000 0.00000000
0.99100000 0.00000000
0.99200000 0.00000000
0.99300000 0.00000000
0.99400000 0.00000000
0.99500000 0.00000000
0.99600000 0.00000000
0.99700000 0.00000000
0.99800000 0.00000000
0.99900000 0.00000000
1.00000000 0.00000000
1.00100000 0.00000000
1.00200000 0.00000000
1.00300000 0.00000000
1.00400000 0.00000000
1.00500000 0.00000000
1.00600000 0.00000000
1.00700000 0.00000000
1.00800000 0.00000000
1.00900000 0.00000000
1.01000000 0.00000000
1.01100000 0.00000000
1.01200000 0.00000000
1.01300000 0.00000000
1.01400000 0.00000000
1.01500000 0.00000000
1.01600000 0.00000000
1.01700000 0.00000000
1.01800000 0.00000000
1.01900000 0.00000000
1.02000000 0.00000000
1.02100000 0.00000000
1.02200000 0.00000000
1.02300000 0.00000000
1.02400000 0.00000000
1.02500000 0.00000000
1.02600000 0.00000000
1.02700000 0.00000000
1.02800000 0.00000000
1.02900000 0.00000000
1.03000000 0.00000000
1.03100000 0.00000000
1.03200000 0.00000000
1.03300000 0.00000000
1.03400000 0.00000000
1.03500000 0.00000000
1.03600000 0.00000000
1.03700000 0.00000000
1.03800000 0.00000000
1.03900000 0.00000000
1.04000000 0.00000000
1.04100000 0.00000000
1.04200000 0.00000000
1.04300000 0.00000000
1.04400000 0.00000000
1.04500000 0.00000000
1.04600000 0.00000000
1.04700000 0.00000000
1.04800000 0.00000000
1.04900000 0.00000000
1.05000000 0.00000000
1.05100000 0.00000000
1.05200000 0.00000000
1.05300000 0.00000000
1.05400000 0.00000000
1.05500000 0.00000000
1.05600000 0.00000000
1.05700000 0.00000000
1.05800000 0.00000000
1.05900000 0.00000000
1.06000000 0.00000000
1.06100000 0.00000000
1.06200000 0.00000000
1.06300000 0.00000000
1.06400000 0.00000000
1.06500000 0.00000000
1.06600000 0.00000000
1.06700000 0.00000000
1.06800000 0.00000000
1.06900000 0.00000000
1.07000000 0.00000000
1.07100000 0.00000000
1.07200000 0.00000000
1.07300000 0.00000000
1.07400000 0.00000000
1.07500000 0.00000000
1.07600000 0.00000000
1.07700000 0.00000000
1.07800000 0.00000000
1.07900000 0.00000000
1.08000000 0.00000000
1.08100000 0.00000000
1.08200000 0.00000000
1.08300000 0.00000000
1.08400000 0.00000000
1.08500000 0.00000000
1.08600000 0.00000000
1.08700000 0.00000000
1.08800000 0.00000000
1.08900000 0.00000000
1.09000000 0.00000000
1.09100000 0.00000000
1.09200000 0.00000000
1.09300000 0.00000000
1.09400000 0.00000000
1.09500000 0.00000000
1.09600000 0.00000000
1.09700000 0.00000000
1.09800000 0.00000000
1.09900000 0.00000000
1.10000000 0.00000000
1.10100000 0.00000000
1.10200000 0.00000000
1.10300000 0.00000000
1.10400000 0.00000000
1.10500000 0.00000000
1.10600000 0.00000000
1.10700000 0.00000000
1.10800000 0.00000000
1.10900000 0.00000000
1.11000000 0.00000000
1.11100000 0.00000000
1.11200000 0.00000000
1.11300000 0.00000000
1.11400000 0.00000000
1.11500000 0.00000000
1.11600000 0.00000000
1.11700000 0.00000000
1.11800000 0.00000000
1.11900000 0.00000000
1.12000000 0.00000000
1.12100000 0.00000000
1.12200000 0.00000000
1.12300000 0.00000000
1.12400000 0.00000000
1.12500000 0.00000000
1.12600000 0.00000000
1.12700000 0.00000000
1.12800000 0.00000000
1.12900000 0.00000000
1.13000000 0.00000000
1.13100000 0.00000000
1.13200000 0.00000000
1.13300000 0.00000000
1.13400000 0.00000000
1.13500000 0.00000000
1.13600000 0.00000000
1.13700000 0.00000000
1.13800000 0.00000000
1.13900000 0.00000000
1.14000000 0.00000000
1.14100000 0.00000000
1.14200000 0.00000000
1.14300000 0.00000000
1.14400000 0.00000000
1.14500000 0.00000000
1.14600000 0.00000000
1.14700000 0.00000000
1.14800000 0.00000000
1.14900000 0.00000000
1.15000000 0.00000000
1.15100000 0.00000000
1.15200000 0.00000000
1.15300000 0.00000000
1.15400000 0.00000000
1.15500000 0.00000000
1.15600000 0.00000000
1.15700000 0.00000000
1.15800000 0.00000000
1.15900000 0.00000000
1.16000000 0.00000000
1.16100000 0.00000000
1.16200000 0.00000000
1.16300000 0.00000000
1.16400000 0.00000000
1.16500000 0.00000000
1.16600000 0.00000000
1.16700000 0.00000000
1.16800000 0.00000000
1.16900000 0.00000000
1.17000000 0.00000000
1.17100000 0.00000000
1.17200000 0.00000000
1.17300000 0.00000000
1.17400000 0.00000000
1.17500000 0.00000000
1.17600000 0.00000000
1.17700000 0.00000000
1.17800000 0.00000000
1.17900000 0.00000000
1.18000000 0.00000000
1.18100000 0.00000000
1.18200000 0.00000000
1.18300000 0.00000000
1.18400000 0.00000000
1.18500000 0.00000000
1.18600000 0.00000000
1.18700000 0.00000000
1.18800000 0.00000000
1.18900000 0.00000000
1.19000000 0.00000000
1.19100000 0.00000000
1.19200000 0.00000000
1.19300000 0.00000000
1.19400000 0.00000000
1.19500000 0.00000000
1.19600000 0.00000000
1.19700000 0.00000000
1.19800000 0.00000000
1.19900000 0.00000000
1.20000000 0.00000000
1.20100000 0.00000000
1.20200000 0.00000000
1.20300000 0.00000000
1.20400000 0.00000000
1.20500000 0.00000000
1.20600000 0.00000000
1.20700000 0.00000000
1.20800000 0.00000000
1.20900000 0.00000000
1.21000000 0.00000000
1.21100000 0.00000000
1.21200000 0.00000000
1.21300000 0.00000000
1.21400000 0.00000000
1.21500000 0.00000000
1.21600000 0.00000000
1.21700000 0.00000000
1.21800000 0.00000000
1.21900000 0.00000000
1.22000000 0.00000000
1.22100000 0.00000000
1.22200000 0.00000000
1.22300000 0.00000000
1.22400000 0.00000000
1.22500000 0.00000000
1.22600000 0.00000000
1.22700000 0.00000000
1.22800000 0.00000000
1.22900000 0.00000000
1.23000000 0.00000000
1.23100000 0.00000000
1.23200000 0.00000000
1.23300000 0.00000000
1.23400000 0.00000000
1.23500000 0.00000000
1.23600000 0.00000000
1.23700000 0.00000000
1.23800000 0.00000000
1.23900000 0.00000000
1.24000000 0.00000000
1.24100000 0.00000000
1.24200000 0.00000000
1.24300000 0.00000000
1.24400000 0.00000000
1.24500000 0.00000000
1.24600000 0.00000000
1.24700000 0.00000000
1.24800000 0.00000000
1.24900000 0.00000000
1.25000000 0.00000000
1.25100000 0.00000000
1.25200000 0.00000000
1.25300000 0.00000000
1.25400000 0.00000000
1.25500000 0.00000000
1.25600000 0.00000000
1.25700000 0.00000000
1.25800000 0.00000000
1.25900000 0.00000000
1.26000000 0.00000000
1.26100000 0.00000000
1.26200000 0.00000000
1.26300000 0.00000000
1.26400000 0.00000000
1.26500000 0.00000000
1.26600000 0.00000000
1.26700000 0.00000000
1.26800000 0.00000000
1.26900000 0.00000000
1.27000000 0.00000000
1.27100000 0.00000000
1.27200000 0.00000000
1.27300000 0.00000000
1.27400000 0.00000000
1.27500000 0.00000000
1.27600000 0.00000000
1.27700000 0.00000000
1.27800000 0.00000000
1.27900000 0.00000000
1.28000000 0.00000000
1.28100000 0.00000000
1.28200000 0.00000000
1.28300000 0.00000000
1.28400000 0.00000000
1.28500000 0.00000000
1.28600000 0.00000000
1.28700000 0.00000000
1.28800000 0.00000000
1.28900000 0.00000000
1.29000000 0.00000000
1.29100000 0.00000000
1.29200000 0.00000000
1.29300000 0.00000000
1.29400000 0.00000000
1.29500000 0.00000000
1.29600000 0.00000000
1.29700000 0.00000000
1.29800000 0.00000000
1.29900000 0.00000000
1.30000000 0.00000000
1.30100000 0.00000000
1.30200000 0.00000000
1.30300000 0.00000000
1.30400000 0.00000000
1.30500000 0.00000000
1.30600000 0.00000000
1.30700000 0.00000000
1.30800000 0.00000000
1.30900000 0.00000000
1.31000000 0.00000000
1.31100000 0.00000000
1.31200000 0.00000000
1.31300000 0.00000000
1.31400000 0.00000000
1.31500000 0.00000000
1.31600000 0.00000000
1.31700000 0.00000000
1.31800000 0.00000000
1.31900000 0.00000000
1.32000000 0.00000000
1.32100000 0.00000000
1.32200000 0.00000000
1.32300000 0.00000000
1.32400000 0.00000000
1.32500000 0.00000000
1.32600000 0.00000000
1.32700000 0.00000000
1.32800000 0.00000000
1.32900000 0.00000000
1.33000000 0.00000000
1.33100000 0.00000000
1.33200000 0.00000000
1.33300000 0.00000000
1.33400000 0.00000000
1.33500000 0.00000000
1.33600000 0.00000000
1.33700000 0.00000000
1.33800000 0.00000000
1.33900000 0.00000000
1.34000000 0.00000000
1.34100000 0.00000000
1.34200000 0.00000000
1.34300000 0.00000000
1.34400000 0.00000000
1.34500000 0.00000000
1.34600000 0.00000000
1.34700000 0.00000000
1.34800000 0.00000000
1.34900000 0.00000000
1.35000000 0.00000000
1.35100000 0.00000000
1.35200000 0.00000000
1.35300000 0.00000000
1.35400000 0.00000000
1.35500000 0.00000000
1.35600000 0.00000000
1.35700000 0.00000000
1.35800000 0.00000000
1.35900000 0.00000000
1.36000000 0.00000000
1.36100000 0.00000000
1.36200000 0.00000000
1.36300000 0.00000000
1.36400000 0.00000000
1.36500000 0.00000000
1.36600000 0.00000000
1.36700000 0.00000000
1.36800000 0.00000000
1.36900000 0.00000000
1.37000000 0.00000000
1.37100000 0.00000000
1.37200000 0.00000000
1.37300000 0.00000000
1.37400000 0.00000000
1.37500000 0.00000000
1.37600000 0.00000000
1.37700000 0.00000000
1.37800000 0.00000000
1.37900000 0.00000000
1.38000000 0.00000000
1.38100000 0.00000000
1.38200000 0.00000000
1.38300000 0.00000000
1.38400000 0.00000000
1.38500000 0.00000000
1.38600000 0.00000000
1.38700000 0.00000000
1.38800000 0.00000000
1.38900000 0.00000000
1.39000000 0.00000000
1.39100000 0.00000000
1.39200000 0.00000000
1.39300000 0.00000000
1.39400000 0.00000000
1.39500000 0.00000000
1.39600000 0.00000000
1.39700000 0.00000000
1.39800000 0.00000000
1.39900000 0.00000000
1.40000000 0.00000000
1.40100000 0.00000000
1.40200000 0.00000000
1.40300000 0.00000000
1.40400000 0.00000000
1.40500000 0.00000000
1.40600000 0.00000000
1.40700000 0.00000000
1.40800000 0.00000000
1.40900000 0.00000000
1.41000000 0.00000000
1.41100000 0.00000000
1.41200000 0.00000000
1.41300000 0.00000000
1.41400000 0.00000000
1.41500000 0.00000000
1.41600000 0.00000000
1.41700000 0.00000000
1.41800000 0.00000000
1.41900000 0.00000000
1.42000000 0.00000000
1.42100000 0.00000000
1.42200000 0.00000000
1.42300000 0.00000000
1.42400000 0.00000000
1.42500000 0.00000000
1.42600000 0.00000000
1.42700000 0.00000000
1.42800000 0.00000000
1.42900000 0.00000000
1.43000000 0.00000000
1.43100000 0.00000000
1.43200000 0.00000000
1.43300000 0.00000000
1.43400000 0.00000000
1.43500000 0.00000000
1.43600000 0.00000000
1.43700000 0.00000000
1.43800000 0.00000000
1.43900000 0.00000000
1.44000000 0.00000000
1.44100000 0.00000000
1.44200000 0.00000000
1.44300000 0.00000000
1.44400000 0.00000000
1.44500000 0.00000000
1.44600000 0.00000000
1.44700000 0.00000000
1.44800000 0.00000000
1.44900000 0.00000000
1.45000000 0.00000000
1.45100000 0.00000000
1.45200000 0.00000000
1.45300000 0.00000000
1.45400000 0.00000000
1.45500000 0.00000000
1.45600000 0.00000000
1.45700000 0.00000000
1.45800000 0.00000000
1.45900000 0.00000000
1.46000000 0.00000000
1.46100000 0.00000000
1.46200000 0.00000000
1.46300000 0.00000000
1.46400000 0.00000000
1.46500000 0.00000000
1.46600000 0.00000000
1.46700000 0.00000000
1.46800000 0.00000000
1.46900000 0.00000000
1.47000000 0.00000000
1.47100000 0.00000000
1.47200000 0.00000000
1.47300000 0.00000000
1.47400000 0.00000000
1.47500000 0.00000000
1.47600000 0.00000000
1.47700000 0.00000000
1.47800000 0.00000000
1.47900000 0.00000000
1.48000000 0.00000000
1.48100000 0.00000000
1.48200000 0.00000000
1.48300000 0.00000000
1.48400000 0.00000000
1.48500000 0.00000000
1.48600000 0.00000000
1.48700000 0.00000000
1.48800000 0.00000000
1.48900000 0.00000000
1.49000000 0.00000000
1.49100000 0.00000000
1.49200000 0.00000000
1.49300000 0.00000000
1.49400000 0.00000000
1.49500000 0.00000000
1.49600000 0.00000000
1.49700000 0.00000000
1.49800000 0.00000000
1.49900000 0.00000000
1.50000000 0.00000000
1.50100000 0.00000000
1.50200000 0.00000000
1.50300000 0.00000000
1.50400000 0.00000000
1.50500000 0.00000000
1.50600000 0.00000000
1.50700000 0.00000000
1.50800000 0.00000000
1.50900000 0.00000000
1.51000000 0.00000000
1.51100000 0.00000000
1.51200000 0.00000000
1.51300000 0.00000000
1.51400000 0.00000000
1.51500000 0.00000000
1.51600000 0.00000000
1.51700000 0.00000000
1.51800000 0.00000000
1.51900000 0.00000000
1.52000000 0.00000000
1.52100000 0.00000000
1.52200000 0.00000000
1.52300000 0.00000000
1.52400000 0.00000000
1.52500000 0.00000000
1.52600000 0.00000000
1.52700000 0.00000000
1.52800000 0.00000000
1.52900000 0.00000000
1.53000000 0.00000000
1.53100000 0.00000000
1.53200000 0.00000000
1.53300000 0.00000000
1.53400000 0.00000000
1.53500000 0.00000000
1.53600000 0.00000000
1.53700000 0.00000000
1.53800000 0.00000000
1.53900000 0.00000000
1.54000000 0.00000000
1.54100000 0.00000000
1.54200000 0.00000000
1.54300000 0.00000000
1.54400000 0.00000000
1.54500000 0.00000000
1.54600000 0.00000000
1.54700000 0.00000000
1.54800000 0.00000000
1.54900000 0.00000000
1.55000000 0.00000000
1.55100000 0.00000000
1.55200000 0.00000000
1.55300000 0.00000000
1.55400000 0.00000000
1.55500000 0.00000000
1.55600000 0.00000000
1.55700000 0.00000000
1.55800000 0.00000000
1.55900000 0.00000000
1.56000000 0.00000000
1.56100000 0.00000000
1.56200000 0.00000000
1.56300000 0.00000000
1.56400000 0.00000000
1.56500000 0.00000000
1.56600000 0.00000000
1.56700000 0.00000000
1.56800000 0.00000000
1.56900000 0.00000000
1.57000000 0.00000000
1.57100000 0.00000000
1.57200000 0.00000000
1.57300000 0.00000000
1.57400000 0.00000000
1.57500000 0.00000000
1.57600000 0.00000000
1.57700000 0.00000000
1.57800000 0.00000000
1.57900000 0.00000000
1.58000000 0.00000000
1.58100000 0.00000000
1.58200000 0.00000000
1.58300000 0.00000000
1.58400000 0.00000000
1.58500000 0.00000000
1.58600000 0.00000000
1.58700000 0.00000000
1.58800000 0.00000000
1.58900000 0.00000000
1.59000000 0.00000000
1.59100000 0.00000000
1.59200000 0.00000000
1.59300000 0.00000000
1.59400000 0.00000000
1.59500000 0.00000000
1.59600000 0.00000000
1.59700000 0.00000000
1.59800000 0.00000000
1.59900000 0.00000000
1.60000000 0.00000000
1.60100000 0.00000000
1.60200000 0.00000000
1.60300000 0.00000000
1.60400000 0.00000000
1.60500000 0.00000000
1.60600000 0.00000000
1.60700000 0.00000000
1.60800000 0.00000000
1.60900000 0.00000000
1.61000000 0.00000000
1.61100000 0.00000000
1.61200000 0.00000000
1.61300000 0.00000000
1.61400000 0.00000000
1.61500000 0.00000000
1.61600000 0.00000000
1.61700000 0.00000000
1.61800000 0.00000000
1.61900000 0.00000000
1.62000000 0.00000000
1.62100000 0.00000000
1.62200000 0.00000000
1.62300000 0.00000000
1.62400000 0.00000000
1.62500000 0.00000000
1.62600000 0.00000000
1.62700000 0.00000000
1.62800000 0.00000000
1.62900000 0.00000000
1.63000000 0.00000000
1.63100000 0.00000000
1.63200000 0.00000000
1.63300000 0.00000000
1.63400000 0.00000000
1.63500000 0.00000000
1.63600000 0.00000000
1.63700000 0.00000000
1.63800000 0.00000000
1.63900000 0.00000000
1.64000000 0.00000000
1.64100000 0.00000000
1.64200000 0.00000000
1.64300000 0.00000000
1.64400000 0.00000000
1.64500000 0.00000000
1.64600000 0.00000000
1.64700000 0.00000000
1.64800000 0.00000000
1.64900000 0.00000000
1.65000000 0.00000000
1.65100000 0.00000000
1.65200000 0.00000000
1.65300000 0.00000000
1.65400000 0.00000000
1.65500000 0.00000000
1.65600000 0.00000000
1.65700000 0.00000000
1.65800000 0.00000000
1.65900000 0.00000000
1.66000000 0.00000000
1.66100000 0.00000000
1.66200000 0.00000000
1.66300000 0.00000000
1.66400000 0.00000000
1.66500000 0.00000000
1.66600000 0.00000000
1.66700000 0.00000000
1.66800000 0.00000000
1.66900000 0.00000000
1.67000000 0.00000000
1.67100000 0.00000000
1.67200000 0.00000000
1.67300000 0.00000000
1.67400000 0.00000000
1.67500000 0.00000000
1.67600000 0.00000000
1.67700000 0.00000000
1.67800000 0.00000000
1.67900000 0.00000000
1.68000000 0.00000000
1.68100000 0.00000000
1.68200000 0.00000000
1.68300000 0.00000000
1.68400000 0.00000000
1.68500000 0.00000000
1.68600000 0.00000000
1.68700000 0.00000000
1.68800000 0.00000000
1.68900000 0.00000000
1.69000000 0.00000000
1.69100000 0.00000000
1.69200000 0.00000000
1.69300000 0.00000000
1.69400000 0.00000000
1.69500000 0.00000000
1.69600000 0.00000000
1.69700000 0.00000000
1.69800000 0.00000000
1.69900000 0.00000000
1.70000000 0.00000000
1.70100000 0.00000000
1.70200000 0.00000000
1.70300000 0.00000000
1.70400000 0.00000000
1.70500000 0.00000000
1.70600000 0.00000000
1.70700000 0.00000000
1.70800000 0.00000000
1.70900000 0.00000000
1.71000000 0.00000000
1.71100000 0.00000000
1.71200000 0.00000000
1.71300000 0.00000000
1.71400000 0.00000000
1.71500000 0.00000000
1.71600000 0.00000000
1.71700000 0.00000000
1.71800000 0.00000000
1.71900000 0.00000000
1.72000000 0.00000000
1.72100000 0.00000000
1.72200000 0.00000000
1.72300000 0.00000000
1.72400000 0.00000000
1.72500000 0.00000000
1.72600000 0.00000000
1.72700000 0.00000000
1.72800000 0.00000000
1.72900000 0.00000000
1.73000000 0.00000000
1.73100000 0.00000000
1.73200000 0.00000000
1.73300000 0.00000000
1.73400000 0.00000000
1.73500000 0.00000000
1.73600000 0.00000000
1.73700000 0.00000000
1.73800000 0.00000000
1.73900000 0.00000000
1.74000000 0.00000000
1.74100000 0.00000000
1.74200000 0.00000000
1.74300000 0.00000000
1.74400000 0.00000000
1.74500000 0.00000000
1.74600000 0.00000000
1.74700000 0.00000000
1.74800000 0.00000000
1.74900000 0.00000000
1.75000000 0.00000000
1.75100000 0.00000000
1.75200000 0.00000000
1.75300000 0.00000000
1.75400000 0.00000000
1.75500000 0.00000000
1.75600000 0.00000000
1.75700000 0.00000000
1.75800000 0.00000000
1.75900000 0.00000000
1.76000000 0.00000000
1.76100000 0.00000000
1.76200000 0.00000000
1.76300000 0.00000000
1.76400000 0.00000000
1.76500000 0.00000000
1.76600000 0.00000000
1.76700000 0.00000000
1.76800000 0.00000000
1.76900000 0.00000000
1.77000000 0.00000000
1.77100000 0.00000000
1.77200000 0.00000000
1.77300000 0.00000000
1.77400000 0.00000000
1.77500000 0.00000000
1.77600000 0.00000000
1.77700000 0.00000000
1.77800000 0.00000000
1.77900000 0.00000000
1.78000000 0.00000000
1.78100000 0.00000000
1.78200000 0.00000000
1.78300000 0.00000000
1.78400000 0.00000000
1.78500000 0.00000000
1.78600000 0.00000000
1.78700000 0.00000000
1.78800000 0.00000000
1.78900000 0.00000000
1.79000000 0.00000000
1.79100000 0.00000000
1.79200000 0.00000000
1.79300000 0.00000000
1.79400000 0.00000000
1.79500000 0.00000000
1.79600000 0.00000000
1.79700000 0.00000000
1.79800000 0.00000000
1.79900000 0.00000000
1.80000000 0.00000000
1.80100000 0.00000000
1.80200000 0.00000000
1.80300000 0.00000000
1.80400000 0.00000000
1.80500000 0.00000000
1.80600000 0.00000000
1.80700000 0.00000000
1.80800000 0.00000000
1.80900000 0.00000000
1.81000000 0.00000000
1.81100000 0.00000000
1.81200000 0.00000000
1.81300000 0.00000000
1.81400000 0.00000000
1.81500000 0.00000000
1.81600000 0.00000000
1.81700000 0.00000000
1.81800000 0.00000000
1.81900000 0.00000000
1.82000000 0.00000000
1.82100000 0.00000000
1.82200000 0.00000000
1.82300000 0.00000000
1.82400000 0.00000000
1.82500000 0.00000000
1.82600000 0.00000000
1.82700000 0.00000000
1.82800000 0.00000000
1.82900000 0.00000000
1.83000000 0.00000000
1.83100000 0.00000000
1.83200000 0.00000000
1.83300000 0.00000000
1.83400000 0.00000000
1.83500000 0.00000000
1.83600000 0.00000000
1.83700000 0.00000000
1.83800000 0.00000000
1.83900000 0.00000000
1.84000000 0.00000000
1.84100000 0.00000000
1.84200000 0.00000000
1.84300000 0.00000000
1.84400000 0.00000000
1.84500000 0.00000000
1.84600000 0.00000000
1.84700000 0.00000000
1.84800000 0.00000000
1.84900000 0.00000000
1.85000000 0.00000000
1.85100000 0.00000000
1.85200000 0.00000000
1.85300000 0.00000000
1.85400000 0.00000000
1.85500000 0.00000000
1.85600000 0.00000000
1.85700000 0.00000000
1.85800000 0.00000000
1.85900000 0.00000000
1.86000000 0.00000000
1.86100000 0.00000000
1.86200000 0.00000000
1.86300000 0.00000000
1.86400000 0.00000000
1.86500000 0.00000000
1.86600000 0.00000000
1.86700000 0.00000000
1.86800000 0.00000000
1.86900000 0.00000000
1.87000000 0.00000000
1.87100000 0.00000000
1.87200000 0.00000000
1.87300000 0.00000000
1.87400000 0.00000000
1.87500000 0.00000000
1.87600000 0.00000000
1.87700000 0.00000000
1.87800000 0.00000000
1.87900000 0.00000000
1.88000000 0.00000000
1.88100000 0.00000000
1.88200000 0.00000000
1.88300000 0.00000000
1.88400000 0.00000000
1.88500000 0.00000000
1.88600000 0.00000000
1.88700000 0.00000000
1.88800000 0.00000000
1.88900000 0.00000000
1.89000000 0.00000000
1.89100000 0.00000000
1.89200000 0.00000000
1.89300000 0.00000000
1.89400000 0.00000000
1.89500000 0.00000000
1.89600000 0.00000000
1.89700000 0.00000000
1.89800000 0.00000000
1.89900000 0.00000000
1.90000000 0.00000000
1.90100000 0.00000000
1.90200000 0.00000000
1.90300000 0.00000000
1.90400000 0.00000000
1.90500000 0.00000000
1.90600000 0.00000000
1.90700000 0.00000000
1.90800000 0.00000000
1.90900000 0.00000000
1.91000000 0.00000000
1.91100000 0.00000000
1.91200000 0.00000000
1.91300000 0.00000000
1.91400000 0.00000000
1.91500000 0.00000000
1.91600000 0.00000000
1.91700000 0.00000000
1.91800000 0.00000000
1.91900000 0.00000000
1.92000000 0.00000000
1.92100000 0.00000000
1.92200000 0.00000000
1.92300000 0.00000000
1.92400000 0.00000000
1.92500000 0.00000000
1.92600000 0.00000000
1.92700000 0.00000000
1.92800000 0.00000000
1.92900000 0.00000000
1.93000000 0.00000000
1.93100000 0.00000000
1.93200000 0.00000000
1.93300000 0.00000000
1.93400000 0.00000000
1.93500000 0.00000000
1.93600000 0.00000000
1.93700000 0.00000000
1.93800000 0.00000000
1.93900000 0.00000000
1.94000000 0.00000000
1.94100000 0.00000000
1.94200000 0.00000000
1.94300000 0.00000000
1.94400000 0.00000000
1.94500000 0.00000000
1.94600000 0.00000000
1.94700000 0.00000000
1.94800000 0.00000000
1.94900000 0.00000000
1.95000000 0.00000000
1.95100000 0.00000000
1.95200000 0.00000000
1.95300000 0.00000000
1.95400000 0.00000000
1.95500000 0.00000000
1.95600000 0.00000000
1.95700000 0.00000000
1.95800000 0.00000000
1.95900000 0.00000000
1.96000000 0.00000000
1.96100000 0.00000000
1.96200000 0.00000000
1.96300000 0.00000000
1.96400000 0.00000000
1.96500000 0.00000000
1.96600000 0.00000000
1.96700000 0.00000000
1.96800000 0.00000000
1.96900000 0.00000000
1.97000000 0.00000000
1.97100000 0.00000000
1.97200000 0.00000000
1.97300000 0.00000000
1.97400000 0.00000000
1.97500000 0.00000000
1.97600000 0.00000000
1.97700000 0.00000000
1.97800000 0.00000000
1.97900000 0.00000000
1.98000000 0.00000000
1.98100000 0.00000000
1.98200000 0.00000000
1.98300000 0.00000000
1.98400000 0.00000000
1.98500000 0.00000000
1.98600000 0.00000000
1.98700000 0.00000000
1.98800000 0.00000000
1.98900000 0.00000000
1.99000000 0.00000000
1.99100000 0.00000000
1.99200000 0.00000000
1.99300000 0.00000000
1.99400000 0.00000000
1.99500000 0.00000000
1.99600000 0.00000000
1.99700000 0.00000000
1.99800000 0.00000000
1.99900000 0.00000000
2.00000000 0.00000000
