0.10000000 281748110861.48114014
0.10100000 247561015493.95800781
0.10200000 217799529933.83413696
0.10300000 191855502189.63085938
0.10400000 169209105125.73074341
0.10500000 149415330582.96746826
0.10600000 132092650518.82720947
0.10700000 116913481423.20433044
0.10800000 103596151967.53092957
0.10900000 91898125935.72573853
0.11000000 81610275162.76612854
0.11100000 72552032237.51608276
0.11200000 64567281533.77074432
0.11300000 57520870865.80787659
0.11400000 51295645650.86009979
0.11500000 45789923653.38131714
0.11600000 40915341795.71883392
0.11700000 36595017643.70839691
0.11800000 32761977418.66828156
0.11900000 29357810079.79565048
0.12000000 26331513433.34183502
0.12100000 23638503578.57909393
0.12200000 21239763477.15837860
0.12300000 19101110181.34595108
0.12400000 17192563400.78232574
0.12500000 15487800728.23768044
0.12600000 13963687066.11395264
0.12700000 12599867666.46351242
0.12800000 11378415775.48454285
0.12900000 10283527206.46781731
0.13000000 9301255292.61611366
0.13100000 8419280626.00266075
0.13200000 7626710798.65926647
0.13300000 6913906049.32680035
0.13400000 6272327303.93665791
0.13500000 5694403595.47284222
0.13600000 5173416272.94625664
0.13700000 4703397771.08892155
0.13800000 4279043021.53881407
0.13900000 3895631850.72399664
0.14000000 3548960936.09933949
0.14100000 3235284086.51995516
0.14200000 2951259779.15034580
0.14300000 2693905028.46559763
0.14400000 2460554786.03718042
0.14500000 2248826175.82502508
0.14600000 2056586961.09283137
0.14700000 1881927717.92700934
0.14800000 1723137258.45968914
0.14900000 1578680905.79614234
0.15000000 1447181273.62569880
0.15100000 1327401247.66166401
0.15200000 1218228904.35748434
0.15300000 1118664135.59411931
0.15400000 1027806776.92151475
0.15500000 944846062.06049216
0.15600000 869051248.24082303
0.15700000 799763276.00583291
0.15800000 736387343.73052001
0.15900000 678386291.60386443
0.16000000 625274702.49642098
0.16100000 576613638.21276474
0.16200000 532005939.32316017
0.16300000 491092025.25994748
0.16400000 453546138.80719239
0.16500000 419072985.64187229
0.16600000 387404725.31799853
0.16700000 358298275.12280399
0.16800000 331532892.66432822
0.16900000 306908006.94871134
0.17000000 284241271.13961786
0.17100000 263366813.21918601
0.17200000 244133663.44002092
0.17300000 226404339.81484556
0.17400000 210053574.97271308
0.17500000 194967169.55157390
0.17600000 181040958.92558610
0.17700000 168179881.50742850
0.17800000 156297138.14327437
0.17900000 145313433.25058672
0.18000000 135156289.35362053
0.18100000 125759427.56348664
0.18200000 117062207.34202874
0.18300000 109009119.59317805
0.18400000 101549327.75205387
0.18500000 94636252.09983321
0.18600000 88227193.02920091
0.18700000 82282989.42795828
0.18800000 76767708.74323601
0.18900000 71648365.64112647
0.19000000 66894666.49118786
0.19100000 62478777.18639043
0.19200000 58375112.06039429
0.19300000 54560141.88886163
0.19400000 51012219.16272835
0.19500000 47711419.00156936
0.19600000 44639394.23667889
0.19700000 41779243.33827611
0.19800000 39115389.99113980
0.19900000 36633473.23956981
0.20000000 34320247.22728787
0.20100000 32163489.65198713
0.20200000 30151918.13884177
0.20300000 28275113.81339378
0.20400000 26523451.42273240
0.20500000 24888035.41556718
0.20600000 23360641.44737301
0.20700000 21933662.82688631
0.20800000 20600061.46541877
0.20900000 19353322.93122995
0.21000000 18187415.24801358
0.21100000 17096751.10980414
0.21200000 16076153.21466111
0.21300000 15120822.44665821
0.21400000 14226308.66028331
0.21500000 13388483.84359768
0.21600000 12603517.45664409
0.21700000 11867853.75983753
0.21800000 11178190.96360739
0.21900000 10531462.04555212
0.22000000 9924817.09496728
0.22100000 9355607.05695004
0.22200000 8821368.75948938
0.22300000 8319811.11712933
0.22400000 7848802.41404315
0.22500000 7406358.57776486
0.22600000 6990632.36247327
0.22700000 6599903.36768282
0.22800000 6232568.82453033
0.22900000 5887135.08761617
0.23000000 5562209.77561402
0.23100000 5256494.50865385
0.23200000 4968778.19485077
0.23300000 4697930.82233629
0.23400000 4442897.71678464
0.23500000 4202694.22774564
0.23600000 3976400.81012664
0.23700000 3763158.46993559
0.23800000 3562164.54592812
0.23900000 3372668.80111561
0.24000000 3193969.80020822
0.24100000 3025411.55100314
0.24200000 2866380.38950150
0.24300000 2716302.09016071
0.24400000 2574639.18417581
0.24500000 2440888.47004626
0.24600000 2314578.70193375
0.24700000 2195268.44246206
0.24800000 2082544.06766074
0.24900000 1976017.91271882
0.25000000 1875326.54809991
0.25100000 1780129.17638299
0.25200000 1690106.14093997
0.25300000 1604957.53824722
0.25400000 1524401.92625936
0.25500000 1448175.12185324
0.25600000 1376029.08088427
0.25700000 1307730.85488755
0.25800000 1243061.61890884
0.25900000 1181815.76536607
0.26000000 1123800.05922581
0.26100000 1068832.85013195
0.26200000 1016743.33744952
0.26300000 967370.88448670
0.26400000 920564.37843465
0.26500000 876181.63282040
0.26600000 834088.82950322
0.26700000 794159.99746300
0.26800000 756276.52582925
0.26900000 720326.70878559
0.27000000 686205.32015531
0.27100000 653813.21563242
0.27200000 623056.96076895
0.27300000 593848.48296443
0.27400000 566104.74582915
0.27500000 539747.44440828
0.27600000 514702.71986155
0.27700000 490900.89229226
0.27800000 468276.21051147
0.27900000 446766.61760838
0.28000000 426313.53127695
0.28100000 406861.63792175
0.28200000 388358.69963408
0.28300000 370755.37319223
0.28400000 354005.04029809
0.28500000 338063.64831636
0.28600000 322889.56083313
0.28700000 308443.41739692
0.28800000 294688.00184878
0.28900000 281588.11868828
0.29000000 269110.47695951
0.29100000 257223.58117591
0.29200000 245897.62883531
0.29300000 235104.41410620
0.29400000 224817.23729437
0.29500000 215010.81972516
0.29600000 205661.22370039
0.29700000 196745.77721185
0.29800000 188243.00311394
0.29900000 180132.55247773
0.30000000 172395.14186671
0.30100000 165012.49429157
0.30200000 157967.28361683
0.30300000 151243.08220736
0.30400000 144824.31161583
0.30500000 138696.19612555
0.30600000 132844.71897464
0.30700000 127256.58109878
0.30800000 121919.16224009
0.30900000 116820.48427943
0.31000000 111949.17665838
0.31100000 107294.44376557
0.31200000 102846.03417009
0.31300000 98594.21159185
0.31400000 94529.72750570
0.31500000 90643.79528265
0.31600000 86928.06577750
0.31700000 83374.60427767
0.31800000 79975.86873340
0.31900000 76724.68919450
0.32000000 73614.24838314
0.32100000 70638.06333680
0.32200000 67789.96805926
0.32300000 65064.09712147
0.32400000 62454.87015748
0.32500000 59956.97720422
0.32600000 57565.36483662
0.32700000 55275.22305279
0.32800000 53081.97286653
0.32900000 50981.25456707
0.33000000 48968.91660823
0.33100000 47041.00509162
0.33200000 45193.75381026
0.33300000 43423.57482146
0.33400000 41727.04951914
0.33500000 40100.92017789
0.33600000 38542.08194250
0.33700000 37047.57523822
0.33800000 35614.57857863
0.33900000 34240.40174906
0.34000000 32922.47934504
0.34100000 31658.36464627
0.34200000 30445.72380780
0.34300000 29282.33035111
0.34400000 28166.05993890
0.34500000 27094.88541804
0.34600000 26066.87211637
0.34700000 25080.17337963
0.34800000 24133.02633555
0.34900000 23223.74787299
0.35000000 22350.73082471
0.35100000 21512.44034276
0.35200000 20707.41045642
0.35300000 19934.24080294
0.35400000 19191.59352197
0.35500000 18478.19030502
0.35600000 17792.80959191
0.35700000 17134.28390641
0.35800000 16501.49732379
0.35900000 15893.38306352
0.36000000 15308.92120050
0.36100000 14747.13648873
0.36200000 14207.09629161
0.36300000 13687.90861337
0.36400000 13188.72022643
0.36500000 12708.71488971
0.36600000 12247.11165344
0.36700000 11803.16324576
0.36800000 11376.15453722
0.36900000 10965.40107907
0.37000000 10570.24771166
0.37100000 10190.06723945
0.37200000 9824.25916918
0.37300000 9472.24850810
0.37400000 9133.48461929
0.37500000 8807.44013108
0.37600000 8493.60989808
0.37700000 8191.51001102
0.37800000 7900.67685319
0.37900000 7620.66620108
0.38000000 7351.05236699
0.38100000 7091.42738170
0.38200000 6841.40021510
0.38300000 6600.59603292
0.38400000 6368.65548796
0.38500000 6145.23404391
0.38600000 5930.00133039
0.38700000 5722.64052754
0.38800000 5522.84777881
0.38900000 5330.33163064
0.39000000 5144.81249756
0.39100000 4966.02215173
0.39200000 4793.70323553
0.39300000 4627.60879626
0.39400000 4467.50184184
0.39500000 4313.15491646
0.39600000 4164.34969532
0.39700000 4020.87659753
0.39800000 3882.53441631
0.39900000 3749.12996566
0.40000000 3620.47774272
0.40100000 3496.39960520
0.40200000 3376.72446297
0.40300000 3261.28798334
0.40400000 3149.93230935
0.40500000 3042.50579031
0.40600000 2938.86272433
0.40700000 2838.86311194
0.40800000 2742.37242060
0.40900000 2649.26135934
0.41000000 2559.40566332
0.41100000 2472.68588758
0.41200000 2388.98720981
0.41300000 2308.19924158
0.41400000 2230.21584772
0.41500000 2154.93497340
0.41600000 2082.25847869
0.41700000 2012.09198012
0.41800000 1944.34469904
0.41900000 1878.92931639
0.42000000 1815.76183367
0.42100000 1754.76143980
0.42200000 1695.85038354
0.42300000 1638.95385136
0.42400000 1583.99985042
0.42500000 1530.91909644
0.42600000 1479.64490629
0.42700000 1430.11309506
0.42800000 1382.26187740
0.42900000 1336.03177299
0.43000000 1291.36551592
0.43100000 1248.20796783
0.43200000 1206.50603461
0.43300000 1166.20858655
0.43400000 1127.26638180
0.43500000 1089.63199294
0.43600000 1053.25973653
0.43700000 1018.10560562
0.43800000 984.12720493
0.43900000 951.28368872
0.44000000 919.53570114
0.44100000 888.84531903
0.44200000 859.17599701
0.44300000 830.49251480
0.44400000 802.76092666
0.44500000 775.94851284
0.44600000 750.02373299
0.44700000 724.95618143
0.44800000 700.71654422
0.44900000 677.27655791
0.45000000 654.60896997
0.45100000 632.68750072
0.45200000 611.48680684
0.45300000 590.98244630
0.45400000 571.15084464
0.45500000 551.96926260
0.45600000 533.41576503
0.45700000 515.46919101
0.45800000 498.10912512
0.45900000 481.31586984
0.46000000 465.07041905
0.46100000 449.35443253
0.46200000 434.15021143
0.46300000 419.44067476
0.46400000 405.20933670
0.46500000 391.44028486
0.46600000 378.11815932
0.46700000 365.22813251
0.46800000 352.75588984
0.46900000 340.68761106
0.47000000 329.00995239
0.47100000 317.71002927
0.47200000 306.77539977
0.47300000 296.19404863
0.47400000 285.95437199
0.47500000 276.04516253
0.47600000 266.45559533
0.47700000 257.17521416
0.47800000 248.19391835
0.47900000 239.50195009
0.48000000 231.08988227
0.48100000 222.94860671
0.48200000 215.06932289
0.48300000 207.44352704
0.48400000 200.06300170
0.48500000 192.91980559
0.48600000 186.00626394
0.48700000 179.31495907
0.48800000 172.83872145
0.48900000 166.57062098
0.49000000 160.50395864
0.49100000 154.63225840
0.49200000 148.94925951
0.49300000 143.44890901
0.49400000 138.12535448
0.49500000 132.97293717
0.49600000 127.98618522
0.49700000 123.15980731
0.49800000 118.48868635
0.49900000 113.96787356
0.50000000 109.59258266
0.50100000 105.35818429
0.50200000 101.26020068
0.50300000 97.29430044
0.50400000 93.45629359
0.50500000 89.74212674
0.50600000 86.14787844
0.50700000 82.66975473
0.50800000 79.30408479
0.50900000 76.04731680
0.51000000 72.89601392
0.51100000 69.84685039
0.51200000 66.89660785
0.51300000 64.04217166
0.51400000 61.28052748
0.51500000 58.60875789
0.51600000 56.02403913
0.51700000 53.52363801
0.51800000 51.10490887
0.51900000 48.76529068
0.52000000 46.50230421
0.52100000 44.31354934
0.52200000 42.19670241
0.52300000 40.14951374
0.52400000 38.16980512
0.52500000 36.25546753
0.52600000 34.40445880
0.52700000 32.61480145
0.52800000 30.88458053
0.52900000 29.21194164
0.53000000 27.59508886
0.53100000 26.03228291
0.53200000 24.52183928
0.53300000 23.06212641
0.53400000 21.65156404
0.53500000 20.28862148
0.53600000 18.97181603
0.53700000 17.69971142
0.53800000 16.47091633
0.53900000 15.28408289
0.54000000 14.13790533
0.54100000 13.03111859
0.54200000 11.96249701
0.54300000 10.93085312
0.54400000 9.93503633
0.54500000 8.97393180
0.54600000 8.04645931
0.54700000 7.15157212
0.54800000 6.28825589
0.54900000 5.45552771
0.55000000 4.65243505
0.55100000 3.87805480
0.55200000 3.13149234
0.55300000 2.41188065
0.55400000 1.71837944
0.55500000 1.05017427
0.55600000 0.40647576
0.55700000 -0.21348118
0.55800000 -0.81043817
0.55900000 -1.38511405
0.56000000 -1.93820560
0.56100000 -2.47038827
0.56200000 -2.98231680
0.56300000 -3.47462591
0.56400000 -3.94793087
0.56500000 -4.40282819
0.56600000 -4.83989613
0.56700000 -5.25969530
0.56800000 -5.66276919
0.56900000 -6.04964476
0.57000000 -6.42083287
0.57100000 -6.77682883
0.57200000 -7.11811288
0.57300000 -7.44515065
0.57400000 -7.75839359
0.57500000 -8.05827944
0.57600000 -8.34523263
0.57700000 -8.61966473
0.57800000 -8.88197476
0.57900000 -9.13254968
0.58000000 -9.37176468
0.58100000 -9.59998359
0.58200000 -9.81755921
0.58300000 -10.02483362
0.58400000 -10.22213858
0.58500000 -10.40979576
0.58600000 -10.58811711
0.58700000 -10.75740512
0.58800000 -10.91795315
0.58900000 -11.07004564
0.59000000 -11.21395847
0.59100000 -11.34995913
0.59200000 -11.47830703
0.59300000 -11.59925375
0.59400000 -11.71304323
0.59500000 -11.81991204
0.59600000 -11.92008962
0.59700000 -12.01379841
0.59800000 -12.10125418
0.59900000 -12.18266614
0.60000000 -12.25823717
0.60100000 -12.32816400
0.60200000 -12.39263744
0.60300000 -12.45184248
0.60400000 -12.50595853
0.60500000 -12.55515956
0.60600000 -12.59961427
0.60700000 -12.63948625
0.60800000 -12.67493411
0.60900000 -12.70611167
0.61000000 -12.73316807
0.61100000 -12.75624793
0.61200000 -12.77549145
0.61300000 -12.79103461
0.61400000 -12.80300922
0.61500000 -12.81154309
0.61600000 -12.81676014
0.61700000 -12.81878052
0.61800000 -12.81772070
0.61900000 -12.81369361
0.62000000 -12.80680872
0.62100000 -12.79717216
0.62200000 -12.78488681
0.62300000 -12.77005240
0.62400000 -12.75276560
0.62500000 -12.73312013
0.62600000 -12.71120680
0.62700000 -12.68711365
0.62800000 -12.66092602
0.62900000 -12.63272658
0.63000000 -12.60259549
0.63100000 -12.57061041
0.63200000 -12.53684660
0.63300000 -12.50137699
0.63400000 -12.46427226
0.63500000 -12.42560086
0.63600000 -12.38542914
0.63700000 -12.34382136
0.63800000 -12.30083980
0.63900000 -12.25654476
0.64000000 -12.21099467
0.64100000 -12.16424612
0.64200000 -12.11635392
0.64300000 -12.06737115
0.64400000 -12.01734920
0.64500000 -11.96633787
0.64600000 -11.91438535
0.64700000 -11.86153829
0.64800000 -11.80784189
0.64900000 -11.75333986
0.65000000 -11.69807454
0.65100000 -11.64208691
0.65200000 -11.58541662
0.65300000 -11.52810204
0.65400000 -11.47018030
0.65500000 -11.41168731
0.65600000 -11.35265785
0.65700000 -11.29312552
0.65800000 -11.23312283
0.65900000 -11.17268124
0.66000000 -11.11183115
0.66100000 -11.05060196
0.66200000 -10.98902209
0.66300000 -10.92711902
0.66400000 -10.86491930
0.66500000 -10.80244858
0.66600000 -10.73973167
0.66700000 -10.67679252
0.66800000 -10.61365425
0.66900000 -10.55033923
0.67000000 -10.48686901
0.67100000 -10.42326444
0.67200000 -10.35954561
0.67300000 -10.29573195
0.67400000 -10.23184216
0.67500000 -10.16789432
0.67600000 -10.10390584
0.67700000 -10.03989354
0.67800000 -9.97587360
0.67900000 -9.91186165
0.68000000 -9.84787272
0.68100000 -9.78392132
0.68200000 -9.72002140
0.68300000 -9.65618641
0.68400000 -9.59242929
0.68500000 -9.52876250
0.68600000 -9.46519800
0.68700000 -9.40174734
0.68800000 -9.33842158
0.68900000 -9.27523138
0.69000000 -9.21218696
0.69100000 -9.14929814
0.69200000 -9.08657437
0.69300000 -9.02402469
0.69400000 -8.96165777
0.69500000 -8.89948196
0.69600000 -8.83750521
0.69700000 -8.77573517
0.69800000 -8.71417916
0.69900000 -8.65284416
0.70000000 -8.59173688
0.70100000 -8.53086370
0.70200000 -8.47023074
0.70300000 -8.40984382
0.70400000 -8.34970849
0.70500000 -8.28983006
0.70600000 -8.23021356
0.70700000 -8.17086379
0.70800000 -8.11178532
0.70900000 -8.05298247
0.71000000 -7.99445934
0.71100000 -7.93621983
0.71200000 -7.87826761
0.71300000 -7.82060617
0.71400000 -7.76323878
0.71500000 -7.70616853
0.71600000 -7.64939834
0.71700000 -7.59293094
0.71800000 -7.53676887
0.71900000 -7.48091455
0.72000000 -7.42537018
0.72100000 -7.37013786
0.72200000 -7.31521950
0.72300000 -7.26061689
0.72400000 -7.20633165
0.72500000 -7.15236530
0.72600000 -7.09871920
0.72700000 -7.04539459
0.72800000 -6.99239260
0.72900000 -6.93971422
0.73000000 -6.88736034
0.73100000 -6.83533173
0.73200000 -6.78362907
0.73300000 -6.73225292
0.73400000 -6.68120373
0.73500000 -6.63048189
0.73600000 -6.58008766
0.73700000 -6.53002124
0.73800000 -6.48028271
0.73900000 -6.43087210
0.74000000 -6.38178934
0.74100000 -6.33303429
0.74200000 -6.28460673
0.74300000 -6.23650637
0.74400000 -6.18873285
0.74500000 -6.14128576
0.74600000 -6.09416459
0.74700000 -6.04736880
0.74800000 -6.00089778
0.74900000 -5.95475086
0.75000000 -5.90892732
0.75100000 -5.86342638
0.75200000 -5.81824721
0.75300000 -5.77338895
0.75400000 -5.72885066
0.75500000 -5.68463139
0.75600000 -5.64073012
0.75700000 -5.59714580
0.75800000 -5.55387734
0.75900000 -5.51092361
0.76000000 -5.46828346
0.76100000 -5.42595568
0.76200000 -5.38393903
0.76300000 -5.34223227
0.76400000 -5.30083408
0.76500000 -5.25974316
0.76600000 -5.21895814
0.76700000 -5.17847767
0.76800000 -5.13830032
0.76900000 -5.09842469
0.77000000 -5.05884933
0.77100000 -5.01957276
0.77200000 -4.98059351
0.77300000 -4.94191006
0.77400000 -4.90352089
0.77500000 -4.86542446
0.77600000 -4.82761921
0.77700000 -4.79010357
0.77800000 -4.75287596
0.77900000 -4.71593477
0.78000000 -4.67927839
0.78100000 -4.64290521
0.78200000 -4.60681358
0.78300000 -4.57100186
0.78400000 -4.53546840
0.78500000 -4.50021155
0.78600000 -4.46522962
0.78700000 -4.43052095
0.78800000 -4.39608385
0.78900000 -4.36191663
0.79000000 -4.32801761
0.79100000 -4.29438508
0.79200000 -4.26101735
0.79300000 -4.22791270
0.79400000 -4.19506944
0.79500000 -4.16248586
0.79600000 -4.13016023
0.79700000 -4.09809086
0.79800000 -4.06627602
0.79900000 -4.03471400
0.80000000 -4.00340310
0.80100000 -3.97234159
0.80200000 -3.94152777
0.80300000 -3.91095992
0.80400000 -3.88063633
0.80500000 -3.85055530
0.80600000 -3.82071513
0.80700000 -3.79111410
0.80800000 -3.76175053
0.80900000 -3.73262272
0.81000000 -3.70372897
0.81100000 -3.67506759
0.81200000 -3.64663691
0.81300000 -3.61843525
0.81400000 -3.59046092
0.81500000 -3.56271226
0.81600000 -3.53518761
0.81700000 -3.50788531
0.81800000 -3.48080369
0.81900000 -3.45394113
0.82000000 -3.42729597
0.82100000 -3.40086658
0.82200000 -3.37465133
0.82300000 -3.34864860
0.82400000 -3.32285677
0.82500000 -3.29727424
0.82600000 -3.27189940
0.82700000 -3.24673067
0.82800000 -3.22176645
0.82900000 -3.19700516
0.83000000 -3.17244524
0.83100000 -3.14808511
0.83200000 -3.12392323
0.83300000 -3.09995804
0.83400000 -3.07618801
0.83500000 -3.05261160
0.83600000 -3.02922729
0.83700000 -3.00603356
0.83800000 -2.98302892
0.83900000 -2.96021185
0.84000000 -2.93758086
0.84100000 -2.91513449
0.84200000 -2.89287125
0.84300000 -2.87078968
0.84400000 -2.84888832
0.84500000 -2.82716573
0.84600000 -2.80562047
0.84700000 -2.78425112
0.84800000 -2.76305624
0.84900000 -2.74203443
0.85000000 -2.72118430
0.85100000 -2.70050443
0.85200000 -2.67999346
0.85300000 -2.65965001
0.85400000 -2.63947271
0.85500000 -2.61946019
0.85600000 -2.59961113
0.85700000 -2.57992417
0.85800000 -2.56039799
0.85900000 -2.54103127
0.86000000 -2.52182269
0.86100000 -2.50277096
0.86200000 -2.48387477
0.86300000 -2.46513286
0.86400000 -2.44654393
0.86500000 -2.42810673
0.86600000 -2.40982000
0.86700000 -2.39168248
0.86800000 -2.37369295
0.86900000 -2.35585018
0.87000000 -2.33815293
0.87100000 -2.32060000
0.87200000 -2.30319019
0.87300000 -2.28592230
0.87400000 -2.26879515
0.87500000 -2.25180756
0.87600000 -2.23495836
0.87700000 -2.21824640
0.87800000 -2.20167053
0.87900000 -2.18522960
0.88000000 -2.16892248
0.88100000 -2.15274806
0.88200000 -2.13670520
0.88300000 -2.12079282
0.88400000 -2.10500981
0.88500000 -2.08935507
0.88600000 -2.07382754
0.88700000 -2.05842614
0.88800000 -2.04314980
0.88900000 -2.02799748
0.89000000 -2.01296812
0.89100000 -1.99806068
0.89200000 -1.98327413
0.89300000 -1.96860746
0.89400000 -1.95405965
0.89500000 -1.93962969
0.89600000 -1.92531659
0.89700000 -1.91111935
0.89800000 -1.89703700
0.89900000 -1.88306855
0.90000000 -1.86921305
0.90100000 -1.85546954
0.90200000 -1.84183707
0.90300000 -1.82831469
0.90400000 -1.81490148
0.90500000 -1.80159649
0.90600000 -1.78839883
0.90700000 -1.77530756
0.90800000 -1.76232180
0.90900000 -1.74944064
0.91000000 -1.73666319
0.91100000 -1.72398858
0.91200000 -1.71141592
0.91300000 -1.69894436
0.91400000 -1.68657302
0.91500000 -1.67430107
0.91600000 -1.66212765
0.91700000 -1.65005193
0.91800000 -1.63807307
0.91900000 -1.62619026
0.92000000 -1.61440267
0.92100000 -1.60270949
0.92200000 -1.59110992
0.92300000 -1.57960316
0.92400000 -1.56818843
0.92500000 -1.55686494
0.92600000 -1.54563191
0.92700000 -1.53448858
0.92800000 -1.52343418
0.92900000 -1.51246795
0.93000000 -1.50158915
0.93100000 -1.49079702
0.93200000 -1.48009084
0.93300000 -1.46946988
0.93400000 -1.45893340
0.93500000 -1.44848069
0.93600000 -1.43811103
0.93700000 -1.42782373
0.93800000 -1.41761807
0.93900000 -1.40749337
0.94000000 -1.39744894
0.94100000 -1.38748410
0.94200000 -1.37759816
0.94300000 -1.36779047
0.94400000 -1.35806034
0.94500000 -1.34840714
0.94600000 -1.33883019
0.94700000 -1.32932887
0.94800000 -1.31990251
0.94900000 -1.31055049
0.95000000 -1.30127218
0.95100000 -1.29206695
0.95200000 -1.28293418
0.95300000 -1.27387326
0.95400000 -1.26488358
0.95500000 -1.25596453
0.95600000 -1.24711552
0.95700000 -1.23833595
0.95800000 -1.22962523
0.95900000 -1.22098279
0.96000000 -1.21240805
0.96100000 -1.20390042
0.96200000 -1.19545935
0.96300000 -1.18708427
0.96400000 -1.17877463
0.96500000 -1.17052986
0.96600000 -1.16234943
0.96700000 -1.15423279
0.96800000 -1.14617940
0.96900000 -1.13818873
0.97000000 -1.13026025
0.97100000 -1.12239343
0.97200000 -1.11458776
0.97300000 -1.10684272
0.97400000 -1.09915779
0.97500000 -1.09153248
0.97600000 -1.08396628
0.97700000 -1.07645869
0.97800000 -1.06900922
0.97900000 -1.06161739
0.98000000 -1.05428270
0.98100000 -1.04700468
0.98200000 -1.03978285
0.98300000 -1.03261674
0.98400000 -1.02550589
0.98500000 -1.01844982
0.98600000 -1.01144809
0.98700000 -1.00450023
0.98800000 -0.99760579
0.98900000 -0.99076434
0.99000000 -0.98397541
0.99100000 -0.97723858
0.99200000 -0.97055340
0.99300000 -0.96391946
0.99400000 -0.95733631
0.99500000 -0.95080354
0.99600000 -0.94432072
0.99700000 -0.93788744
0.99800000 -0.93150328
0.99900000 -0.92516784
1.00000000 -0.91888071
1.00100000 -0.91264149
1.00200000 -0.90644977
1.00300000 -0.90030517
1.00400000 -0.89420729
1.00500000 -0.88815575
1.00600000 -0.88215015
1.00700000 -0.87619012
1.00800000 -0.87027529
1.00900000 -0.86440526
1.01000000 -0.85857968
1.01100000 -0.85279818
1.01200000 -0.84706038
1.01300000 -0.84136594
1.01400000 -0.83571448
1.01500000 -0.83010567
1.01600000 -0.82453913
1.01700000 -0.81901452
1.01800000 -0.81353151
1.01900000 -0.80808974
1.02000000 -0.80268887
1.02100000 -0.79732857
1.02200000 -0.79200851
1.02300000 -0.78672834
1.02400000 -0.78148775
1.02500000 -0.77628641
1.02600000 -0.77112400
1.02700000 -0.76600019
1.02800000 -0.76091467
1.02900000 -0.75586713
1.03000000 -0.75085726
1.03100000 -0.74588473
1.03200000 -0.74094926
1.03300000 -0.73605054
1.03400000 -0.73118826
1.03500000 -0.72636213
1.03600000 -0.72157185
1.03700000 -0.71681713
1.03800000 -0.71209768
1.03900000 -0.70741322
1.04000000 -0.70276345
1.04100000 -0.69814810
1.04200000 -0.69356688
1.04300000 -0.68901952
1.04400000 -0.68450574
1.04500000 -0.68002526
1.04600000 -0.67557783
1.04700000 -0.67116316
1.04800000 -0.66678100
1.04900000 -0.66243109
1.05000000 -0.65811315
1.05100000 -0.65382693
1.05200000 -0.64957217
1.05300000 -0.64534862
1.05400000 -0.64115603
1.05500000 -0.63699415
1.05600000 -0.63286273
1.05700000 -0.62876152
1.05800000 -0.62469028
1.05900000 -0.62064877
1.06000000 -0.61663675
1.06100000 -0.61265398
1.06200000 -0.60870022
1.06300000 -0.60477525
1.06400000 -0.60087884
1.06500000 -0.59701074
1.06600000 -0.59317074
1.06700000 -0.58935862
1.06800000 -0.58557414
1.06900000 -0.58181708
1.07000000 -0.57808723
1.07100000 -0.57438438
1.07200000 -0.57070829
1.07300000 -0.56705877
1.07400000 -0.56343559
1.07500000 -0.55983855
1.07600000 -0.55626744
1.07700000 -0.55272205
1.07800000 -0.54920218
1.07900000 -0.54570763
1.08000000 -0.54223819
1.08100000 -0.53879366
1.08200000 -0.53537385
1.08300000 -0.53197856
1.08400000 -0.52860760
1.08500000 -0.52526077
1.08600000 -0.52193788
1.08700000 -0.51863875
1.08800000 -0.51536318
1.08900000 -0.51211099
1.09000000 -0.50888199
1.09100000 -0.50567600
1.09200000 -0.50249285
1.09300000 -0.49933234
1.09400000 -0.49619431
1.09500000 -0.49307857
1.09600000 -0.48998495
1.09700000 -0.48691327
1.09800000 -0.48386337
1.09900000 -0.48083507
1.10000000 -0.47782820
1.10100000 -0.47484260
1.10200000 -0.47187809
1.10300000 -0.46893452
1.10400000 -0.46601172
1.10500000 -0.46310952
1.10600000 -0.46022777
1.10700000 -0.45736631
1.10800000 -0.45452497
1.10900000 -0.45170360
1.11000000 -0.44890205
1.11100000 -0.44612017
1.11200000 -0.44335778
1.11300000 -0.44061476
1.11400000 -0.43789094
1.11500000 -0.43518618
1.11600000 -0.43250033
1.11700000 -0.42983324
1.11800000 -0.42718476
1.11900000 -0.42455476
1.12000000 -0.42194309
1.12100000 -0.41934961
1.12200000 -0.41677418
1.12300000 -0.41421665
1.12400000 -0.41167690
1.12500000 -0.40915477
1.12600000 -0.40665015
1.12700000 -0.40416289
1.12800000 -0.40169285
1.12900000 -0.39923992
1.13000000 -0.39680394
1.13100000 -0.39438481
1.13200000 -0.39198237
1.13300000 -0.38959652
1.13400000 -0.38722711
1.13500000 -0.38487404
1.13600000 -0.38253716
1.13700000 -0.38021635
1.13800000 -0.37791150
1.13900000 -0.37562248
1.14000000 -0.37334917
1.14100000 -0.37109145
1.14200000 -0.36884920
1.14300000 -0.36662231
1.14400000 -0.36441065
1.14500000 -0.36221411
1.14600000 -0.36003258
1.14700000 -0.35786594
1.14800000 -0.35571408
1.14900000 -0.35357689
1.15000000 -0.35145426
1.15100000 -0.34934607
1.15200000 -0.34725221
1.15300000 -0.34517259
1.15400000 -0.34310708
1.15500000 -0.34105559
1.15600000 -0.33901801
1.15700000 -0.33699423
1.15800000 -0.33498415
1.15900000 -0.33298767
1.16000000 -0.33100468
1.16100000 -0.32903508
1.16200000 -0.32707877
1.16300000 -0.32513566
1.16400000 -0.32320564
1.16500000 -0.32128861
1.16600000 -0.31938448
1.16700000 -0.31749315
1.16800000 -0.31561453
1.16900000 -0.31374852
1.17000000 -0.31189502
1.17100000 -0.31005395
1.17200000 -0.30822520
1.17300000 -0.30640869
1.17400000 -0.30460433
1.17500000 -0.30281203
1.17600000 -0.30103169
1.17700000 -0.29926323
1.17800000 -0.29750656
1.17900000 -0.29576159
1.18000000 -0.29402824
1.18100000 -0.29230641
1.18200000 -0.29059603
1.18300000 -0.28889701
1.18400000 -0.28720926
1.18500000 -0.28553270
1.18600000 -0.28386726
1.18700000 -0.28221284
1.18800000 -0.28056936
1.18900000 -0.27893675
1.19000000 -0.27731492
1.19100000 -0.27570380
1.19200000 -0.27410331
1.19300000 -0.27251336
1.19400000 -0.27093389
1.19500000 -0.26936480
1.19600000 -0.26780604
1.19700000 -0.26625752
1.19800000 -0.26471917
1.19900000 -0.26319091
1.20000000 -0.26167266
1.20100000 -0.26016437
1.20200000 -0.25866594
1.20300000 -0.25717732
1.20400000 -0.25569843
1.20500000 -0.25422920
1.20600000 -0.25276955
1.20700000 -0.25131943
1.20800000 -0.24987875
1.20900000 -0.24844745
1.21000000 -0.24702547
1.21100000 -0.24561273
1.21200000 -0.24420917
1.21300000 -0.24281472
1.21400000 -0.24142932
1.21500000 -0.24005289
1.21600000 -0.23868538
1.21700000 -0.23732672
1.21800000 -0.23597685
1.21900000 -0.23463570
1.22000000 -0.23330322
1.22100000 -0.23197933
1.22200000 -0.23066397
1.22300000 -0.22935710
1.22400000 -0.22805863
1.22500000 -0.22676852
1.22600000 -0.22548670
1.22700000 -0.22421312
1.22800000 -0.22294771
1.22900000 -0.22169042
1.23000000 -0.22044118
1.23100000 -0.21919995
1.23200000 -0.21796666
1.23300000 -0.21674125
1.23400000 -0.21552368
1.23500000 -0.21431388
1.23600000 -0.21311180
1.23700000 -0.21191739
1.23800000 -0.21073058
1.23900000 -0.20955133
1.24000000 -0.20837958
1.24100000 -0.20721528
1.24200000 -0.20605837
1.24300000 -0.20490881
1.24400000 -0.20376654
1.24500000 -0.20263151
1.24600000 -0.20150366
1.24700000 -0.20038296
1.24800000 -0.19926934
1.24900000 -0.19816275
1.25000000 -0.19706316
1.25100000 -0.19597050
1.25200000 -0.19488473
1.25300000 -0.19380580
1.25400000 -0.19273367
1.25500000 -0.19166828
1.25600000 -0.19060958
1.25700000 -0.18955754
1.25800000 -0.18851210
1.25900000 -0.18747321
1.26000000 -0.18644084
1.26100000 -0.18541493
1.26200000 -0.18439545
1.26300000 -0.18338233
1.26400000 -0.18237555
1.26500000 -0.18137506
1.26600000 -0.18038081
1.26700000 -0.17939276
1.26800000 -0.17841086
1.26900000 -0.17743508
1.27000000 -0.17646537
1.27100000 -0.17550169
1.27200000 -0.17454399
1.27300000 -0.17359224
1.27400000 -0.17264639
1.27500000 -0.17170641
1.27600000 -0.17077224
1.27700000 -0.16984386
1.27800000 -0.16892122
1.27900000 -0.16800429
1.28000000 -0.16709301
1.28100000 -0.16618736
1.28200000 -0.16528730
1.28300000 -0.16439278
1.28400000 -0.16350377
1.28500000 -0.16262023
1.28600000 -0.16174212
1.28700000 -0.16086941
1.28800000 -0.16000205
1.28900000 -0.15914002
1.29000000 -0.15828327
1.29100000 -0.15743177
1.29200000 -0.15658549
1.29300000 -0.15574438
1.29400000 -0.15490841
1.29500000 -0.15407755
1.29600000 -0.15325176
1.29700000 -0.15243100
1.29800000 -0.15161525
1.29900000 -0.15080447
1.30000000 -0.14999862
1.30100000 -0.14919768
1.30200000 -0.14840160
1.30300000 -0.14761036
1.30400000 -0.14682391
1.30500000 -0.14604224
1.30600000 -0.14526530
1.30700000 -0.14449307
1.30800000 -0.14372551
1.30900000 -0.14296259
1.31000000 -0.14220429
1.31100000 -0.14145056
1.31200000 -0.14070138
1.31300000 -0.13995671
1.31400000 -0.13921653
1.31500000 -0.13848081
1.31600000 -0.13774952
1.31700000 -0.13702262
1.31800000 -0.13630008
1.31900000 -0.13558189
1.32000000 -0.13486800
1.32100000 -0.13415840
1.32200000 -0.13345304
1.32300000 -0.13275191
1.32400000 -0.13205497
1.32500000 -0.13136219
1.32600000 -0.13067356
1.32700000 -0.12998903
1.32800000 -0.12930859
1.32900000 -0.12863220
1.33000000 -0.12795984
1.33100000 -0.12729149
1.33200000 -0.12662710
1.33300000 -0.12596667
1.33400000 -0.12531016
1.33500000 -0.12465755
1.33600000 -0.12400880
1.33700000 -0.12336390
1.33800000 -0.12272282
1.33900000 -0.12208553
1.34000000 -0.12145202
1.34100000 -0.12082224
1.34200000 -0.12019619
1.34300000 -0.11957383
1.34400000 -0.11895514
1.34500000 -0.11834009
1.34600000 -0.11772867
1.34700000 -0.11712084
1.34800000 -0.11651659
1.34900000 -0.11591589
1.35000000 -0.11531872
1.35100000 -0.11472505
1.35200000 -0.11413486
1.35300000 -0.11354813
1.35400000 -0.11296484
1.35500000 -0.11238495
1.35600000 -0.11180846
1.35700000 -0.11123534
1.35800000 -0.11066556
1.35900000 -0.11009911
1.36000000 -0.10953596
1.36100000 -0.10897609
1.36200000 -0.10841948
1.36300000 -0.10786612
1.36400000 -0.10731596
1.36500000 -0.10676901
1.36600000 -0.10622523
1.36700000 -0.10568460
1.36800000 -0.10514711
1.36900000 -0.10461273
1.37000000 -0.10408145
1.37100000 -0.10355324
1.37200000 -0.10302809
1.37300000 -0.10250596
1.37400000 -0.10198686
1.37500000 -0.10147075
1.37600000 -0.10095761
1.37700000 -0.10044743
1.37800000 -0.09994019
1.37900000 -0.09943587
1.38000000 -0.09893444
1.38100000 -0.09843590
1.38200000 -0.09794022
1.38300000 -0.09744738
1.38400000 -0.09695737
1.38500000 -0.09647017
1.38600000 -0.09598575
1.38700000 -0.09550411
1.38800000 -0.09502522
1.38900000 -0.09454907
1.39000000 -0.09407563
1.39100000 -0.09360490
1.39200000 -0.09313685
1.39300000 -0.09267147
1.39400000 -0.09220874
1.39500000 -0.09174864
1.39600000 -0.09129116
1.39700000 -0.09083628
1.39800000 -0.09038398
1.39900000 -0.08993424
1.40000000 -0.08948706
1.40100000 -0.08904241
1.40200000 -0.08860028
1.40300000 -0.08816065
1.40400000 -0.08772350
1.40500000 -0.08728883
1.40600000 -0.08685661
1.40700000 -0.08642683
1.40800000 -0.08599947
1.40900000 -0.08557453
1.41000000 -0.08515197
1.41100000 -0.08473180
1.41200000 -0.08431398
1.41300000 -0.08389852
1.41400000 -0.08348538
1.41500000 -0.08307457
1.41600000 -0.08266606
1.41700000 -0.08225984
1.41800000 -0.08185590
1.41900000 -0.08145421
1.42000000 -0.08105478
1.42100000 -0.08065757
1.42200000 -0.08026258
1.42300000 -0.07986980
1.42400000 -0.07947921
1.42500000 -0.07909080
1.42600000 -0.07870455
1.42700000 -0.07832045
1.42800000 -0.07793849
1.42900000 -0.07755865
1.43000000 -0.07718092
1.43100000 -0.07680529
1.43200000 -0.07643174
1.43300000 -0.07606027
1.43400000 -0.07569085
1.43500000 -0.07532347
1.43600000 -0.07495813
1.43700000 -0.07459481
1.43800000 -0.07423350
1.43900000 -0.07387418
1.44000000 -0.07351685
1.44100000 -0.07316148
1.44200000 -0.07280808
1.44300000 -0.07245662
1.44400000 -0.07210709
1.44500000 -0.07175948
1.44600000 -0.07141379
1.44700000 -0.07107000
1.44800000 -0.07072809
1.44900000 -0.07038806
1.45000000 -0.07004989
1.45100000 -0.06971357
1.45200000 -0.06937909
1.45300000 -0.06904645
1.45400000 -0.06871562
1.45500000 -0.06838660
1.45600000 -0.06805937
1.45700000 -0.06773394
1.45800000 -0.06741027
1.45900000 -0.06708837
1.46000000 -0.06676822
1.46100000 -0.06644981
1.46200000 -0.06613314
1.46300000 -0.06581818
1.46400000 -0.06550494
1.46500000 -0.06519339
1.46600000 -0.06488354
1.46700000 -0.06457536
1.46800000 -0.06426885
1.46900000 -0.06396401
1.47000000 -0.06366081
1.47100000 -0.06335925
1.47200000 -0.06305931
1.47300000 -0.06276100
1.47400000 -0.06246430
1.47500000 -0.06216919
1.47600000 -0.06187568
1.47700000 -0.06158375
1.47800000 -0.06129338
1.47900000 -0.06100458
1.48000000 -0.06071733
1.48100000 -0.06043162
1.48200000 -0.06014745
1.48300000 -0.05986480
1.48400000 -0.05958366
1.48500000 -0.05930403
1.48600000 -0.05902589
1.48700000 -0.05874925
1.48800000 -0.05847408
1.48900000 -0.05820038
1.49000000 -0.05792814
1.49100000 -0.05765736
1.49200000 -0.05738802
1.49300000 -0.05712011
1.49400000 -0.05685363
1.49500000 -0.05658857
1.49600000 -0.05632492
1.49700000 -0.05606266
1.49800000 -0.05580180
1.49900000 -0.05554233
1.50000000 -0.05528423
1.50100000 -0.05502750
1.50200000 -0.05477213
1.50300000 -0.05451811
1.50400000 -0.05426543
1.50500000 -0.05401409
1.50600000 -0.05376408
1.50700000 -0.05351538
1.50800000 -0.05326800
1.50900000 -0.05302192
1.51000000 -0.05277714
1.51100000 -0.05253365
1.51200000 -0.05229144
1.51300000 -0.05205051
1.51400000 -0.05181084
1.51500000 -0.05157242
1.51600000 -0.05133526
1.51700000 -0.05109935
1.51800000 -0.05086467
1.51900000 -0.05063122
1.52000000 -0.05039899
1.52100000 -0.05016798
1.52200000 -0.04993817
1.52300000 -0.04970957
1.52400000 -0.04948215
1.52500000 -0.04925593
1.52600000 -0.04903089
1.52700000 -0.04880701
1.52800000 -0.04858431
1.52900000 -0.04836276
1.53000000 -0.04814237
1.53100000 -0.04792312
1.53200000 -0.04770501
1.53300000 -0.04748803
1.53400000 -0.04727218
1.53500000 -0.04705745
1.53600000 -0.04684383
1.53700000 -0.04663131
1.53800000 -0.04641990
1.53900000 -0.04620958
1.54000000 -0.04600035
1.54100000 -0.04579220
1.54200000 -0.04558512
1.54300000 -0.04537911
1.54400000 -0.04517416
1.54500000 -0.04497027
1.54600000 -0.04476743
1.54700000 -0.04456563
1.54800000 -0.04436487
1.54900000 -0.04416514
1.55000000 -0.04396643
1.55100000 -0.04376875
1.55200000 -0.04357208
1.55300000 -0.04337642
1.55400000 -0.04318176
1.55500000 -0.04298810
1.55600000 -0.04279543
1.55700000 -0.04260374
1.55800000 -0.04241304
1.55900000 -0.04222330
1.56000000 -0.04203454
1.56100000 -0.04184674
1.56200000 -0.04165989
1.56300000 -0.04147400
1.56400000 -0.04128905
1.56500000 -0.04110505
1.56600000 -0.04092198
1.56700000 -0.04073984
1.56800000 -0.04055862
1.56900000 -0.04037833
1.57000000 -0.04019895
1.57100000 -0.04002048
1.57200000 -0.03984291
1.57300000 -0.03966624
1.57400000 -0.03949047
1.57500000 -0.03931558
1.57600000 -0.03914158
1.57700000 -0.03896845
1.57800000 -0.03879620
1.57900000 -0.03862482
1.58000000 -0.03845431
1.58100000 -0.03828465
1.58200000 -0.03811584
1.58300000 -0.03794789
1.58400000 -0.03778078
1.58500000 -0.03761450
1.58600000 -0.03744907
1.58700000 -0.03728446
1.58800000 -0.03712068
1.58900000 -0.03695772
1.59000000 -0.03679558
1.59100000 -0.03663424
1.59200000 -0.03647372
1.59300000 -0.03631400
1.59400000 -0.03615507
1.59500000 -0.03599694
1.59600000 -0.03583960
1.59700000 -0.03568305
1.59800000 -0.03552727
1.59900000 -0.03537227
1.60000000 -0.03521804
1.60100000 -0.03506458
1.60200000 -0.03491188
1.60300000 -0.03475994
1.60400000 -0.03460876
1.60500000 -0.03445832
1.60600000 -0.03430863
1.60700000 -0.03415969
1.60800000 -0.03401148
1.60900000 -0.03386400
1.61000000 -0.03371726
1.61100000 -0.03357124
1.61200000 -0.03342594
1.61300000 -0.03328136
1.61400000 -0.03313749
1.61500000 -0.03299434
1.61600000 -0.03285188
1.61700000 -0.03271013
1.61800000 -0.03256908
1.61900000 -0.03242872
1.62000000 -0.03228906
1.62100000 -0.03215008
1.62200000 -0.03201178
1.62300000 -0.03187416
1.62400000 -0.03173721
1.62500000 -0.03160094
1.62600000 -0.03146534
1.62700000 -0.03133040
1.62800000 -0.03119612
1.62900000 -0.03106249
1.63000000 -0.03092952
1.63100000 -0.03079720
1.63200000 -0.03066552
1.63300000 -0.03053449
1.63400000 -0.03040410
1.63500000 -0.03027434
1.63600000 -0.03014521
1.63700000 -0.03001672
1.63800000 -0.02988884
1.63900000 -0.02976159
1.64000000 -0.02963496
1.64100000 -0.02950894
1.64200000 -0.02938354
1.64300000 -0.02925874
1.64400000 -0.02913455
1.64500000 -0.02901095
1.64600000 -0.02888796
1.64700000 -0.02876556
1.64800000 -0.02864376
1.64900000 -0.02852254
1.65000000 -0.02840191
1.65100000 -0.02828186
1.65200000 -0.02816239
1.65300000 -0.02804349
1.65400000 -0.02792517
1.65500000 -0.02780742
1.65600000 -0.02769023
1.65700000 -0.02757361
1.65800000 -0.02745755
1.65900000 -0.02734205
1.66000000 -0.02722710
1.66100000 -0.02711270
1.66200000 -0.02699885
1.66300000 -0.02688555
1.66400000 -0.02677278
1.66500000 -0.02666056
1.66600000 -0.02654888
1.66700000 -0.02643773
1.66800000 -0.02632711
1.66900000 -0.02621702
1.67000000 -0.02610745
1.67100000 -0.02599841
1.67200000 -0.02588989
1.67300000 -0.02578188
1.67400000 -0.02567439
1.67500000 -0.02556741
1.67600000 -0.02546094
1.67700000 -0.02535497
1.67800000 -0.02524951
1.67900000 -0.02514455
1.68000000 -0.02504009
1.68100000 -0.02493612
1.68200000 -0.02483264
1.68300000 -0.02472966
1.68400000 -0.02462716
1.68500000 -0.02452515
1.68600000 -0.02442362
1.68700000 -0.02432257
1.68800000 -0.02422199
1.68900000 -0.02412189
1.69000000 -0.02402227
1.69100000 -0.02392311
1.69200000 -0.02382442
1.69300000 -0.02372620
1.69400000 -0.02362843
1.69500000 -0.02353113
1.69600000 -0.02343428
1.69700000 -0.02333789
1.69800000 -0.02324195
1.69900000 -0.02314647
1.70000000 -0.02305143
1.70100000 -0.02295683
1.70200000 -0.02286268
1.70300000 -0.02276897
1.70400000 -0.02267570
1.70500000 -0.02258286
1.70600000 -0.02249046
1.70700000 -0.02239849
1.70800000 -0.02230694
1.70900000 -0.02221583
1.71000000 -0.02212514
1.71100000 -0.02203487
1.71200000 -0.02194502
1.71300000 -0.02185560
1.71400000 -0.02176658
1.71500000 -0.02167798
1.71600000 -0.02158980
1.71700000 -0.02150202
1.71800000 -0.02141465
1.71900000 -0.02132768
1.72000000 -0.02124112
1.72100000 -0.02115496
1.72200000 -0.02106920
1.72300000 -0.02098383
1.72400000 -0.02089886
1.72500000 -0.02081429
1.72600000 -0.02073010
1.72700000 -0.02064630
1.72800000 -0.02056289
1.72900000 -0.02047986
1.73000000 -0.02039722
1.73100000 -0.02031495
1.73200000 -0.02023307
1.73300000 -0.02015156
1.73400000 -0.02007043
1.73500000 -0.01998967
1.73600000 -0.01990928
1.73700000 -0.01982926
1.73800000 -0.01974961
1.73900000 -0.01967032
1.74000000 -0.01959139
1.74100000 -0.01951283
1.74200000 -0.01943463
1.74300000 -0.01935678
1.74400000 -0.01927929
1.74500000 -0.01920216
1.74600000 -0.01912537
1.74700000 -0.01904894
1.74800000 -0.01897286
1.74900000 -0.01889712
1.75000000 -0.01882173
1.75100000 -0.01874668
1.75200000 -0.01867197
1.75300000 -0.01859760
1.75400000 -0.01852357
1.75500000 -0.01844988
1.75600000 -0.01837652
1.75700000 -0.01830350
1.75800000 -0.01823081
1.75900000 -0.01815844
1.76000000 -0.01808641
1.76100000 -0.01801470
1.76200000 -0.01794331
1.76300000 -0.01787225
1.76400000 -0.01780151
1.76500000 -0.01773109
1.76600000 -0.01766098
1.76700000 -0.01759119
1.76800000 -0.01752172
1.76900000 -0.01745256
1.77000000 -0.01738372
1.77100000 -0.01731518
1.77200000 -0.01724695
1.77300000 -0.01717903
1.77400000 -0.01711141
1.77500000 -0.01704410
1.77600000 -0.01697709
1.77700000 -0.01691038
1.77800000 -0.01684397
1.77900000 -0.01677786
1.78000000 -0.01671204
1.78100000 -0.01664652
1.78200000 -0.01658129
1.78300000 -0.01651635
1.78400000 -0.01645171
1.78500000 -0.01638735
1.78600000 -0.01632328
1.78700000 -0.01625950
1.78800000 -0.01619600
1.78900000 -0.01613278
1.79000000 -0.01606984
1.79100000 -0.01600719
1.79200000 -0.01594482
1.79300000 -0.01588272
1.79400000 -0.01582090
1.79500000 -0.01575935
1.79600000 -0.01569807
1.79700000 -0.01563707
1.79800000 -0.01557634
1.79900000 -0.01551588
1.80000000 -0.01545569
1.80100000 -0.01539576
1.80200000 -0.01533610
1.80300000 -0.01527670
1.80400000 -0.01521756
1.80500000 -0.01515869
1.80600000 -0.01510008
1.80700000 -0.01504172
1.80800000 -0.01498362
1.80900000 -0.01492578
1.81000000 -0.01486819
1.81100000 -0.01481086
1.81200000 -0.01475378
1.81300000 -0.01469695
1.81400000 -0.01464037
1.81500000 -0.01458404
1.81600000 -0.01452796
1.81700000 -0.01447212
1.81800000 -0.01441653
1.81900000 -0.01436118
1.82000000 -0.01430608
1.82100000 -0.01425121
1.82200000 -0.01419659
1.82300000 -0.01414220
1.82400000 -0.01408805
1.82500000 -0.01403414
1.82600000 -0.01398047
1.82700000 -0.01392703
1.82800000 -0.01387382
1.82900000 -0.01382085
1.83000000 -0.01376810
1.83100000 -0.01371559
1.83200000 -0.01366330
1.83300000 -0.01361124
1.83400000 -0.01355941
1.83500000 -0.01350781
1.83600000 -0.01345642
1.83700000 -0.01340527
1.83800000 -0.01335433
1.83900000 -0.01330361
1.84000000 -0.01325312
1.84100000 -0.01320284
1.84200000 -0.01315278
1.84300000 -0.01310294
1.84400000 -0.01305331
1.84500000 -0.01300390
1.84600000 -0.01295470
1.84700000 -0.01290571
1.84800000 -0.01285694
1.84900000 -0.01280837
1.85000000 -0.01276002
1.85100000 -0.01271187
1.85200000 -0.01266393
1.85300000 -0.01261620
1.85400000 -0.01256868
1.85500000 -0.01252135
1.85600000 -0.01247423
1.85700000 -0.01242732
1.85800000 -0.01238060
1.85900000 -0.01233409
1.86000000 -0.01228777
1.86100000 -0.01224165
1.86200000 -0.01219574
1.86300000 -0.01215001
1.86400000 -0.01210449
1.86500000 -0.01205915
1.86600000 -0.01201402
1.86700000 -0.01196907
1.86800000 -0.01192432
1.86900000 -0.01187976
1.87000000 -0.01183538
1.87100000 -0.01179120
1.87200000 -0.01174721
1.87300000 -0.01170340
1.87400000 -0.01165978
1.87500000 -0.01161635
1.87600000 -0.01157310
1.87700000 -0.01153003
1.87800000 -0.01148715
1.87900000 -0.01144445
1.88000000 -0.01140193
1.88100000 -0.01135959
1.88200000 -0.01131743
1.88300000 -0.01127544
1.88400000 -0.01123364
1.88500000 -0.01119201
1.88600000 -0.01115056
1.88700000 -0.01110929
1.88800000 -0.01106819
1.88900000 -0.01102726
1.89000000 -0.01098651
1.89100000 -0.01094593
1.89200000 -0.01090551
1.89300000 -0.01086527
1.89400000 -0.01082520
1.89500000 -0.01078530
1.89600000 -0.01074557
1.89700000 -0.01070600
1.89800000 -0.01066660
1.89900000 -0.01062736
1.90000000 -0.01058829
1.90100000 -0.01054939
1.90200000 -0.01051064
1.90300000 -0.01047206
1.90400000 -0.01043364
1.90500000 -0.01039539
1.90600000 -0.01035729
1.90700000 -0.01031935
1.90800000 -0.01028157
1.90900000 -0.01024395
1.91000000 -0.01020648
1.91100000 -0.01016917
1.91200000 -0.01013202
1.91300000 -0.01009502
1.91400000 -0.01005818
1.91500000 -0.01002149
1.91600000 -0.00998495
1.91700000 -0.00994857
1.91800000 -0.00991234
1.91900000 -0.00987625
1.92000000 -0.00984032
1.92100000 -0.00980454
1.92200000 -0.00976890
1.92300000 -0.00973342
1.92400000 -0.00969808
1.92500000 -0.00966288
1.92600000 -0.00962784
1.92700000 -0.00959293
1.92800000 -0.00955818
1.92900000 -0.00952356
1.93000000 -0.00948909
1.93100000 -0.00945476
1.93200000 -0.00942058
1.93300000 -0.00938653
1.93400000 -0.00935263
1.93500000 -0.00931886
1.93600000 -0.00928524
1.93700000 -0.00925175
1.93800000 -0.00921840
1.93900000 -0.00918519
1.94000000 -0.00915211
1.94100000 -0.00911917
1.94200000 -0.00908637
1.94300000 -0.00905370
1.94400000 -0.00902116
1.94500000 -0.00898876
1.94600000 -0.00895649
1.94700000 -0.00892436
1.94800000 -0.00889235
1.94900000 -0.00886048
1.95000000 -0.00882874
1.95100000 -0.00879712
1.95200000 -0.00876564
1.95300000 -0.00873428
1.95400000 -0.00870306
1.95500000 -0.00867196
1.95600000 -0.00864098
1.95700000 -0.00861014
1.95800000 -0.00857942
1.95900000 -0.00854882
1.96000000 -0.00851835
1.96100000 -0.00848800
1.96200000 -0.00845778
1.96300000 -0.00842768
1.96400000 -0.00839770
1.96500000 -0.00836784
1.96600000 -0.00833811
1.96700000 -0.00830849
1.96800000 -0.00827900
1.96900000 -0.00824962
1.97000000 -0.00822037
1.97100000 -0.00819123
1.97200000 -0.00816221
1.97300000 -0.00813331
1.97400000 -0.00810452
1.97500000 -0.00807585
1.97600000 -0.00804730
1.97700000 -0.00801886
1.97800000 -0.00799054
1.97900000 -0.00796233
1.98000000 -0.00793423
1.98100000 -0.00790625
1.98200000 -0.00787838
1.98300000 -0.00785063
1.98400000 -0.00782298
1.98500000 -0.00779545
1.98600000 -0.00776802
1.98700000 -0.00774071
1.98800000 -0.00771351
1.98900000 -0.00768641
1.99000000 -0.00765943
1.99100000 -0.00763255
1.99200000 -0.00760578
1.99300000 -0.00757912
1.99400000 -0.00755256
1.99500000 -0.00752611
1.99600000 -0.00749977
1.99700000 -0.00747353
1.99800000 -0.00744739
1.99900000 -0.00742136
2.00000000 -0.00739544
