0.10000000 293777805482.53314209
0.10100000 258131036380.21685791
0.10200000 227098835706.28994751
0.10300000 200047085429.18811035
0.10400000 176433763546.82931519
0.10500000 155794861551.67843628
0.10600000 137732561439.85577393
0.10700000 121905292989.58831787
0.10800000 108019358456.03225708
0.10900000 95821866144.21739197
0.11000000 85094758821.40109253
0.11100000 75649759456.64598083
0.11200000 67324086812.74072266
0.11300000 59976818161.20191193
0.11400000 53485796813.48108673
0.11500000 47744999045.32342529
0.11600000 42662288973.51356506
0.11700000 38157501543.10268402
0.11800000 34160803420.81367111
0.11900000 30611289611.29253769
0.12000000 27455780299.03507996
0.12100000 24647788001.03527832
0.12200000 22146629782.92469025
0.12300000 19916663200.32476807
0.12400000 17926627905.53482819
0.12500000 16149077613.26355934
0.12600000 14559889435.22892952
0.12700000 13137839544.35746002
0.12800000 11864235774.88725281
0.12900000 10722599154.60913849
0.13000000 9698387541.06488991
0.13100000 8778755529.13535881
0.13200000 7952345641.74808693
0.13300000 7209106532.33176422
0.13400000 6540134537.13844681
0.13500000 5937535434.38067055
0.13600000 5394303709.31924248
0.13700000 4904217001.76462746
0.13800000 4461743734.81799889
0.13900000 4061962199.40659332
0.14000000 3700489605.28110933
0.14100000 3373419811.56237936
0.14200000 3077268623.65339422
0.14300000 2808925692.60233068
0.14400000 2565612181.39607096
0.14500000 2344843473.21980143
0.14600000 2144396292.01589608
0.14700000 1962279687.90591502
0.14800000 1796709411.06808019
0.14900000 1646085259.07732582
0.15000000 1508971035.87039137
0.15100000 1384076806.55058908
0.15200000 1270243172.18398356
0.15300000 1166427323.40600300
0.15400000 1071690661.77883780
0.15500000 985187804.03610849
0.15600000 906156807.15447605
0.15700000 833910472.06001449
0.15800000 767828601.10328388
0.15900000 707351099.55998433
0.16000000 651971824.62548149
0.16100000 601233096.92297268
0.16200000 554720799.65381181
0.16300000 512059999.37216997
0.16400000 472911030.12705004
0.16500000 436965989.52321064
0.16600000 403945601.23045236
0.16700000 373596403.72355288
0.16800000 345688229.65449053
0.16900000 320011944.32404947
0.17000000 296377415.30063522
0.17100000 274611688.39034224
0.17200000 254557347.94644874
0.17300000 236071041.96424341
0.17400000 219022154.57828960
0.17500000 203291610.49871972
0.17600000 188770797.62128526
0.17700000 175360595.54931867
0.17800000 162970499.09770632
0.17900000 151517827.02982521
0.18000000 140927007.32602230
0.18100000 131128931.21226472
0.18200000 122060369.00382322
0.18300000 113663441.55333622
0.18400000 105885141.74596177
0.18500000 98676901.06589349
0.18600000 91994196.77651510
0.18700000 85796195.71814077
0.18800000 80045431.13901463
0.18900000 74707509.34265770
0.19000000 69750843.26272172
0.19100000 65146410.36962956
0.19200000 60867532.57533247
0.19300000 56889676.03692538
0.19400000 53190268.96967630
0.19500000 49748535.76792850
0.19600000 46545345.90071686
0.19700000 43563076.19991037
0.19800000 40785485.29413228
0.19900000 38197599.06328177
0.20000000 35785606.09766645
0.20100000 33536762.24386972
0.20200000 31439303.40769120
0.20300000 29482365.86385328
0.20400000 27655913.39359063
0.20500000 25950670.63555769
0.20600000 24358062.09344061
0.20700000 22870156.29589943
0.20800000 21479614.65158271
0.20900000 20179644.58447348
0.21000000 18963956.57320967
0.21100000 17826724.75269466
0.21200000 16762550.76764663
0.21300000 15766430.59606609
0.21400000 14833724.08622799
0.21500000 13960126.97399848
0.21600000 13141645.16827608
0.21700000 12374571.11138115
0.21800000 11655462.03845804
0.21900000 10981119.97558693
0.22000000 10348573.33048273
0.22100000 9755059.94252768
0.22200000 9198011.47056870
0.22300000 8675039.00752362
0.22400000 8183919.82048544
0.22500000 7722585.12378178
0.22600000 7289108.80042157
0.22700000 6881696.99461759
0.22800000 6498678.50467881
0.22900000 6138495.91158180
0.23000000 5799697.38401102
0.23100000 5480929.10565256
0.23200000 5180928.27508036
0.23300000 4898516.63272817
0.23400000 4632594.47323162
0.23500000 4382135.10488534
0.23600000 4146179.72112081
0.23700000 3923832.65179801
0.23800000 3714256.96474302
0.23900000 3516670.39037673
0.24000000 3330341.54448678
0.24100000 3154586.42621451
0.24200000 2988765.17017684
0.24300000 2832279.03333612
0.24400000 2684567.59878107
0.24500000 2545106.18000329
0.24600000 2413403.41055564
0.24700000 2288999.00517392
0.24800000 2171461.67953839
0.24900000 2060387.21685738
0.25000000 1955396.67037833
0.25100000 1856134.69177911
0.25200000 1762267.97617111
0.25300000 1673483.81516115
0.25400000 1589488.75007717
0.25500000 1510007.31806720
0.25600000 1434780.88433775
0.25700000 1363566.55430972
0.25800000 1296136.15994090
0.25900000 1232275.31489855
0.26000000 1171782.53366467
0.26100000 1114468.41002522
0.26200000 1060154.85073388
0.26300000 1008674.36045354
0.26400000 959869.37436782
0.26500000 913591.63512060
0.26600000 869701.61098763
0.26700000 828067.95241085
0.26800000 788566.98423544
0.26900000 751082.23118318
0.27000000 715503.97427430
0.27100000 681728.83607515
0.27200000 649659.39280178
0.27300000 619203.81145055
0.27400000 590275.51025781
0.27500000 562792.84091110
0.27600000 536678.79104665
0.27700000 511860.70567103
0.27800000 488270.02624117
0.27900000 465842.04622536
0.28000000 444515.68205057
0.28100000 424233.25841728
0.28200000 404940.30703418
0.28300000 386585.37789033
0.28400000 369119.86224340
0.28500000 352497.82655908
0.28600000 336675.85668893
0.28700000 321612.91162285
0.28800000 307270.18619738
0.28900000 293610.98218284
0.29000000 280600.58721171
0.29100000 268206.16104634
0.29200000 256396.62871817
0.29300000 245142.58010174
0.29400000 234416.17551592
0.29500000 224191.05697185
0.29600000 214442.26471232
0.29700000 205146.15871079
0.29800000 196280.34481993
0.29900000 187823.60528015
0.30000000 179755.83331720
0.30100000 172057.97157593
0.30200000 164711.95415328
0.30300000 157700.65200947
0.30400000 151007.82154999
0.30500000 144618.05618484
0.30600000 138516.74068367
0.30700000 132690.00815693
0.30800000 127124.69950427
0.30900000 121808.32518125
0.31000000 116729.02914491
0.31100000 111875.55484769
0.31200000 107237.21315713
0.31300000 102803.85208679
0.31400000 98565.82823066
0.31500000 94513.97980033
0.31600000 90639.60117025
0.31700000 86934.41884234
0.31800000 83390.56874674
0.31900000 80000.57480056
0.32000000 76757.32865118
0.32100000 73654.07053545
0.32200000 70684.37118988
0.32300000 67842.11475137
0.32400000 65121.48259117
0.32500000 62516.93802867
0.32600000 60023.21187459
0.32700000 57635.28875617
0.32800000 55348.39417993
0.32900000 53157.98229015
0.33000000 51059.72428364
0.33100000 49049.49744385
0.33200000 47123.37475946
0.33300000 45277.61509473
0.33400000 43508.65388063
0.33500000 41813.09429785
0.33600000 40187.69892431
0.33700000 38629.38182143
0.33800000 37135.20103480
0.33900000 35702.35148666
0.34000000 34328.15823842
0.34100000 33010.07010308
0.34200000 31745.65358835
0.34300000 30532.58715262
0.34400000 29368.65575652
0.34500000 28251.74569431
0.34600000 27179.83968988
0.34700000 26151.01224303
0.34800000 25163.42521280
0.34900000 24215.32362487
0.35000000 23305.03169138
0.35100000 22430.94903155
0.35200000 21591.54708265
0.35300000 20785.36569116
0.35400000 20011.00987459
0.35500000 19267.14674501
0.35600000 18552.50258572
0.35700000 17865.86007320
0.35800000 17206.05563649
0.35900000 16571.97694713
0.36000000 15962.56053266
0.36100000 15376.78950735
0.36200000 14813.69141417
0.36300000 14272.33617215
0.36400000 13751.83412373
0.36500000 13251.33417714
0.36600000 12770.02203865
0.36700000 12307.11853041
0.36800000 11861.87798937
0.36900000 11433.58674312
0.37000000 11021.56165890
0.37100000 10625.14876204
0.37200000 10243.72192022
0.37300000 9876.68159047
0.37400000 9523.45362551
0.37500000 9183.48813668
0.37600000 8856.25841059
0.37700000 8541.25987666
0.37800000 8238.00912333
0.37900000 7946.04296022
0.38000000 7664.91752423
0.38100000 7394.20742721
0.38200000 7133.50494338
0.38300000 6882.41923433
0.38400000 6640.57560992
0.38500000 6407.61482332
0.38600000 6183.19239843
0.38700000 5966.97798827
0.38800000 5758.65476263
0.38900000 5557.91882386
0.39000000 5364.47864914
0.39100000 5178.05455821
0.39200000 4998.37820513
0.39300000 4825.19209318
0.39400000 4658.24911150
0.39500000 4497.31209267
0.39600000 4342.15339017
0.39700000 4192.55447473
0.39800000 4048.30554870
0.39900000 3909.20517768
0.40000000 3775.05993848
0.40100000 3645.68408273
0.40200000 3520.89921532
0.40300000 3400.53398713
0.40400000 3284.42380121
0.40500000 3172.41053192
0.40600000 3064.34225638
0.40700000 2960.07299762
0.40800000 2859.46247900
0.40900000 2762.37588929
0.41000000 2668.68365794
0.41100000 2578.26124009
0.41200000 2490.98891090
0.41300000 2406.75156875
0.41400000 2325.43854683
0.41500000 2246.94343294
0.41600000 2171.16389688
0.41700000 2098.00152534
0.41800000 2027.36166372
0.41900000 1959.15326473
0.42000000 1893.28874343
0.42100000 1829.68383835
0.42200000 1768.25747857
0.42300000 1708.93165625
0.42400000 1651.63130471
0.42500000 1596.28418146
0.42600000 1542.82075622
0.42700000 1491.17410361
0.42800000 1441.27980025
0.42900000 1393.07582622
0.43000000 1346.50247054
0.43100000 1301.50224062
0.43200000 1258.01977541
0.43300000 1216.00176216
0.43400000 1175.39685653
0.43500000 1136.15560612
0.43600000 1098.23037696
0.43700000 1061.57528316
0.43800000 1026.14611930
0.43900000 991.90029566
0.44000000 958.79677602
0.44100000 926.79601804
0.44200000 895.85991598
0.44300000 865.95174577
0.44400000 837.03611229
0.44500000 809.07889878
0.44600000 782.04721821
0.44700000 755.90936670
0.44800000 730.63477869
0.44900000 706.19398398
0.45000000 682.55856644
0.45100000 659.70112434
0.45200000 637.59523230
0.45300000 616.21540468
0.45400000 595.53706048
0.45500000 575.53648954
0.45600000 556.19082017
0.45700000 537.47798793
0.45800000 519.37670574
0.45900000 501.86643507
0.46000000 484.92735829
0.46100000 468.54035212
0.46200000 452.68696203
0.46300000 437.34937772
0.46400000 422.51040950
0.46500000 408.15346556
0.46600000 394.26253017
0.46700000 380.82214267
0.46800000 367.81737727
0.46900000 355.23382366
0.47000000 343.05756834
0.47100000 331.27517659
0.47200000 319.87367526
0.47300000 308.84053610
0.47400000 298.16365978
0.47500000 287.83136048
0.47600000 277.83235108
0.47700000 268.15572892
0.47800000 258.79096205
0.47900000 249.72787605
0.48000000 240.95664129
0.48100000 232.46776071
0.48200000 224.25205802
0.48300000 216.30066640
0.48400000 208.60501751
0.48500000 201.15683100
0.48600000 193.94810442
0.48700000 186.97110339
0.48800000 180.21835225
0.48900000 173.68262503
0.49000000 167.35693665
0.49100000 161.23453460
0.49200000 155.30889082
0.49300000 149.57369389
0.49400000 144.02284153
0.49500000 138.65043336
0.49600000 133.45076392
0.49700000 128.41831593
0.49800000 123.54775386
0.49900000 118.83391760
0.50000000 114.27181652
0.50100000 109.85662362
0.50200000 105.58366992
0.50300000 101.44843911
0.50400000 97.44656230
0.50500000 93.57381305
0.50600000 89.82610247
0.50700000 86.19947460
0.50800000 82.69010189
0.50900000 79.29428089
0.51000000 76.00842799
0.51100000 72.82907547
0.51200000 69.75286751
0.51300000 66.77655652
0.51400000 63.89699944
0.51500000 61.11115429
0.51600000 58.41607675
0.51700000 55.80891694
0.51800000 53.28691622
0.51900000 50.84740422
0.52000000 48.48779585
0.52100000 46.20558852
0.52200000 43.99835937
0.52300000 41.86376264
0.52400000 39.79952714
0.52500000 37.80345379
0.52600000 35.87341322
0.52700000 34.00734353
0.52800000 32.20324802
0.52900000 30.45919308
0.53000000 28.77330614
0.53100000 27.14377364
0.53200000 25.56883915
0.53300000 24.04680147
0.53400000 22.57601284
0.53500000 21.15487723
0.53600000 19.78184862
0.53700000 18.45542944
0.53800000 17.17416894
0.53900000 15.93666171
0.54000000 14.74154623
0.54100000 13.58750342
0.54200000 12.47325531
0.54300000 11.39756370
0.54400000 10.35922889
0.54500000 9.35708844
0.54600000 8.39001600
0.54700000 7.45692014
0.54800000 6.55674322
0.54900000 5.68846036
0.55000000 4.85107835
0.55100000 4.04363466
0.55200000 3.26519650
0.55300000 2.51485983
0.55400000 1.79174845
0.55500000 1.09501317
0.55600000 0.42383091
0.55700000 -0.22259611
0.55800000 -0.84504115
0.55900000 -1.44425375
0.56000000 -2.02096045
0.56100000 -2.57586552
0.56200000 -3.10965168
0.56300000 -3.62298072
0.56400000 -4.11649421
0.56500000 -4.59081412
0.56600000 -5.04654338
0.56700000 -5.48426656
0.56800000 -5.90455035
0.56900000 -6.30794420
0.57000000 -6.69498079
0.57100000 -7.06617658
0.57200000 -7.42203231
0.57300000 -7.76303348
0.57400000 -8.08965084
0.57500000 -8.40234081
0.57600000 -8.70154594
0.57700000 -8.98769535
0.57800000 -9.26120514
0.57900000 -9.52247876
0.58000000 -9.77190744
0.58100000 -10.00987053
0.58200000 -10.23673589
0.58300000 -10.45286023
0.58400000 -10.65858944
0.58500000 -10.85425895
0.58600000 -11.04019402
0.58700000 -11.21671006
0.58800000 -11.38411294
0.58900000 -11.54269928
0.59000000 -11.69275669
0.59100000 -11.83456412
0.59200000 -11.96839205
0.59300000 -12.09450278
0.59400000 -12.21315069
0.59500000 -12.32458245
0.59600000 -12.42903726
0.59700000 -12.52674711
0.59800000 -12.61793695
0.59900000 -12.70282492
0.60000000 -12.78162257
0.60100000 -12.85453505
0.60200000 -12.92176128
0.60300000 -12.98349418
0.60400000 -13.03992080
0.60500000 -13.09122255
0.60600000 -13.13757533
0.60700000 -13.17914971
0.60800000 -13.21611108
0.60900000 -13.24861981
0.61000000 -13.27683143
0.61100000 -13.30089671
0.61200000 -13.32096187
0.61300000 -13.33716867
0.61400000 -13.34965455
0.61500000 -13.35855279
0.61600000 -13.36399260
0.61700000 -13.36609924
0.61800000 -13.36499417
0.61900000 -13.36079514
0.62000000 -13.35361629
0.62100000 -13.34356828
0.62200000 -13.33075838
0.62300000 -13.31529059
0.62400000 -13.29726571
0.62500000 -13.27678144
0.62600000 -13.25393248
0.62700000 -13.22881064
0.62800000 -13.20150488
0.62900000 -13.17210142
0.63000000 -13.14068384
0.63100000 -13.10733310
0.63200000 -13.07212769
0.63300000 -13.03514365
0.63400000 -12.99645467
0.63500000 -12.95613213
0.63600000 -12.91424521
0.63700000 -12.87086093
0.63800000 -12.82604419
0.63900000 -12.77985791
0.64000000 -12.73236298
0.64100000 -12.68361843
0.64200000 -12.63368139
0.64300000 -12.58260722
0.64400000 -12.53044951
0.64500000 -12.47726016
0.64600000 -12.42308944
0.64700000 -12.36798600
0.64800000 -12.31199693
0.64900000 -12.25516785
0.65000000 -12.19754290
0.65100000 -12.13916478
0.65200000 -12.08007486
0.65300000 -12.02031314
0.65400000 -11.95991833
0.65500000 -11.89892790
0.65600000 -11.83737807
0.65700000 -11.77530391
0.65800000 -11.71273931
0.65900000 -11.64971707
0.66000000 -11.58626889
0.66100000 -11.52242541
0.66200000 -11.45821629
0.66300000 -11.39367017
0.66400000 -11.32881473
0.66500000 -11.26367673
0.66600000 -11.19828201
0.66700000 -11.13265557
0.66800000 -11.06682151
0.66900000 -11.00080315
0.67000000 -10.93462297
0.67100000 -10.86830269
0.67200000 -10.80186329
0.67300000 -10.73532500
0.67400000 -10.66870733
0.67500000 -10.60202913
0.67600000 -10.53530857
0.67700000 -10.46856315
0.67800000 -10.40180978
0.67900000 -10.33506473
0.68000000 -10.26834369
0.68100000 -10.20166178
0.68200000 -10.13503355
0.68300000 -10.06847302
0.68400000 -10.00199369
0.68500000 -9.93560854
0.68600000 -9.86933005
0.68700000 -9.80317026
0.68800000 -9.73714071
0.68900000 -9.67125249
0.69000000 -9.60551629
0.69100000 -9.53994233
0.69200000 -9.47454047
0.69300000 -9.40932012
0.69400000 -9.34429035
0.69500000 -9.27945984
0.69600000 -9.21483689
0.69700000 -9.15042948
0.69800000 -9.08624523
0.69900000 -9.02229144
0.70000000 -8.95857508
0.70100000 -8.89510283
0.70200000 -8.83188104
0.70300000 -8.76891580
0.70400000 -8.70621290
0.70500000 -8.64377786
0.70600000 -8.58161594
0.70700000 -8.51973214
0.70800000 -8.45813121
0.70900000 -8.39681767
0.71000000 -8.33579581
0.71100000 -8.27506966
0.71200000 -8.21464308
0.71300000 -8.15451969
0.71400000 -8.09470290
0.71500000 -8.03519595
0.71600000 -7.97600187
0.71700000 -7.91712349
0.71800000 -7.85856350
0.71900000 -7.80032438
0.72000000 -7.74240846
0.72100000 -7.68481790
0.72200000 -7.62755472
0.72300000 -7.57062075
0.72400000 -7.51401772
0.72500000 -7.45774719
0.72600000 -7.40181058
0.72700000 -7.34620919
0.72800000 -7.29094419
0.72900000 -7.23601662
0.73000000 -7.18142741
0.73100000 -7.12717736
0.73200000 -7.07326717
0.73300000 -7.01969742
0.73400000 -6.96646861
0.73500000 -6.91358112
0.73600000 -6.86103523
0.73700000 -6.80883113
0.73800000 -6.75696894
0.73900000 -6.70544866
0.74000000 -6.65427023
0.74100000 -6.60343350
0.74200000 -6.55293825
0.74300000 -6.50278417
0.74400000 -6.45297089
0.74500000 -6.40349796
0.74600000 -6.35436488
0.74700000 -6.30557107
0.74800000 -6.25711589
0.74900000 -6.20899865
0.75000000 -6.16121860
0.75100000 -6.11377492
0.75200000 -6.06666676
0.75300000 -6.01989320
0.75400000 -5.97345328
0.75500000 -5.92734599
0.75600000 -5.88157028
0.75700000 -5.83612506
0.75800000 -5.79100918
0.75900000 -5.74622148
0.76000000 -5.70176073
0.76100000 -5.65762569
0.76200000 -5.61381508
0.76300000 -5.57032758
0.76400000 -5.52716183
0.76500000 -5.48431646
0.76600000 -5.44179006
0.76700000 -5.39958121
0.76800000 -5.35768843
0.76900000 -5.31611024
0.77000000 -5.27484514
0.77100000 -5.23389160
0.77200000 -5.19324806
0.77300000 -5.15291296
0.77400000 -5.11288470
0.77500000 -5.07316168
0.77600000 -5.03374228
0.77700000 -4.99462485
0.77800000 -4.95580774
0.77900000 -4.91728929
0.78000000 -4.87906781
0.78100000 -4.84114161
0.78200000 -4.80350899
0.78300000 -4.76616823
0.78400000 -4.72911762
0.78500000 -4.69235541
0.78600000 -4.65587987
0.78700000 -4.61968926
0.78800000 -4.58378181
0.78900000 -4.54815577
0.79000000 -4.51280937
0.79100000 -4.47774085
0.79200000 -4.44294843
0.79300000 -4.40843033
0.79400000 -4.37418477
0.79500000 -4.34020997
0.79600000 -4.30650415
0.79700000 -4.27306552
0.79800000 -4.23989230
0.79900000 -4.20698269
0.80000000 -4.17433492
0.80100000 -4.14194719
0.80200000 -4.10981772
0.80300000 -4.07794472
0.80400000 -4.04632642
0.80500000 -4.01496103
0.80600000 -3.98384678
0.80700000 -3.95298190
0.80800000 -3.92236460
0.80900000 -3.89199312
0.81000000 -3.86186571
0.81100000 -3.83198059
0.81200000 -3.80233602
0.81300000 -3.77293023
0.81400000 -3.74376150
0.81500000 -3.71482807
0.81600000 -3.68612820
0.81700000 -3.65766018
0.81800000 -3.62942228
0.81900000 -3.60141277
0.82000000 -3.57362995
0.82100000 -3.54607212
0.82200000 -3.51873756
0.82300000 -3.49162461
0.82400000 -3.46473155
0.82500000 -3.43805674
0.82600000 -3.41159848
0.82700000 -3.38535512
0.82800000 -3.35932501
0.82900000 -3.33350650
0.83000000 -3.30789795
0.83100000 -3.28249773
0.83200000 -3.25730422
0.83300000 -3.23231580
0.83400000 -3.20753087
0.83500000 -3.18294783
0.83600000 -3.15856508
0.83700000 -3.13438107
0.83800000 -3.11039420
0.83900000 -3.08660291
0.84000000 -3.06300566
0.84100000 -3.03960091
0.84200000 -3.01638710
0.84300000 -2.99336272
0.84400000 -2.97052625
0.84500000 -2.94787618
0.84600000 -2.92541101
0.84700000 -2.90312925
0.84800000 -2.88102943
0.84900000 -2.85911006
0.85000000 -2.83736969
0.85100000 -2.81580687
0.85200000 -2.79442015
0.85300000 -2.77320810
0.85400000 -2.75216929
0.85500000 -2.73130232
0.85600000 -2.71060576
0.85700000 -2.69007824
0.85800000 -2.66971836
0.85900000 -2.64952474
0.86000000 -2.62949602
0.86100000 -2.60963084
0.86200000 -2.58992785
0.86300000 -2.57038572
0.86400000 -2.55100311
0.86500000 -2.53177870
0.86600000 -2.51271119
0.86700000 -2.49379926
0.86800000 -2.47504164
0.86900000 -2.45643704
0.87000000 -2.43798418
0.87100000 -2.41968180
0.87200000 -2.40152865
0.87300000 -2.38352348
0.87400000 -2.36566505
0.87500000 -2.34795215
0.87600000 -2.33038355
0.87700000 -2.31295805
0.87800000 -2.29567444
0.87900000 -2.27853154
0.88000000 -2.26152816
0.88100000 -2.24466314
0.88200000 -2.22793531
0.88300000 -2.21134352
0.88400000 -2.19488663
0.88500000 -2.17856349
0.88600000 -2.16237299
0.88700000 -2.14631400
0.88800000 -2.13038541
0.88900000 -2.11458614
0.89000000 -2.09891507
0.89100000 -2.08337113
0.89200000 -2.06795325
0.89300000 -2.05266037
0.89400000 -2.03749141
0.89500000 -2.02244534
0.89600000 -2.00752112
0.89700000 -1.99271770
0.89800000 -1.97803408
0.89900000 -1.96346923
0.90000000 -1.94902215
0.90100000 -1.93469184
0.90200000 -1.92047730
0.90300000 -1.90637757
0.90400000 -1.89239165
0.90500000 -1.87851859
0.90600000 -1.86475743
0.90700000 -1.85110721
0.90800000 -1.83756700
0.90900000 -1.82413585
0.91000000 -1.81081285
0.91100000 -1.79759708
0.91200000 -1.78448761
0.91300000 -1.77148355
0.91400000 -1.75858401
0.91500000 -1.74578808
0.91600000 -1.73309490
0.91700000 -1.72050359
0.91800000 -1.70801327
0.91900000 -1.69562310
0.92000000 -1.68333222
0.92100000 -1.67113978
0.92200000 -1.65904495
0.92300000 -1.64704689
0.92400000 -1.63514479
0.92500000 -1.62333782
0.92600000 -1.61162518
0.92700000 -1.60000607
0.92800000 -1.58847968
0.92900000 -1.57704523
0.93000000 -1.56570194
0.93100000 -1.55444903
0.93200000 -1.54328573
0.93300000 -1.53221129
0.93400000 -1.52122494
0.93500000 -1.51032593
0.93600000 -1.49951353
0.93700000 -1.48878699
0.93800000 -1.47814559
0.93900000 -1.46758860
0.94000000 -1.45711530
0.94100000 -1.44672499
0.94200000 -1.43641696
0.94300000 -1.42619051
0.94400000 -1.41604494
0.94500000 -1.40597958
0.94600000 -1.39599373
0.94700000 -1.38608673
0.94800000 -1.37625790
0.94900000 -1.36650658
0.95000000 -1.35683212
0.95100000 -1.34723385
0.95200000 -1.33771115
0.95300000 -1.32826335
0.95400000 -1.31888984
0.95500000 -1.30958998
0.95600000 -1.30036315
0.95700000 -1.29120872
0.95800000 -1.28212609
0.95900000 -1.27311464
0.96000000 -1.26417378
0.96100000 -1.25530291
0.96200000 -1.24650144
0.96300000 -1.23776877
0.96400000 -1.22910433
0.96500000 -1.22050754
0.96600000 -1.21197784
0.96700000 -1.20351464
0.96800000 -1.19511740
0.96900000 -1.18678556
0.97000000 -1.17851855
0.97100000 -1.17031585
0.97200000 -1.16217690
0.97300000 -1.15410117
0.97400000 -1.14608812
0.97500000 -1.13813723
0.97600000 -1.13024798
0.97700000 -1.12241985
0.97800000 -1.11465231
0.97900000 -1.10694487
0.98000000 -1.09929702
0.98100000 -1.09170825
0.98200000 -1.08417807
0.98300000 -1.07670600
0.98400000 -1.06929153
0.98500000 -1.06193420
0.98600000 -1.05463351
0.98700000 -1.04738900
0.98800000 -1.04020020
0.98900000 -1.03306663
0.99000000 -1.02598784
0.99100000 -1.01896337
0.99200000 -1.01199276
0.99300000 -1.00507557
0.99400000 -0.99821134
0.99500000 -0.99139964
0.99600000 -0.98464003
0.99700000 -0.97793207
0.99800000 -0.97127533
0.99900000 -0.96466939
1.00000000 -0.95811382
1.00100000 -0.95160820
1.00200000 -0.94515212
1.00300000 -0.93874517
1.00400000 -0.93238693
1.00500000 -0.92607701
1.00600000 -0.91981499
1.00700000 -0.91360049
1.00800000 -0.90743311
1.00900000 -0.90131245
1.01000000 -0.89523814
1.01100000 -0.88920979
1.01200000 -0.88322701
1.01300000 -0.87728943
1.01400000 -0.87139668
1.01500000 -0.86554838
1.01600000 -0.85974417
1.01700000 -0.85398368
1.01800000 -0.84826656
1.01900000 -0.84259245
1.02000000 -0.83696098
1.02100000 -0.83137181
1.02200000 -0.82582460
1.02300000 -0.82031899
1.02400000 -0.81485465
1.02500000 -0.80943123
1.02600000 -0.80404840
1.02700000 -0.79870582
1.02800000 -0.79340317
1.02900000 -0.78814011
1.03000000 -0.78291633
1.03100000 -0.77773150
1.03200000 -0.77258530
1.03300000 -0.76747741
1.03400000 -0.76240753
1.03500000 -0.75737534
1.03600000 -0.75238054
1.03700000 -0.74742281
1.03800000 -0.74250185
1.03900000 -0.73761738
1.04000000 -0.73276908
1.04100000 -0.72795667
1.04200000 -0.72317985
1.04300000 -0.71843833
1.04400000 -0.71373182
1.04500000 -0.70906005
1.04600000 -0.70442273
1.04700000 -0.69981957
1.04800000 -0.69525031
1.04900000 -0.69071466
1.05000000 -0.68621236
1.05100000 -0.68174313
1.05200000 -0.67730671
1.05300000 -0.67290283
1.05400000 -0.66853124
1.05500000 -0.66419165
1.05600000 -0.65988383
1.05700000 -0.65560752
1.05800000 -0.65136245
1.05900000 -0.64714838
1.06000000 -0.64296506
1.06100000 -0.63881224
1.06200000 -0.63468967
1.06300000 -0.63059712
1.06400000 -0.62653434
1.06500000 -0.62250109
1.06600000 -0.61849713
1.06700000 -0.61452224
1.06800000 -0.61057618
1.06900000 -0.60665871
1.07000000 -0.60276961
1.07100000 -0.59890865
1.07200000 -0.59507561
1.07300000 -0.59127026
1.07400000 -0.58749239
1.07500000 -0.58374177
1.07600000 -0.58001818
1.07700000 -0.57632142
1.07800000 -0.57265126
1.07900000 -0.56900750
1.08000000 -0.56538993
1.08100000 -0.56179833
1.08200000 -0.55823251
1.08300000 -0.55469225
1.08400000 -0.55117736
1.08500000 -0.54768763
1.08600000 -0.54422287
1.08700000 -0.54078287
1.08800000 -0.53736745
1.08900000 -0.53397640
1.09000000 -0.53060954
1.09100000 -0.52726667
1.09200000 -0.52394760
1.09300000 -0.52065215
1.09400000 -0.51738013
1.09500000 -0.51413136
1.09600000 -0.51090565
1.09700000 -0.50770283
1.09800000 -0.50452271
1.09900000 -0.50136511
1.10000000 -0.49822986
1.10100000 -0.49511678
1.10200000 -0.49202570
1.10300000 -0.48895644
1.10400000 -0.48590885
1.10500000 -0.48288274
1.10600000 -0.47987795
1.10700000 -0.47689431
1.10800000 -0.47393165
1.10900000 -0.47098983
1.11000000 -0.46806866
1.11100000 -0.46516799
1.11200000 -0.46228767
1.11300000 -0.45942752
1.11400000 -0.45658741
1.11500000 -0.45376716
1.11600000 -0.45096663
1.11700000 -0.44818567
1.11800000 -0.44542411
1.11900000 -0.44268182
1.12000000 -0.43995864
1.12100000 -0.43725443
1.12200000 -0.43456903
1.12300000 -0.43190231
1.12400000 -0.42925411
1.12500000 -0.42662430
1.12600000 -0.42401274
1.12700000 -0.42141928
1.12800000 -0.41884378
1.12900000 -0.41628611
1.13000000 -0.41374613
1.13100000 -0.41122371
1.13200000 -0.40871870
1.13300000 -0.40623098
1.13400000 -0.40376041
1.13500000 -0.40130686
1.13600000 -0.39887020
1.13700000 -0.39645031
1.13800000 -0.39404705
1.13900000 -0.39166029
1.14000000 -0.38928992
1.14100000 -0.38693580
1.14200000 -0.38459782
1.14300000 -0.38227584
1.14400000 -0.37996975
1.14500000 -0.37767943
1.14600000 -0.37540476
1.14700000 -0.37314561
1.14800000 -0.37090188
1.14900000 -0.36867343
1.15000000 -0.36646017
1.15100000 -0.36426197
1.15200000 -0.36207871
1.15300000 -0.35991029
1.15400000 -0.35775660
1.15500000 -0.35561752
1.15600000 -0.35349294
1.15700000 -0.35138275
1.15800000 -0.34928684
1.15900000 -0.34720512
1.16000000 -0.34513746
1.16100000 -0.34308377
1.16200000 -0.34104393
1.16300000 -0.33901785
1.16400000 -0.33700543
1.16500000 -0.33500655
1.16600000 -0.33302112
1.16700000 -0.33104904
1.16800000 -0.32909021
1.16900000 -0.32714452
1.17000000 -0.32521189
1.17100000 -0.32329220
1.17200000 -0.32138538
1.17300000 -0.31949131
1.17400000 -0.31760991
1.17500000 -0.31574108
1.17600000 -0.31388473
1.17700000 -0.31204076
1.17800000 -0.31020909
1.17900000 -0.30838962
1.18000000 -0.30658225
1.18100000 -0.30478691
1.18200000 -0.30300350
1.18300000 -0.30123194
1.18400000 -0.29947213
1.18500000 -0.29772399
1.18600000 -0.29598743
1.18700000 -0.29426237
1.18800000 -0.29254873
1.18900000 -0.29084641
1.19000000 -0.28915533
1.19100000 -0.28747542
1.19200000 -0.28580659
1.19300000 -0.28414876
1.19400000 -0.28250185
1.19500000 -0.28086577
1.19600000 -0.27924046
1.19700000 -0.27762582
1.19800000 -0.27602178
1.19900000 -0.27442827
1.20000000 -0.27284520
1.20100000 -0.27127251
1.20200000 -0.26971011
1.20300000 -0.26815793
1.20400000 -0.26661589
1.20500000 -0.26508393
1.20600000 -0.26356196
1.20700000 -0.26204992
1.20800000 -0.26054773
1.20900000 -0.25905532
1.21000000 -0.25757262
1.21100000 -0.25609956
1.21200000 -0.25463608
1.21300000 -0.25318209
1.21400000 -0.25173753
1.21500000 -0.25030234
1.21600000 -0.24887644
1.21700000 -0.24745978
1.21800000 -0.24605227
1.21900000 -0.24465386
1.22000000 -0.24326448
1.22100000 -0.24188406
1.22200000 -0.24051255
1.22300000 -0.23914987
1.22400000 -0.23779597
1.22500000 -0.23645077
1.22600000 -0.23511422
1.22700000 -0.23378626
1.22800000 -0.23246683
1.22900000 -0.23115585
1.23000000 -0.22985328
1.23100000 -0.22855905
1.23200000 -0.22727310
1.23300000 -0.22599538
1.23400000 -0.22472582
1.23500000 -0.22346436
1.23600000 -0.22221096
1.23700000 -0.22096554
1.23800000 -0.21972806
1.23900000 -0.21849846
1.24000000 -0.21727668
1.24100000 -0.21606267
1.24200000 -0.21485637
1.24300000 -0.21365773
1.24400000 -0.21246668
1.24500000 -0.21128319
1.24600000 -0.21010719
1.24700000 -0.20893863
1.24800000 -0.20777747
1.24900000 -0.20662364
1.25000000 -0.20547709
1.25100000 -0.20433778
1.25200000 -0.20320565
1.25300000 -0.20208066
1.25400000 -0.20096274
1.25500000 -0.19985186
1.25600000 -0.19874797
1.25700000 -0.19765100
1.25800000 -0.19656093
1.25900000 -0.19547769
1.26000000 -0.19440123
1.26100000 -0.19333153
1.26200000 -0.19226851
1.26300000 -0.19121214
1.26400000 -0.19016238
1.26500000 -0.18911916
1.26600000 -0.18808246
1.26700000 -0.18705222
1.26800000 -0.18602841
1.26900000 -0.18501096
1.27000000 -0.18399985
1.27100000 -0.18299502
1.27200000 -0.18199643
1.27300000 -0.18100404
1.27400000 -0.18001781
1.27500000 -0.17903769
1.27600000 -0.17806364
1.27700000 -0.17709562
1.27800000 -0.17613359
1.27900000 -0.17517750
1.28000000 -0.17422732
1.28100000 -0.17328300
1.28200000 -0.17234451
1.28300000 -0.17141180
1.28400000 -0.17048483
1.28500000 -0.16956356
1.28600000 -0.16864796
1.28700000 -0.16773799
1.28800000 -0.16683360
1.28900000 -0.16593476
1.29000000 -0.16504143
1.29100000 -0.16415358
1.29200000 -0.16327116
1.29300000 -0.16239414
1.29400000 -0.16152248
1.29500000 -0.16065614
1.29600000 -0.15979509
1.29700000 -0.15893929
1.29800000 -0.15808871
1.29900000 -0.15724331
1.30000000 -0.15640306
1.30100000 -0.15556792
1.30200000 -0.15473785
1.30300000 -0.15391282
1.30400000 -0.15309280
1.30500000 -0.15227775
1.30600000 -0.15146764
1.30700000 -0.15066244
1.30800000 -0.14986211
1.30900000 -0.14906662
1.31000000 -0.14827593
1.31100000 -0.14749002
1.31200000 -0.14670885
1.31300000 -0.14593239
1.31400000 -0.14516061
1.31500000 -0.14439348
1.31600000 -0.14363096
1.31700000 -0.14287302
1.31800000 -0.14211964
1.31900000 -0.14137078
1.32000000 -0.14062641
1.32100000 -0.13988651
1.32200000 -0.13915104
1.32300000 -0.13841997
1.32400000 -0.13769327
1.32500000 -0.13697092
1.32600000 -0.13625288
1.32700000 -0.13553912
1.32800000 -0.13482963
1.32900000 -0.13412436
1.33000000 -0.13342330
1.33100000 -0.13272640
1.33200000 -0.13203365
1.33300000 -0.13134502
1.33400000 -0.13066048
1.33500000 -0.12998000
1.33600000 -0.12930356
1.33700000 -0.12863112
1.33800000 -0.12796267
1.33900000 -0.12729818
1.34000000 -0.12663761
1.34100000 -0.12598095
1.34200000 -0.12532816
1.34300000 -0.12467923
1.34400000 -0.12403412
1.34500000 -0.12339281
1.34600000 -0.12275529
1.34700000 -0.12212151
1.34800000 -0.12149146
1.34900000 -0.12086511
1.35000000 -0.12024244
1.35100000 -0.11962342
1.35200000 -0.11900803
1.35300000 -0.11839625
1.35400000 -0.11778805
1.35500000 -0.11718341
1.35600000 -0.11658231
1.35700000 -0.11598471
1.35800000 -0.11539061
1.35900000 -0.11479997
1.36000000 -0.11421278
1.36100000 -0.11362901
1.36200000 -0.11304863
1.36300000 -0.11247163
1.36400000 -0.11189799
1.36500000 -0.11132768
1.36600000 -0.11076069
1.36700000 -0.11019698
1.36800000 -0.10963654
1.36900000 -0.10907934
1.37000000 -0.10852538
1.37100000 -0.10797461
1.37200000 -0.10742704
1.37300000 -0.10688262
1.37400000 -0.10634135
1.37500000 -0.10580321
1.37600000 -0.10526816
1.37700000 -0.10473620
1.37800000 -0.10420730
1.37900000 -0.10368144
1.38000000 -0.10315861
1.38100000 -0.10263878
1.38200000 -0.10212193
1.38300000 -0.10160806
1.38400000 -0.10109712
1.38500000 -0.10058912
1.38600000 -0.10008402
1.38700000 -0.09958181
1.38800000 -0.09908248
1.38900000 -0.09858600
1.39000000 -0.09809235
1.39100000 -0.09760152
1.39200000 -0.09711348
1.39300000 -0.09662823
1.39400000 -0.09614574
1.39500000 -0.09566600
1.39600000 -0.09518898
1.39700000 -0.09471468
1.39800000 -0.09424307
1.39900000 -0.09377413
1.40000000 -0.09330785
1.40100000 -0.09284422
1.40200000 -0.09238321
1.40300000 -0.09192481
1.40400000 -0.09146900
1.40500000 -0.09101577
1.40600000 -0.09056510
1.40700000 -0.09011697
1.40800000 -0.08967136
1.40900000 -0.08922827
1.41000000 -0.08878767
1.41100000 -0.08834956
1.41200000 -0.08791390
1.41300000 -0.08748070
1.41400000 -0.08704993
1.41500000 -0.08662157
1.41600000 -0.08619562
1.41700000 -0.08577206
1.41800000 -0.08535087
1.41900000 -0.08493203
1.42000000 -0.08451554
1.42100000 -0.08410138
1.42200000 -0.08368953
1.42300000 -0.08327998
1.42400000 -0.08287271
1.42500000 -0.08246771
1.42600000 -0.08206497
1.42700000 -0.08166447
1.42800000 -0.08126620
1.42900000 -0.08087014
1.43000000 -0.08047629
1.43100000 -0.08008462
1.43200000 -0.07969512
1.43300000 -0.07930778
1.43400000 -0.07892259
1.43500000 -0.07853953
1.43600000 -0.07815859
1.43700000 -0.07777976
1.43800000 -0.07740302
1.43900000 -0.07702836
1.44000000 -0.07665577
1.44100000 -0.07628523
1.44200000 -0.07591673
1.44300000 -0.07555027
1.44400000 -0.07518582
1.44500000 -0.07482337
1.44600000 -0.07446292
1.44700000 -0.07410445
1.44800000 -0.07374794
1.44900000 -0.07339339
1.45000000 -0.07304078
1.45100000 -0.07269010
1.45200000 -0.07234135
1.45300000 -0.07199450
1.45400000 -0.07164954
1.45500000 -0.07130648
1.45600000 -0.07096528
1.45700000 -0.07062595
1.45800000 -0.07028846
1.45900000 -0.06995282
1.46000000 -0.06961900
1.46100000 -0.06928700
1.46200000 -0.06895680
1.46300000 -0.06862840
1.46400000 -0.06830178
1.46500000 -0.06797693
1.46600000 -0.06765385
1.46700000 -0.06733251
1.46800000 -0.06701292
1.46900000 -0.06669505
1.47000000 -0.06637891
1.47100000 -0.06606447
1.47200000 -0.06575173
1.47300000 -0.06544069
1.47400000 -0.06513131
1.47500000 -0.06482361
1.47600000 -0.06451756
1.47700000 -0.06421316
1.47800000 -0.06391040
1.47900000 -0.06360927
1.48000000 -0.06330976
1.48100000 -0.06301185
1.48200000 -0.06271554
1.48300000 -0.06242082
1.48400000 -0.06212768
1.48500000 -0.06183611
1.48600000 -0.06154610
1.48700000 -0.06125764
1.48800000 -0.06097073
1.48900000 -0.06068534
1.49000000 -0.06040148
1.49100000 -0.06011913
1.49200000 -0.05983829
1.49300000 -0.05955895
1.49400000 -0.05928109
1.49500000 -0.05900471
1.49600000 -0.05872980
1.49700000 -0.05845635
1.49800000 -0.05818435
1.49900000 -0.05791380
1.50000000 -0.05764468
1.50100000 -0.05737699
1.50200000 -0.05711071
1.50300000 -0.05684584
1.50400000 -0.05658238
1.50500000 -0.05632031
1.50600000 -0.05605962
1.50700000 -0.05580031
1.50800000 -0.05554237
1.50900000 -0.05528578
1.51000000 -0.05503055
1.51100000 -0.05477666
1.51200000 -0.05452411
1.51300000 -0.05427289
1.51400000 -0.05402298
1.51500000 -0.05377439
1.51600000 -0.05352711
1.51700000 -0.05328112
1.51800000 -0.05303642
1.51900000 -0.05279300
1.52000000 -0.05255086
1.52100000 -0.05230998
1.52200000 -0.05207036
1.52300000 -0.05183200
1.52400000 -0.05159488
1.52500000 -0.05135899
1.52600000 -0.05112434
1.52700000 -0.05089091
1.52800000 -0.05065869
1.52900000 -0.05042769
1.53000000 -0.05019788
1.53100000 -0.04996927
1.53200000 -0.04974185
1.53300000 -0.04951561
1.53400000 -0.04929054
1.53500000 -0.04906664
1.53600000 -0.04884390
1.53700000 -0.04862231
1.53800000 -0.04840187
1.53900000 -0.04818257
1.54000000 -0.04796441
1.54100000 -0.04774737
1.54200000 -0.04753145
1.54300000 -0.04731664
1.54400000 -0.04710294
1.54500000 -0.04689035
1.54600000 -0.04667884
1.54700000 -0.04646843
1.54800000 -0.04625910
1.54900000 -0.04605084
1.55000000 -0.04584365
1.55100000 -0.04563753
1.55200000 -0.04543246
1.55300000 -0.04522845
1.55400000 -0.04502548
1.55500000 -0.04482355
1.55600000 -0.04462265
1.55700000 -0.04442278
1.55800000 -0.04422393
1.55900000 -0.04402610
1.56000000 -0.04382927
1.56100000 -0.04363345
1.56200000 -0.04343863
1.56300000 -0.04324480
1.56400000 -0.04305196
1.56500000 -0.04286010
1.56600000 -0.04266921
1.56700000 -0.04247929
1.56800000 -0.04229034
1.56900000 -0.04210235
1.57000000 -0.04191531
1.57100000 -0.04172922
1.57200000 -0.04154407
1.57300000 -0.04135986
1.57400000 -0.04117658
1.57500000 -0.04099422
1.57600000 -0.04081279
1.57700000 -0.04063228
1.57800000 -0.04045267
1.57900000 -0.04027397
1.58000000 -0.04009617
1.58100000 -0.03991927
1.58200000 -0.03974326
1.58300000 -0.03956813
1.58400000 -0.03939389
1.58500000 -0.03922052
1.58600000 -0.03904802
1.58700000 -0.03887638
1.58800000 -0.03870561
1.58900000 -0.03853569
1.59000000 -0.03836662
1.59100000 -0.03819840
1.59200000 -0.03803103
1.59300000 -0.03786448
1.59400000 -0.03769877
1.59500000 -0.03753389
1.59600000 -0.03736983
1.59700000 -0.03720659
1.59800000 -0.03704416
1.59900000 -0.03688255
1.60000000 -0.03672173
1.60100000 -0.03656172
1.60200000 -0.03640250
1.60300000 -0.03624407
1.60400000 -0.03608643
1.60500000 -0.03592958
1.60600000 -0.03577350
1.60700000 -0.03561819
1.60800000 -0.03546365
1.60900000 -0.03530988
1.61000000 -0.03515687
1.61100000 -0.03500462
1.61200000 -0.03485311
1.61300000 -0.03470236
1.61400000 -0.03455235
1.61500000 -0.03440308
1.61600000 -0.03425455
1.61700000 -0.03410675
1.61800000 -0.03395967
1.61900000 -0.03381332
1.62000000 -0.03366769
1.62100000 -0.03352278
1.62200000 -0.03337857
1.62300000 -0.03323508
1.62400000 -0.03309229
1.62500000 -0.03295020
1.62600000 -0.03280880
1.62700000 -0.03266810
1.62800000 -0.03252808
1.62900000 -0.03238876
1.63000000 -0.03225011
1.63100000 -0.03211214
1.63200000 -0.03197484
1.63300000 -0.03183821
1.63400000 -0.03170225
1.63500000 -0.03156695
1.63600000 -0.03143231
1.63700000 -0.03129833
1.63800000 -0.03116500
1.63900000 -0.03103231
1.64000000 -0.03090027
1.64100000 -0.03076887
1.64200000 -0.03063811
1.64300000 -0.03050799
1.64400000 -0.03037849
1.64500000 -0.03024962
1.64600000 -0.03012138
1.64700000 -0.02999376
1.64800000 -0.02986675
1.64900000 -0.02974036
1.65000000 -0.02961457
1.65100000 -0.02948940
1.65200000 -0.02936483
1.65300000 -0.02924085
1.65400000 -0.02911748
1.65500000 -0.02899470
1.65600000 -0.02887251
1.65700000 -0.02875091
1.65800000 -0.02862989
1.65900000 -0.02850946
1.66000000 -0.02838960
1.66100000 -0.02827032
1.66200000 -0.02815161
1.66300000 -0.02803347
1.66400000 -0.02791589
1.66500000 -0.02779888
1.66600000 -0.02768243
1.66700000 -0.02756653
1.66800000 -0.02745119
1.66900000 -0.02733640
1.67000000 -0.02722215
1.67100000 -0.02710846
1.67200000 -0.02699530
1.67300000 -0.02688268
1.67400000 -0.02677060
1.67500000 -0.02665905
1.67600000 -0.02654804
1.67700000 -0.02643755
1.67800000 -0.02632758
1.67900000 -0.02621814
1.68000000 -0.02610921
1.68100000 -0.02600081
1.68200000 -0.02589291
1.68300000 -0.02578553
1.68400000 -0.02567866
1.68500000 -0.02557229
1.68600000 -0.02546642
1.68700000 -0.02536106
1.68800000 -0.02525619
1.68900000 -0.02515182
1.69000000 -0.02504794
1.69100000 -0.02494455
1.69200000 -0.02484164
1.69300000 -0.02473922
1.69400000 -0.02463729
1.69500000 -0.02453583
1.69600000 -0.02443485
1.69700000 -0.02433434
1.69800000 -0.02423431
1.69900000 -0.02413474
1.70000000 -0.02403564
1.70100000 -0.02393701
1.70200000 -0.02383884
1.70300000 -0.02374113
1.70400000 -0.02364387
1.70500000 -0.02354707
1.70600000 -0.02345072
1.70700000 -0.02335483
1.70800000 -0.02325938
1.70900000 -0.02316437
1.71000000 -0.02306981
1.71100000 -0.02297569
1.71200000 -0.02288200
1.71300000 -0.02278876
1.71400000 -0.02269594
1.71500000 -0.02260356
1.71600000 -0.02251161
1.71700000 -0.02242008
1.71800000 -0.02232898
1.71900000 -0.02223830
1.72000000 -0.02214805
1.72100000 -0.02205821
1.72200000 -0.02196878
1.72300000 -0.02187977
1.72400000 -0.02179117
1.72500000 -0.02170299
1.72600000 -0.02161520
1.72700000 -0.02152783
1.72800000 -0.02144085
1.72900000 -0.02135428
1.73000000 -0.02126811
1.73100000 -0.02118233
1.73200000 -0.02109695
1.73300000 -0.02101197
1.73400000 -0.02092737
1.73500000 -0.02084316
1.73600000 -0.02075934
1.73700000 -0.02067590
1.73800000 -0.02059285
1.73900000 -0.02051017
1.74000000 -0.02042788
1.74100000 -0.02034596
1.74200000 -0.02026442
1.74300000 -0.02018325
1.74400000 -0.02010245
1.74500000 -0.02002202
1.74600000 -0.01994196
1.74700000 -0.01986227
1.74800000 -0.01978293
1.74900000 -0.01970396
1.75000000 -0.01962535
1.75100000 -0.01954710
1.75200000 -0.01946920
1.75300000 -0.01939166
1.75400000 -0.01931447
1.75500000 -0.01923763
1.75600000 -0.01916114
1.75700000 -0.01908500
1.75800000 -0.01900920
1.75900000 -0.01893375
1.76000000 -0.01885863
1.76100000 -0.01878386
1.76200000 -0.01870943
1.76300000 -0.01863533
1.76400000 -0.01856157
1.76500000 -0.01848814
1.76600000 -0.01841505
1.76700000 -0.01834228
1.76800000 -0.01826984
1.76900000 -0.01819773
1.77000000 -0.01812594
1.77100000 -0.01805448
1.77200000 -0.01798334
1.77300000 -0.01791251
1.77400000 -0.01784201
1.77500000 -0.01777182
1.77600000 -0.01770195
1.77700000 -0.01763239
1.77800000 -0.01756315
1.77900000 -0.01749421
1.78000000 -0.01742559
1.78100000 -0.01735727
1.78200000 -0.01728925
1.78300000 -0.01722155
1.78400000 -0.01715414
1.78500000 -0.01708703
1.78600000 -0.01702023
1.78700000 -0.01695372
1.78800000 -0.01688751
1.78900000 -0.01682159
1.79000000 -0.01675597
1.79100000 -0.01669064
1.79200000 -0.01662561
1.79300000 -0.01656086
1.79400000 -0.01649639
1.79500000 -0.01643222
1.79600000 -0.01636833
1.79700000 -0.01630472
1.79800000 -0.01624140
1.79900000 -0.01617836
1.80000000 -0.01611559
1.80100000 -0.01605311
1.80200000 -0.01599090
1.80300000 -0.01592896
1.80400000 -0.01586730
1.80500000 -0.01580591
1.80600000 -0.01574480
1.80700000 -0.01568395
1.80800000 -0.01562337
1.80900000 -0.01556306
1.81000000 -0.01550302
1.81100000 -0.01544324
1.81200000 -0.01538372
1.81300000 -0.01532446
1.81400000 -0.01526547
1.81500000 -0.01520673
1.81600000 -0.01514825
1.81700000 -0.01509003
1.81800000 -0.01503207
1.81900000 -0.01497435
1.82000000 -0.01491690
1.82100000 -0.01485969
1.82200000 -0.01480273
1.82300000 -0.01474603
1.82400000 -0.01468957
1.82500000 -0.01463336
1.82600000 -0.01457739
1.82700000 -0.01452167
1.82800000 -0.01446619
1.82900000 -0.01441095
1.83000000 -0.01435595
1.83100000 -0.01430120
1.83200000 -0.01424668
1.83300000 -0.01419240
1.83400000 -0.01413835
1.83500000 -0.01408454
1.83600000 -0.01403097
1.83700000 -0.01397763
1.83800000 -0.01392451
1.83900000 -0.01387163
1.84000000 -0.01381898
1.84100000 -0.01376656
1.84200000 -0.01371436
1.84300000 -0.01366239
1.84400000 -0.01361064
1.84500000 -0.01355912
1.84600000 -0.01350782
1.84700000 -0.01345674
1.84800000 -0.01340589
1.84900000 -0.01335525
1.85000000 -0.01330483
1.85100000 -0.01325463
1.85200000 -0.01320464
1.85300000 -0.01315487
1.85400000 -0.01310532
1.85500000 -0.01305597
1.85600000 -0.01300684
1.85700000 -0.01295792
1.85800000 -0.01290921
1.85900000 -0.01286071
1.86000000 -0.01281242
1.86100000 -0.01276433
1.86200000 -0.01271645
1.86300000 -0.01266878
1.86400000 -0.01262131
1.86500000 -0.01257404
1.86600000 -0.01252697
1.86700000 -0.01248011
1.86800000 -0.01243345
1.86900000 -0.01238698
1.87000000 -0.01234072
1.87100000 -0.01229465
1.87200000 -0.01224877
1.87300000 -0.01220310
1.87400000 -0.01215761
1.87500000 -0.01211232
1.87600000 -0.01206723
1.87700000 -0.01202232
1.87800000 -0.01197761
1.87900000 -0.01193308
1.88000000 -0.01188875
1.88100000 -0.01184460
1.88200000 -0.01180064
1.88300000 -0.01175687
1.88400000 -0.01171328
1.88500000 -0.01166988
1.88600000 -0.01162666
1.88700000 -0.01158362
1.88800000 -0.01154076
1.88900000 -0.01149809
1.89000000 -0.01145559
1.89100000 -0.01141328
1.89200000 -0.01137114
1.89300000 -0.01132918
1.89400000 -0.01128740
1.89500000 -0.01124580
1.89600000 -0.01120437
1.89700000 -0.01116311
1.89800000 -0.01112203
1.89900000 -0.01108112
1.90000000 -0.01104038
1.90100000 -0.01099981
1.90200000 -0.01095941
1.90300000 -0.01091918
1.90400000 -0.01087912
1.90500000 -0.01083923
1.90600000 -0.01079951
1.90700000 -0.01075995
1.90800000 -0.01072056
1.90900000 -0.01068133
1.91000000 -0.01064226
1.91100000 -0.01060336
1.91200000 -0.01056463
1.91300000 -0.01052605
1.91400000 -0.01048763
1.91500000 -0.01044938
1.91600000 -0.01041128
1.91700000 -0.01037334
1.91800000 -0.01033556
1.91900000 -0.01029794
1.92000000 -0.01026047
1.92100000 -0.01022316
1.92200000 -0.01018600
1.92300000 -0.01014900
1.92400000 -0.01011215
1.92500000 -0.01007546
1.92600000 -0.01003891
1.92700000 -0.01000252
1.92800000 -0.00996628
1.92900000 -0.00993019
1.93000000 -0.00989424
1.93100000 -0.00985845
1.93200000 -0.00982280
1.93300000 -0.00978730
1.93400000 -0.00975195
1.93500000 -0.00971675
1.93600000 -0.00968168
1.93700000 -0.00964677
1.93800000 -0.00961199
1.93900000 -0.00957736
1.94000000 -0.00954288
1.94100000 -0.00950853
1.94200000 -0.00947433
1.94300000 -0.00944026
1.94400000 -0.00940634
1.94500000 -0.00937255
1.94600000 -0.00933891
1.94700000 -0.00930540
1.94800000 -0.00927203
1.94900000 -0.00923879
1.95000000 -0.00920569
1.95100000 -0.00917273
1.95200000 -0.00913990
1.95300000 -0.00910721
1.95400000 -0.00907465
1.95500000 -0.00904222
1.95600000 -0.00900992
1.95700000 -0.00897776
1.95800000 -0.00894573
1.95900000 -0.00891383
1.96000000 -0.00888205
1.96100000 -0.00885041
1.96200000 -0.00881890
1.96300000 -0.00878751
1.96400000 -0.00875625
1.96500000 -0.00872512
1.96600000 -0.00869412
1.96700000 -0.00866324
1.96800000 -0.00863248
1.96900000 -0.00860185
1.97000000 -0.00857135
1.97100000 -0.00854097
1.97200000 -0.00851071
1.97300000 -0.00848057
1.97400000 -0.00845056
1.97500000 -0.00842066
1.97600000 -0.00839089
1.97700000 -0.00836124
1.97800000 -0.00833171
1.97900000 -0.00830229
1.98000000 -0.00827300
1.98100000 -0.00824382
1.98200000 -0.00821476
1.98300000 -0.00818582
1.98400000 -0.00815700
1.98500000 -0.00812829
1.98600000 -0.00809969
1.98700000 -0.00807121
1.98800000 -0.00804285
1.98900000 -0.00801460
1.99000000 -0.00798646
1.99100000 -0.00795843
1.99200000 -0.00793052
1.99300000 -0.00790272
1.99400000 -0.00787503
1.99500000 -0.00784745
1.99600000 -0.00781998
1.99700000 -0.00779262
1.99800000 -0.00776537
1.99900000 -0.00773823
2.00000000 -0.00771120
