0.10000000 87316916143.56990051
0.10100000 76721806402.66485596
0.10200000 67498271121.69172668
0.10300000 59457832568.14813995
0.10400000 52439386602.24717712
0.10500000 46305016936.38894653
0.10600000 40936480997.64330292
0.10700000 36232254661.57711792
0.10800000 32105042868.26947021
0.10900000 28479679275.30676270
0.11000000 25291351329.13247299
0.11100000 22484097992.89230347
0.11200000 20009536296.89412308
0.11300000 17825780232.93115997
0.11400000 15896521583.85601425
0.11500000 14190247298.16329575
0.11600000 12679572175.28873062
0.11700000 11340669074.85584641
0.11800000 10152781727.68084145
0.11900000 9097807610.41597557
0.12000000 8159940333.03512192
0.12100000 7325362647.56494713
0.12200000 6581982573.84923458
0.12300000 5919206299.98963928
0.12400000 5327742489.54281139
0.12500000 4799433446.00032139
0.12600000 4327109273.49526787
0.12700000 3904461752.54597855
0.12800000 3525935138.75961924
0.12900000 3186631505.54621744
0.13000000 2882228601.31157827
0.13100000 2608908487.52303314
0.13200000 2363295474.99135685
0.13300000 2142402088.79508471
0.13400000 1943581973.43251991
0.13500000 1764488803.99691439
0.13600000 1603040400.60147452
0.13700000 1457387355.43336725
0.13800000 1325885577.63149858
0.13900000 1207072243.13721943
0.14000000 1099644706.84676123
0.14100000 1002441994.55899501
0.14200000 914428543.84929883
0.14300000 834679907.36748075
0.14400000 762370170.21997845
0.14500000 696760865.95697439
0.14600000 637191204.01019144
0.14700000 583069445.86840308
0.14800000 533865288.38934851
0.14900000 489103130.90094036
0.15000000 448356118.54389787
0.15100000 411240867.99592131
0.15200000 377412793.58795363
0.15300000 346561962.12712693
0.15400000 318409413.69390208
0.15500000 292703893.46710438
0.15600000 269218946.40829426
0.15700000 247750332.54226816
0.15800000 228113725.72026873
0.15900000 210142663.24744248
0.16000000 193686717.68285757
0.16100000 178609865.55380872
0.16200000 164789030.73072827
0.16300000 152112782.84055626
0.16400000 140480173.40315688
0.16500000 129799694.39904112
0.16600000 119988345.75344226
0.16700000 110970799.78307092
0.16800000 102678652.02486543
0.16900000 95049749.07441244
0.17000000 88027585.12599596
0.17100000 81560759.84434316
0.17200000 75602491.02564441
0.17300000 70110176.23592854
0.17400000 65044998.26020771
0.17500000 60371569.76632252
0.17600000 56057613.09214806
0.17700000 52073671.51167525
0.17800000 48392848.73136882
0.17900000 44990573.71917939
0.18000000 41844388.27996784
0.18100000 38933755.06753193
0.18200000 36239883.96900061
0.18300000 33745575.01566838
0.18400000 31435076.16853404
0.18500000 29293954.49966459
0.18600000 27308979.44446516
0.18700000 25468016.93715499
0.18800000 23759933.36412364
0.18900000 22174508.37904543
0.19000000 20702355.72113858
0.19100000 19334851.26507884
0.19200000 18064067.60896239
0.19300000 16882714.57638556
0.19400000 15784085.07106960
0.19500000 14762005.77830746
0.19600000 13810792.25755529
0.19700000 12925208.01536391
0.19800000 12100427.18809938
0.19900000 11332000.50003629
0.20000000 10615824.19485856
0.20100000 9948111.66776439
0.20200000 9325367.55159067
0.20300000 8744364.03395736
0.20400000 8202119.20366132
0.20500000 7695877.24366482
0.20600000 7223090.30524849
0.20700000 6781401.91342441
0.20800000 6368631.76770902
0.20900000 5982761.81499186
0.21000000 5621923.48264470
0.21100000 5284385.97032035
0.21200000 4968545.50820366
0.21300000 4672915.49789659
0.21400000 4396117.45973676
0.21500000 4136872.71724158
0.21600000 3893994.75561186
0.21700000 3666382.19688277
0.21800000 3453012.33943394
0.21900000 3252935.21421702
0.22000000 3065268.11427303
0.22100000 2889190.55793713
0.22200000 2723939.64960096
0.22300000 2568805.80505667
0.22400000 2423128.81131403
0.22500000 2286294.19338706
0.22600000 2157729.86291751
0.22700000 2036903.02565865
0.22800000 1923317.32680640
0.22900000 1816510.21495227
0.23000000 1716050.50706151
0.23100000 1621536.13836440
0.23200000 1532592.08240212
0.23300000 1448868.42770316
0.23400000 1370038.59869325
0.23500000 1295797.70946989
0.23600000 1225861.04001218
0.23700000 1159962.62525472
0.23800000 1097853.94823858
0.23900000 1039302.72926950
0.24000000 984091.80366959
0.24100000 932018.08130854
0.24200000 882891.58165021
0.24300000 836534.53855310
0.24400000 792780.56952425
0.24500000 751473.90454834
0.24600000 712468.67000066
0.24700000 675628.22350785
0.24800000 640824.53594580
0.24900000 607937.61706277
0.25000000 576854.98149042
0.25100000 547471.15215701
0.25200000 519687.19834867
0.25300000 493410.30587710
0.25400000 468553.37700773
0.25500000 445034.65798188
0.25600000 422777.39213202
0.25700000 401709.49674120
0.25800000 381763.26193793
0.25900000 362875.07004663
0.26000000 344985.13393247
0.26100000 328037.25298908
0.26200000 311978.58551832
0.26300000 296759.43634411
0.26400000 282333.05858855
0.26500000 268655.46861717
0.26600000 255685.27323345
0.26700000 243383.50827007
0.26800000 231713.48778647
0.26900000 220640.66314006
0.27000000 210132.49125105
0.27100000 200158.31143053
0.27200000 190689.23018625
0.27300000 181698.01346287
0.27400000 173158.98581216
0.27500000 165047.93602442
0.27600000 157342.02878583
0.27700000 150019.72195705
0.27800000 143060.68909690
0.27900000 136445.74688157
0.28000000 130156.78709375
0.28100000 124176.71287947
0.28200000 118489.37899070
0.28300000 113079.53575183
0.28400000 107932.77650596
0.28500000 103035.48831357
0.28600000 98374.80569222
0.28700000 93938.56719966
0.28800000 89715.27467686
0.28900000 85694.05497932
0.29000000 81864.62403712
0.29100000 78217.25309455
0.29200000 74742.73699033
0.29300000 71432.36434876
0.29400000 68277.88956065
0.29500000 65271.50644108
0.29600000 62405.82345843
0.29700000 59673.84043611
0.29800000 57068.92663488
0.29900000 54584.80012976
0.30000000 52215.50840117
0.30100000 49955.41006491
0.30200000 47799.15767095
0.30300000 45741.68150511
0.30400000 43778.17433217
0.30500000 41904.07702292
0.30600000 40115.06501117
0.30700000 38407.03553049
0.30800000 36776.09558330
0.30900000 35218.55059817
0.31000000 33730.89373398
0.31100000 32309.79579212
0.31200000 30952.09570025
0.31300000 29654.79153383
0.31400000 28415.03204311
0.31500000 27230.10865600
0.31600000 26097.44792848
0.31700000 25014.60441625
0.31800000 23979.25394298
0.31900000 22989.18724188
0.32000000 22042.30394884
0.32100000 21136.60692673
0.32200000 20270.19690151
0.32300000 19441.26739241
0.32400000 18648.09991894
0.32500000 17889.05946896
0.32600000 17162.59021297
0.32700000 16467.21145023
0.32800000 15801.51377394
0.32900000 15164.15544264
0.33000000 14553.85894643
0.33100000 13969.40775688
0.33200000 13409.64325039
0.33300000 12873.46179514
0.33400000 12359.81199258
0.33500000 11867.69206485
0.33600000 11396.14737991
0.33700000 10944.26810683
0.33800000 10511.18699403
0.33900000 10096.07726370
0.34000000 9698.15061591
0.34100000 9316.65533657
0.34200000 8950.87450342
0.34300000 8600.12428477
0.34400000 8263.75232593
0.34500000 7941.13621858
0.34600000 7631.68204858
0.34700000 7334.82301809
0.34800000 7050.01813780
0.34900000 6776.75098573
0.35000000 6514.52852894
0.35100000 6262.88000474
0.35200000 6021.35585840
0.35300000 5789.52673419
0.35400000 5566.98251702
0.35500000 5353.33142207
0.35600000 5148.19912969
0.35700000 4951.22796345
0.35800000 4762.07610891
0.35900000 4580.41687098
0.36000000 4405.93796799
0.36100000 4238.34086048
0.36200000 4077.34011290
0.36300000 3922.66278656
0.36400000 3774.04786220
0.36500000 3631.24569073
0.36600000 3494.01747051
0.36700000 3362.13475012
0.36800000 3235.37895499
0.36900000 3113.54093689
0.37000000 2996.42054512
0.37100000 2883.82621816
0.37200000 2775.57459492
0.37300000 2671.49014445
0.37400000 2571.40481333
0.37500000 2475.15768974
0.37600000 2382.59468343
0.37700000 2293.56822081
0.37800000 2207.93695441
0.37900000 2125.56548591
0.38000000 2046.32410222
0.38100000 1970.08852386
0.38200000 1896.73966506
0.38300000 1826.16340500
0.38400000 1758.25036972
0.38500000 1692.89572402
0.38600000 1629.99897308
0.38700000 1569.46377308
0.38800000 1511.19775063
0.38900000 1455.11233039
0.39000000 1401.12257063
0.39100000 1349.14700623
0.39200000 1299.10749886
0.39300000 1250.92909392
0.39400000 1204.53988397
0.39500000 1159.87087836
0.39600000 1116.85587867
0.39700000 1075.43135975
0.39800000 1035.53635616
0.39900000 997.11235362
0.40000000 960.10318532
0.40100000 924.45493286
0.40200000 890.11583157
0.40300000 857.03618000
0.40400000 825.16825349
0.40500000 794.46622147
0.40600000 764.88606842
0.40700000 736.38551832
0.40800000 708.92396237
0.40900000 682.46238993
0.41000000 656.96332238
0.41100000 632.39074992
0.41200000 608.71007111
0.41300000 585.88803499
0.41400000 563.89268574
0.41500000 542.69330969
0.41600000 522.26038465
0.41700000 502.56553133
0.41800000 483.58146697
0.41900000 465.28196080
0.42000000 447.64179155
0.42100000 430.63670662
0.42200000 414.24338308
0.42300000 398.43939032
0.42400000 383.20315419
0.42500000 368.51392276
0.42600000 354.35173345
0.42700000 340.69738154
0.42800000 327.53239005
0.42900000 314.83898084
0.43000000 302.60004689
0.43100000 290.79912580
0.43200000 279.42037432
0.43300000 268.44854399
0.43400000 257.86895775
0.43500000 247.66748755
0.43600000 237.83053282
0.43700000 228.34499991
0.43800000 219.19828230
0.43900000 210.37824163
0.44000000 201.87318956
0.44100000 193.67187032
0.44200000 185.76344393
0.44300000 178.13747023
0.44400000 170.78389338
0.44500000 163.69302718
0.44600000 156.85554079
0.44700000 150.26244519
0.44800000 143.90508007
0.44900000 137.77510128
0.45000000 131.86446883
0.45100000 126.16543528
0.45200000 120.67053465
0.45300000 115.37257179
0.45400000 110.26461210
0.45500000 105.33997172
0.45600000 100.59220807
0.45700000 96.01511081
0.45800000 91.60269307
0.45900000 87.34918314
0.46000000 83.24901637
0.46100000 79.29682748
0.46200000 75.48744312
0.46300000 71.81587471
0.46400000 68.27731161
0.46500000 64.86711450
0.46600000 61.58080908
0.46700000 58.41407991
0.46800000 55.36276462
0.46900000 52.42284823
0.47000000 49.59045776
0.47100000 46.86185702
0.47200000 44.23344156
0.47300000 41.70173393
0.47400000 39.26337897
0.47500000 36.91513939
0.47600000 34.65389150
0.47700000 32.47662103
0.47800000 30.38041921
0.47900000 28.36247896
0.48000000 26.42009115
0.48100000 24.55064113
0.48200000 22.75160530
0.48300000 21.02054785
0.48400000 19.35511757
0.48500000 17.75304488
0.48600000 16.21213883
0.48700000 14.73028436
0.48800000 13.30543956
0.48900000 11.93563306
0.49000000 10.61896152
0.49100000 9.35358722
0.49200000 8.13773576
0.49300000 6.96969376
0.49400000 5.84780673
0.49500000 4.77047701
0.49600000 3.73616173
0.49700000 2.74337092
0.49800000 1.79066560
0.49900000 0.87665604
0.50000000 -0.00000000
0.50100000 -4.52485554
0.50200000 -8.78033298
0.50300000 -12.77657376
0.50400000 -16.52344061
0.50500000 -20.03052319
0.50600000 -23.30714358
0.50700000 -26.36236176
0.50800000 -29.20498103
0.50900000 -31.84355326
0.51000000 -34.28638417
0.51100000 -36.54153848
0.51200000 -38.61684499
0.51300000 -40.51990162
0.51400000 -42.25808036
0.51500000 -43.83853211
0.51600000 -45.26819153
0.51700000 -46.55378174
0.51800000 -47.70181900
0.51900000 -48.71861734
0.52000000 -49.61029300
0.52100000 -50.38276899
0.52200000 -51.04177943
0.52300000 -51.59287385
0.52400000 -52.04142152
0.52500000 -52.39261558
0.52600000 -52.65147721
0.52700000 -52.82285966
0.52800000 -52.91145225
0.52900000 -52.92178434
0.53000000 -52.85822916
0.53100000 -52.72500763
0.53200000 -52.52619212
0.53300000 -52.26571011
0.53400000 -51.94734781
0.53500000 -51.57475375
0.53600000 -51.15144227
0.53700000 -50.68079693
0.53800000 -50.16607393
0.53900000 -49.61040542
0.54000000 -49.01680275
0.54100000 -48.38815969
0.54200000 -47.72725559
0.54300000 -47.03675844
0.54400000 -46.31922794
0.54500000 -45.57711847
0.54600000 -44.81278199
0.54700000 -44.02847096
0.54800000 -43.22634110
0.54900000 -42.40845422
0.55000000 -41.57678084
0.55100000 -40.73320295
0.55200000 -39.87951652
0.55300000 -39.01743414
0.55400000 -38.14858743
0.55500000 -37.27452958
0.55600000 -36.39673771
0.55700000 -35.51661519
0.55800000 -34.63549403
0.55900000 -33.75463703
0.56000000 -32.87524009
0.56100000 -31.99843428
0.56200000 -31.12528800
0.56300000 -30.25680907
0.56400000 -29.39394666
0.56500000 -28.53759338
0.56600000 -27.68858712
0.56700000 -26.84771296
0.56800000 -26.01570505
0.56900000 -25.19324836
0.57000000 -24.38098044
0.57100000 -23.57949317
0.57200000 -22.78933439
0.57300000 -22.01100957
0.57400000 -21.24498335
0.57500000 -20.49168112
0.57600000 -19.75149055
0.57700000 -19.02476302
0.57800000 -18.31181505
0.57900000 -17.61292974
0.58000000 -16.92835808
0.58100000 -16.25832029
0.58200000 -15.60300710
0.58300000 -14.96258098
0.58400000 -14.33717738
0.58500000 -13.72690587
0.58600000 -13.13185132
0.58700000 -12.55207497
0.58800000 -11.98761553
0.58900000 -11.43849018
0.59000000 -10.90469565
0.59100000 -10.38620912
0.59200000 -9.88298920
0.59300000 -9.39497686
0.59400000 -8.92209625
0.59500000 -8.46425565
0.59600000 -8.02134818
0.59700000 -7.59325270
0.59800000 -7.17983449
0.59900000 -6.78094607
0.60000000 -6.39642782
0.60100000 -6.02610875
0.60200000 -5.66980710
0.60300000 -5.32733099
0.60400000 -4.99847904
0.60500000 -4.68304094
0.60600000 -4.38079799
0.60700000 -4.09152368
0.60800000 -3.81498416
0.60900000 -3.55093873
0.61000000 -3.29914033
0.61100000 -3.05933597
0.61200000 -2.83126716
0.61300000 -2.61467030
0.61400000 -2.40927705
0.61500000 -2.21481476
0.61600000 -2.03100672
0.61700000 -1.85757256
0.61800000 -1.69422852
0.61900000 -1.54068773
0.62000000 -1.39666053
0.62100000 -1.26185467
0.62200000 -1.13597560
0.62300000 -1.01872666
0.62400000 -0.90980929
0.62500000 -0.80892325
0.62600000 -0.71576677
0.62700000 -0.63003677
0.62800000 -0.55142894
0.62900000 -0.47963795
0.63000000 -0.41435752
0.63100000 -0.35528062
0.63200000 -0.30209948
0.63300000 -0.25450577
0.63400000 -0.21219065
0.63500000 -0.17484486
0.63600000 -0.14215878
0.63700000 -0.11382249
0.63800000 -0.08952585
0.63900000 -0.06895853
0.64000000 -0.05181004
0.64100000 -0.03776978
0.64200000 -0.02652705
0.64300000 -0.01777111
0.64400000 -0.01119116
0.64500000 -0.00647638
0.64600000 -0.00331591
0.64700000 -0.00139890
0.64800000 -0.00041449
0.64900000 -0.00005181
0.65000000 0.00000000
0.65100000 0.04013886
0.65200000 0.08027797
0.65300000 0.12041849
0.65400000 0.16056353
0.65500000 0.20071900
0.65600000 0.24089459
0.65700000 0.28110467
0.65800000 0.32136917
0.65900000 0.36171448
0.66000000 0.40217431
0.66100000 0.44279045
0.66200000 0.48361363
0.66300000 0.52470420
0.66400000 0.56613290
0.66500000 0.60798146
0.66600000 0.65034322
0.66700000 0.69332369
0.66800000 0.73704098
0.66900000 0.78162620
0.67000000 0.82722379
0.67100000 0.87399164
0.67200000 0.92210124
0.67300000 0.97173754
0.67400000 1.02309878
0.67500000 1.07639605
0.67600000 1.13185268
0.67700000 1.18970342
0.67800000 1.25019329
0.67900000 1.31357616
0.68000000 1.38011302
0.68100000 1.45006977
0.68200000 1.52371474
0.68300000 1.60131558
0.68400000 1.68313574
0.68500000 1.76943043
0.68600000 1.86044186
0.68700000 1.95639407
0.68800000 2.05748698
0.68900000 2.16388989
0.69000000 2.27573441
0.69100000 2.39310677
0.69200000 2.51603972
0.69300000 2.64450401
0.69400000 2.77839968
0.69500000 2.91754733
0.69600000 3.06167956
0.69700000 3.21043292
0.69800000 3.36334074
0.69900000 3.51982703
0.70000000 3.67920210
0.70100000 3.84066013
0.70200000 4.00327920
0.70300000 4.16602415
0.70400000 4.32775270
0.70500000 4.48722499
0.70600000 4.64311686
0.70700000 4.79403685
0.70800000 4.93854675
0.70900000 5.07518557
0.71000000 5.20249630
0.71100000 5.31905486
0.71200000 5.42350041
0.71300000 5.51456592
0.71400000 5.59110807
0.71500000 5.65213521
0.71600000 5.69683227
0.71700000 5.72458158
0.71800000 5.73497879
0.71900000 5.72784298
0.72000000 5.70322077
0.72100000 5.66138414
0.72200000 5.60282208
0.72300000 5.52822662
0.72400000 5.43847377
0.72500000 5.33460031
0.72600000 5.21777750
0.72700000 5.08928267
0.72800000 4.95046990
0.72900000 4.80274089
0.73000000 4.64751680
0.73100000 4.48621209
0.73200000 4.32021087
0.73300000 4.15084626
0.73400000 3.97938311
0.73500000 3.80700412
0.73600000 3.63479944
0.73700000 3.46375944
0.73800000 3.29477062
0.73900000 3.12861414
0.74000000 2.96596672
0.74100000 2.80740353
0.74200000 2.65340263
0.74300000 2.50435065
0.74400000 2.36054931
0.74500000 2.22222255
0.74600000 2.08952398
0.74700000 1.96254434
0.74800000 1.84131894
0.74900000 1.72583478
0.75000000 1.61603740
0.75100000 1.51183721
0.75200000 1.41311539
0.75300000 1.31972925
0.75400000 1.23151705
0.75500000 1.14830238
0.75600000 1.06989790
0.75700000 0.99610875
0.75800000 0.92673540
0.75900000 0.86157615
0.76000000 0.80042918
0.76100000 0.74309436
0.76200000 0.68937467
0.76300000 0.63907735
0.76400000 0.59201489
0.76500000 0.54800567
0.76600000 0.50687460
0.76700000 0.46845342
0.76800000 0.43258102
0.76900000 0.39910353
0.77000000 0.36787441
0.77100000 0.33875438
0.77200000 0.31161139
0.77300000 0.28632041
0.77400000 0.26276330
0.77500000 0.24082856
0.77600000 0.22041114
0.77700000 0.20141215
0.77800000 0.18373861
0.77900000 0.16730319
0.78000000 0.15202392
0.78100000 0.13782394
0.78200000 0.12463124
0.78300000 0.11237836
0.78400000 0.10100219
0.78500000 0.09044366
0.78600000 0.08064757
0.78700000 0.07156231
0.78800000 0.06313966
0.78900000 0.05533459
0.79000000 0.04810505
0.79100000 0.04141179
0.79200000 0.03521817
0.79300000 0.02949002
0.79400000 0.02419543
0.79500000 0.01930467
0.79600000 0.01478998
0.79700000 0.01062550
0.79800000 0.00678709
0.79900000 0.00325225
0.80000000 0.00000000
0.80100000 -0.00298921
0.80200000 -0.00573362
0.80300000 -0.00825022
0.80400000 -0.01055487
0.80500000 -0.01266234
0.80600000 -0.01458640
0.80700000 -0.01633990
0.80800000 -0.01793480
0.80900000 -0.01938225
0.81000000 -0.02069268
0.81100000 -0.02187576
0.81200000 -0.02294055
0.81300000 -0.02389548
0.81400000 -0.02474839
0.81500000 -0.02550662
0.81600000 -0.02617701
0.81700000 -0.02676591
0.81800000 -0.02727926
0.81900000 -0.02772261
0.82000000 -0.02810110
0.82100000 -0.02841956
0.82200000 -0.02868247
0.82300000 -0.02889400
0.82400000 -0.02905806
0.82500000 -0.02917829
0.82600000 -0.02925806
0.82700000 -0.02930054
0.82800000 -0.02930867
0.82900000 -0.02928518
0.83000000 -0.02923265
0.83100000 -0.02915344
0.83200000 -0.02904978
0.83300000 -0.02892373
0.83400000 -0.02877722
0.83500000 -0.02861204
0.83600000 -0.02842986
0.83700000 -0.02823223
0.83800000 -0.02802060
0.83900000 -0.02779632
0.84000000 -0.02756063
0.84100000 -0.02731471
0.84200000 -0.02705963
0.84300000 -0.02679640
0.84400000 -0.02652596
0.84500000 -0.02624917
0.84600000 -0.02596683
0.84700000 -0.02567971
0.84800000 -0.02538849
0.84900000 -0.02509381
0.85000000 -0.02479627
0.85100000 -0.02449642
0.85200000 -0.02419478
0.85300000 -0.02389180
0.85400000 -0.02358794
0.85500000 -0.02328359
0.85600000 -0.02297912
0.85700000 -0.02267488
0.85800000 -0.02237118
0.85900000 -0.02206831
0.86000000 -0.02176653
0.86100000 -0.02146608
0.86200000 -0.02116720
0.86300000 -0.02087008
0.86400000 -0.02057491
0.86500000 -0.02028185
0.86600000 -0.01999106
0.86700000 -0.01970268
0.86800000 -0.01941683
0.86900000 -0.01913363
0.87000000 -0.01885317
0.87100000 -0.01857554
0.87200000 -0.01830082
0.87300000 -0.01802909
0.87400000 -0.01776040
0.87500000 -0.01749481
0.87600000 -0.01723235
0.87700000 -0.01697308
0.87800000 -0.01671701
0.87900000 -0.01646418
0.88000000 -0.01621461
0.88100000 -0.01596830
0.88200000 -0.01572528
0.88300000 -0.01548554
0.88400000 -0.01524909
0.88500000 -0.01501592
0.88600000 -0.01478603
0.88700000 -0.01455941
0.88800000 -0.01433605
0.88900000 -0.01411593
0.89000000 -0.01389903
0.89100000 -0.01368534
0.89200000 -0.01347483
0.89300000 -0.01326749
0.89400000 -0.01306327
0.89500000 -0.01286217
0.89600000 -0.01266415
0.89700000 -0.01246917
0.89800000 -0.01227722
0.89900000 -0.01208826
0.90000000 -0.01190225
0.90100000 -0.01171917
0.90200000 -0.01153898
0.90300000 -0.01136164
0.90400000 -0.01118713
0.90500000 -0.01101539
0.90600000 -0.01084641
0.90700000 -0.01068015
0.90800000 -0.01051656
0.90900000 -0.01035561
0.91000000 -0.01019726
0.91100000 -0.01004149
0.91200000 -0.00988825
0.91300000 -0.00973750
0.91400000 -0.00958921
0.91500000 -0.00944334
0.91600000 -0.00929986
0.91700000 -0.00915873
0.91800000 -0.00901992
0.91900000 -0.00888339
0.92000000 -0.00874909
0.92100000 -0.00861701
0.92200000 -0.00848710
0.92300000 -0.00835934
0.92400000 -0.00823367
0.92500000 -0.00811008
0.92600000 -0.00798853
0.92700000 -0.00786898
0.92800000 -0.00775140
0.92900000 -0.00763577
0.93000000 -0.00752204
0.93100000 -0.00741019
0.93200000 -0.00730018
0.93300000 -0.00719199
0.93400000 -0.00708558
0.93500000 -0.00698093
0.93600000 -0.00687800
0.93700000 -0.00677676
0.93800000 -0.00667719
0.93900000 -0.00657926
0.94000000 -0.00648294
0.94100000 -0.00638821
0.94200000 -0.00629503
0.94300000 -0.00620337
0.94400000 -0.00611323
0.94500000 -0.00602455
0.94600000 -0.00593733
0.94700000 -0.00585154
0.94800000 -0.00576714
0.94900000 -0.00568413
0.95000000 -0.00560246
0.95100000 -0.00552213
0.95200000 -0.00544311
0.95300000 -0.00536537
0.95400000 -0.00528889
0.95500000 -0.00521365
0.95600000 -0.00513963
0.95700000 -0.00506680
0.95800000 -0.00499516
0.95900000 -0.00492467
0.96000000 -0.00485531
0.96100000 -0.00478707
0.96200000 -0.00471993
0.96300000 -0.00465386
0.96400000 -0.00458886
0.96500000 -0.00452489
0.96600000 -0.00446195
0.96700000 -0.00440001
0.96800000 -0.00433905
0.96900000 -0.00427907
0.97000000 -0.00422004
0.97100000 -0.00416195
0.97200000 -0.00410477
0.97300000 -0.00404850
0.97400000 -0.00399312
0.97500000 -0.00393861
0.97600000 -0.00388496
0.97700000 -0.00383215
0.97800000 -0.00378017
0.97900000 -0.00372900
0.98000000 -0.00367863
0.98100000 -0.00362905
0.98200000 -0.00358024
0.98300000 -0.00353219
0.98400000 -0.00348489
0.98500000 -0.00343832
0.98600000 -0.00339247
0.98700000 -0.00334733
0.98800000 -0.00330288
0.98900000 -0.00325912
0.99000000 -0.00321603
0.99100000 -0.00317360
0.99200000 -0.00313183
0.99300000 -0.00309069
0.99400000 -0.00305017
0.99500000 -0.00301028
0.99600000 -0.00297099
0.99700000 -0.00293230
0.99800000 -0.00289419
0.99900000 -0.00285666
1.00000000 -0.00281969
1.00100000 -0.00278329
1.00200000 -0.00274743
1.00300000 -0.00271211
1.00400000 -0.00267731
1.00500000 -0.00264304
1.00600000 -0.00260928
1.00700000 -0.00257602
1.00800000 -0.00254326
1.00900000 -0.00251098
1.01000000 -0.00247918
1.01100000 -0.00244785
1.01200000 -0.00241699
1.01300000 -0.00238657
1.01400000 -0.00235661
1.01500000 -0.00232708
1.01600000 -0.00229799
1.01700000 -0.00226932
1.01800000 -0.00224107
1.01900000 -0.00221324
1.02000000 -0.00218580
1.02100000 -0.00215877
1.02200000 -0.00213212
1.02300000 -0.00210586
1.02400000 -0.00207998
1.02500000 -0.00205448
1.02600000 -0.00202933
1.02700000 -0.00200455
1.02800000 -0.00198013
1.02900000 -0.00195605
1.03000000 -0.00193232
1.03100000 -0.00190892
1.03200000 -0.00188586
1.03300000 -0.00186312
1.03400000 -0.00184070
1.03500000 -0.00181861
1.03600000 -0.00179682
1.03700000 -0.00177534
1.03800000 -0.00175416
1.03900000 -0.00173328
1.04000000 -0.00171269
1.04100000 -0.00169238
1.04200000 -0.00167236
1.04300000 -0.00165262
1.04400000 -0.00163315
1.04500000 -0.00161396
1.04600000 -0.00159502
1.04700000 -0.00157635
1.04800000 -0.00155794
1.04900000 -0.00153977
1.05000000 -0.00152186
1.05100000 -0.00150419
1.05200000 -0.00148677
1.05300000 -0.00146958
1.05400000 -0.00145263
1.05500000 -0.00143590
1.05600000 -0.00141941
1.05700000 -0.00140313
1.05800000 -0.00138708
1.05900000 -0.00137124
1.06000000 -0.00135562
1.06100000 -0.00134020
1.06200000 -0.00132499
1.06300000 -0.00130999
1.06400000 -0.00129518
1.06500000 -0.00128058
1.06600000 -0.00126616
1.06700000 -0.00125194
1.06800000 -0.00123791
1.06900000 -0.00122406
1.07000000 -0.00121039
1.07100000 -0.00119691
1.07200000 -0.00118360
1.07300000 -0.00117047
1.07400000 -0.00115751
1.07500000 -0.00114472
1.07600000 -0.00113209
1.07700000 -0.00111963
1.07800000 -0.00110733
1.07900000 -0.00109519
1.08000000 -0.00108321
1.08100000 -0.00107139
1.08200000 -0.00105971
1.08300000 -0.00104819
1.08400000 -0.00103681
1.08500000 -0.00102558
1.08600000 -0.00101449
1.08700000 -0.00100355
1.08800000 -0.00099274
1.08900000 -0.00098208
1.09000000 -0.00097154
1.09100000 -0.00096115
1.09200000 -0.00095088
1.09300000 -0.00094074
1.09400000 -0.00093073
1.09500000 -0.00092085
1.09600000 -0.00091109
1.09700000 -0.00090145
1.09800000 -0.00089194
1.09900000 -0.00088254
1.10000000 -0.00087326
1.10100000 -0.00086409
1.10200000 -0.00085504
1.10300000 -0.00084610
1.10400000 -0.00083728
1.10500000 -0.00082856
1.10600000 -0.00081995
1.10700000 -0.00081144
1.10800000 -0.00080304
1.10900000 -0.00079474
1.11000000 -0.00078654
1.11100000 -0.00077845
1.11200000 -0.00077045
1.11300000 -0.00076255
1.11400000 -0.00075474
1.11500000 -0.00074703
1.11600000 -0.00073942
1.11700000 -0.00073189
1.11800000 -0.00072446
1.11900000 -0.00071711
1.12000000 -0.00070986
1.12100000 -0.00070269
1.12200000 -0.00069561
1.12300000 -0.00068861
1.12400000 -0.00068169
1.12500000 -0.00067486
1.12600000 -0.00066811
1.12700000 -0.00066144
1.12800000 -0.00065484
1.12900000 -0.00064833
1.13000000 -0.00064189
1.13100000 -0.00063553
1.13200000 -0.00062924
1.13300000 -0.00062303
1.13400000 -0.00061689
1.13500000 -0.00061082
1.13600000 -0.00060482
1.13700000 -0.00059889
1.13800000 -0.00059303
1.13900000 -0.00058724
1.14000000 -0.00058152
1.14100000 -0.00057586
1.14200000 -0.00057027
1.14300000 -0.00056474
1.14400000 -0.00055928
1.14500000 -0.00055387
1.14600000 -0.00054853
1.14700000 -0.00054326
1.14800000 -0.00053804
1.14900000 -0.00053288
1.15000000 -0.00052778
1.15100000 -0.00052274
1.15200000 -0.00051775
1.15300000 -0.00051282
1.15400000 -0.00050795
1.15500000 -0.00050313
1.15600000 -0.00049837
1.15700000 -0.00049366
1.15800000 -0.00048900
1.15900000 -0.00048440
1.16000000 -0.00047984
1.16100000 -0.00047534
1.16200000 -0.00047089
1.16300000 -0.00046649
1.16400000 -0.00046213
1.16500000 -0.00045783
1.16600000 -0.00045357
1.16700000 -0.00044936
1.16800000 -0.00044519
1.16900000 -0.00044107
1.17000000 -0.00043700
1.17100000 -0.00043297
1.17200000 -0.00042899
1.17300000 -0.00042505
1.17400000 -0.00042115
1.17500000 -0.00041729
1.17600000 -0.00041348
1.17700000 -0.00040971
1.17800000 -0.00040598
1.17900000 -0.00040229
1.18000000 -0.00039864
1.18100000 -0.00039502
1.18200000 -0.00039145
1.18300000 -0.00038792
1.18400000 -0.00038442
1.18500000 -0.00038096
1.18600000 -0.00037754
1.18700000 -0.00037416
1.18800000 -0.00037081
1.18900000 -0.00036749
1.19000000 -0.00036422
1.19100000 -0.00036097
1.19200000 -0.00035776
1.19300000 -0.00035459
1.19400000 -0.00035145
1.19500000 -0.00034834
1.19600000 -0.00034526
1.19700000 -0.00034222
1.19800000 -0.00033921
1.19900000 -0.00033623
1.20000000 -0.00033328
1.20100000 -0.00033036
1.20200000 -0.00032747
1.20300000 -0.00032461
1.20400000 -0.00032179
1.20500000 -0.00031899
1.20600000 -0.00031622
1.20700000 -0.00031348
1.20800000 -0.00031076
1.20900000 -0.00030808
1.21000000 -0.00030542
1.21100000 -0.00030279
1.21200000 -0.00030019
1.21300000 -0.00029761
1.21400000 -0.00029506
1.21500000 -0.00029254
1.21600000 -0.00029004
1.21700000 -0.00028757
1.21800000 -0.00028512
1.21900000 -0.00028270
1.22000000 -0.00028030
1.22100000 -0.00027792
1.22200000 -0.00027557
1.22300000 -0.00027325
1.22400000 -0.00027094
1.22500000 -0.00026866
1.22600000 -0.00026641
1.22700000 -0.00026417
1.22800000 -0.00026196
1.22900000 -0.00025977
1.23000000 -0.00025760
1.23100000 -0.00025545
1.23200000 -0.00025333
1.23300000 -0.00025122
1.23400000 -0.00024914
1.23500000 -0.00024708
1.23600000 -0.00024503
1.23700000 -0.00024301
1.23800000 -0.00024101
1.23900000 -0.00023903
1.24000000 -0.00023706
1.24100000 -0.00023512
1.24200000 -0.00023319
1.24300000 -0.00023129
1.24400000 -0.00022940
1.24500000 -0.00022753
1.24600000 -0.00022568
1.24700000 -0.00022384
1.24800000 -0.00022203
1.24900000 -0.00022023
1.25000000 -0.00021845
1.25100000 -0.00021668
1.25200000 -0.00021494
1.25300000 -0.00021321
1.25400000 -0.00021149
1.25500000 -0.00020980
1.25600000 -0.00020812
1.25700000 -0.00020645
1.25800000 -0.00020480
1.25900000 -0.00020317
1.26000000 -0.00020155
1.26100000 -0.00019995
1.26200000 -0.00019836
1.26300000 -0.00019679
1.26400000 -0.00019523
1.26500000 -0.00019369
1.26600000 -0.00019216
1.26700000 -0.00019065
1.26800000 -0.00018915
1.26900000 -0.00018766
1.27000000 -0.00018619
1.27100000 -0.00018473
1.27200000 -0.00018329
1.27300000 -0.00018186
1.27400000 -0.00018044
1.27500000 -0.00017904
1.27600000 -0.00017765
1.27700000 -0.00017627
1.27800000 -0.00017490
1.27900000 -0.00017355
1.28000000 -0.00017221
1.28100000 -0.00017088
1.28200000 -0.00016957
1.28300000 -0.00016826
1.28400000 -0.00016697
1.28500000 -0.00016569
1.28600000 -0.00016442
1.28700000 -0.00016317
1.28800000 -0.00016192
1.28900000 -0.00016069
1.29000000 -0.00015946
1.29100000 -0.00015825
1.29200000 -0.00015705
1.29300000 -0.00015586
1.29400000 -0.00015468
1.29500000 -0.00015351
1.29600000 -0.00015236
1.29700000 -0.00015121
1.29800000 -0.00015007
1.29900000 -0.00014894
1.30000000 -0.00014783
1.30100000 -0.00014672
1.30200000 -0.00014562
1.30300000 -0.00014454
1.30400000 -0.00014346
1.30500000 -0.00014239
1.30600000 -0.00014133
1.30700000 -0.00014028
1.30800000 -0.00013924
1.30900000 -0.00013821
1.31000000 -0.00013719
1.31100000 -0.00013618
1.31200000 -0.00013518
1.31300000 -0.00013418
1.31400000 -0.00013320
1.31500000 -0.00013222
1.31600000 -0.00013125
1.31700000 -0.00013029
1.31800000 -0.00012934
1.31900000 -0.00012839
1.32000000 -0.00012746
1.32100000 -0.00012653
1.32200000 -0.00012561
1.32300000 -0.00012470
1.32400000 -0.00012380
1.32500000 -0.00012290
1.32600000 -0.00012201
1.32700000 -0.00012113
1.32800000 -0.00012026
1.32900000 -0.00011940
1.33000000 -0.00011854
1.33100000 -0.00011769
1.33200000 -0.00011685
1.33300000 -0.00011601
1.33400000 -0.00011518
1.33500000 -0.00011436
1.33600000 -0.00011354
1.33700000 -0.00011274
1.33800000 -0.00011194
1.33900000 -0.00011114
1.34000000 -0.00011035
1.34100000 -0.00010957
1.34200000 -0.00010880
1.34300000 -0.00010803
1.34400000 -0.00010727
1.34500000 -0.00010652
1.34600000 -0.00010577
1.34700000 -0.00010503
1.34800000 -0.00010429
1.34900000 -0.00010356
1.35000000 -0.00010284
1.35100000 -0.00010212
1.35200000 -0.00010141
1.35300000 -0.00010070
1.35400000 -0.00010000
1.35500000 -0.00009931
1.35600000 -0.00009862
1.35700000 -0.00009794
1.35800000 -0.00009726
1.35900000 -0.00009659
1.36000000 -0.00009592
1.36100000 -0.00009526
1.36200000 -0.00009461
1.36300000 -0.00009396
1.36400000 -0.00009332
1.36500000 -0.00009268
1.36600000 -0.00009204
1.36700000 -0.00009141
1.36800000 -0.00009079
1.36900000 -0.00009017
1.37000000 -0.00008956
1.37100000 -0.00008895
1.37200000 -0.00008835
1.37300000 -0.00008775
1.37400000 -0.00008716
1.37500000 -0.00008657
1.37600000 -0.00008598
1.37700000 -0.00008540
1.37800000 -0.00008483
1.37900000 -0.00008426
1.38000000 -0.00008369
1.38100000 -0.00008313
1.38200000 -0.00008258
1.38300000 -0.00008202
1.38400000 -0.00008148
1.38500000 -0.00008093
1.38600000 -0.00008039
1.38700000 -0.00007986
1.38800000 -0.00007933
1.38900000 -0.00007880
1.39000000 -0.00007828
1.39100000 -0.00007776
1.39200000 -0.00007725
1.39300000 -0.00007674
1.39400000 -0.00007623
1.39500000 -0.00007573
1.39600000 -0.00007523
1.39700000 -0.00007474
1.39800000 -0.00007425
1.39900000 -0.00007376
1.40000000 -0.00007328
1.40100000 -0.00007280
1.40200000 -0.00007233
1.40300000 -0.00007186
1.40400000 -0.00007139
1.40500000 -0.00007093
1.40600000 -0.00007047
1.40700000 -0.00007001
1.40800000 -0.00006956
1.40900000 -0.00006911
1.41000000 -0.00006866
1.41100000 -0.00006822
1.41200000 -0.00006778
1.41300000 -0.00006734
1.41400000 -0.00006691
1.41500000 -0.00006648
1.41600000 -0.00006605
1.41700000 -0.00006563
1.41800000 -0.00006521
1.41900000 -0.00006480
1.42000000 -0.00006438
1.42100000 -0.00006397
1.42200000 -0.00006357
1.42300000 -0.00006316
1.42400000 -0.00006276
1.42500000 -0.00006236
1.42600000 -0.00006197
1.42700000 -0.00006158
1.42800000 -0.00006119
1.42900000 -0.00006080
1.43000000 -0.00006042
1.43100000 -0.00006004
1.43200000 -0.00005966
1.43300000 -0.00005929
1.43400000 -0.00005892
1.43500000 -0.00005855
1.43600000 -0.00005818
1.43700000 -0.00005782
1.43800000 -0.00005746
1.43900000 -0.00005710
1.44000000 -0.00005675
1.44100000 -0.00005639
1.44200000 -0.00005604
1.44300000 -0.00005570
1.44400000 -0.00005535
1.44500000 -0.00005501
1.44600000 -0.00005467
1.44700000 -0.00005433
1.44800000 -0.00005400
1.44900000 -0.00005366
1.45000000 -0.00005334
1.45100000 -0.00005301
1.45200000 -0.00005268
1.45300000 -0.00005236
1.45400000 -0.00005204
1.45500000 -0.00005172
1.45600000 -0.00005141
1.45700000 -0.00005109
1.45800000 -0.00005078
1.45900000 -0.00005047
1.46000000 -0.00005017
1.46100000 -0.00004986
1.46200000 -0.00004956
1.46300000 -0.00004926
1.46400000 -0.00004896
1.46500000 -0.00004867
1.46600000 -0.00004837
1.46700000 -0.00004808
1.46800000 -0.00004779
1.46900000 -0.00004751
1.47000000 -0.00004722
1.47100000 -0.00004694
1.47200000 -0.00004666
1.47300000 -0.00004638
1.47400000 -0.00004610
1.47500000 -0.00004583
1.47600000 -0.00004555
1.47700000 -0.00004528
1.47800000 -0.00004501
1.47900000 -0.00004475
1.48000000 -0.00004448
1.48100000 -0.00004422
1.48200000 -0.00004396
1.48300000 -0.00004370
1.48400000 -0.00004344
1.48500000 -0.00004318
1.48600000 -0.00004293
1.48700000 -0.00004268
1.48800000 -0.00004243
1.48900000 -0.00004218
1.49000000 -0.00004193
1.49100000 -0.00004168
1.49200000 -0.00004144
1.49300000 -0.00004120
1.49400000 -0.00004096
1.49500000 -0.00004072
1.49600000 -0.00004048
1.49700000 -0.00004025
1.49800000 -0.00004001
1.49900000 -0.00003978
1.50000000 -0.00003955
1.50100000 -0.00003932
1.50200000 -0.00003909
1.50300000 -0.00003887
1.50400000 -0.00003864
1.50500000 -0.00003842
1.50600000 -0.00003820
1.50700000 -0.00003798
1.50800000 -0.00003776
1.50900000 -0.00003755
1.51000000 -0.00003733
1.51100000 -0.00003712
1.51200000 -0.00003691
1.51300000 -0.00003670
1.51400000 -0.00003649
1.51500000 -0.00003628
1.51600000 -0.00003607
1.51700000 -0.00003587
1.51800000 -0.00003566
1.51900000 -0.00003546
1.52000000 -0.00003526
1.52100000 -0.00003506
1.52200000 -0.00003486
1.52300000 -0.00003467
1.52400000 -0.00003447
1.52500000 -0.00003428
1.52600000 -0.00003408
1.52700000 -0.00003389
1.52800000 -0.00003370
1.52900000 -0.00003351
1.53000000 -0.00003332
1.53100000 -0.00003314
1.53200000 -0.00003295
1.53300000 -0.00003277
1.53400000 -0.00003259
1.53500000 -0.00003240
1.53600000 -0.00003222
1.53700000 -0.00003204
1.53800000 -0.00003187
1.53900000 -0.00003169
1.54000000 -0.00003151
1.54100000 -0.00003134
1.54200000 -0.00003117
1.54300000 -0.00003099
1.54400000 -0.00003082
1.54500000 -0.00003065
1.54600000 -0.00003049
1.54700000 -0.00003032
1.54800000 -0.00003015
1.54900000 -0.00002999
1.55000000 -0.00002982
1.55100000 -0.00002966
1.55200000 -0.00002950
1.55300000 -0.00002933
1.55400000 -0.00002917
1.55500000 -0.00002902
1.55600000 -0.00002886
1.55700000 -0.00002870
1.55800000 -0.00002854
1.55900000 -0.00002839
1.56000000 -0.00002824
1.56100000 -0.00002808
1.56200000 -0.00002793
1.56300000 -0.00002778
1.56400000 -0.00002763
1.56500000 -0.00002748
1.56600000 -0.00002733
1.56700000 -0.00002719
1.56800000 -0.00002704
1.56900000 -0.00002689
1.57000000 -0.00002675
1.57100000 -0.00002661
1.57200000 -0.00002646
1.57300000 -0.00002632
1.57400000 -0.00002618
1.57500000 -0.00002604
1.57600000 -0.00002590
1.57700000 -0.00002577
1.57800000 -0.00002563
1.57900000 -0.00002549
1.58000000 -0.00002536
1.58100000 -0.00002522
1.58200000 -0.00002509
1.58300000 -0.00002496
1.58400000 -0.00002482
1.58500000 -0.00002469
1.58600000 -0.00002456
1.58700000 -0.00002443
1.58800000 -0.00002431
1.58900000 -0.00002418
1.59000000 -0.00002405
1.59100000 -0.00002392
1.59200000 -0.00002380
1.59300000 -0.00002367
1.59400000 -0.00002355
1.59500000 -0.00002343
1.59600000 -0.00002330
1.59700000 -0.00002318
1.59800000 -0.00002306
1.59900000 -0.00002294
1.60000000 -0.00002282
1.60100000 -0.00002270
1.60200000 -0.00002259
1.60300000 -0.00002247
1.60400000 -0.00002235
1.60500000 -0.00002224
1.60600000 -0.00002212
1.60700000 -0.00002201
1.60800000 -0.00002190
1.60900000 -0.00002178
1.61000000 -0.00002167
1.61100000 -0.00002156
1.61200000 -0.00002145
1.61300000 -0.00002134
1.61400000 -0.00002123
1.61500000 -0.00002112
1.61600000 -0.00002101
1.61700000 -0.00002090
1.61800000 -0.00002080
1.61900000 -0.00002069
1.62000000 -0.00002059
1.62100000 -0.00002048
1.62200000 -0.00002038
1.62300000 -0.00002027
1.62400000 -0.00002017
1.62500000 -0.00002007
1.62600000 -0.00001997
1.62700000 -0.00001987
1.62800000 -0.00001977
1.62900000 -0.00001967
1.63000000 -0.00001957
1.63100000 -0.00001947
1.63200000 -0.00001937
1.63300000 -0.00001927
1.63400000 -0.00001918
1.63500000 -0.00001908
1.63600000 -0.00001898
1.63700000 -0.00001889
1.63800000 -0.00001879
1.63900000 -0.00001870
1.64000000 -0.00001861
1.64100000 -0.00001851
1.64200000 -0.00001842
1.64300000 -0.00001833
1.64400000 -0.00001824
1.64500000 -0.00001815
1.64600000 -0.00001806
1.64700000 -0.00001797
1.64800000 -0.00001788
1.64900000 -0.00001779
1.65000000 -0.00001770
1.65100000 -0.00001762
1.65200000 -0.00001753
1.65300000 -0.00001744
1.65400000 -0.00001736
1.65500000 -0.00001727
1.65600000 -0.00001719
1.65700000 -0.00001710
1.65800000 -0.00001702
1.65900000 -0.00001694
1.66000000 -0.00001685
1.66100000 -0.00001677
1.66200000 -0.00001669
1.66300000 -0.00001661
1.66400000 -0.00001653
1.66500000 -0.00001644
1.66600000 -0.00001636
1.66700000 -0.00001629
1.66800000 -0.00001621
1.66900000 -0.00001613
1.67000000 -0.00001605
1.67100000 -0.00001597
1.67200000 -0.00001589
1.67300000 -0.00001582
1.67400000 -0.00001574
1.67500000 -0.00001566
1.67600000 -0.00001559
1.67700000 -0.00001551
1.67800000 -0.00001544
1.67900000 -0.00001537
1.68000000 -0.00001529
1.68100000 -0.00001522
1.68200000 -0.00001515
1.68300000 -0.00001507
1.68400000 -0.00001500
1.68500000 -0.00001493
1.68600000 -0.00001486
1.68700000 -0.00001479
1.68800000 -0.00001472
1.68900000 -0.00001465
1.69000000 -0.00001458
1.69100000 -0.00001451
1.69200000 -0.00001444
1.69300000 -0.00001437
1.69400000 -0.00001430
1.69500000 -0.00001423
1.69600000 -0.00001417
1.69700000 -0.00001410
1.69800000 -0.00001403
1.69900000 -0.00001397
1.70000000 -0.00001390
1.70100000 -0.00001384
1.70200000 -0.00001377
1.70300000 -0.00001371
1.70400000 -0.00001364
1.70500000 -0.00001358
1.70600000 -0.00001351
1.70700000 -0.00001345
1.70800000 -0.00001339
1.70900000 -0.00001332
1.71000000 -0.00001326
1.71100000 -0.00001320
1.71200000 -0.00001314
1.71300000 -0.00001308
1.71400000 -0.00001302
1.71500000 -0.00001296
1.71600000 -0.00001290
1.71700000 -0.00001284
1.71800000 -0.00001278
1.71900000 -0.00001272
1.72000000 -0.00001266
1.72100000 -0.00001260
1.72200000 -0.00001254
1.72300000 -0.00001248
1.72400000 -0.00001243
1.72500000 -0.00001237
1.72600000 -0.00001231
1.72700000 -0.00001226
1.72800000 -0.00001220
1.72900000 -0.00001214
1.73000000 -0.00001209
1.73100000 -0.00001203
1.73200000 -0.00001198
1.73300000 -0.00001192
1.73400000 -0.00001187
1.73500000 -0.00001181
1.73600000 -0.00001176
1.73700000 -0.00001171
1.73800000 -0.00001165
1.73900000 -0.00001160
1.74000000 -0.00001155
1.74100000 -0.00001150
1.74200000 -0.00001144
1.74300000 -0.00001139
1.74400000 -0.00001134
1.74500000 -0.00001129
1.74600000 -0.00001124
1.74700000 -0.00001119
1.74800000 -0.00001114
1.74900000 -0.00001109
1.75000000 -0.00001104
1.75100000 -0.00001099
1.75200000 -0.00001094
1.75300000 -0.00001089
1.75400000 -0.00001084
1.75500000 -0.00001079
1.75600000 -0.00001074
1.75700000 -0.00001069
1.75800000 -0.00001065
1.75900000 -0.00001060
1.76000000 -0.00001055
1.76100000 -0.00001050
1.76200000 -0.00001046
1.76300000 -0.00001041
1.76400000 -0.00001036
1.76500000 -0.00001032
1.76600000 -0.00001027
1.76700000 -0.00001023
1.76800000 -0.00001018
1.76900000 -0.00001014
1.77000000 -0.00001009
1.77100000 -0.00001005
1.77200000 -0.00001000
1.77300000 -0.00000996
1.77400000 -0.00000992
1.77500000 -0.00000987
1.77600000 -0.00000983
1.77700000 -0.00000978
1.77800000 -0.00000974
1.77900000 -0.00000970
1.78000000 -0.00000966
1.78100000 -0.00000961
1.78200000 -0.00000957
1.78300000 -0.00000953
1.78400000 -0.00000949
1.78500000 -0.00000945
1.78600000 -0.00000941
1.78700000 -0.00000936
1.78800000 -0.00000932
1.78900000 -0.00000928
1.79000000 -0.00000924
1.79100000 -0.00000920
1.79200000 -0.00000916
1.79300000 -0.00000912
1.79400000 -0.00000908
1.79500000 -0.00000904
1.79600000 -0.00000901
1.79700000 -0.00000897
1.79800000 -0.00000893
1.79900000 -0.00000889
1.80000000 -0.00000885
1.80100000 -0.00000881
1.80200000 -0.00000877
1.80300000 -0.00000874
1.80400000 -0.00000870
1.80500000 -0.00000866
1.80600000 -0.00000863
1.80700000 -0.00000859
1.80800000 -0.00000855
1.80900000 -0.00000851
1.81000000 -0.00000848
1.81100000 -0.00000844
1.81200000 -0.00000841
1.81300000 -0.00000837
1.81400000 -0.00000833
1.81500000 -0.00000830
1.81600000 -0.00000826
1.81700000 -0.00000823
1.81800000 -0.00000819
1.81900000 -0.00000816
1.82000000 -0.00000812
1.82100000 -0.00000809
1.82200000 -0.00000806
1.82300000 -0.00000802
1.82400000 -0.00000799
1.82500000 -0.00000795
1.82600000 -0.00000792
1.82700000 -0.00000789
1.82800000 -0.00000785
1.82900000 -0.00000782
1.83000000 -0.00000779
1.83100000 -0.00000776
1.83200000 -0.00000772
1.83300000 -0.00000769
1.83400000 -0.00000766
1.83500000 -0.00000763
1.83600000 -0.00000759
1.83700000 -0.00000756
1.83800000 -0.00000753
1.83900000 -0.00000750
1.84000000 -0.00000747
1.84100000 -0.00000744
1.84200000 -0.00000741
1.84300000 -0.00000738
1.84400000 -0.00000734
1.84500000 -0.00000731
1.84600000 -0.00000728
1.84700000 -0.00000725
1.84800000 -0.00000722
1.84900000 -0.00000719
1.85000000 -0.00000716
1.85100000 -0.00000713
1.85200000 -0.00000711
1.85300000 -0.00000708
1.85400000 -0.00000705
1.85500000 -0.00000702
1.85600000 -0.00000699
1.85700000 -0.00000696
1.85800000 -0.00000693
1.85900000 -0.00000690
1.86000000 -0.00000687
1.86100000 -0.00000685
1.86200000 -0.00000682
1.86300000 -0.00000679
1.86400000 -0.00000676
1.86500000 -0.00000674
1.86600000 -0.00000671
1.86700000 -0.00000668
1.86800000 -0.00000665
1.86900000 -0.00000663
1.87000000 -0.00000660
1.87100000 -0.00000657
1.87200000 -0.00000655
1.87300000 -0.00000652
1.87400000 -0.00000649
1.87500000 -0.00000647
1.87600000 -0.00000644
1.87700000 -0.00000641
1.87800000 -0.00000639
1.87900000 -0.00000636
1.88000000 -0.00000634
1.88100000 -0.00000631
1.88200000 -0.00000629
1.88300000 -0.00000626
1.88400000 -0.00000624
1.88500000 -0.00000621
1.88600000 -0.00000619
1.88700000 -0.00000616
1.88800000 -0.00000614
1.88900000 -0.00000611
1.89000000 -0.00000609
1.89100000 -0.00000606
1.89200000 -0.00000604
1.89300000 -0.00000601
1.89400000 -0.00000599
1.89500000 -0.00000597
1.89600000 -0.00000594
1.89700000 -0.00000592
1.89800000 -0.00000590
1.89900000 -0.00000587
1.90000000 -0.00000585
1.90100000 -0.00000583
1.90200000 -0.00000580
1.90300000 -0.00000578
1.90400000 -0.00000576
1.90500000 -0.00000573
1.90600000 -0.00000571
1.90700000 -0.00000569
1.90800000 -0.00000567
1.90900000 -0.00000564
1.91000000 -0.00000562
1.91100000 -0.00000560
1.91200000 -0.00000558
1.91300000 -0.00000556
1.91400000 -0.00000553
1.91500000 -0.00000551
1.91600000 -0.00000549
1.91700000 -0.00000547
1.91800000 -0.00000545
1.91900000 -0.00000543
1.92000000 -0.00000540
1.92100000 -0.00000538
1.92200000 -0.00000536
1.92300000 -0.00000534
1.92400000 -0.00000532
1.92500000 -0.00000530
1.92600000 -0.00000528
1.92700000 -0.00000526
1.92800000 -0.00000524
1.92900000 -0.00000522
1.93000000 -0.00000520
1.93100000 -0.00000518
1.93200000 -0.00000516
1.93300000 -0.00000514
1.93400000 -0.00000512
1.93500000 -0.00000510
1.93600000 -0.00000508
1.93700000 -0.00000506
1.93800000 -0.00000504
1.93900000 -0.00000502
1.94000000 -0.00000500
1.94100000 -0.00000498
1.94200000 -0.00000496
1.94300000 -0.00000494
1.94400000 -0.00000492
1.94500000 -0.00000491
1.94600000 -0.00000489
1.94700000 -0.00000487
1.94800000 -0.00000485
1.94900000 -0.00000483
1.95000000 -0.00000481
1.95100000 -0.00000479
1.95200000 -0.00000478
1.95300000 -0.00000476
1.95400000 -0.00000474
1.95500000 -0.00000472
1.95600000 -0.00000470
1.95700000 -0.00000469
1.95800000 -0.00000467
1.95900000 -0.00000465
1.96000000 -0.00000463
1.96100000 -0.00000462
1.96200000 -0.00000460
1.96300000 -0.00000458
1.96400000 -0.00000456
1.96500000 -0.00000455
1.96600000 -0.00000453
1.96700000 -0.00000451
1.96800000 -0.00000449
1.96900000 -0.00000448
1.97000000 -0.00000446
1.97100000 -0.00000444
1.97200000 -0.00000443
1.97300000 -0.00000441
1.97400000 -0.00000439
1.97500000 -0.00000438
1.97600000 -0.00000436
1.97700000 -0.00000434
1.97800000 -0.00000433
1.97900000 -0.00000431
1.98000000 -0.00000430
1.98100000 -0.00000428
1.98200000 -0.00000426
1.98300000 -0.00000425
1.98400000 -0.00000423
1.98500000 -0.00000422
1.98600000 -0.00000420
1.98700000 -0.00000419
1.98800000 -0.00000417
1.98900000 -0.00000415
1.99000000 -0.00000414
1.99100000 -0.00000412
1.99200000 -0.00000411
1.99300000 -0.00000409
1.99400000 -0.00000408
1.99500000 -0.00000406
1.99600000 -0.00000405
1.99700000 -0.00000403
1.99800000 -0.00000402
1.99900000 -0.00000400
2.00000000 -0.00000399
