0.10000000 633141822160.63171387
0.10100000 556316888750.46740723
0.10200000 489437145918.72833252
0.10300000 431135959976.69854736
0.10400000 380245180057.82183838
0.10500000 335764787826.89318848
0.10600000 296837416896.24084473
0.10700000 262726924546.52655029
0.10800000 232800341500.06951904
0.10900000 206512642552.19268799
0.11000000 183393876770.26098633
0.11100000 163038274691.04739380
0.11200000 145095014682.63088989
0.11300000 129260383968.10757446
0.11400000 115271113822.15751648
0.11500000 102898704839.05911255
0.11600000 91944588304.98614502
0.11700000 82235994704.96267700
0.11800000 73622421165.54670715
0.11900000 65972606920.88909912
0.12000000 59171940299.64456940
0.12100000 53120232760.85190582
0.12200000 47729805566.64804840
0.12300000 42923843104.14820862
0.12400000 38634973934.34230042
0.12500000 34804046580.30939484
0.12600000 31379072058.68303680
0.12700000 28314309362.83935928
0.12800000 25569473652.77425385
0.12900000 23109049902.17486954
0.13000000 20901697286.77777863
0.13100000 18919731743.82620621
0.13200000 17138675952.04329300
0.13300000 15536867526.57708168
0.13400000 14095117536.93630981
0.13500000 12796412574.09627533
0.13600000 11625654545.94664192
0.13700000 10569433193.45825005
0.13800000 9615827014.69396400
0.13900000 8754228878.03145218
0.14000000 7975193114.82997608
0.14100000 7270301318.02237034
0.14200000 6632044447.52886581
0.14300000 6053719165.09123039
0.14400000 5529336597.83635998
0.14500000 5053541968.14612389
0.14600000 4621543732.79288006
0.14700000 4229051051.52136946
0.14800000 3872218558.33638000
0.14900000 3547597541.11492586
0.15000000 3252092749.72067118
0.15100000 2982924152.04868317
0.15200000 2737593043.49996471
0.15300000 2513851990.09914446
0.15400000 2309678150.38542652
0.15500000 2123249577.66402721
0.15600000 1952924153.35016418
0.15700000 1797220844.95692801
0.15800000 1654803019.61914635
0.15900000 1524463576.63789749
0.16000000 1405111691.00319338
0.16100000 1295760984.74778605
0.16200000 1195518964.77114630
0.16300000 1103577584.85381460
0.16400000 1019204806.30829740
0.16500000 941737046.38622975
0.16600000 870572416.44494045
0.16700000 805164663.19731224
0.16800000 745017736.32433307
0.16900000 689680914.49148607
0.17000000 638744429.52723122
0.17100000 591835535.32401347
0.17200000 548614974.02251887
0.17300000 508773797.33673155
0.17400000 472030505.55665863
0.17500000 438128470.90241319
0.17600000 406833615.56311476
0.17700000 377932317.99422127
0.17800000 351229523.91747051
0.17900000 326547041.01255441
0.18000000 303721998.54746187
0.18100000 282605455.19884634
0.18200000 263061140.09444660
0.18300000 244964313.69253492
0.18400000 228200736.52146935
0.18500000 212665735.05580491
0.18600000 198263355.12179980
0.18700000 184905594.22013098
0.18800000 172511705.04097980
0.18900000 161007563.23848644
0.19000000 150325093.23862439
0.19100000 140401746.48627064
0.19200000 131180027.10200962
0.19300000 122607060.42440817
0.19400000 114634200.36568168
0.19500000 107216671.91363899
0.19600000 100313245.47568288
0.19700000 93885940.08601373
0.19800000 87899752.78907819
0.19900000 82322411.77431418
0.20000000 77124151.07255700
0.20100000 72277504.83592613
0.20200000 67757119.41312759
0.20300000 63539581.60313208
0.20400000 59603261.62411775
0.20500000 55928169.47318467
0.20600000 52495823.47724271
0.20700000 49289129.94805912
0.20800000 46292272.95599723
0.20900000 43490613.32860663
0.21000000 40870596.06295187
0.21100000 38419665.41529021
0.21200000 36126186.99923844
0.21300000 33979376.28462519
0.21400000 31969232.94445688
0.21500000 30086480.54741052
0.21600000 28322511.13852604
0.21700000 26669334.29176972
0.21800000 25119530.25529750
0.21900000 23666206.84393734
0.22000000 22302959.76397141
0.22100000 21023836.08303380
0.22200000 19823300.58312220
0.22300000 18696204.75759401
0.22400000 17637758.23380484
0.22500000 16643502.42194350
0.22600000 15709286.20780510
0.22700000 14831243.52288274
0.22800000 14005772.63939400
0.22900000 13229517.05082285
0.23000000 12499347.81036858
0.23100000 11812347.21045810
0.23200000 11165793.69629387
0.23300000 10557147.91536244
0.23400000 9984039.81299919
0.23500000 9444256.69156323
0.23600000 8935732.15758795
0.23700000 8456535.88749571
0.23800000 8004864.14815307
0.23900000 7579031.01374294
0.24000000 7177460.22518702
0.24100000 6798677.64270368
0.24200000 6441304.24607078
0.24300000 6104049.64081059
0.24400000 5785706.03185576
0.24500000 5485142.62931744
0.24600000 5201300.45378370
0.24700000 4933187.51115070
0.24800000 4679874.30934999
0.24900000 4440489.69150297
0.25000000 4214216.96202226
0.25100000 4000290.28400671
0.25200000 3797991.32795498
0.25300000 3606646.15336455
0.25400000 3425622.30620080
0.25500000 3254326.11652413
0.25600000 3092200.18176240
0.25700000 2938721.02221922
0.25800000 2793396.89642436
0.25900000 2655765.76486757
0.26000000 2525393.39151868
0.26100000 2401871.57333022
0.26200000 2284816.48865060
0.26300000 2173867.15614988
0.26400000 2068683.99648237
0.26500000 1968947.48948404
0.26600000 1874356.92023196
0.26700000 1784629.20778201
0.26800000 1699497.81085225
0.26900000 1618711.70513616
0.27000000 1542034.42731530
0.27100000 1469243.18119645
0.27200000 1400128.00172797
0.27300000 1334490.97295378
0.27400000 1272145.49624528
0.27500000 1212915.60541186
0.27600000 1156635.32553158
0.27700000 1103148.07256689
0.27800000 1052306.09103700
0.27900000 1003969.92720984
0.28000000 958007.93545382
0.28100000 914295.81555449
0.28200000 872716.17895298
0.28300000 833158.14200501
0.28400000 795516.94449008
0.28500000 759693.59172215
0.28600000 725594.51872613
0.28700000 693131.27504925
0.28800000 662220.22887366
0.28900000 632782.28918715
0.29000000 604742.64485283
0.29100000 578030.51949642
0.29200000 552578.94120295
0.29300000 528324.52608134
0.29400000 505207.27481880
0.29500000 483170.38140485
0.29600000 462160.05325931
0.29700000 442125.34204911
0.29800000 423017.98452571
0.29900000 404792.25275894
0.30000000 387404.81318363
0.30100000 370814.59391363
0.30200000 354982.65981310
0.30300000 339872.09484800
0.30400000 325447.89127152
0.30500000 311676.84522595
0.30600000 298527.45836998
0.30700000 285969.84516579
0.30800000 273975.64548335
0.30900000 262517.94220097
0.31000000 251571.18350197
0.31100000 241111.10958554
0.31200000 231114.68352830
0.31300000 221560.02604911
0.31400000 212426.35394538
0.31500000 203693.92198347
0.31600000 195343.96803933
0.31700000 187358.66129814
0.31800000 179721.05333349
0.31900000 172415.03189775
0.32000000 165425.27726548
0.32100000 158737.22098157
0.32200000 152337.00687475
0.32300000 146211.45420554
0.32400000 140348.02282579
0.32500000 134734.78023420
0.32600000 129360.37041937
0.32700000 124213.98438829
0.32800000 119285.33228433
0.32900000 114564.61700464
0.33000000 110042.50923199
0.33100000 105710.12380139
0.33200000 101558.99732643
0.33300000 97581.06701451
0.33400000 93768.65060480
0.33500000 90114.42736605
0.33600000 86611.42009550
0.33700000 83252.97806342
0.33800000 80032.76085085
0.33900000 76944.72303159
0.34000000 73983.09965177
0.34100000 71142.39246353
0.34200000 68417.35687145
0.34300000 65802.98955307
0.34400000 63294.51671664
0.34500000 60887.38296189
0.34600000 58577.24071095
0.34700000 56359.94017895
0.34800000 54231.51985516
0.34900000 52188.19746740
0.35000000 50226.36140384
0.35100000 48342.56256799
0.35200000 46533.50664364
0.35300000 44796.04674818
0.35400000 43127.17645386
0.35500000 41524.02315734
0.35600000 39983.84177958
0.35700000 38504.00877845
0.35800000 37082.01645796
0.35900000 35715.46755848
0.36000000 34402.07011349
0.36100000 33139.63255894
0.36200000 31926.05908227
0.36300000 30759.34519859
0.36400000 29637.57354253
0.36500000 28558.90986452
0.36600000 27521.59922122
0.36700000 26523.96235003
0.36800000 25564.39221847
0.36900000 24641.35073948
0.37000000 23753.36564418
0.37100000 22899.02750439
0.37200000 22076.98689703
0.37300000 21285.95170360
0.37400000 20524.68453773
0.37500000 19792.00029457
0.37600000 19086.76381592
0.37700000 18407.88766521
0.37800000 17754.33000717
0.37900000 17125.09258669
0.38000000 16519.21880222
0.38100000 15935.79186899
0.38200000 15373.93306764
0.38300000 14832.80007398
0.38400000 14311.58536620
0.38500000 13809.51470542
0.38600000 13325.84568628
0.38700000 12859.86635402
0.38800000 12410.89388498
0.38900000 11978.27332728
0.39000000 11561.37639902
0.39100000 11159.60034096
0.39200000 10772.36682141
0.39300000 10399.12089048
0.39400000 10039.32998167
0.39500000 9692.48295834
0.39600000 9358.08920296
0.39700000 9035.67774726
0.39800000 8724.79644116
0.39900000 8425.01115878
0.40000000 8135.90503983
0.40100000 7857.07776449
0.40200000 7588.14486060
0.40300000 7328.73704122
0.40400000 7078.49957157
0.40500000 6837.09166362
0.40600000 6604.18589737
0.40700000 6379.46766728
0.40800000 6162.63465303
0.40900000 5953.39631313
0.41000000 5751.47340073
0.41100000 5556.59750018
0.41200000 5368.51058384
0.41300000 5186.96458782
0.41400000 5011.72100611
0.41500000 4842.55050202
0.41600000 4679.23253639
0.41700000 4521.55501152
0.41800000 4369.31393043
0.41900000 4222.31307053
0.42000000 4080.36367118
0.42100000 3943.28413438
0.42200000 3810.89973829
0.42300000 3683.04236261
0.42400000 3559.55022566
0.42500000 3440.26763245
0.42600000 3325.04473324
0.42700000 3213.73729227
0.42800000 3106.20646606
0.42900000 3002.31859098
0.43000000 2901.94497960
0.43100000 2804.96172547
0.43200000 2711.24951598
0.43300000 2620.69345292
0.43400000 2533.18288046
0.43500000 2448.61122008
0.43600000 2366.87581242
0.43700000 2287.87776543
0.43800000 2211.52180884
0.43900000 2137.71615443
0.44000000 2066.37236212
0.44100000 1997.40521130
0.44200000 1930.73257755
0.44300000 1866.27531416
0.44400000 1803.95713857
0.44500000 1743.70452323
0.44600000 1685.44659098
0.44700000 1629.11501444
0.44800000 1574.64391959
0.44900000 1521.96979306
0.45000000 1471.03139319
0.45100000 1421.76966453
0.45200000 1374.12765582
0.45300000 1328.05044113
0.45400000 1283.48504413
0.45500000 1240.38036539
0.45600000 1198.68711243
0.45700000 1158.35773261
0.45800000 1119.34634858
0.45900000 1081.60869627
0.46000000 1045.10206528
0.46100000 1009.78524163
0.46200000 975.61845265
0.46300000 942.56331406
0.46400000 910.58277910
0.46500000 879.64108958
0.46600000 849.70372882
0.46700000 820.73737643
0.46800000 792.70986480
0.46900000 765.59013721
0.47000000 739.34820763
0.47100000 713.95512196
0.47200000 689.38292082
0.47300000 665.60460367
0.47400000 642.59409436
0.47500000 620.32620793
0.47600000 598.77661871
0.47700000 577.92182957
0.47800000 557.73914236
0.47900000 538.20662942
0.48000000 519.30310622
0.48100000 501.00810497
0.48200000 483.30184919
0.48300000 466.16522931
0.48400000 449.57977911
0.48500000 433.52765302
0.48600000 417.99160435
0.48700000 402.95496420
0.48800000 388.40162124
0.48900000 374.31600221
0.49000000 360.68305311
0.49100000 347.48822112
0.49200000 334.71743711
0.49300000 322.35709890
0.49400000 310.39405502
0.49500000 298.81558914
0.49600000 287.60940499
0.49700000 276.76361193
0.49800000 266.26671090
0.49900000 256.10758104
0.50000000 246.27546665
0.50100000 236.75996469
0.50200000 227.55101276
0.50300000 218.63887739
0.50400000 210.01414290
0.50500000 201.66770054
0.50600000 193.59073807
0.50700000 185.77472973
0.50800000 178.21142650
0.50900000 170.89284675
0.51000000 163.81126723
0.51100000 156.95921437
0.51200000 150.32945584
0.51300000 143.91499250
0.51400000 137.70905053
0.51500000 131.70507391
0.51600000 125.89671714
0.51700000 120.27783823
0.51800000 114.84249185
0.51900000 109.58492288
0.52000000 104.49956003
0.52100000 99.58100975
0.52200000 94.82405037
0.52300000 90.22362638
0.52400000 85.77484297
0.52500000 81.47296075
0.52600000 77.31339057
0.52700000 73.29168864
0.52800000 69.40355176
0.52900000 65.64481267
0.53000000 62.01143564
0.53100000 58.49951216
0.53200000 55.10525680
0.53300000 51.82500317
0.53400000 48.65520009
0.53500000 45.59240781
0.53600000 42.63329444
0.53700000 39.77463241
0.53800000 37.01329513
0.53900000 34.34625369
0.54000000 31.77057378
0.54100000 29.28341255
0.54200000 26.88201576
0.54300000 24.56371487
0.54400000 22.32592433
0.54500000 20.16613888
0.54600000 18.08193104
0.54700000 16.07094857
0.54800000 14.13091212
0.54900000 12.25961284
0.55000000 10.45491023
0.55100000 8.71472988
0.55200000 7.03706143
0.55300000 5.41995652
0.55400000 3.86152683
0.55500000 2.35994218
0.55600000 0.91342868
0.55700000 -0.47973299
0.55800000 -1.82120937
0.55900000 -3.11261583
0.56000000 -4.35551820
0.56100000 -5.55143431
0.56200000 -6.70183551
0.56300000 -7.80814810
0.56400000 -8.87175477
0.56500000 -9.89399594
0.56600000 -10.87617108
0.56700000 -11.81953999
0.56800000 -12.72532403
0.56900000 -13.59470732
0.57000000 -14.42883790
0.57100000 -15.22882883
0.57200000 -15.99575929
0.57300000 -16.73067561
0.57400000 -17.43459233
0.57500000 -18.10849312
0.57600000 -18.75333176
0.57700000 -19.37003309
0.57800000 -19.95949384
0.57900000 -20.52258354
0.58000000 -21.06014535
0.58100000 -21.57299684
0.58200000 -22.06193080
0.58300000 -22.52771601
0.58400000 -22.97109793
0.58500000 -23.39279946
0.58600000 -23.79352159
0.58700000 -24.17394409
0.58800000 -24.53472617
0.58900000 -24.87650706
0.59000000 -25.19990667
0.59100000 -25.50552612
0.59200000 -25.79394838
0.59300000 -26.06573875
0.59400000 -26.32144545
0.59500000 -26.56160010
0.59600000 -26.78671824
0.59700000 -26.99729981
0.59800000 -27.19382963
0.59900000 -27.37677784
0.60000000 -27.54660037
0.60100000 -27.70373933
0.60200000 -27.84862345
0.60300000 -27.98166849
0.60400000 -28.10327759
0.60500000 -28.21384171
0.60600000 -28.31373994
0.60700000 -28.40333989
0.60800000 -28.48299801
0.60900000 -28.55305994
0.61000000 -28.61386084
0.61100000 -28.66572568
0.61200000 -28.70896956
0.61300000 -28.74389800
0.61400000 -28.77080723
0.61500000 -28.78998447
0.61600000 -28.80170819
0.61700000 -28.80624836
0.61800000 -28.80386675
0.61900000 -28.79481711
0.62000000 -28.77934544
0.62100000 -28.75769025
0.62200000 -28.73008272
0.62300000 -28.69674697
0.62400000 -28.65790023
0.62500000 -28.61375309
0.62600000 -28.56450966
0.62700000 -28.51036776
0.62800000 -28.45151914
0.62900000 -28.38814962
0.63000000 -28.32043930
0.63100000 -28.24856272
0.63200000 -28.17268899
0.63300000 -28.09298201
0.63400000 -28.00960058
0.63500000 -27.92269856
0.63600000 -27.83242503
0.63700000 -27.73892441
0.63800000 -27.64233663
0.63900000 -27.54279721
0.64000000 -27.44043746
0.64100000 -27.33538454
0.64200000 -27.22776162
0.64300000 -27.11768797
0.64400000 -27.00527911
0.64500000 -26.89064691
0.64600000 -26.77389966
0.64700000 -26.65514223
0.64800000 -26.53447615
0.64900000 -26.41199968
0.65000000 -26.28780796
0.65100000 -26.16199306
0.65200000 -26.03464409
0.65300000 -25.90584728
0.65400000 -25.77568606
0.65500000 -25.64424116
0.65600000 -25.51159067
0.65700000 -25.37781015
0.65800000 -25.24297266
0.65900000 -25.10714886
0.66000000 -24.97040708
0.66100000 -24.83281339
0.66200000 -24.69443167
0.66300000 -24.55532364
0.66400000 -24.41554898
0.66500000 -24.27516536
0.66600000 -24.13422848
0.66700000 -23.99279218
0.66800000 -23.85090844
0.66900000 -23.70862748
0.67000000 -23.56599778
0.67100000 -23.42306615
0.67200000 -23.27987779
0.67300000 -23.13647629
0.67400000 -22.99290373
0.67500000 -22.84920072
0.67600000 -22.70540639
0.67700000 -22.56155852
0.67800000 -22.41769349
0.67900000 -22.27384640
0.68000000 -22.13005106
0.68100000 -21.98634005
0.68200000 -21.84274473
0.68300000 -21.69929531
0.68400000 -21.55602088
0.68500000 -21.41294943
0.68600000 -21.27010787
0.68700000 -21.12752211
0.68800000 -20.98521704
0.68900000 -20.84321658
0.69000000 -20.70154372
0.69100000 -20.56022055
0.69200000 -20.41926825
0.69300000 -20.27870716
0.69400000 -20.13855680
0.69500000 -19.99883586
0.69600000 -19.85956227
0.69700000 -19.72075319
0.69800000 -19.58242507
0.69900000 -19.44459362
0.70000000 -19.30727389
0.70100000 -19.17048023
0.70200000 -19.03422638
0.70300000 -18.89852543
0.70400000 -18.76338986
0.70500000 -18.62883159
0.70600000 -18.49486193
0.70700000 -18.36149167
0.70800000 -18.22873106
0.70900000 -18.09658982
0.71000000 -17.96507717
0.71100000 -17.83420186
0.71200000 -17.70397216
0.71300000 -17.57439588
0.71400000 -17.44548040
0.71500000 -17.31723266
0.71600000 -17.18965920
0.71700000 -17.06276615
0.71800000 -16.93655927
0.71900000 -16.81104392
0.72000000 -16.68622513
0.72100000 -16.56210755
0.72200000 -16.43869551
0.72300000 -16.31599300
0.72400000 -16.19400371
0.72500000 -16.07273101
0.72600000 -15.95217797
0.72700000 -15.83234739
0.72800000 -15.71324179
0.72900000 -15.59486341
0.73000000 -15.47721424
0.73100000 -15.36029603
0.73200000 -15.24411027
0.73300000 -15.12865824
0.73400000 -15.01394097
0.73500000 -14.89995931
0.73600000 -14.78671385
0.73700000 -14.67420503
0.73800000 -14.56243306
0.73900000 -14.45139798
0.74000000 -14.34109964
0.74100000 -14.23153773
0.74200000 -14.12271175
0.74300000 -14.01462105
0.74400000 -13.90726484
0.74500000 -13.80064215
0.74600000 -13.69475189
0.74700000 -13.58959282
0.74800000 -13.48516356
0.74900000 -13.38146262
0.75000000 -13.27848836
0.75100000 -13.17623906
0.75200000 -13.07471284
0.75300000 -12.97390775
0.75400000 -12.87382171
0.75500000 -12.77445256
0.75600000 -12.67579801
0.75700000 -12.57785572
0.75800000 -12.48062323
0.75900000 -12.38409801
0.76000000 -12.28827744
0.76100000 -12.19315883
0.76200000 -12.09873940
0.76300000 -12.00501633
0.76400000 -11.91198670
0.76500000 -11.81964754
0.76600000 -11.72799583
0.76700000 -11.63702846
0.76800000 -11.54674230
0.76900000 -11.45713414
0.77000000 -11.36820074
0.77100000 -11.27993880
0.77200000 -11.19234497
0.77300000 -11.10541586
0.77400000 -11.01914807
0.77500000 -10.93353811
0.77600000 -10.84858250
0.77700000 -10.76427769
0.77800000 -10.68062014
0.77900000 -10.59760623
0.78000000 -10.51523235
0.78100000 -10.43349485
0.78200000 -10.35239006
0.78300000 -10.27191429
0.78400000 -10.19206383
0.78500000 -10.11283493
0.78600000 -10.03422386
0.78700000 -9.95622684
0.78800000 -9.87884010
0.78900000 -9.80205984
0.79000000 -9.72588226
0.79100000 -9.65030355
0.79200000 -9.57531988
0.79300000 -9.50092743
0.79400000 -9.42712235
0.79500000 -9.35390080
0.79600000 -9.28125895
0.79700000 -9.20919294
0.79800000 -9.13769892
0.79900000 -9.06677304
0.80000000 -8.99641146
0.80100000 -8.92661031
0.80200000 -8.85736577
0.80300000 -8.78867397
0.80400000 -8.72053108
0.80500000 -8.65293326
0.80600000 -8.58587669
0.80700000 -8.51935753
0.80800000 -8.45337198
0.80900000 -8.38791622
0.81000000 -8.32298644
0.81100000 -8.25857886
0.81200000 -8.19468969
0.81300000 -8.13131516
0.81400000 -8.06845150
0.81500000 -8.00609497
0.81600000 -7.94424182
0.81700000 -7.88288833
0.81800000 -7.82203077
0.81900000 -7.76166546
0.82000000 -7.70178869
0.82100000 -7.64239680
0.82200000 -7.58348613
0.82300000 -7.52505303
0.82400000 -7.46709387
0.82500000 -7.40960504
0.82600000 -7.35258293
0.82700000 -7.29602398
0.82800000 -7.23992460
0.82900000 -7.18428126
0.83000000 -7.12909042
0.83100000 -7.07434856
0.83200000 -7.02005220
0.83300000 -6.96619784
0.83400000 -6.91278204
0.83500000 -6.85980135
0.83600000 -6.80725234
0.83700000 -6.75513161
0.83800000 -6.70343577
0.83900000 -6.65216145
0.84000000 -6.60130531
0.84100000 -6.55086402
0.84200000 -6.50083426
0.84300000 -6.45121276
0.84400000 -6.40199622
0.84500000 -6.35318142
0.84600000 -6.30476511
0.84700000 -6.25674408
0.84800000 -6.20911514
0.84900000 -6.16187513
0.85000000 -6.11502089
0.85100000 -6.06854929
0.85200000 -6.02245722
0.85300000 -5.97674159
0.85400000 -5.93139934
0.85500000 -5.88642740
0.85600000 -5.84182276
0.85700000 -5.79758241
0.85800000 -5.75370335
0.85900000 -5.71018263
0.86000000 -5.66701729
0.86100000 -5.62420440
0.86200000 -5.58174107
0.86300000 -5.53962440
0.86400000 -5.49785153
0.86500000 -5.45641962
0.86600000 -5.41532584
0.86700000 -5.37456738
0.86800000 -5.33414147
0.86900000 -5.29404534
0.87000000 -5.25427624
0.87100000 -5.21483146
0.87200000 -5.17570829
0.87300000 -5.13690405
0.87400000 -5.09841606
0.87500000 -5.06024171
0.87600000 -5.02237834
0.87700000 -4.98482338
0.87800000 -4.94757422
0.87900000 -4.91062831
0.88000000 -4.87398311
0.88100000 -4.83763608
0.88200000 -4.80158473
0.88300000 -4.76582656
0.88400000 -4.73035911
0.88500000 -4.69517994
0.88600000 -4.66028661
0.88700000 -4.62567672
0.88800000 -4.59134788
0.88900000 -4.55729770
0.89000000 -4.52352386
0.89100000 -4.49002400
0.89200000 -4.45679581
0.89300000 -4.42383700
0.89400000 -4.39114528
0.89500000 -4.35871841
0.89600000 -4.32655413
0.89700000 -4.29465022
0.89800000 -4.26300448
0.89900000 -4.23161472
0.90000000 -4.20047877
0.90100000 -4.16959448
0.90200000 -4.13895971
0.90300000 -4.10857234
0.90400000 -4.07843028
0.90500000 -4.04853144
0.90600000 -4.01887376
0.90700000 -3.98945519
0.90800000 -3.96027370
0.90900000 -3.93132727
0.91000000 -3.90261391
0.91100000 -3.87413163
0.91200000 -3.84587847
0.91300000 -3.81785249
0.91400000 -3.79005174
0.91500000 -3.76247432
0.91600000 -3.73511832
0.91700000 -3.70798187
0.91800000 -3.68106309
0.91900000 -3.65436013
0.92000000 -3.62787116
0.92100000 -3.60159435
0.92200000 -3.57552790
0.92300000 -3.54967002
0.92400000 -3.52401894
0.92500000 -3.49857289
0.92600000 -3.47333013
0.92700000 -3.44828894
0.92800000 -3.42344758
0.92900000 -3.39880438
0.93000000 -3.37435763
0.93100000 -3.35010567
0.93200000 -3.32604684
0.93300000 -3.30217950
0.93400000 -3.27850202
0.93500000 -3.25501278
0.93600000 -3.23171018
0.93700000 -3.20859265
0.93800000 -3.18565859
0.93900000 -3.16290646
0.94000000 -3.14033471
0.94100000 -3.11794180
0.94200000 -3.09572621
0.94300000 -3.07368644
0.94400000 -3.05182100
0.94500000 -3.03012840
0.94600000 -3.00860718
0.94700000 -2.98725588
0.94800000 -2.96607306
0.94900000 -2.94505729
0.95000000 -2.92420715
0.95100000 -2.90352124
0.95200000 -2.88299816
0.95300000 -2.86263654
0.95400000 -2.84243501
0.95500000 -2.82239220
0.95600000 -2.80250678
0.95700000 -2.78277741
0.95800000 -2.76320277
0.95900000 -2.74378156
0.96000000 -2.72451246
0.96100000 -2.70539421
0.96200000 -2.68642551
0.96300000 -2.66760511
0.96400000 -2.64893175
0.96500000 -2.63040419
0.96600000 -2.61202120
0.96700000 -2.59378156
0.96800000 -2.57568406
0.96900000 -2.55772749
0.97000000 -2.53991068
0.97100000 -2.52223243
0.97200000 -2.50469159
0.97300000 -2.48728700
0.97400000 -2.47001751
0.97500000 -2.45288197
0.97600000 -2.43587927
0.97700000 -2.41900829
0.97800000 -2.40226791
0.97900000 -2.38565705
0.98000000 -2.36917460
0.98100000 -2.35281950
0.98200000 -2.33659068
0.98300000 -2.32048706
0.98400000 -2.30450762
0.98500000 -2.28865129
0.98600000 -2.27291705
0.98700000 -2.25730389
0.98800000 -2.24181077
0.98900000 -2.22643671
0.99000000 -2.21118070
0.99100000 -2.19604175
0.99200000 -2.18101889
0.99300000 -2.16611114
0.99400000 -2.15131755
0.99500000 -2.13663716
0.99600000 -2.12206903
0.99700000 -2.10761222
0.99800000 -2.09326580
0.99900000 -2.07902886
1.00000000 -2.06490047
1.00100000 -2.05087975
1.00200000 -2.03696578
1.00300000 -2.02315769
1.00400000 -2.00945459
1.00500000 -1.99585561
1.00600000 -1.98235989
1.00700000 -1.96896657
1.00800000 -1.95567480
1.00900000 -1.94248374
1.01000000 -1.92939255
1.01100000 -1.91640040
1.01200000 -1.90350648
1.01300000 -1.89070998
1.01400000 -1.87801008
1.01500000 -1.86540599
1.01600000 -1.85289692
1.01700000 -1.84048208
1.01800000 -1.82816069
1.01900000 -1.81593200
1.02000000 -1.80379522
1.02100000 -1.79174960
1.02200000 -1.77979440
1.02300000 -1.76792886
1.02400000 -1.75615226
1.02500000 -1.74446385
1.02600000 -1.73286292
1.02700000 -1.72134875
1.02800000 -1.70992062
1.02900000 -1.69857783
1.03000000 -1.68731968
1.03100000 -1.67614547
1.03200000 -1.66505452
1.03300000 -1.65404615
1.03400000 -1.64311968
1.03500000 -1.63227444
1.03600000 -1.62150977
1.03700000 -1.61082502
1.03800000 -1.60021951
1.03900000 -1.58969263
1.04000000 -1.57924371
1.04100000 -1.56887213
1.04200000 -1.55857725
1.04300000 -1.54835846
1.04400000 -1.53821514
1.04500000 -1.52814666
1.04600000 -1.51815242
1.04700000 -1.50823183
1.04800000 -1.49838428
1.04900000 -1.48860918
1.05000000 -1.47890594
1.05100000 -1.46927399
1.05200000 -1.45971274
1.05300000 -1.45022162
1.05400000 -1.44080008
1.05500000 -1.43144753
1.05600000 -1.42216343
1.05700000 -1.41294723
1.05800000 -1.40379838
1.05900000 -1.39471633
1.06000000 -1.38570055
1.06100000 -1.37675051
1.06200000 -1.36786567
1.06300000 -1.35904551
1.06400000 -1.35028952
1.06500000 -1.34159717
1.06600000 -1.33296796
1.06700000 -1.32440138
1.06800000 -1.31589693
1.06900000 -1.30745412
1.07000000 -1.29907244
1.07100000 -1.29075141
1.07200000 -1.28249054
1.07300000 -1.27428936
1.07400000 -1.26614739
1.07500000 -1.25806415
1.07600000 -1.25003919
1.07700000 -1.24207202
1.07800000 -1.23416220
1.07900000 -1.22630927
1.08000000 -1.21851278
1.08100000 -1.21077227
1.08200000 -1.20308730
1.08300000 -1.19545744
1.08400000 -1.18788224
1.08500000 -1.18036128
1.08600000 -1.17289411
1.08700000 -1.16548033
1.08800000 -1.15811950
1.08900000 -1.15081120
1.09000000 -1.14355503
1.09100000 -1.13635057
1.09200000 -1.12919741
1.09300000 -1.12209515
1.09400000 -1.11504339
1.09500000 -1.10804173
1.09600000 -1.10108977
1.09700000 -1.09418713
1.09800000 -1.08733342
1.09900000 -1.08052825
1.10000000 -1.07377124
1.10100000 -1.06706202
1.10200000 -1.06040021
1.10300000 -1.05378544
1.10400000 -1.04721734
1.10500000 -1.04069556
1.10600000 -1.03421971
1.10700000 -1.02778945
1.10800000 -1.02140443
1.10900000 -1.01506428
1.11000000 -1.00876866
1.11100000 -1.00251723
1.11200000 -0.99630963
1.11300000 -0.99014553
1.11400000 -0.98402459
1.11500000 -0.97794647
1.11600000 -0.97191085
1.11700000 -0.96591739
1.11800000 -0.95996576
1.11900000 -0.95405565
1.12000000 -0.94818673
1.12100000 -0.94235868
1.12200000 -0.93657119
1.12300000 -0.93082394
1.12400000 -0.92511662
1.12500000 -0.91944893
1.12600000 -0.91382056
1.12700000 -0.90823121
1.12800000 -0.90268057
1.12900000 -0.89716835
1.13000000 -0.89169425
1.13100000 -0.88625799
1.13200000 -0.88085927
1.13300000 -0.87549779
1.13400000 -0.87017329
1.13500000 -0.86488547
1.13600000 -0.85963406
1.13700000 -0.85441877
1.13800000 -0.84923932
1.13900000 -0.84409546
1.14000000 -0.83898690
1.14100000 -0.83391337
1.14200000 -0.82887461
1.14300000 -0.82387035
1.14400000 -0.81890033
1.14500000 -0.81396430
1.14600000 -0.80906198
1.14700000 -0.80419313
1.14800000 -0.79935749
1.14900000 -0.79455482
1.15000000 -0.78978485
1.15100000 -0.78504734
1.15200000 -0.78034205
1.15300000 -0.77566874
1.15400000 -0.77102715
1.15500000 -0.76641706
1.15600000 -0.76183822
1.15700000 -0.75729041
1.15800000 -0.75277337
1.15900000 -0.74828689
1.16000000 -0.74383073
1.16100000 -0.73940467
1.16200000 -0.73500848
1.16300000 -0.73064193
1.16400000 -0.72630480
1.16500000 -0.72199688
1.16600000 -0.71771794
1.16700000 -0.71346776
1.16800000 -0.70924614
1.16900000 -0.70505285
1.17000000 -0.70088769
1.17100000 -0.69675044
1.17200000 -0.69264090
1.17300000 -0.68855886
1.17400000 -0.68450412
1.17500000 -0.68047647
1.17600000 -0.67647571
1.17700000 -0.67250164
1.17800000 -0.66855407
1.17900000 -0.66463279
1.18000000 -0.66073761
1.18100000 -0.65686834
1.18200000 -0.65302479
1.18300000 -0.64920676
1.18400000 -0.64541407
1.18500000 -0.64164653
1.18600000 -0.63790395
1.18700000 -0.63418615
1.18800000 -0.63049294
1.18900000 -0.62682415
1.19000000 -0.62317960
1.19100000 -0.61955910
1.19200000 -0.61596249
1.19300000 -0.61238957
1.19400000 -0.60884019
1.19500000 -0.60531417
1.19600000 -0.60181133
1.19700000 -0.59833151
1.19800000 -0.59487453
1.19900000 -0.59144024
1.20000000 -0.58802846
1.20100000 -0.58463903
1.20200000 -0.58127179
1.20300000 -0.57792657
1.20400000 -0.57460322
1.20500000 -0.57130157
1.20600000 -0.56802147
1.20700000 -0.56476275
1.20800000 -0.56152528
1.20900000 -0.55830888
1.21000000 -0.55511341
1.21100000 -0.55193872
1.21200000 -0.54878465
1.21300000 -0.54565105
1.21400000 -0.54253779
1.21500000 -0.53944470
1.21600000 -0.53637165
1.21700000 -0.53331848
1.21800000 -0.53028506
1.21900000 -0.52727125
1.22000000 -0.52427689
1.22100000 -0.52130186
1.22200000 -0.51834601
1.22300000 -0.51540921
1.22400000 -0.51249131
1.22500000 -0.50959218
1.22600000 -0.50671169
1.22700000 -0.50384971
1.22800000 -0.50100609
1.22900000 -0.49818071
1.23000000 -0.49537344
1.23100000 -0.49258415
1.23200000 -0.48981272
1.23300000 -0.48705900
1.23400000 -0.48432288
1.23500000 -0.48160423
1.23600000 -0.47890293
1.23700000 -0.47621884
1.23800000 -0.47355186
1.23900000 -0.47090186
1.24000000 -0.46826872
1.24100000 -0.46565231
1.24200000 -0.46305252
1.24300000 -0.46046924
1.24400000 -0.45790233
1.24500000 -0.45535170
1.24600000 -0.45281722
1.24700000 -0.45029878
1.24800000 -0.44779626
1.24900000 -0.44530956
1.25000000 -0.44283856
1.25100000 -0.44038315
1.25200000 -0.43794322
1.25300000 -0.43551866
1.25400000 -0.43310936
1.25500000 -0.43071523
1.25600000 -0.42833614
1.25700000 -0.42597199
1.25800000 -0.42362269
1.25900000 -0.42128812
1.26000000 -0.41896818
1.26100000 -0.41666277
1.26200000 -0.41437179
1.26300000 -0.41209513
1.26400000 -0.40983271
1.26500000 -0.40758441
1.26600000 -0.40535014
1.26700000 -0.40312979
1.26800000 -0.40092329
1.26900000 -0.39873052
1.27000000 -0.39655139
1.27100000 -0.39438581
1.27200000 -0.39223369
1.27300000 -0.39009492
1.27400000 -0.38796942
1.27500000 -0.38585709
1.27600000 -0.38375785
1.27700000 -0.38167160
1.27800000 -0.37959826
1.27900000 -0.37753773
1.28000000 -0.37548992
1.28100000 -0.37345475
1.28200000 -0.37143213
1.28300000 -0.36942198
1.28400000 -0.36742420
1.28500000 -0.36543872
1.28600000 -0.36346544
1.28700000 -0.36150429
1.28800000 -0.35955518
1.28900000 -0.35761802
1.29000000 -0.35569275
1.29100000 -0.35377927
1.29200000 -0.35187750
1.29300000 -0.34998736
1.29400000 -0.34810878
1.29500000 -0.34624168
1.29600000 -0.34438597
1.29700000 -0.34254158
1.29800000 -0.34070844
1.29900000 -0.33888645
1.30000000 -0.33707556
1.30100000 -0.33527568
1.30200000 -0.33348674
1.30300000 -0.33170866
1.30400000 -0.32994138
1.30500000 -0.32818481
1.30600000 -0.32643888
1.30700000 -0.32470353
1.30800000 -0.32297868
1.30900000 -0.32126426
1.31000000 -0.31956020
1.31100000 -0.31786642
1.31200000 -0.31618287
1.31300000 -0.31450946
1.31400000 -0.31284614
1.31500000 -0.31119284
1.31600000 -0.30954947
1.31700000 -0.30791599
1.31800000 -0.30629233
1.31900000 -0.30467840
1.32000000 -0.30307417
1.32100000 -0.30147954
1.32200000 -0.29989447
1.32300000 -0.29831889
1.32400000 -0.29675273
1.32500000 -0.29519594
1.32600000 -0.29364844
1.32700000 -0.29211018
1.32800000 -0.29058110
1.32900000 -0.28906113
1.33000000 -0.28755021
1.33100000 -0.28604828
1.33200000 -0.28455529
1.33300000 -0.28307117
1.33400000 -0.28159587
1.33500000 -0.28012932
1.33600000 -0.27867146
1.33700000 -0.27722225
1.33800000 -0.27578162
1.33900000 -0.27434952
1.34000000 -0.27292588
1.34100000 -0.27151066
1.34200000 -0.27010379
1.34300000 -0.26870523
1.34400000 -0.26731491
1.34500000 -0.26593279
1.34600000 -0.26455881
1.34700000 -0.26319291
1.34800000 -0.26183504
1.34900000 -0.26048515
1.35000000 -0.25914319
1.35100000 -0.25780910
1.35200000 -0.25648283
1.35300000 -0.25516434
1.35400000 -0.25385356
1.35500000 -0.25255046
1.35600000 -0.25125497
1.35700000 -0.24996705
1.35800000 -0.24868666
1.35900000 -0.24741373
1.36000000 -0.24614823
1.36100000 -0.24489010
1.36200000 -0.24363929
1.36300000 -0.24239576
1.36400000 -0.24115947
1.36500000 -0.23993035
1.36600000 -0.23870837
1.36700000 -0.23749348
1.36800000 -0.23628564
1.36900000 -0.23508479
1.37000000 -0.23389090
1.37100000 -0.23270391
1.37200000 -0.23152379
1.37300000 -0.23035048
1.37400000 -0.22918395
1.37500000 -0.22802415
1.37600000 -0.22687104
1.37700000 -0.22572456
1.37800000 -0.22458469
1.37900000 -0.22345138
1.38000000 -0.22232459
1.38100000 -0.22120427
1.38200000 -0.22009038
1.38300000 -0.21898288
1.38400000 -0.21788173
1.38500000 -0.21678689
1.38600000 -0.21569832
1.38700000 -0.21461598
1.38800000 -0.21353982
1.38900000 -0.21246982
1.39000000 -0.21140592
1.39100000 -0.21034810
1.39200000 -0.20929630
1.39300000 -0.20825050
1.39400000 -0.20721065
1.39500000 -0.20617672
1.39600000 -0.20514867
1.39700000 -0.20412646
1.39800000 -0.20311006
1.39900000 -0.20209942
1.40000000 -0.20109451
1.40100000 -0.20009530
1.40200000 -0.19910175
1.40300000 -0.19811381
1.40400000 -0.19713147
1.40500000 -0.19615467
1.40600000 -0.19518339
1.40700000 -0.19421760
1.40800000 -0.19325725
1.40900000 -0.19230231
1.41000000 -0.19135275
1.41100000 -0.19040853
1.41200000 -0.18946962
1.41300000 -0.18853599
1.41400000 -0.18760760
1.41500000 -0.18668443
1.41600000 -0.18576643
1.41700000 -0.18485358
1.41800000 -0.18394583
1.41900000 -0.18304317
1.42000000 -0.18214556
1.42100000 -0.18125297
1.42200000 -0.18036536
1.42300000 -0.17948271
1.42400000 -0.17860497
1.42500000 -0.17773214
1.42600000 -0.17686416
1.42700000 -0.17600102
1.42800000 -0.17514268
1.42900000 -0.17428910
1.43000000 -0.17344028
1.43100000 -0.17259616
1.43200000 -0.17175673
1.43300000 -0.17092195
1.43400000 -0.17009179
1.43500000 -0.16926623
1.43600000 -0.16844524
1.43700000 -0.16762879
1.43800000 -0.16681685
1.43900000 -0.16600940
1.44000000 -0.16520640
1.44100000 -0.16440782
1.44200000 -0.16361365
1.44300000 -0.16282385
1.44400000 -0.16203840
1.44500000 -0.16125727
1.44600000 -0.16048043
1.44700000 -0.15970786
1.44800000 -0.15893952
1.44900000 -0.15817540
1.45000000 -0.15741547
1.45100000 -0.15665971
1.45200000 -0.15590808
1.45300000 -0.15516056
1.45400000 -0.15441712
1.45500000 -0.15367775
1.45600000 -0.15294241
1.45700000 -0.15221109
1.45800000 -0.15148375
1.45900000 -0.15076038
1.46000000 -0.15004094
1.46100000 -0.14932542
1.46200000 -0.14861379
1.46300000 -0.14790603
1.46400000 -0.14720211
1.46500000 -0.14650201
1.46600000 -0.14580570
1.46700000 -0.14511317
1.46800000 -0.14442439
1.46900000 -0.14373934
1.47000000 -0.14305799
1.47100000 -0.14238033
1.47200000 -0.14170633
1.47300000 -0.14103596
1.47400000 -0.14036921
1.47500000 -0.13970605
1.47600000 -0.13904647
1.47700000 -0.13839044
1.47800000 -0.13773794
1.47900000 -0.13708894
1.48000000 -0.13644344
1.48100000 -0.13580140
1.48200000 -0.13516280
1.48300000 -0.13452763
1.48400000 -0.13389586
1.48500000 -0.13326748
1.48600000 -0.13264246
1.48700000 -0.13202078
1.48800000 -0.13140243
1.48900000 -0.13078737
1.49000000 -0.13017560
1.49100000 -0.12956710
1.49200000 -0.12896184
1.49300000 -0.12835980
1.49400000 -0.12776097
1.49500000 -0.12716532
1.49600000 -0.12657284
1.49700000 -0.12598351
1.49800000 -0.12539731
1.49900000 -0.12481422
1.50000000 -0.12423422
1.50100000 -0.12365730
1.50200000 -0.12308343
1.50300000 -0.12251260
1.50400000 -0.12194478
1.50500000 -0.12137997
1.50600000 -0.12081815
1.50700000 -0.12025929
1.50800000 -0.11970337
1.50900000 -0.11915039
1.51000000 -0.11860032
1.51100000 -0.11805315
1.51200000 -0.11750886
1.51300000 -0.11696743
1.51400000 -0.11642884
1.51500000 -0.11589309
1.51600000 -0.11536014
1.51700000 -0.11482999
1.51800000 -0.11430262
1.51900000 -0.11377802
1.52000000 -0.11325616
1.52100000 -0.11273703
1.52200000 -0.11222061
1.52300000 -0.11170689
1.52400000 -0.11119585
1.52500000 -0.11068748
1.52600000 -0.11018177
1.52700000 -0.10967868
1.52800000 -0.10917822
1.52900000 -0.10868036
1.53000000 -0.10818510
1.53100000 -0.10769240
1.53200000 -0.10720227
1.53300000 -0.10671468
1.53400000 -0.10622962
1.53500000 -0.10574707
1.53600000 -0.10526703
1.53700000 -0.10478947
1.53800000 -0.10431438
1.53900000 -0.10384175
1.54000000 -0.10337157
1.54100000 -0.10290381
1.54200000 -0.10243847
1.54300000 -0.10197552
1.54400000 -0.10151496
1.54500000 -0.10105678
1.54600000 -0.10060096
1.54700000 -0.10014748
1.54800000 -0.09969633
1.54900000 -0.09924750
1.55000000 -0.09880098
1.55100000 -0.09835674
1.55200000 -0.09791479
1.55300000 -0.09747510
1.55400000 -0.09703767
1.55500000 -0.09660247
1.55600000 -0.09616950
1.55700000 -0.09573875
1.55800000 -0.09531019
1.55900000 -0.09488383
1.56000000 -0.09445964
1.56100000 -0.09403761
1.56200000 -0.09361774
1.56300000 -0.09320000
1.56400000 -0.09278439
1.56500000 -0.09237090
1.56600000 -0.09195950
1.56700000 -0.09155020
1.56800000 -0.09114298
1.56900000 -0.09073782
1.57000000 -0.09033472
1.57100000 -0.08993366
1.57200000 -0.08953463
1.57300000 -0.08913762
1.57400000 -0.08874262
1.57500000 -0.08834962
1.57600000 -0.08795860
1.57700000 -0.08756956
1.57800000 -0.08718248
1.57900000 -0.08679735
1.58000000 -0.08641417
1.58100000 -0.08603291
1.58200000 -0.08565358
1.58300000 -0.08527615
1.58400000 -0.08490062
1.58500000 -0.08452697
1.58600000 -0.08415521
1.58700000 -0.08378531
1.58800000 -0.08341726
1.58900000 -0.08305106
1.59000000 -0.08268669
1.59100000 -0.08232415
1.59200000 -0.08196342
1.59300000 -0.08160449
1.59400000 -0.08124736
1.59500000 -0.08089201
1.59600000 -0.08053843
1.59700000 -0.08018662
1.59800000 -0.07983656
1.59900000 -0.07948824
1.60000000 -0.07914166
1.60100000 -0.07879681
1.60200000 -0.07845366
1.60300000 -0.07811223
1.60400000 -0.07777248
1.60500000 -0.07743443
1.60600000 -0.07709805
1.60700000 -0.07676334
1.60800000 -0.07643029
1.60900000 -0.07609888
1.61000000 -0.07576912
1.61100000 -0.07544098
1.61200000 -0.07511447
1.61300000 -0.07478957
1.61400000 -0.07446627
1.61500000 -0.07414457
1.61600000 -0.07382446
1.61700000 -0.07350592
1.61800000 -0.07318895
1.61900000 -0.07287354
1.62000000 -0.07255968
1.62100000 -0.07224736
1.62200000 -0.07193658
1.62300000 -0.07162732
1.62400000 -0.07131958
1.62500000 -0.07101335
1.62600000 -0.07070862
1.62700000 -0.07040538
1.62800000 -0.07010363
1.62900000 -0.06980335
1.63000000 -0.06950454
1.63100000 -0.06920719
1.63200000 -0.06891129
1.63300000 -0.06861684
1.63400000 -0.06832382
1.63500000 -0.06803223
1.63600000 -0.06774205
1.63700000 -0.06745330
1.63800000 -0.06716594
1.63900000 -0.06687998
1.64000000 -0.06659542
1.64100000 -0.06631223
1.64200000 -0.06603042
1.64300000 -0.06574997
1.64400000 -0.06547089
1.64500000 -0.06519315
1.64600000 -0.06491677
1.64700000 -0.06464171
1.64800000 -0.06436799
1.64900000 -0.06409559
1.65000000 -0.06382451
1.65100000 -0.06355473
1.65200000 -0.06328626
1.65300000 -0.06301908
1.65400000 -0.06275319
1.65500000 -0.06248858
1.65600000 -0.06222524
1.65700000 -0.06196317
1.65800000 -0.06170236
1.65900000 -0.06144280
1.66000000 -0.06118449
1.66100000 -0.06092741
1.66200000 -0.06067157
1.66300000 -0.06041696
1.66400000 -0.06016356
1.66500000 -0.05991138
1.66600000 -0.05966040
1.66700000 -0.05941063
1.66800000 -0.05916205
1.66900000 -0.05891465
1.67000000 -0.05866844
1.67100000 -0.05842340
1.67200000 -0.05817952
1.67300000 -0.05793681
1.67400000 -0.05769526
1.67500000 -0.05745486
1.67600000 -0.05721559
1.67700000 -0.05697747
1.67800000 -0.05674048
1.67900000 -0.05650461
1.68000000 -0.05626986
1.68100000 -0.05603622
1.68200000 -0.05580369
1.68300000 -0.05557227
1.68400000 -0.05534194
1.68500000 -0.05511269
1.68600000 -0.05488453
1.68700000 -0.05465745
1.68800000 -0.05443145
1.68900000 -0.05420651
1.69000000 -0.05398262
1.69100000 -0.05375980
1.69200000 -0.05353802
1.69300000 -0.05331729
1.69400000 -0.05309760
1.69500000 -0.05287894
1.69600000 -0.05266131
1.69700000 -0.05244470
1.69800000 -0.05222911
1.69900000 -0.05201453
1.70000000 -0.05180096
1.70100000 -0.05158839
1.70200000 -0.05137681
1.70300000 -0.05116622
1.70400000 -0.05095662
1.70500000 -0.05074800
1.70600000 -0.05054035
1.70700000 -0.05033368
1.70800000 -0.05012796
1.70900000 -0.04992321
1.71000000 -0.04971941
1.71100000 -0.04951657
1.71200000 -0.04931466
1.71300000 -0.04911370
1.71400000 -0.04891367
1.71500000 -0.04871457
1.71600000 -0.04851640
1.71700000 -0.04831914
1.71800000 -0.04812281
1.71900000 -0.04792738
1.72000000 -0.04773286
1.72100000 -0.04753924
1.72200000 -0.04734651
1.72300000 -0.04715468
1.72400000 -0.04696374
1.72500000 -0.04677367
1.72600000 -0.04658449
1.72700000 -0.04639618
1.72800000 -0.04620874
1.72900000 -0.04602216
1.73000000 -0.04583644
1.73100000 -0.04565158
1.73200000 -0.04546757
1.73300000 -0.04528441
1.73400000 -0.04510209
1.73500000 -0.04492060
1.73600000 -0.04473995
1.73700000 -0.04456013
1.73800000 -0.04438114
1.73900000 -0.04420296
1.74000000 -0.04402560
1.74100000 -0.04384906
1.74200000 -0.04367332
1.74300000 -0.04349838
1.74400000 -0.04332425
1.74500000 -0.04315091
1.74600000 -0.04297837
1.74700000 -0.04280661
1.74800000 -0.04263563
1.74900000 -0.04246544
1.75000000 -0.04229602
1.75100000 -0.04212737
1.75200000 -0.04195949
1.75300000 -0.04179237
1.75400000 -0.04162601
1.75500000 -0.04146041
1.75600000 -0.04129556
1.75700000 -0.04113146
1.75800000 -0.04096810
1.75900000 -0.04080549
1.76000000 -0.04064361
1.76100000 -0.04048246
1.76200000 -0.04032205
1.76300000 -0.04016235
1.76400000 -0.04000339
1.76500000 -0.03984514
1.76600000 -0.03968760
1.76700000 -0.03953077
1.76800000 -0.03937466
1.76900000 -0.03921924
1.77000000 -0.03906453
1.77100000 -0.03891051
1.77200000 -0.03875719
1.77300000 -0.03860456
1.77400000 -0.03845261
1.77500000 -0.03830135
1.77600000 -0.03815076
1.77700000 -0.03800085
1.77800000 -0.03785161
1.77900000 -0.03770305
1.78000000 -0.03755514
1.78100000 -0.03740790
1.78200000 -0.03726132
1.78300000 -0.03711540
1.78400000 -0.03697013
1.78500000 -0.03682550
1.78600000 -0.03668153
1.78700000 -0.03653819
1.78800000 -0.03639550
1.78900000 -0.03625344
1.79000000 -0.03611201
1.79100000 -0.03597121
1.79200000 -0.03583105
1.79300000 -0.03569150
1.79400000 -0.03555257
1.79500000 -0.03541427
1.79600000 -0.03527657
1.79700000 -0.03513949
1.79800000 -0.03500302
1.79900000 -0.03486715
1.80000000 -0.03473188
1.80100000 -0.03459721
1.80200000 -0.03446314
1.80300000 -0.03432966
1.80400000 -0.03419677
1.80500000 -0.03406447
1.80600000 -0.03393275
1.80700000 -0.03380162
1.80800000 -0.03367106
1.80900000 -0.03354108
1.81000000 -0.03341167
1.81100000 -0.03328283
1.81200000 -0.03315456
1.81300000 -0.03302686
1.81400000 -0.03289971
1.81500000 -0.03277313
1.81600000 -0.03264710
1.81700000 -0.03252162
1.81800000 -0.03239669
1.81900000 -0.03227232
1.82000000 -0.03214848
1.82100000 -0.03202519
1.82200000 -0.03190244
1.82300000 -0.03178023
1.82400000 -0.03165855
1.82500000 -0.03153740
1.82600000 -0.03141679
1.82700000 -0.03129669
1.82800000 -0.03117713
1.82900000 -0.03105808
1.83000000 -0.03093956
1.83100000 -0.03082155
1.83200000 -0.03070405
1.83300000 -0.03058707
1.83400000 -0.03047059
1.83500000 -0.03035462
1.83600000 -0.03023916
1.83700000 -0.03012419
1.83800000 -0.03000973
1.83900000 -0.02989576
1.84000000 -0.02978229
1.84100000 -0.02966930
1.84200000 -0.02955681
1.84300000 -0.02944480
1.84400000 -0.02933328
1.84500000 -0.02922224
1.84600000 -0.02911169
1.84700000 -0.02900160
1.84800000 -0.02889200
1.84900000 -0.02878287
1.85000000 -0.02867420
1.85100000 -0.02856601
1.85200000 -0.02845828
1.85300000 -0.02835102
1.85400000 -0.02824421
1.85500000 -0.02813787
1.85600000 -0.02803198
1.85700000 -0.02792655
1.85800000 -0.02782158
1.85900000 -0.02771705
1.86000000 -0.02761297
1.86100000 -0.02750934
1.86200000 -0.02740615
1.86300000 -0.02730340
1.86400000 -0.02720109
1.86500000 -0.02709922
1.86600000 -0.02699779
1.86700000 -0.02689679
1.86800000 -0.02679622
1.86900000 -0.02669608
1.87000000 -0.02659637
1.87100000 -0.02649708
1.87200000 -0.02639822
1.87300000 -0.02629978
1.87400000 -0.02620175
1.87500000 -0.02610415
1.87600000 -0.02600696
1.87700000 -0.02591018
1.87800000 -0.02581381
1.87900000 -0.02571785
1.88000000 -0.02562230
1.88100000 -0.02552716
1.88200000 -0.02543242
1.88300000 -0.02533808
1.88400000 -0.02524414
1.88500000 -0.02515060
1.88600000 -0.02505745
1.88700000 -0.02496470
1.88800000 -0.02487234
1.88900000 -0.02478036
1.89000000 -0.02468878
1.89100000 -0.02459759
1.89200000 -0.02450678
1.89300000 -0.02441635
1.89400000 -0.02432630
1.89500000 -0.02423663
1.89600000 -0.02414734
1.89700000 -0.02405843
1.89800000 -0.02396988
1.89900000 -0.02388172
1.90000000 -0.02379392
1.90100000 -0.02370649
1.90200000 -0.02361942
1.90300000 -0.02353272
1.90400000 -0.02344639
1.90500000 -0.02336042
1.90600000 -0.02327480
1.90700000 -0.02318955
1.90800000 -0.02310465
1.90900000 -0.02302011
1.91000000 -0.02293592
1.91100000 -0.02285208
1.91200000 -0.02276859
1.91300000 -0.02268545
1.91400000 -0.02260265
1.91500000 -0.02252021
1.91600000 -0.02243810
1.91700000 -0.02235634
1.91800000 -0.02227491
1.91900000 -0.02219383
1.92000000 -0.02211308
1.92100000 -0.02203267
1.92200000 -0.02195259
1.92300000 -0.02187285
1.92400000 -0.02179343
1.92500000 -0.02171434
1.92600000 -0.02163559
1.92700000 -0.02155715
1.92800000 -0.02147905
1.92900000 -0.02140126
1.93000000 -0.02132380
1.93100000 -0.02124666
1.93200000 -0.02116984
1.93300000 -0.02109333
1.93400000 -0.02101714
1.93500000 -0.02094126
1.93600000 -0.02086570
1.93700000 -0.02079045
1.93800000 -0.02071550
1.93900000 -0.02064087
1.94000000 -0.02056654
1.94100000 -0.02049252
1.94200000 -0.02041881
1.94300000 -0.02034539
1.94400000 -0.02027228
1.94500000 -0.02019947
1.94600000 -0.02012695
1.94700000 -0.02005474
1.94800000 -0.01998282
1.94900000 -0.01991119
1.95000000 -0.01983986
1.95100000 -0.01976881
1.95200000 -0.01969806
1.95300000 -0.01962760
1.95400000 -0.01955743
1.95500000 -0.01948754
1.95600000 -0.01941794
1.95700000 -0.01934862
1.95800000 -0.01927959
1.95900000 -0.01921083
1.96000000 -0.01914236
1.96100000 -0.01907416
1.96200000 -0.01900624
1.96300000 -0.01893860
1.96400000 -0.01887123
1.96500000 -0.01880414
1.96600000 -0.01873732
1.96700000 -0.01867077
1.96800000 -0.01860449
1.96900000 -0.01853848
1.97000000 -0.01847273
1.97100000 -0.01840726
1.97200000 -0.01834204
1.97300000 -0.01827710
1.97400000 -0.01821241
1.97500000 -0.01814798
1.97600000 -0.01808382
1.97700000 -0.01801991
1.97800000 -0.01795627
1.97900000 -0.01789288
1.98000000 -0.01782974
1.98100000 -0.01776686
1.98200000 -0.01770423
1.98300000 -0.01764186
1.98400000 -0.01757973
1.98500000 -0.01751786
1.98600000 -0.01745623
1.98700000 -0.01739485
1.98800000 -0.01733372
1.98900000 -0.01727284
1.99000000 -0.01721219
1.99100000 -0.01715179
1.99200000 -0.01709164
1.99300000 -0.01703172
1.99400000 -0.01697205
1.99500000 -0.01691261
1.99600000 -0.01685341
1.99700000 -0.01679444
1.99800000 -0.01673572
1.99900000 -0.01667722
2.00000000 -0.01661896
