0.10000000 281114969039.32049561
0.10100000 247004698605.20755005
0.10200000 217310092787.91540527
0.10300000 191424366229.65417480
0.10400000 168828859945.67294312
0.10500000 149079565795.14059448
0.10600000 131795813101.93095398
0.10700000 116650754498.65780640
0.10800000 103363351626.03088379
0.10900000 91691613293.17355347
0.11000000 81426881285.99588013
0.11100000 72388993962.82504272
0.11200000 64422186519.08811188
0.11300000 57391610481.83976746
0.11400000 51180374537.03794861
0.11500000 45687024948.54225922
0.11600000 40823397207.41384888
0.11700000 36512781649.00343323
0.11800000 32688354997.50273895
0.11900000 29291837472.87475967
0.12000000 26272341493.04219437
0.12100000 23585383345.81824493
0.12200000 21192033671.59173584
0.12300000 19058186338.24180603
0.12400000 17153928426.84798431
0.12500000 15452996681.65737152
0.12600000 13932307994.05527115
0.12700000 12571553357.10067558
0.12800000 11352846301.83176994
0.12900000 10260418156.56564522
0.13000000 9280353595.32933617
0.13100000 8400360894.25883579
0.13200000 7609572122.70722294
0.13300000 6898369181.80022526
0.13400000 6258232186.39972210
0.13500000 5681607182.89874744
0.13600000 5161790618.40031052
0.13700000 4692828337.89546299
0.13800000 4269427194.52411985
0.13900000 3886877621.84596491
0.14000000 3540985742.98450994
0.14100000 3228013785.20193291
0.14200000 2944627734.70281696
0.14300000 2687851309.30050707
0.14400000 2455025449.43934441
0.14500000 2243772633.85687923
0.14600000 2051965417.36003876
0.14700000 1877698666.87548804
0.14800000 1719265039.90135288
0.14900000 1575133308.25502729
0.15000000 1443929180.87597823
0.15100000 1324418323.50961542
0.15200000 1215491311.31398439
0.15300000 1116150283.60402012
0.15400000 1025497098.77112937
0.15500000 942722812.48282814
0.15600000 867098324.08747292
0.15700000 797966055.16087604
0.15800000 734732540.71090102
0.15900000 676861828.02722657
0.16000000 623869590.80541778
0.16100000 575317877.22801697
0.16200000 530810420.35838896
0.16300000 489988447.67509371
0.16400000 452526934.00088406
0.16500000 418131248.59548604
0.16600000 386534152.90155357
0.16700000 357493110.45960671
0.16800000 330787874.92800391
0.16900000 306218326.03421986
0.17000000 283602526.71009064
0.17100000 262774977.68386203
0.17200000 243585048.46599841
0.17300000 225895566.01750883
0.17400000 209581544.46715647
0.17500000 194529041.08067149
0.17600000 180634125.31002298
0.17700000 167801949.18943429
0.17800000 155945908.61935690
0.17900000 144986886.20957416
0.18000000 134852567.35507306
0.18100000 125476822.10828780
0.18200000 116799146.20193429
0.18300000 108764155.27948554
0.18400000 101321127.01553240
0.18500000 94423586.36477740
0.18600000 88028929.67407914
0.18700000 82098083.83373815
0.18800000 76595197.03819504
0.18900000 71487358.07788798
0.19000000 66744341.39794923
0.19100000 62338375.43990417
0.19200000 58243932.03329229
0.19300000 54437534.82843722
0.19400000 50897584.96236268
0.19500000 47604202.32965572
0.19600000 44539080.99120321
0.19700000 41685357.39819010
0.19800000 39027490.23835072
0.19900000 36551150.82779550
0.20000000 34243123.07621532
0.20100000 32091212.14715120
0.20200000 30084161.01942865
0.20300000 28211574.23179065
0.20400000 26463848.16110828
0.20500000 24832107.24609400
0.20600000 23308145.62389576
0.20700000 21884373.69693825
0.20800000 20553769.19246277
0.20900000 19309832.31790135
0.21000000 18146544.65195063
0.21100000 17058331.44438886
0.21200000 16040027.02766187
0.21300000 15086843.07037359
0.21400000 14194339.42733886
0.21500000 13358397.36305027
0.21600000 12575194.94550556
0.21700000 11841184.42554576
0.21800000 11153071.43335209
0.21900000 10507795.83870818
0.22000000 9902514.13520331
0.22100000 9334583.22086701
0.22200000 8801545.45890626
0.22300000 8301114.91237174
0.22400000 7831164.65580935
0.22500000 7389715.07534291
0.22600000 6974923.07626547
0.22700000 6585072.12415994
0.22800000 6218563.05189094
0.22900000 5873905.57056535
0.23000000 5549710.42780365
0.23100000 5244682.16144340
0.23200000 4957612.40115448
0.23300000 4687373.67442093
0.23400000 4432913.67697164
0.23500000 4193249.97105408
0.23600000 3967465.07796905
0.23700000 3754701.93404810
0.23800000 3554159.68177996
0.23900000 3365089.77010187
0.24000000 3186792.33998304
0.24100000 3018612.87336043
0.24200000 2859939.08525543
0.24300000 2710198.04051990
0.24400000 2568853.47814396
0.24500000 2435403.32741694
0.24600000 2309377.40147996
0.24700000 2190335.25495091
0.24800000 2077864.19335139
0.24900000 1971577.42302732
0.25000000 1871112.33113788
0.25100000 1776128.88609898
0.25200000 1686308.14961201
0.25300000 1601350.89209386
0.25400000 1520976.30395316
0.25500000 1444920.79573671
0.25600000 1372936.88070250
0.25700000 1304792.13386533
0.25800000 1240268.22201241
0.25900000 1179159.99960120
0.26000000 1121274.66583429
0.26100000 1066430.97855862
0.26200000 1014458.52096087
0.26300000 965197.01733055
0.26400000 918495.69443817
0.26500000 874212.68533092
0.26600000 832214.47258299
0.26700000 792375.36825521
0.26800000 754577.02801840
0.26900000 718707.99708046
0.27000000 684663.28572799
0.27100000 652343.97245122
0.27200000 621656.83276722
0.27300000 592513.99199148
0.27400000 564832.60033290
0.27500000 538534.52880287
0.27600000 513546.08453602
0.27700000 489797.74421970
0.27800000 467223.90442043
0.27900000 445762.64768117
0.28000000 425355.52334150
0.28100000 405947.34210619
0.28200000 387485.98345512
0.28300000 369922.21505023
0.28400000 353209.52335360
0.28500000 337303.95472464
0.28600000 322163.96631440
0.28700000 307750.28612187
0.28800000 294025.78161990
0.28900000 280955.33639910
0.29000000 268505.73431465
0.29100000 256645.55065641
0.29200000 245345.04989411
0.29300000 234576.08958012
0.29400000 224312.03001955
0.29500000 214527.64934375
0.29600000 205199.06364714
0.29700000 196303.65186980
0.29800000 187819.98512941
0.29900000 179727.76022497
0.30000000 172007.73705353
0.30100000 164641.67969765
0.30200000 157612.30095702
0.30300000 150903.21011251
0.30400000 144498.86372455
0.30500000 138384.51928032
0.30600000 132546.19151627
0.30700000 126970.61125361
0.30800000 121645.18659461
0.30900000 116557.96633723
0.31000000 111697.60547488
0.31100000 107053.33265598
0.31200000 102614.91948656
0.31300000 98372.65156581
0.31400000 94317.30115175
0.31500000 90440.10136066
0.31600000 86732.72180946
0.31700000 83187.24561637
0.31800000 79796.14768007
0.31900000 76552.27416260
0.32000000 73448.82310587
0.32100000 70479.32611582
0.32200000 67637.63105239
0.32300000 64917.88566726
0.32400000 62314.52213465
0.32500000 59822.24242398
0.32600000 57436.00446620
0.32700000 55151.00906840
0.32800000 52962.68753424
0.32900000 50866.68995006
0.33000000 48858.87409900
0.33100000 46935.29496782
0.33200000 45092.19481293
0.33300000 43325.99375444
0.33400000 41633.28086853
0.33500000 40010.80575052
0.33600000 38455.47052240
0.33700000 36964.32226016
0.33800000 35534.54581778
0.33900000 34163.45702603
0.34000000 32848.49624539
0.34100000 31587.22225381
0.34200000 30377.30645092
0.34300000 29216.52736156
0.34400000 28102.76542219
0.34500000 27033.99803508
0.34600000 26008.29487566
0.34700000 25023.81343945
0.34800000 24078.79481569
0.34900000 23171.55967552
0.35000000 22300.50446331
0.35100000 21464.09778019
0.35200000 20660.87694977
0.35300000 19889.44475619
0.35400000 19148.46634551
0.35500000 18436.66628186
0.35600000 17752.82575013
0.35700000 17095.77989763
0.35800000 16464.41530733
0.35900000 15857.66759597
0.36000000 15274.51913039
0.36100000 14713.99685617
0.36200000 14175.17023253
0.36300000 13657.14926818
0.36400000 13159.08265288
0.36500000 12680.15597985
0.36600000 12219.59005422
0.36700000 11776.63928341
0.36800000 11350.59014500
0.36900000 10940.75972833
0.37000000 10546.49434602
0.37100000 10167.16821195
0.37200000 9802.18218228
0.37300000 9450.96255640
0.37400000 9112.95993475
0.37500000 8787.64813079
0.37600000 8474.52313427
0.37700000 8173.10212336
0.37800000 7882.92252319
0.37900000 7603.54110849
0.38000000 7334.53314818
0.38100000 7075.49158983
0.38200000 6826.02628203
0.38300000 6585.76323285
0.38400000 6354.34390259
0.38500000 6131.42452921
0.38600000 5916.67548471
0.38700000 5709.78066118
0.38800000 5510.43688493
0.38900000 5318.35335731
0.39000000 5133.25112116
0.39100000 4954.86255139
0.39200000 4782.93086870
0.39300000 4617.20967537
0.39400000 4457.46251186
0.39500000 4303.46243350
0.39600000 4154.99160611
0.39700000 4011.84091978
0.39800000 3873.80961987
0.39900000 3740.70495450
0.40000000 3612.34183768
0.40100000 3488.54252744
0.40200000 3369.13631810
0.40300000 3253.95924630
0.40400000 3142.85380978
0.40500000 3035.66869865
0.40600000 2932.25853843
0.40700000 2832.48364427
0.40800000 2736.20978594
0.40900000 2643.30796303
0.41000000 2553.65418992
0.41100000 2467.12929008
0.41200000 2383.61869923
0.41300000 2303.01227699
0.41400000 2225.20412671
0.41500000 2150.09242290
0.41600000 2077.57924616
0.41700000 2007.57042511
0.41800000 1939.97538511
0.41900000 1874.70700332
0.42000000 1811.68147000
0.42100000 1750.81815567
0.42200000 1692.03948380
0.42300000 1635.27080900
0.42400000 1580.44030019
0.42500000 1527.47882881
0.42600000 1476.31986156
0.42700000 1426.89935777
0.42800000 1379.15567093
0.42900000 1333.02945440
0.43000000 1288.46357094
0.43100000 1245.40300611
0.43200000 1203.79478509
0.43300000 1163.58789310
0.43400000 1124.73319892
0.43500000 1087.18338172
0.43600000 1050.89286071
0.43700000 1015.81772785
0.43800000 981.91568312
0.43900000 949.14597257
0.44000000 917.46932878
0.44100000 886.84791382
0.44200000 857.24526443
0.44300000 828.62623949
0.44400000 800.95696952
0.44500000 774.20480832
0.44600000 748.33828639
0.44700000 723.32706641
0.44800000 699.14190030
0.44900000 675.75458812
0.45000000 653.13793858
0.45100000 631.26573105
0.45200000 610.11267918
0.45300000 589.65439586
0.45400000 569.86735959
0.45500000 550.72888223
0.45600000 532.21707792
0.45700000 514.31083328
0.45800000 496.98977877
0.45900000 480.23426114
0.46000000 464.02531699
0.46100000 448.34464729
0.46200000 433.17459298
0.46300000 418.49811144
0.46400000 404.29875392
0.46500000 390.56064377
0.46600000 377.26845560
0.46700000 364.40739514
0.46800000 351.96317997
0.46900000 339.92202092
0.47000000 328.27060419
0.47100000 316.99607415
0.47200000 306.08601685
0.47300000 295.52844403
0.47400000 285.31177790
0.47500000 275.42483632
0.47600000 265.85681871
0.47700000 256.59729233
0.47800000 247.63617921
0.47900000 238.96374346
0.48000000 230.57057916
0.48100000 222.44759861
0.48200000 214.58602104
0.48300000 206.97736181
0.48400000 199.61342192
0.48500000 192.48627794
0.48600000 185.58827233
0.48700000 178.91200410
0.48800000 172.45031983
0.48900000 166.19630498
0.49000000 160.14327558
0.49100000 154.28477018
0.49200000 148.61454208
0.49300000 143.12655191
0.49400000 137.81496043
0.49500000 132.67412158
0.49600000 127.69857582
0.49700000 122.88304370
0.49800000 118.22241964
0.49900000 113.71176598
0.50000000 109.34630719
0.50100000 105.12142432
0.50200000 101.03264966
0.50300000 97.07566156
0.50400000 93.24627945
0.50500000 89.54045904
0.50600000 85.95428770
0.50700000 82.48398000
0.50800000 79.12587337
0.50900000 75.87642396
0.51000000 72.73220265
0.51100000 69.68989118
0.51200000 66.74627839
0.51300000 63.89825667
0.51400000 61.14281843
0.51500000 58.47705281
0.51600000 55.89814241
0.51700000 53.40336017
0.51800000 50.99006638
0.51900000 48.65570576
0.52000000 46.39780465
0.52100000 44.21396833
0.52200000 42.10187836
0.52300000 40.05929011
0.52400000 38.08403028
0.52500000 36.17399457
0.52600000 34.32714541
0.52700000 32.54150976
0.52800000 30.81517698
0.52900000 29.14629683
0.53000000 27.53307742
0.53100000 25.97378340
0.53200000 24.46673402
0.53300000 23.01030141
0.53400000 21.60290884
0.53500000 20.24302907
0.53600000 18.92918273
0.53700000 17.65993679
0.53800000 16.43390304
0.53900000 15.24973664
0.54000000 14.10613476
0.54100000 13.00183517
0.54200000 11.93561500
0.54300000 10.90628940
0.54400000 9.91271040
0.54500000 8.95376566
0.54600000 8.02837738
0.54700000 7.13550117
0.54800000 6.27412498
0.54900000 5.44326810
0.55000000 4.64198014
0.55100000 3.86934007
0.55200000 3.12445528
0.55300000 2.40646070
0.55400000 1.71451791
0.55500000 1.04781433
0.55600000 0.40556234
0.55700000 -0.21300145
0.55800000 -0.80861696
0.55900000 -1.38200143
0.56000000 -1.93385008
0.56100000 -2.46483683
0.56200000 -2.97561497
0.56300000 -3.46681776
0.56400000 -3.93905912
0.56500000 -4.39293420
0.56600000 -4.82901996
0.56700000 -5.24787576
0.56800000 -5.65004387
0.56900000 -6.03605005
0.57000000 -6.40640403
0.57100000 -6.76160000
0.57200000 -7.10211712
0.57300000 -7.42841997
0.57400000 -7.74095899
0.57500000 -8.04017094
0.57600000 -8.32647930
0.57700000 -8.60029469
0.57800000 -8.86201527
0.57900000 -9.11202709
0.58000000 -9.35070454
0.58100000 -9.57841060
0.58200000 -9.79549728
0.58300000 -10.00230591
0.58400000 -10.19916748
0.58500000 -10.38640296
0.58600000 -10.56432358
0.58700000 -10.73323118
0.58800000 -10.89341842
0.58900000 -11.04516914
0.59000000 -11.18875856
0.59100000 -11.32445360
0.59200000 -11.45251308
0.59300000 -11.57318801
0.59400000 -11.68672178
0.59500000 -11.79335044
0.59600000 -11.89330290
0.59700000 -11.98680111
0.59800000 -12.07406035
0.59900000 -12.15528936
0.60000000 -12.23069057
0.60100000 -12.30046026
0.60200000 -12.36478881
0.60300000 -12.42386081
0.60400000 -12.47785525
0.60500000 -12.52694572
0.60600000 -12.57130053
0.60700000 -12.61108291
0.60800000 -12.64645112
0.60900000 -12.67755861
0.61000000 -12.70455421
0.61100000 -12.72758220
0.61200000 -12.74678248
0.61300000 -12.76229071
0.61400000 -12.77423841
0.61500000 -12.78275310
0.61600000 -12.78795844
0.61700000 -12.78997427
0.61800000 -12.78891684
0.61900000 -12.78489880
0.62000000 -12.77802938
0.62100000 -12.76841447
0.62200000 -12.75615673
0.62300000 -12.74135565
0.62400000 -12.72410770
0.62500000 -12.70450637
0.62600000 -12.68264229
0.62700000 -12.65860329
0.62800000 -12.63247450
0.62900000 -12.60433843
0.63000000 -12.57427505
0.63100000 -12.54236185
0.63200000 -12.50867391
0.63300000 -12.47328401
0.63400000 -12.43626266
0.63500000 -12.39767816
0.63600000 -12.35759671
0.63700000 -12.31608244
0.63800000 -12.27319746
0.63900000 -12.22900196
0.64000000 -12.18355423
0.64100000 -12.13691074
0.64200000 -12.08912616
0.64300000 -12.04025346
0.64400000 -11.99034393
0.64500000 -11.93944723
0.64600000 -11.88761145
0.64700000 -11.83488315
0.64800000 -11.78130741
0.64900000 -11.72692786
0.65000000 -11.67178674
0.65100000 -11.61592492
0.65200000 -11.55938198
0.65300000 -11.50219619
0.65400000 -11.44440461
0.65500000 -11.38604307
0.65600000 -11.32714626
0.65700000 -11.26774771
0.65800000 -11.20787986
0.65900000 -11.14757409
0.66000000 -11.08686074
0.66100000 -11.02576915
0.66200000 -10.96432766
0.66300000 -10.90256370
0.66400000 -10.84050375
0.66500000 -10.77817342
0.66600000 -10.71559744
0.66700000 -10.65279973
0.66800000 -10.58980335
0.66900000 -10.52663060
0.67000000 -10.46330301
0.67100000 -10.39984137
0.67200000 -10.33626574
0.67300000 -10.27259547
0.67400000 -10.20884926
0.67500000 -10.14504512
0.67600000 -10.08120044
0.67700000 -10.01733198
0.67800000 -9.95345591
0.67900000 -9.88958780
0.68000000 -9.82574267
0.68100000 -9.76193498
0.68200000 -9.69817866
0.68300000 -9.63448712
0.68400000 -9.57087327
0.68500000 -9.50734955
0.68600000 -9.44392790
0.68700000 -9.38061982
0.68800000 -9.31743636
0.68900000 -9.25438816
0.69000000 -9.19148541
0.69100000 -9.12873792
0.69200000 -9.06615510
0.69300000 -9.00374598
0.69400000 -8.94151922
0.69500000 -8.87948312
0.69600000 -8.81764565
0.69700000 -8.75601442
0.69800000 -8.69459673
0.69900000 -8.63339957
0.70000000 -8.57242961
0.70100000 -8.51169322
0.70200000 -8.45119651
0.70300000 -8.39094529
0.70400000 -8.33094510
0.70500000 -8.27120122
0.70600000 -8.21171870
0.70700000 -8.15250230
0.70800000 -8.09355659
0.70900000 -8.03488588
0.71000000 -7.97649426
0.71100000 -7.91838563
0.71200000 -7.86056364
0.71300000 -7.80303177
0.71400000 -7.74579330
0.71500000 -7.68885130
0.71600000 -7.63220868
0.71700000 -7.57586817
0.71800000 -7.51983232
0.71900000 -7.46410350
0.72000000 -7.40868396
0.72100000 -7.35357575
0.72200000 -7.29878081
0.72300000 -7.24430089
0.72400000 -7.19013765
0.72500000 -7.13629257
0.72600000 -7.08276702
0.72700000 -7.02956224
0.72800000 -6.97667935
0.72900000 -6.92411935
0.73000000 -6.87188312
0.73100000 -6.81997144
0.73200000 -6.76838496
0.73300000 -6.71712426
0.73400000 -6.66618979
0.73500000 -6.61558193
0.73600000 -6.56530095
0.73700000 -6.51534703
0.73800000 -6.46572028
0.73900000 -6.41642070
0.74000000 -6.36744824
0.74100000 -6.31880275
0.74200000 -6.27048402
0.74300000 -6.22249175
0.74400000 -6.17482559
0.74500000 -6.12748512
0.74600000 -6.08046984
0.74700000 -6.03377921
0.74800000 -5.98741262
0.74900000 -5.94136940
0.75000000 -5.89564883
0.75100000 -5.85025014
0.75200000 -5.80517250
0.75300000 -5.76041504
0.75400000 -5.71597684
0.75500000 -5.67185694
0.75600000 -5.62805432
0.75700000 -5.58456794
0.75800000 -5.54139672
0.75900000 -5.49853952
0.76000000 -5.45599518
0.76100000 -5.41376252
0.76200000 -5.37184029
0.76300000 -5.33022725
0.76400000 -5.28892209
0.76500000 -5.24792351
0.76600000 -5.20723015
0.76700000 -5.16684064
0.76800000 -5.12675358
0.76900000 -5.08696756
0.77000000 -5.04748113
0.77100000 -5.00829283
0.77200000 -4.96940116
0.77300000 -4.93080464
0.77400000 -4.89250174
0.77500000 -4.85449092
0.77600000 -4.81677063
0.77700000 -4.77933930
0.77800000 -4.74219534
0.77900000 -4.70533716
0.78000000 -4.66876316
0.78100000 -4.63247171
0.78200000 -4.59646119
0.78300000 -4.56072995
0.78400000 -4.52527634
0.78500000 -4.49009871
0.78600000 -4.45519539
0.78700000 -4.42056472
0.78800000 -4.38620501
0.78900000 -4.35211457
0.79000000 -4.31829173
0.79100000 -4.28473478
0.79200000 -4.25144203
0.79300000 -4.21841178
0.79400000 -4.18564232
0.79500000 -4.15313196
0.79600000 -4.12087897
0.79700000 -4.08888166
0.79800000 -4.05713832
0.79900000 -4.02564723
0.80000000 -3.99440669
0.80100000 -3.96341498
0.80200000 -3.93267040
0.80300000 -3.90217124
0.80400000 -3.87191580
0.80500000 -3.84190237
0.80600000 -3.81212925
0.80700000 -3.78259475
0.80800000 -3.75329716
0.80900000 -3.72423480
0.81000000 -3.69540598
0.81100000 -3.66680901
0.81200000 -3.63844222
0.81300000 -3.61030393
0.81400000 -3.58239247
0.81500000 -3.55470617
0.81600000 -3.52724337
0.81700000 -3.50000242
0.81800000 -3.47298166
0.81900000 -3.44617946
0.82000000 -3.41959418
0.82100000 -3.39322418
0.82200000 -3.36706784
0.82300000 -3.34112354
0.82400000 -3.31538968
0.82500000 -3.28986464
0.82600000 -3.26454682
0.82700000 -3.23943464
0.82800000 -3.21452652
0.82900000 -3.18982088
0.83000000 -3.16531614
0.83100000 -3.14101076
0.83200000 -3.11690318
0.83300000 -3.09299184
0.83400000 -3.06927523
0.83500000 -3.04575180
0.83600000 -3.02242004
0.83700000 -2.99927843
0.83800000 -2.97632548
0.83900000 -2.95355968
0.84000000 -2.93097956
0.84100000 -2.90858362
0.84200000 -2.88637041
0.84300000 -2.86433846
0.84400000 -2.84248632
0.84500000 -2.82081255
0.84600000 -2.79931571
0.84700000 -2.77799437
0.84800000 -2.75684712
0.84900000 -2.73587256
0.85000000 -2.71506928
0.85100000 -2.69443589
0.85200000 -2.67397101
0.85300000 -2.65367327
0.85400000 -2.63354131
0.85500000 -2.61357377
0.85600000 -2.59376931
0.85700000 -2.57412659
0.85800000 -2.55464429
0.85900000 -2.53532109
0.86000000 -2.51615567
0.86100000 -2.49714675
0.86200000 -2.47829303
0.86300000 -2.45959323
0.86400000 -2.44104608
0.86500000 -2.42265031
0.86600000 -2.40440467
0.86700000 -2.38630792
0.86800000 -2.36835881
0.86900000 -2.35055613
0.87000000 -2.33289865
0.87100000 -2.31538517
0.87200000 -2.29801448
0.87300000 -2.28078540
0.87400000 -2.26369673
0.87500000 -2.24674732
0.87600000 -2.22993598
0.87700000 -2.21326158
0.87800000 -2.19672295
0.87900000 -2.18031897
0.88000000 -2.16404850
0.88100000 -2.14791042
0.88200000 -2.13190362
0.88300000 -2.11602699
0.88400000 -2.10027945
0.88500000 -2.08465989
0.88600000 -2.06916726
0.88700000 -2.05380046
0.88800000 -2.03855846
0.88900000 -2.02344018
0.89000000 -2.00844459
0.89100000 -1.99357065
0.89200000 -1.97881734
0.89300000 -1.96418363
0.89400000 -1.94966851
0.89500000 -1.93527097
0.89600000 -1.92099003
0.89700000 -1.90682470
0.89800000 -1.89277399
0.89900000 -1.87883694
0.90000000 -1.86501258
0.90100000 -1.85129995
0.90200000 -1.83769811
0.90300000 -1.82420612
0.90400000 -1.81082305
0.90500000 -1.79754796
0.90600000 -1.78437995
0.90700000 -1.77131811
0.90800000 -1.75836152
0.90900000 -1.74550931
0.91000000 -1.73276058
0.91100000 -1.72011444
0.91200000 -1.70757004
0.91300000 -1.69512650
0.91400000 -1.68278297
0.91500000 -1.67053860
0.91600000 -1.65839254
0.91700000 -1.64634395
0.91800000 -1.63439201
0.91900000 -1.62253590
0.92000000 -1.61077479
0.92100000 -1.59910789
0.92200000 -1.58753439
0.92300000 -1.57605349
0.92400000 -1.56466441
0.92500000 -1.55336636
0.92600000 -1.54215858
0.92700000 -1.53104029
0.92800000 -1.52001073
0.92900000 -1.50906914
0.93000000 -1.49821479
0.93100000 -1.48744692
0.93200000 -1.47676480
0.93300000 -1.46616770
0.93400000 -1.45565490
0.93500000 -1.44522567
0.93600000 -1.43487932
0.93700000 -1.42461513
0.93800000 -1.41443241
0.93900000 -1.40433047
0.94000000 -1.39430861
0.94100000 -1.38436616
0.94200000 -1.37450244
0.94300000 -1.36471678
0.94400000 -1.35500852
0.94500000 -1.34537701
0.94600000 -1.33582159
0.94700000 -1.32634161
0.94800000 -1.31693644
0.94900000 -1.30760544
0.95000000 -1.29834797
0.95100000 -1.28916343
0.95200000 -1.28005118
0.95300000 -1.27101062
0.95400000 -1.26204114
0.95500000 -1.25314214
0.95600000 -1.24431301
0.95700000 -1.23555317
0.95800000 -1.22686203
0.95900000 -1.21823901
0.96000000 -1.20968353
0.96100000 -1.20119503
0.96200000 -1.19277293
0.96300000 -1.18441667
0.96400000 -1.17612570
0.96500000 -1.16789946
0.96600000 -1.15973741
0.96700000 -1.15163901
0.96800000 -1.14360372
0.96900000 -1.13563101
0.97000000 -1.12772034
0.97100000 -1.11987120
0.97200000 -1.11208307
0.97300000 -1.10435543
0.97400000 -1.09668777
0.97500000 -1.08907960
0.97600000 -1.08153040
0.97700000 -1.07403968
0.97800000 -1.06660695
0.97900000 -1.05923173
0.98000000 -1.05191352
0.98100000 -1.04465186
0.98200000 -1.03744626
0.98300000 -1.03029626
0.98400000 -1.02320138
0.98500000 -1.01616117
0.98600000 -1.00917517
0.98700000 -1.00224293
0.98800000 -0.99536398
0.98900000 -0.98853790
0.99000000 -0.98176423
0.99100000 -0.97504254
0.99200000 -0.96837239
0.99300000 -0.96175335
0.99400000 -0.95518499
0.99500000 -0.94866690
0.99600000 -0.94219865
0.99700000 -0.93577983
0.99800000 -0.92941002
0.99900000 -0.92308881
1.00000000 -0.91681581
1.00100000 -0.91059061
1.00200000 -0.90441281
1.00300000 -0.89828201
1.00400000 -0.89219784
1.00500000 -0.88615989
1.00600000 -0.88016779
1.00700000 -0.87422116
1.00800000 -0.86831961
1.00900000 -0.86246278
1.01000000 -0.85665029
1.01100000 -0.85088178
1.01200000 -0.84515688
1.01300000 -0.83947523
1.01400000 -0.83383647
1.01500000 -0.82824026
1.01600000 -0.82268623
1.01700000 -0.81717404
1.01800000 -0.81170335
1.01900000 -0.80627381
1.02000000 -0.80088508
1.02100000 -0.79553682
1.02200000 -0.79022871
1.02300000 -0.78496041
1.02400000 -0.77973160
1.02500000 -0.77454195
1.02600000 -0.76939114
1.02700000 -0.76427884
1.02800000 -0.75920475
1.02900000 -0.75416856
1.03000000 -0.74916994
1.03100000 -0.74420859
1.03200000 -0.73928421
1.03300000 -0.73439649
1.03400000 -0.72954514
1.03500000 -0.72472985
1.03600000 -0.71995034
1.03700000 -0.71520631
1.03800000 -0.71049746
1.03900000 -0.70582353
1.04000000 -0.70118421
1.04100000 -0.69657923
1.04200000 -0.69200830
1.04300000 -0.68747116
1.04400000 -0.68296752
1.04500000 -0.67849712
1.04600000 -0.67405968
1.04700000 -0.66965493
1.04800000 -0.66528262
1.04900000 -0.66094248
1.05000000 -0.65663424
1.05100000 -0.65235765
1.05200000 -0.64811246
1.05300000 -0.64389840
1.05400000 -0.63971523
1.05500000 -0.63556270
1.05600000 -0.63144057
1.05700000 -0.62734857
1.05800000 -0.62328648
1.05900000 -0.61925405
1.06000000 -0.61525105
1.06100000 -0.61127723
1.06200000 -0.60733236
1.06300000 -0.60341621
1.06400000 -0.59952855
1.06500000 -0.59566914
1.06600000 -0.59183778
1.06700000 -0.58803421
1.06800000 -0.58425824
1.06900000 -0.58050963
1.07000000 -0.57678816
1.07100000 -0.57309362
1.07200000 -0.56942580
1.07300000 -0.56578448
1.07400000 -0.56216944
1.07500000 -0.55858048
1.07600000 -0.55501740
1.07700000 -0.55147998
1.07800000 -0.54796802
1.07900000 -0.54448132
1.08000000 -0.54101967
1.08100000 -0.53758289
1.08200000 -0.53417076
1.08300000 -0.53078310
1.08400000 -0.52741972
1.08500000 -0.52408041
1.08600000 -0.52076499
1.08700000 -0.51747327
1.08800000 -0.51420506
1.08900000 -0.51096017
1.09000000 -0.50773843
1.09100000 -0.50453965
1.09200000 -0.50136365
1.09300000 -0.49821025
1.09400000 -0.49507927
1.09500000 -0.49197053
1.09600000 -0.48888386
1.09700000 -0.48581909
1.09800000 -0.48277604
1.09900000 -0.47975454
1.10000000 -0.47675443
1.10100000 -0.47377554
1.10200000 -0.47081769
1.10300000 -0.46788074
1.10400000 -0.46496450
1.10500000 -0.46206883
1.10600000 -0.45919355
1.10700000 -0.45633852
1.10800000 -0.45350357
1.10900000 -0.45068854
1.11000000 -0.44789329
1.11100000 -0.44511765
1.11200000 -0.44236147
1.11300000 -0.43962461
1.11400000 -0.43690692
1.11500000 -0.43420823
1.11600000 -0.43152842
1.11700000 -0.42886732
1.11800000 -0.42622480
1.11900000 -0.42360071
1.12000000 -0.42099491
1.12100000 -0.41840725
1.12200000 -0.41583761
1.12300000 -0.41328583
1.12400000 -0.41075178
1.12500000 -0.40823533
1.12600000 -0.40573633
1.12700000 -0.40325466
1.12800000 -0.40079017
1.12900000 -0.39834275
1.13000000 -0.39591225
1.13100000 -0.39349855
1.13200000 -0.39110151
1.13300000 -0.38872102
1.13400000 -0.38635694
1.13500000 -0.38400915
1.13600000 -0.38167752
1.13700000 -0.37936193
1.13800000 -0.37706226
1.13900000 -0.37477838
1.14000000 -0.37251018
1.14100000 -0.37025754
1.14200000 -0.36802033
1.14300000 -0.36579844
1.14400000 -0.36359175
1.14500000 -0.36140015
1.14600000 -0.35922352
1.14700000 -0.35706175
1.14800000 -0.35491473
1.14900000 -0.35278234
1.15000000 -0.35066447
1.15100000 -0.34856102
1.15200000 -0.34647187
1.15300000 -0.34439692
1.15400000 -0.34233606
1.15500000 -0.34028918
1.15600000 -0.33825617
1.15700000 -0.33623694
1.15800000 -0.33423138
1.15900000 -0.33223938
1.16000000 -0.33026085
1.16100000 -0.32829567
1.16200000 -0.32634376
1.16300000 -0.32440502
1.16400000 -0.32247933
1.16500000 -0.32056661
1.16600000 -0.31866676
1.16700000 -0.31677969
1.16800000 -0.31490528
1.16900000 -0.31304346
1.17000000 -0.31119413
1.17100000 -0.30935720
1.17200000 -0.30753256
1.17300000 -0.30572014
1.17400000 -0.30391983
1.17500000 -0.30213155
1.17600000 -0.30035522
1.17700000 -0.29859073
1.17800000 -0.29683801
1.17900000 -0.29509696
1.18000000 -0.29336750
1.18100000 -0.29164955
1.18200000 -0.28994301
1.18300000 -0.28824780
1.18400000 -0.28656385
1.18500000 -0.28489106
1.18600000 -0.28322935
1.18700000 -0.28157865
1.18800000 -0.27993887
1.18900000 -0.27830992
1.19000000 -0.27669174
1.19100000 -0.27508424
1.19200000 -0.27348734
1.19300000 -0.27190097
1.19400000 -0.27032505
1.19500000 -0.26875949
1.19600000 -0.26720423
1.19700000 -0.26565919
1.19800000 -0.26412429
1.19900000 -0.26259947
1.20000000 -0.26108464
1.20100000 -0.25957973
1.20200000 -0.25808467
1.20300000 -0.25659940
1.20400000 -0.25512383
1.20500000 -0.25365790
1.20600000 -0.25220153
1.20700000 -0.25075466
1.20800000 -0.24931722
1.20900000 -0.24788914
1.21000000 -0.24647035
1.21100000 -0.24506079
1.21200000 -0.24366038
1.21300000 -0.24226907
1.21400000 -0.24088678
1.21500000 -0.23951345
1.21600000 -0.23814901
1.21700000 -0.23679341
1.21800000 -0.23544657
1.21900000 -0.23410843
1.22000000 -0.23277894
1.22100000 -0.23145803
1.22200000 -0.23014563
1.22300000 -0.22884169
1.22400000 -0.22754614
1.22500000 -0.22625893
1.22600000 -0.22497999
1.22700000 -0.22370927
1.22800000 -0.22244670
1.22900000 -0.22119224
1.23000000 -0.21994581
1.23100000 -0.21870736
1.23200000 -0.21747685
1.23300000 -0.21625420
1.23400000 -0.21503936
1.23500000 -0.21383228
1.23600000 -0.21263290
1.23700000 -0.21144117
1.23800000 -0.21025703
1.23900000 -0.20908043
1.24000000 -0.20791131
1.24100000 -0.20674963
1.24200000 -0.20559532
1.24300000 -0.20444834
1.24400000 -0.20330864
1.24500000 -0.20217615
1.24600000 -0.20105085
1.24700000 -0.19993266
1.24800000 -0.19882154
1.24900000 -0.19771744
1.25000000 -0.19662032
1.25100000 -0.19553012
1.25200000 -0.19444679
1.25300000 -0.19337028
1.25400000 -0.19230056
1.25500000 -0.19123756
1.25600000 -0.19018124
1.25700000 -0.18913156
1.25800000 -0.18808847
1.25900000 -0.18705192
1.26000000 -0.18602187
1.26100000 -0.18499827
1.26200000 -0.18398107
1.26300000 -0.18297024
1.26400000 -0.18196572
1.26500000 -0.18096748
1.26600000 -0.17997546
1.26700000 -0.17898963
1.26800000 -0.17800994
1.26900000 -0.17703635
1.27000000 -0.17606882
1.27100000 -0.17510730
1.27200000 -0.17415176
1.27300000 -0.17320214
1.27400000 -0.17225842
1.27500000 -0.17132055
1.27600000 -0.17038849
1.27700000 -0.16946219
1.27800000 -0.16854163
1.27900000 -0.16762675
1.28000000 -0.16671752
1.28100000 -0.16581391
1.28200000 -0.16491587
1.28300000 -0.16402336
1.28400000 -0.16313634
1.28500000 -0.16225479
1.28600000 -0.16137866
1.28700000 -0.16050790
1.28800000 -0.15964250
1.28900000 -0.15878240
1.29000000 -0.15792758
1.29100000 -0.15707799
1.29200000 -0.15623361
1.29300000 -0.15539439
1.29400000 -0.15456030
1.29500000 -0.15373131
1.29600000 -0.15290737
1.29700000 -0.15208846
1.29800000 -0.15127455
1.29900000 -0.15046559
1.30000000 -0.14966155
1.30100000 -0.14886240
1.30200000 -0.14806811
1.30300000 -0.14727865
1.30400000 -0.14649397
1.30500000 -0.14571405
1.30600000 -0.14493886
1.30700000 -0.14416837
1.30800000 -0.14340253
1.30900000 -0.14264133
1.31000000 -0.14188473
1.31100000 -0.14113269
1.31200000 -0.14038519
1.31300000 -0.13964220
1.31400000 -0.13890369
1.31500000 -0.13816962
1.31600000 -0.13743997
1.31700000 -0.13671470
1.31800000 -0.13599379
1.31900000 -0.13527721
1.32000000 -0.13456493
1.32100000 -0.13385692
1.32200000 -0.13315315
1.32300000 -0.13245359
1.32400000 -0.13175821
1.32500000 -0.13106700
1.32600000 -0.13037991
1.32700000 -0.12969692
1.32800000 -0.12901801
1.32900000 -0.12834314
1.33000000 -0.12767229
1.33100000 -0.12700544
1.33200000 -0.12634255
1.33300000 -0.12568360
1.33400000 -0.12502856
1.33500000 -0.12437742
1.33600000 -0.12373013
1.33700000 -0.12308668
1.33800000 -0.12244704
1.33900000 -0.12181119
1.34000000 -0.12117909
1.34100000 -0.12055073
1.34200000 -0.11992608
1.34300000 -0.11930512
1.34400000 -0.11868782
1.34500000 -0.11807416
1.34600000 -0.11746411
1.34700000 -0.11685765
1.34800000 -0.11625476
1.34900000 -0.11565541
1.35000000 -0.11505957
1.35100000 -0.11446724
1.35200000 -0.11387838
1.35300000 -0.11329297
1.35400000 -0.11271098
1.35500000 -0.11213240
1.35600000 -0.11155721
1.35700000 -0.11098537
1.35800000 -0.11041688
1.35900000 -0.10985170
1.36000000 -0.10928981
1.36100000 -0.10873120
1.36200000 -0.10817585
1.36300000 -0.10762372
1.36400000 -0.10707480
1.36500000 -0.10652908
1.36600000 -0.10598652
1.36700000 -0.10544711
1.36800000 -0.10491082
1.36900000 -0.10437765
1.37000000 -0.10384756
1.37100000 -0.10332054
1.37200000 -0.10279656
1.37300000 -0.10227561
1.37400000 -0.10175767
1.37500000 -0.10124272
1.37600000 -0.10073074
1.37700000 -0.10022171
1.37800000 -0.09971560
1.37900000 -0.09921241
1.38000000 -0.09871212
1.38100000 -0.09821469
1.38200000 -0.09772013
1.38300000 -0.09722840
1.38400000 -0.09673949
1.38500000 -0.09625338
1.38600000 -0.09577005
1.38700000 -0.09528949
1.38800000 -0.09481168
1.38900000 -0.09433660
1.39000000 -0.09386423
1.39100000 -0.09339455
1.39200000 -0.09292756
1.39300000 -0.09246322
1.39400000 -0.09200153
1.39500000 -0.09154247
1.39600000 -0.09108601
1.39700000 -0.09063215
1.39800000 -0.09018087
1.39900000 -0.08973214
1.40000000 -0.08928596
1.40100000 -0.08884231
1.40200000 -0.08840118
1.40300000 -0.08796253
1.40400000 -0.08752637
1.40500000 -0.08709267
1.40600000 -0.08666143
1.40700000 -0.08623261
1.40800000 -0.08580622
1.40900000 -0.08538222
1.41000000 -0.08496062
1.41100000 -0.08454139
1.41200000 -0.08412451
1.41300000 -0.08370998
1.41400000 -0.08329778
1.41500000 -0.08288789
1.41600000 -0.08248029
1.41700000 -0.08207499
1.41800000 -0.08167195
1.41900000 -0.08127117
1.42000000 -0.08087263
1.42100000 -0.08047632
1.42200000 -0.08008222
1.42300000 -0.07969032
1.42400000 -0.07930061
1.42500000 -0.07891307
1.42600000 -0.07852769
1.42700000 -0.07814445
1.42800000 -0.07776335
1.42900000 -0.07738436
1.43000000 -0.07700748
1.43100000 -0.07663269
1.43200000 -0.07625999
1.43300000 -0.07588934
1.43400000 -0.07552076
1.43500000 -0.07515421
1.43600000 -0.07478969
1.43700000 -0.07442718
1.43800000 -0.07406668
1.43900000 -0.07370817
1.44000000 -0.07335164
1.44100000 -0.07299707
1.44200000 -0.07264446
1.44300000 -0.07229379
1.44400000 -0.07194505
1.44500000 -0.07159823
1.44600000 -0.07125331
1.44700000 -0.07091029
1.44800000 -0.07056915
1.44900000 -0.07022988
1.45000000 -0.06989247
1.45100000 -0.06955691
1.45200000 -0.06922319
1.45300000 -0.06889129
1.45400000 -0.06856120
1.45500000 -0.06823292
1.45600000 -0.06790643
1.45700000 -0.06758172
1.45800000 -0.06725879
1.45900000 -0.06693761
1.46000000 -0.06661818
1.46100000 -0.06630049
1.46200000 -0.06598452
1.46300000 -0.06567028
1.46400000 -0.06535774
1.46500000 -0.06504689
1.46600000 -0.06473773
1.46700000 -0.06443025
1.46800000 -0.06412443
1.46900000 -0.06382027
1.47000000 -0.06351775
1.47100000 -0.06321687
1.47200000 -0.06291761
1.47300000 -0.06261997
1.47400000 -0.06232393
1.47500000 -0.06202949
1.47600000 -0.06173663
1.47700000 -0.06144536
1.47800000 -0.06115564
1.47900000 -0.06086749
1.48000000 -0.06058089
1.48100000 -0.06029582
1.48200000 -0.06001228
1.48300000 -0.05973027
1.48400000 -0.05944976
1.48500000 -0.05917076
1.48600000 -0.05889325
1.48700000 -0.05861723
1.48800000 -0.05834268
1.48900000 -0.05806959
1.49000000 -0.05779797
1.49100000 -0.05752779
1.49200000 -0.05725906
1.49300000 -0.05699175
1.49400000 -0.05672587
1.49500000 -0.05646140
1.49600000 -0.05619834
1.49700000 -0.05593668
1.49800000 -0.05567641
1.49900000 -0.05541751
1.50000000 -0.05515999
1.50100000 -0.05490384
1.50200000 -0.05464904
1.50300000 -0.05439559
1.50400000 -0.05414348
1.50500000 -0.05389271
1.50600000 -0.05364326
1.50700000 -0.05339512
1.50800000 -0.05314830
1.50900000 -0.05290277
1.51000000 -0.05265854
1.51100000 -0.05241560
1.51200000 -0.05217393
1.51300000 -0.05193354
1.51400000 -0.05169441
1.51500000 -0.05145653
1.51600000 -0.05121990
1.51700000 -0.05098452
1.51800000 -0.05075037
1.51900000 -0.05051744
1.52000000 -0.05028573
1.52100000 -0.05005524
1.52200000 -0.04982595
1.52300000 -0.04959786
1.52400000 -0.04937096
1.52500000 -0.04914524
1.52600000 -0.04892070
1.52700000 -0.04869734
1.52800000 -0.04847513
1.52900000 -0.04825408
1.53000000 -0.04803418
1.53100000 -0.04781543
1.53200000 -0.04759781
1.53300000 -0.04738132
1.53400000 -0.04716595
1.53500000 -0.04695170
1.53600000 -0.04673856
1.53700000 -0.04652653
1.53800000 -0.04631559
1.53900000 -0.04610574
1.54000000 -0.04589698
1.54100000 -0.04568929
1.54200000 -0.04548268
1.54300000 -0.04527713
1.54400000 -0.04507264
1.54500000 -0.04486921
1.54600000 -0.04466682
1.54700000 -0.04446548
1.54800000 -0.04426517
1.54900000 -0.04406589
1.55000000 -0.04386763
1.55100000 -0.04367039
1.55200000 -0.04347417
1.55300000 -0.04327895
1.55400000 -0.04308472
1.55500000 -0.04289150
1.55600000 -0.04269926
1.55700000 -0.04250800
1.55800000 -0.04231773
1.55900000 -0.04212842
1.56000000 -0.04194008
1.56100000 -0.04175270
1.56200000 -0.04156628
1.56300000 -0.04138080
1.56400000 -0.04119627
1.56500000 -0.04101268
1.56600000 -0.04083002
1.56700000 -0.04064829
1.56800000 -0.04046748
1.56900000 -0.04028759
1.57000000 -0.04010861
1.57100000 -0.03993054
1.57200000 -0.03975338
1.57300000 -0.03957710
1.57400000 -0.03940172
1.57500000 -0.03922723
1.57600000 -0.03905362
1.57700000 -0.03888088
1.57800000 -0.03870902
1.57900000 -0.03853803
1.58000000 -0.03836789
1.58100000 -0.03819861
1.58200000 -0.03803019
1.58300000 -0.03786261
1.58400000 -0.03769587
1.58500000 -0.03752998
1.58600000 -0.03736491
1.58700000 -0.03720068
1.58800000 -0.03703726
1.58900000 -0.03687467
1.59000000 -0.03671289
1.59100000 -0.03655192
1.59200000 -0.03639176
1.59300000 -0.03623239
1.59400000 -0.03607383
1.59500000 -0.03591605
1.59600000 -0.03575906
1.59700000 -0.03560286
1.59800000 -0.03544743
1.59900000 -0.03529278
1.60000000 -0.03513890
1.60100000 -0.03498578
1.60200000 -0.03483343
1.60300000 -0.03468183
1.60400000 -0.03453098
1.60500000 -0.03438089
1.60600000 -0.03423153
1.60700000 -0.03408292
1.60800000 -0.03393505
1.60900000 -0.03378790
1.61000000 -0.03364149
1.61100000 -0.03349580
1.61200000 -0.03335082
1.61300000 -0.03320657
1.61400000 -0.03306303
1.61500000 -0.03292019
1.61600000 -0.03277806
1.61700000 -0.03263663
1.61800000 -0.03249589
1.61900000 -0.03235585
1.62000000 -0.03221650
1.62100000 -0.03207783
1.62200000 -0.03193984
1.62300000 -0.03180253
1.62400000 -0.03166590
1.62500000 -0.03152993
1.62600000 -0.03139463
1.62700000 -0.03125999
1.62800000 -0.03112601
1.62900000 -0.03099269
1.63000000 -0.03086002
1.63100000 -0.03072799
1.63200000 -0.03059661
1.63300000 -0.03046588
1.63400000 -0.03033577
1.63500000 -0.03020631
1.63600000 -0.03007747
1.63700000 -0.02994926
1.63800000 -0.02982168
1.63900000 -0.02969471
1.64000000 -0.02956836
1.64100000 -0.02944263
1.64200000 -0.02931751
1.64300000 -0.02919299
1.64400000 -0.02906907
1.64500000 -0.02894576
1.64600000 -0.02882304
1.64700000 -0.02870092
1.64800000 -0.02857939
1.64900000 -0.02845844
1.65000000 -0.02833808
1.65100000 -0.02821830
1.65200000 -0.02809910
1.65300000 -0.02798047
1.65400000 -0.02786242
1.65500000 -0.02774493
1.65600000 -0.02762801
1.65700000 -0.02751165
1.65800000 -0.02739585
1.65900000 -0.02728060
1.66000000 -0.02716591
1.66100000 -0.02705177
1.66200000 -0.02693818
1.66300000 -0.02682513
1.66400000 -0.02671262
1.66500000 -0.02660065
1.66600000 -0.02648922
1.66700000 -0.02637832
1.66800000 -0.02626795
1.66900000 -0.02615811
1.67000000 -0.02604879
1.67100000 -0.02593999
1.67200000 -0.02583171
1.67300000 -0.02572395
1.67400000 -0.02561670
1.67500000 -0.02550996
1.67600000 -0.02540372
1.67700000 -0.02529800
1.67800000 -0.02519277
1.67900000 -0.02508805
1.68000000 -0.02498382
1.68100000 -0.02488008
1.68200000 -0.02477684
1.68300000 -0.02467409
1.68400000 -0.02457182
1.68500000 -0.02447004
1.68600000 -0.02436873
1.68700000 -0.02426791
1.68800000 -0.02416756
1.68900000 -0.02406769
1.69000000 -0.02396829
1.69100000 -0.02386935
1.69200000 -0.02377088
1.69300000 -0.02367288
1.69400000 -0.02357534
1.69500000 -0.02347825
1.69600000 -0.02338162
1.69700000 -0.02328545
1.69800000 -0.02318973
1.69900000 -0.02309445
1.70000000 -0.02299963
1.70100000 -0.02290524
1.70200000 -0.02281130
1.70300000 -0.02271780
1.70400000 -0.02262474
1.70500000 -0.02253211
1.70600000 -0.02243992
1.70700000 -0.02234815
1.70800000 -0.02225682
1.70900000 -0.02216591
1.71000000 -0.02207542
1.71100000 -0.02198536
1.71200000 -0.02189571
1.71300000 -0.02180648
1.71400000 -0.02171767
1.71500000 -0.02162927
1.71600000 -0.02154128
1.71700000 -0.02145370
1.71800000 -0.02136653
1.71900000 -0.02127976
1.72000000 -0.02119339
1.72100000 -0.02110742
1.72200000 -0.02102185
1.72300000 -0.02093668
1.72400000 -0.02085190
1.72500000 -0.02076751
1.72600000 -0.02068351
1.72700000 -0.02059990
1.72800000 -0.02051668
1.72900000 -0.02043384
1.73000000 -0.02035138
1.73100000 -0.02026930
1.73200000 -0.02018760
1.73300000 -0.02010628
1.73400000 -0.02002533
1.73500000 -0.01994475
1.73600000 -0.01986454
1.73700000 -0.01978470
1.73800000 -0.01970522
1.73900000 -0.01962611
1.74000000 -0.01954737
1.74100000 -0.01946898
1.74200000 -0.01939095
1.74300000 -0.01931328
1.74400000 -0.01923597
1.74500000 -0.01915900
1.74600000 -0.01908239
1.74700000 -0.01900613
1.74800000 -0.01893022
1.74900000 -0.01885465
1.75000000 -0.01877943
1.75100000 -0.01870455
1.75200000 -0.01863001
1.75300000 -0.01855581
1.75400000 -0.01848195
1.75500000 -0.01840842
1.75600000 -0.01833523
1.75700000 -0.01826237
1.75800000 -0.01818984
1.75900000 -0.01811764
1.76000000 -0.01804576
1.76100000 -0.01797421
1.76200000 -0.01790299
1.76300000 -0.01783209
1.76400000 -0.01776150
1.76500000 -0.01769124
1.76600000 -0.01762129
1.76700000 -0.01755166
1.76800000 -0.01748235
1.76900000 -0.01741334
1.77000000 -0.01734465
1.77100000 -0.01727627
1.77200000 -0.01720819
1.77300000 -0.01714042
1.77400000 -0.01707296
1.77500000 -0.01700580
1.77600000 -0.01693894
1.77700000 -0.01687238
1.77800000 -0.01680612
1.77900000 -0.01674015
1.78000000 -0.01667448
1.78100000 -0.01660911
1.78200000 -0.01654403
1.78300000 -0.01647924
1.78400000 -0.01641474
1.78500000 -0.01635052
1.78600000 -0.01628660
1.78700000 -0.01622296
1.78800000 -0.01615960
1.78900000 -0.01609653
1.79000000 -0.01603373
1.79100000 -0.01597122
1.79200000 -0.01590898
1.79300000 -0.01584703
1.79400000 -0.01578534
1.79500000 -0.01572393
1.79600000 -0.01566280
1.79700000 -0.01560193
1.79800000 -0.01554134
1.79900000 -0.01548101
1.80000000 -0.01542095
1.80100000 -0.01536116
1.80200000 -0.01530163
1.80300000 -0.01524237
1.80400000 -0.01518337
1.80500000 -0.01512463
1.80600000 -0.01506614
1.80700000 -0.01500792
1.80800000 -0.01494995
1.80900000 -0.01489224
1.81000000 -0.01483478
1.81100000 -0.01477758
1.81200000 -0.01472063
1.81300000 -0.01466392
1.81400000 -0.01460747
1.81500000 -0.01455127
1.81600000 -0.01449531
1.81700000 -0.01443960
1.81800000 -0.01438413
1.81900000 -0.01432891
1.82000000 -0.01427393
1.82100000 -0.01421919
1.82200000 -0.01416468
1.82300000 -0.01411042
1.82400000 -0.01405640
1.82500000 -0.01400261
1.82600000 -0.01394905
1.82700000 -0.01389573
1.82800000 -0.01384264
1.82900000 -0.01378979
1.83000000 -0.01373716
1.83100000 -0.01368477
1.83200000 -0.01363260
1.83300000 -0.01358066
1.83400000 -0.01352894
1.83500000 -0.01347745
1.83600000 -0.01342619
1.83700000 -0.01337514
1.83800000 -0.01332432
1.83900000 -0.01327372
1.84000000 -0.01322333
1.84100000 -0.01317317
1.84200000 -0.01312322
1.84300000 -0.01307349
1.84400000 -0.01302398
1.84500000 -0.01297468
1.84600000 -0.01292559
1.84700000 -0.01287671
1.84800000 -0.01282805
1.84900000 -0.01277959
1.85000000 -0.01273135
1.85100000 -0.01268331
1.85200000 -0.01263548
1.85300000 -0.01258785
1.85400000 -0.01254043
1.85500000 -0.01249321
1.85600000 -0.01244620
1.85700000 -0.01239939
1.85800000 -0.01235278
1.85900000 -0.01230637
1.86000000 -0.01226016
1.86100000 -0.01221415
1.86200000 -0.01216833
1.86300000 -0.01212271
1.86400000 -0.01207729
1.86500000 -0.01203206
1.86600000 -0.01198702
1.86700000 -0.01194217
1.86800000 -0.01189752
1.86900000 -0.01185306
1.87000000 -0.01180879
1.87100000 -0.01176470
1.87200000 -0.01172081
1.87300000 -0.01167710
1.87400000 -0.01163358
1.87500000 -0.01159024
1.87600000 -0.01154709
1.87700000 -0.01150412
1.87800000 -0.01146133
1.87900000 -0.01141873
1.88000000 -0.01137630
1.88100000 -0.01133406
1.88200000 -0.01129199
1.88300000 -0.01125011
1.88400000 -0.01120840
1.88500000 -0.01116686
1.88600000 -0.01112551
1.88700000 -0.01108432
1.88800000 -0.01104332
1.88900000 -0.01100248
1.89000000 -0.01096182
1.89100000 -0.01092133
1.89200000 -0.01088101
1.89300000 -0.01084086
1.89400000 -0.01080088
1.89500000 -0.01076106
1.89600000 -0.01072142
1.89700000 -0.01068194
1.89800000 -0.01064263
1.89900000 -0.01060348
1.90000000 -0.01056450
1.90100000 -0.01052568
1.90200000 -0.01048702
1.90300000 -0.01044853
1.90400000 -0.01041020
1.90500000 -0.01037202
1.90600000 -0.01033401
1.90700000 -0.01029616
1.90800000 -0.01025846
1.90900000 -0.01022093
1.91000000 -0.01018355
1.91100000 -0.01014632
1.91200000 -0.01010925
1.91300000 -0.01007234
1.91400000 -0.01003558
1.91500000 -0.00999897
1.91600000 -0.00996252
1.91700000 -0.00992621
1.91800000 -0.00989006
1.91900000 -0.00985406
1.92000000 -0.00981821
1.92100000 -0.00978251
1.92200000 -0.00974695
1.92300000 -0.00971154
1.92400000 -0.00967628
1.92500000 -0.00964117
1.92600000 -0.00960620
1.92700000 -0.00957138
1.92800000 -0.00953670
1.92900000 -0.00950216
1.93000000 -0.00946777
1.93100000 -0.00943352
1.93200000 -0.00939941
1.93300000 -0.00936544
1.93400000 -0.00933161
1.93500000 -0.00929792
1.93600000 -0.00926437
1.93700000 -0.00923096
1.93800000 -0.00919768
1.93900000 -0.00916455
1.94000000 -0.00913155
1.94100000 -0.00909868
1.94200000 -0.00906595
1.94300000 -0.00903335
1.94400000 -0.00900089
1.94500000 -0.00896856
1.94600000 -0.00893637
1.94700000 -0.00890430
1.94800000 -0.00887237
1.94900000 -0.00884057
1.95000000 -0.00880890
1.95100000 -0.00877735
1.95200000 -0.00874594
1.95300000 -0.00871466
1.95400000 -0.00868350
1.95500000 -0.00865247
1.95600000 -0.00862157
1.95700000 -0.00859079
1.95800000 -0.00856014
1.95900000 -0.00852961
1.96000000 -0.00849921
1.96100000 -0.00846893
1.96200000 -0.00843877
1.96300000 -0.00840874
1.96400000 -0.00837883
1.96500000 -0.00834904
1.96600000 -0.00831937
1.96700000 -0.00828982
1.96800000 -0.00826039
1.96900000 -0.00823108
1.97000000 -0.00820189
1.97100000 -0.00817282
1.97200000 -0.00814387
1.97300000 -0.00811503
1.97400000 -0.00808631
1.97500000 -0.00805771
1.97600000 -0.00802922
1.97700000 -0.00800084
1.97800000 -0.00797258
1.97900000 -0.00794444
1.98000000 -0.00791641
1.98100000 -0.00788849
1.98200000 -0.00786068
1.98300000 -0.00783298
1.98400000 -0.00780540
1.98500000 -0.00777793
1.98600000 -0.00775057
1.98700000 -0.00772332
1.98800000 -0.00769617
1.98900000 -0.00766914
1.99000000 -0.00764221
1.99100000 -0.00761540
1.99200000 -0.00758869
1.99300000 -0.00756208
1.99400000 -0.00753559
1.99500000 -0.00750920
1.99600000 -0.00748291
1.99700000 -0.00745673
1.99800000 -0.00743066
1.99900000 -0.00740469
2.00000000 -0.00737882
