0.10000000 209560598744.56774902
0.10100000 184132335366.39562988
0.10200000 161995850692.06015015
0.10300000 142698798163.55554199
0.10400000 125854527845.39321899
0.10500000 111132040647.33346558
0.10600000 98247554394.34390259
0.10700000 86957411187.78511047
0.10800000 77052102883.84672546
0.10900000 68351230260.73623657
0.11000000 60699243189.91794586
0.11100000 53961835182.94152832
0.11200000 48022887112.54589844
0.11300000 42781872559.03478241
0.11400000 38151651801.25443268
0.11500000 34056593515.59191132
0.11600000 30430973220.69295502
0.11700000 27217605779.65403748
0.11800000 24366676146.43401337
0.11900000 21834738264.99834061
0.12000000 19583856799.28429413
0.12100000 17580870354.15587234
0.12200000 15796758177.23816490
0.12300000 14206095119.97513390
0.12400000 12786581974.90274429
0.12500000 11518640270.40077209
0.12600000 10385062256.38864136
0.12700000 9370708206.11034775
0.12800000 8462244333.02308750
0.12900000 7647915613.31092262
0.13000000 6917348643.14778805
0.13100000 6261380370.05527782
0.13200000 5671909139.97925758
0.13300000 5141765013.10820293
0.13400000 4664596736.23804760
0.13500000 4234773129.59259510
0.13600000 3847296961.44353867
0.13700000 3497729653.04008150
0.13800000 3182125386.31559658
0.13900000 2896973383.52932692
0.14000000 2639147296.43222713
0.14100000 2405860786.94158792
0.14200000 2194628505.23831701
0.14300000 2003231777.68195367
0.14400000 1829688408.52794838
0.14500000 1672226078.29673886
0.14600000 1529258889.62445951
0.14700000 1399366670.08416724
0.14800000 1281276692.13443637
0.14900000 1173847514.16225672
0.15000000 1076054684.50535488
0.15100000 986978083.19021106
0.15200000 905790704.61108875
0.15300000 831748709.10510445
0.15400000 764182592.86536503
0.15500000 702489344.32105041
0.15600000 646125471.37990630
0.15700000 594600798.10144353
0.15800000 547472941.72864485
0.15900000 504342391.79386199
0.16000000 464848122.43885821
0.16100000 428663677.32914096
0.16200000 395493673.75374794
0.16300000 365070678.81733507
0.16400000 337152416.16757649
0.16500000 311519266.55769867
0.16600000 287972029.80826145
0.16700000 266329919.47937018
0.16800000 246428764.85967702
0.16900000 228119397.77858981
0.17000000 211266204.30239031
0.17100000 195745823.62642357
0.17200000 181445978.46154663
0.17300000 168264422.96622849
0.17400000 156107995.82449850
0.17500000 144891767.43917406
0.17600000 134538271.42115533
0.17700000 124976811.62802060
0.17800000 116142836.95528519
0.17900000 107977376.92603052
0.18000000 100426531.87192282
0.18100000 93441012.16207662
0.18200000 86975721.52560148
0.18300000 80989380.03760411
0.18400000 75444182.80448170
0.18500000 70305490.79919502
0.18600000 65541550.66671639
0.18700000 61123240.64917196
0.18800000 57023840.07389674
0.18900000 53218820.10970902
0.19000000 49685653.73073258
0.19100000 46403643.03618921
0.19200000 43353762.26150973
0.19300000 40518514.98332534
0.19400000 37881804.17056705
0.19500000 35428813.86793790
0.19600000 33145901.41813270
0.19700000 31020499.23687339
0.19800000 29041025.25143851
0.19900000 27196801.20008710
0.20000000 25477978.06766054
0.20100000 23875468.00263453
0.20200000 22380882.12381760
0.20300000 20986473.68149766
0.20400000 19685086.08878716
0.20500000 18470105.38479557
0.20600000 17335416.73259638
0.20700000 16275364.59221859
0.20800000 15284716.24250165
0.20900000 14358628.35598047
0.21000000 13492616.35834727
0.21100000 12682526.32876884
0.21200000 11924509.21968879
0.21300000 11214997.19495182
0.21400000 10550681.90336823
0.21500000 9928494.52137978
0.21600000 9345587.41346847
0.21700000 8799317.27251865
0.21800000 8287229.61464147
0.21900000 7807044.51412085
0.22000000 7356643.47425527
0.22100000 6934057.33904912
0.22200000 6537455.15904229
0.22300000 6165133.93213600
0.22400000 5815509.14715367
0.22500000 5487106.06412895
0.22600000 5178551.67100202
0.22700000 4888567.26158075
0.22800000 4615961.58433536
0.22900000 4359624.51588545
0.23000000 4118521.21694762
0.23100000 3891686.73207456
0.23200000 3678220.99776508
0.23300000 3477284.22648758
0.23400000 3288092.63686381
0.23500000 3109914.50272773
0.23600000 2942066.49602923
0.23700000 2783910.30061134
0.23800000 2634849.47577259
0.23900000 2494326.55024681
0.24000000 2361820.32880702
0.24100000 2236843.39514051
0.24200000 2118939.79596051
0.24300000 2007682.89252744
0.24400000 1902673.36685821
0.24500000 1803537.37091603
0.24600000 1709924.80800158
0.24700000 1621507.73641884
0.24800000 1537978.88626992
0.24900000 1459050.28095065
0.25000000 1384451.95557702
0.25100000 1313930.76517683
0.25200000 1247249.27603680
0.25300000 1184184.73410503
0.25400000 1124528.10481854
0.25500000 1068083.17915652
0.25600000 1014665.74111685
0.25700000 964102.79217888
0.25800000 916231.82865104
0.25900000 870900.16811191
0.26000000 827964.32143792
0.26100000 787289.40717380
0.26200000 748748.60524397
0.26300000 712222.64722586
0.26400000 677599.34061251
0.26500000 644773.12468120
0.26600000 613644.65576028
0.26700000 584120.41984816
0.26800000 556112.37068753
0.26900000 529537.59153613
0.27000000 504317.97900252
0.27100000 480379.94743327
0.27200000 457654.15244700
0.27300000 436075.23231089
0.27400000 415581.56594919
0.27500000 396115.04645862
0.27600000 377620.86908600
0.27700000 360047.33269691
0.27800000 343345.65383257
0.27900000 327469.79251576
0.28000000 312376.28902500
0.28100000 298024.11091072
0.28200000 284374.50957767
0.28300000 271390.88580440
0.28400000 259038.66361429
0.28500000 247285.17195256
0.28600000 236099.53366132
0.28700000 225452.56127919
0.28800000 215316.65922447
0.28900000 205665.73195037
0.29000000 196475.09768910
0.29100000 187721.40742692
0.29200000 179382.56877680
0.29300000 171437.67443703
0.29400000 163866.93494555
0.29500000 156651.61545859
0.29600000 149773.97630024
0.29700000 143217.21704667
0.29800000 136965.42392370
0.29900000 131003.52031143
0.30000000 125317.22016281
0.30100000 119892.98415578
0.30200000 114717.97841028
0.30300000 109780.03561226
0.30400000 105067.61839721
0.30500000 100569.78485500
0.30600000 96276.15602680
0.30700000 92176.88527319
0.30800000 88262.62939992
0.30900000 84524.52143560
0.31000000 80954.14496155
0.31100000 77543.50990108
0.31200000 74285.02968061
0.31300000 71171.49968118
0.31400000 68196.07690346
0.31500000 65352.26077441
0.31600000 62633.87502836
0.31700000 60035.05059900
0.31800000 57550.20946314
0.31900000 55174.04938050
0.32000000 52901.52947723
0.32100000 50727.85662415
0.32200000 48648.47256363
0.32300000 46659.04174180
0.32400000 44755.43980545
0.32500000 42933.74272551
0.32600000 41190.21651112
0.32700000 39521.30748056
0.32800000 37923.63305746
0.32900000 36393.97306234
0.33000000 34929.26147142
0.33100000 33526.57861651
0.33200000 32183.14380093
0.33300000 30896.30830833
0.33400000 29663.54878219
0.33500000 28482.46095565
0.33600000 27350.75371179
0.33700000 26266.24345639
0.33800000 25226.84878568
0.33900000 24230.58543288
0.34000000 23275.56147818
0.34100000 22359.97280777
0.34200000 21482.09880821
0.34300000 20640.29828346
0.34400000 19833.00558224
0.34500000 19058.72692458
0.34600000 18316.03691659
0.34700000 17603.57524341
0.34800000 16920.04353071
0.34900000 16264.20236575
0.35000000 15634.86846945
0.35100000 15030.91201138
0.35200000 14451.25406017
0.35300000 13894.86416206
0.35400000 13360.75804086
0.35500000 12847.99541296
0.35600000 12355.67791125
0.35700000 11882.94711229
0.35800000 11428.98266139
0.35900000 10993.00049034
0.36000000 10574.25112317
0.36100000 10172.01806516
0.36200000 9785.61627097
0.36300000 9414.39068774
0.36400000 9057.71486929
0.36500000 8714.98965774
0.36600000 8385.64192923
0.36700000 8069.12340030
0.36800000 7764.90949197
0.36900000 7472.49824853
0.37000000 7191.40930828
0.37100000 6921.18292359
0.37200000 6661.37902781
0.37300000 6411.57634669
0.37400000 6171.37155200
0.37500000 5940.37845537
0.37600000 5718.22724022
0.37700000 5504.56372994
0.37800000 5299.04869058
0.37900000 5101.35716618
0.38000000 4911.17784533
0.38100000 4728.21245727
0.38200000 4552.17519613
0.38300000 4382.79217200
0.38400000 4219.80088732
0.38500000 4062.94973766
0.38600000 3911.99753540
0.38700000 3766.71305540
0.38800000 3626.87460151
0.38900000 3492.26959294
0.39000000 3362.69416951
0.39100000 3237.95281496
0.39200000 3117.85799726
0.39300000 3002.22982540
0.39400000 2890.89572153
0.39500000 2783.69010807
0.39600000 2680.45410880
0.39700000 2581.03526339
0.39800000 2485.28725478
0.39900000 2393.06964868
0.40000000 2304.24764478
0.40100000 2218.69183888
0.40200000 2136.27799576
0.40300000 2056.88683199
0.40400000 1980.40380837
0.40500000 1906.71893152
0.40600000 1835.72656420
0.40700000 1767.32524396
0.40800000 1701.41750970
0.40900000 1637.90973584
0.41000000 1576.71197371
0.41100000 1517.73779981
0.41200000 1460.90417065
0.41300000 1406.13128397
0.41400000 1353.34244577
0.41500000 1302.46394326
0.41600000 1253.42492315
0.41700000 1206.15727519
0.41800000 1160.59552072
0.41900000 1116.67670593
0.42000000 1074.34029972
0.42100000 1033.52809588
0.42200000 994.18411940
0.42300000 956.25453677
0.42400000 919.68757006
0.42500000 884.43341463
0.42600000 850.44416028
0.42700000 817.67371569
0.42800000 786.07773613
0.42900000 755.61355402
0.43000000 726.24011254
0.43100000 697.91790192
0.43200000 670.60889836
0.43300000 644.27650557
0.43400000 618.88549860
0.43500000 594.40197011
0.43600000 570.79327877
0.43700000 548.02799979
0.43800000 526.07587751
0.43900000 504.90777990
0.44000000 484.49565495
0.44100000 464.81248876
0.44200000 445.83226544
0.44300000 427.52992854
0.44400000 409.88134412
0.44500000 392.86326523
0.44600000 376.45329790
0.44700000 360.62986846
0.44800000 345.37219217
0.44900000 330.66024308
0.45000000 316.47472519
0.45100000 302.79704466
0.45200000 289.60928316
0.45300000 276.89417230
0.45400000 264.63506905
0.45500000 252.81593213
0.45600000 241.42129938
0.45700000 230.43626594
0.45800000 219.84646337
0.45900000 209.63803953
0.46000000 199.79763929
0.46100000 190.31238596
0.46200000 181.16986349
0.46300000 172.35809930
0.46400000 163.86554786
0.46500000 155.68107481
0.46600000 147.79394179
0.46700000 140.19379178
0.46800000 132.87063508
0.46900000 125.81483575
0.47000000 119.01709863
0.47100000 112.46845684
0.47200000 106.16025975
0.47300000 100.08416143
0.47400000 94.23210952
0.47500000 88.59633454
0.47600000 83.16933959
0.47700000 77.94389046
0.47800000 72.91300612
0.47900000 68.06994950
0.48000000 63.40821876
0.48100000 58.92153871
0.48200000 54.60385273
0.48300000 50.44931484
0.48400000 46.45228218
0.48500000 42.60730770
0.48600000 38.90913319
0.48700000 35.35268247
0.48800000 31.93305495
0.48900000 28.64551933
0.49000000 25.48550764
0.49100000 22.44860934
0.49200000 19.53056583
0.49300000 16.72726502
0.49400000 14.03473615
0.49500000 11.44914482
0.49600000 8.96678816
0.49700000 6.58409021
0.49800000 4.29759744
0.49900000 2.10397450
0.50000000 -0.00000000
0.50100000 -12.83413572
0.50200000 -24.90421718
0.50300000 -36.23900921
0.50400000 -46.86648611
0.50500000 -56.81384760
0.50600000 -66.10753451
0.50700000 -74.77324428
0.50800000 -82.83594620
0.50900000 -90.31989653
0.51000000 -97.24865329
0.51100000 -103.64509096
0.51200000 -109.53141488
0.51300000 -114.92917551
0.51400000 -119.85928247
0.51500000 -124.34201835
0.51600000 -128.39705233
0.51700000 -132.04345365
0.51800000 -135.29970481
0.51900000 -138.18371463
0.52000000 -140.71283106
0.52100000 -142.90385388
0.52200000 -144.77304710
0.52300000 -146.33615128
0.52400000 -147.60839558
0.52500000 -148.60450965
0.52600000 -149.33873536
0.52700000 -149.82483829
0.52800000 -150.07611911
0.52900000 -150.10542468
0.53000000 -149.92515908
0.53100000 -149.54729438
0.53200000 -148.98338129
0.53300000 -148.24455957
0.53400000 -147.34156833
0.53500000 -146.28475610
0.53600000 -145.08409080
0.53700000 -143.74916948
0.53800000 -142.28922789
0.53900000 -140.71314992
0.54000000 -139.02947689
0.54100000 -137.24641658
0.54200000 -135.37185221
0.54300000 -133.41335121
0.54400000 -131.37817380
0.54500000 -129.27328147
0.54600000 -127.10534528
0.54700000 -124.88075399
0.54800000 -122.60562204
0.54900000 -120.28579741
0.55000000 -117.92686930
0.55100000 -115.53417563
0.55200000 -113.11281050
0.55300000 -110.66763137
0.55400000 -108.20326617
0.55500000 -105.72412028
0.55600000 -103.23438332
0.55700000 -100.73803582
0.55800000 -98.23885579
0.55900000 -95.74042504
0.56000000 -93.24613552
0.56100000 -90.75919540
0.56200000 -88.28263506
0.56300000 -85.81931299
0.56400000 -83.37192145
0.56500000 -80.94299214
0.56600000 -78.53490164
0.56700000 -76.14987677
0.56800000 -73.78999979
0.56900000 -71.45721352
0.57000000 -69.15332634
0.57100000 -66.88001699
0.57200000 -64.63883937
0.57300000 -62.43122714
0.57400000 -60.25849822
0.57500000 -58.12185918
0.57600000 -56.02240957
0.57700000 -53.96114601
0.57800000 -51.93896632
0.57900000 -49.95667344
0.58000000 -48.01497928
0.58100000 -46.11450846
0.58200000 -44.25580195
0.58300000 -42.43932060
0.58400000 -40.66544857
0.58500000 -38.93449666
0.58600000 -37.24670557
0.58700000 -35.60224902
0.58800000 -34.00123676
0.58900000 -32.44371761
0.59000000 -30.92968221
0.59100000 -29.45906586
0.59200000 -28.03175119
0.59300000 -26.64757072
0.59400000 -25.30630937
0.59500000 -24.00770692
0.59600000 -22.75146029
0.59700000 -21.53722583
0.59800000 -20.36462148
0.59900000 -19.23322885
0.60000000 -18.14259528
0.60100000 -17.09223573
0.60200000 -16.08163467
0.60300000 -15.11024789
0.60400000 -14.17750418
0.60500000 -13.28280702
0.60600000 -12.42553612
0.60700000 -11.60504899
0.60800000 -10.82068234
0.60900000 -10.07175349
0.61000000 -9.35756167
0.61100000 -8.67738931
0.61200000 -8.03050322
0.61300000 -7.41615575
0.61400000 -6.83358583
0.61500000 -6.28202005
0.61600000 -5.76067362
0.61700000 -5.26875127
0.61800000 -4.80544816
0.61900000 -4.36995065
0.62000000 -3.96143713
0.62100000 -3.57907870
0.62200000 -3.22203989
0.62300000 -2.88947925
0.62400000 -2.58054998
0.62500000 -2.29440048
0.62600000 -2.03017485
0.62700000 -1.78701339
0.62800000 -1.56405301
0.62900000 -1.36042763
0.63000000 -1.17526861
0.63100000 -1.00770502
0.63200000 -0.85686397
0.63300000 -0.72187091
0.63400000 -0.60184985
0.63500000 -0.49592360
0.63600000 -0.40321398
0.63700000 -0.32284197
0.63800000 -0.25392788
0.63900000 -0.19559148
0.64000000 -0.14695212
0.64100000 -0.10712882
0.64200000 -0.07524036
0.64300000 -0.05040533
0.64400000 -0.03174220
0.64500000 -0.01836936
0.64600000 -0.00940512
0.64700000 -0.00396778
0.64800000 -0.00117564
0.64900000 -0.00014696
0.65000000 0.00000000
0.65100000 0.28899982
0.65200000 0.57800136
0.65300000 0.86701316
0.65400000 1.15605744
0.65500000 1.44517683
0.65600000 1.73444107
0.65700000 2.02395360
0.65800000 2.31385799
0.65900000 2.60434427
0.66000000 2.89565501
0.66100000 3.18809124
0.66200000 3.48201811
0.66300000 3.77787026
0.66400000 4.07615690
0.66500000 4.37746651
0.66600000 4.68247120
0.66700000 4.99193056
0.66800000 5.30669502
0.66900000 5.62770865
0.67000000 5.95601127
0.67100000 6.29273983
0.67200000 6.63912893
0.67300000 6.99651031
0.67400000 7.36631122
0.67500000 7.75005154
0.67600000 8.14933931
0.67700000 8.56586465
0.67800000 9.00139170
0.67900000 9.45774838
0.68000000 9.93681371
0.68100000 10.44050235
0.68200000 10.97074612
0.68300000 11.52947214
0.68400000 12.11857735
0.68500000 12.73989907
0.68600000 13.39518141
0.68700000 14.08603734
0.68800000 14.81390626
0.68900000 15.58000722
0.69000000 16.38528775
0.69100000 17.23036874
0.69200000 18.11548596
0.69300000 19.04042884
0.69400000 20.00447769
0.69500000 21.00634077
0.69600000 22.04409281
0.69700000 23.11511706
0.69800000 24.21605334
0.69900000 25.34275463
0.70000000 26.49025514
0.70100000 27.65275296
0.70200000 28.82361023
0.70300000 29.99537388
0.70400000 31.15981941
0.70500000 32.30801990
0.70600000 33.43044141
0.70700000 34.51706531
0.70800000 35.55753658
0.70900000 36.54133607
0.71000000 37.45797333
0.71100000 38.29719501
0.71200000 39.04920295
0.71300000 39.70487461
0.71400000 40.25597811
0.71500000 40.69537352
0.71600000 41.01719231
0.71700000 41.21698740
0.71800000 41.29184730
0.71900000 41.24046946
0.72000000 41.06318957
0.72100000 40.76196580
0.72200000 40.34031897
0.72300000 39.80323166
0.72400000 39.15701111
0.72500000 38.40912225
0.72600000 37.56799803
0.72700000 36.64283522
0.72800000 35.64338330
0.72900000 34.57973441
0.73000000 33.46212096
0.73100000 32.30072707
0.73200000 31.10551827
0.73300000 29.88609308
0.73400000 28.65155838
0.73500000 27.41042969
0.73600000 26.17055596
0.73700000 24.93906798
0.73800000 23.72234847
0.73900000 22.52602178
0.74000000 21.35496036
0.74100000 20.21330540
0.74200000 19.10449895
0.74300000 18.03132468
0.74400000 16.99595501
0.74500000 16.00000239
0.74600000 15.04457269
0.74700000 14.13031928
0.74800000 13.25749635
0.74900000 12.42601041
0.75000000 11.63546928
0.75100000 10.88522794
0.75200000 10.17443084
0.75300000 9.50205059
0.75400000 8.86692278
0.75500000 8.26777710
0.75600000 7.70326486
0.75700000 7.17198300
0.75800000 6.67249491
0.75900000 6.20334827
0.76000000 5.76309010
0.76100000 5.35027942
0.76200000 4.96349762
0.76300000 4.60135695
0.76400000 4.26250717
0.76500000 3.94564083
0.76600000 3.64949711
0.76700000 3.37286465
0.76800000 3.11458336
0.76900000 2.87354544
0.77000000 2.64869574
0.77100000 2.43903157
0.77200000 2.24360201
0.77300000 2.06150695
0.77400000 1.89189573
0.77500000 1.73396564
0.77600000 1.58696023
0.77700000 1.45016750
0.77800000 1.32291801
0.77900000 1.20458295
0.78000000 1.09457220
0.78100000 0.99233237
0.78200000 0.89734491
0.78300000 0.80912421
0.78400000 0.72721575
0.78500000 0.65119436
0.78600000 0.58066250
0.78700000 0.51524861
0.78800000 0.45460553
0.78900000 0.39840903
0.79000000 0.34635634
0.79100000 0.29816486
0.79200000 0.25357083
0.79300000 0.21232811
0.79400000 0.17420710
0.79500000 0.13899362
0.79600000 0.10648788
0.79700000 0.07650359
0.79800000 0.04886702
0.79900000 0.02341617
0.80000000 0.00000000
0.80100000 -0.02152231
0.80200000 -0.04128204
0.80300000 -0.05940159
0.80400000 -0.07599507
0.80500000 -0.09116886
0.80600000 -0.10502211
0.80700000 -0.11764727
0.80800000 -0.12913053
0.80900000 -0.13955223
0.81000000 -0.14898728
0.81100000 -0.15750550
0.81200000 -0.16517198
0.81300000 -0.17204743
0.81400000 -0.17818841
0.81500000 -0.18364769
0.81600000 -0.18847444
0.81700000 -0.19271452
0.81800000 -0.19641068
0.81900000 -0.19960276
0.82000000 -0.20232793
0.82100000 -0.20462083
0.82200000 -0.20651375
0.82300000 -0.20803680
0.82400000 -0.20921805
0.82500000 -0.21008367
0.82600000 -0.21065803
0.82700000 -0.21096388
0.82800000 -0.21102239
0.82900000 -0.21085332
0.83000000 -0.21047507
0.83100000 -0.20990477
0.83200000 -0.20915841
0.83300000 -0.20825086
0.83400000 -0.20719598
0.83500000 -0.20600668
0.83600000 -0.20469498
0.83700000 -0.20327206
0.83800000 -0.20174834
0.83900000 -0.20013350
0.84000000 -0.19843657
0.84100000 -0.19666591
0.84200000 -0.19482934
0.84300000 -0.19293409
0.84400000 -0.19098689
0.84500000 -0.18899400
0.84600000 -0.18696121
0.84700000 -0.18489391
0.84800000 -0.18279711
0.84900000 -0.18067542
0.85000000 -0.17853314
0.85100000 -0.17637423
0.85200000 -0.17420238
0.85300000 -0.17202099
0.85400000 -0.16983318
0.85500000 -0.16764186
0.85600000 -0.16544970
0.85700000 -0.16325915
0.85800000 -0.16107250
0.85900000 -0.15889181
0.86000000 -0.15671899
0.86100000 -0.15455580
0.86200000 -0.15240384
0.86300000 -0.15026457
0.86400000 -0.14813933
0.86500000 -0.14602932
0.86600000 -0.14393565
0.86700000 -0.14185931
0.86800000 -0.13980119
0.86900000 -0.13776212
0.87000000 -0.13574280
0.87100000 -0.13374388
0.87200000 -0.13176593
0.87300000 -0.12980945
0.87400000 -0.12787488
0.87500000 -0.12596260
0.87600000 -0.12407293
0.87700000 -0.12220615
0.87800000 -0.12036248
0.87900000 -0.11854211
0.88000000 -0.11674518
0.88100000 -0.11497179
0.88200000 -0.11322202
0.88300000 -0.11149591
0.88400000 -0.10979345
0.88500000 -0.10811465
0.88600000 -0.10645944
0.88700000 -0.10482778
0.88800000 -0.10321956
0.88900000 -0.10163468
0.89000000 -0.10007303
0.89100000 -0.09853445
0.89200000 -0.09701879
0.89300000 -0.09552589
0.89400000 -0.09405556
0.89500000 -0.09260762
0.89600000 -0.09118185
0.89700000 -0.08977805
0.89800000 -0.08839599
0.89900000 -0.08703546
0.90000000 -0.08569622
0.90100000 -0.08437803
0.90200000 -0.08308064
0.90300000 -0.08180382
0.90400000 -0.08054730
0.90500000 -0.07931084
0.90600000 -0.07809418
0.90700000 -0.07689705
0.90800000 -0.07571921
0.90900000 -0.07456038
0.91000000 -0.07342030
0.91100000 -0.07229872
0.91200000 -0.07119537
0.91300000 -0.07010999
0.91400000 -0.06904231
0.91500000 -0.06799207
0.91600000 -0.06695902
0.91700000 -0.06594289
0.91800000 -0.06494343
0.91900000 -0.06396038
0.92000000 -0.06299348
0.92100000 -0.06204249
0.92200000 -0.06110715
0.92300000 -0.06018721
0.92400000 -0.05928244
0.92500000 -0.05839258
0.92600000 -0.05751740
0.92700000 -0.05665665
0.92800000 -0.05581010
0.92900000 -0.05497752
0.93000000 -0.05415868
0.93100000 -0.05335335
0.93200000 -0.05256130
0.93300000 -0.05178232
0.93400000 -0.05101618
0.93500000 -0.05026267
0.93600000 -0.04952158
0.93700000 -0.04879269
0.93800000 -0.04807580
0.93900000 -0.04737070
0.94000000 -0.04667720
0.94100000 -0.04599510
0.94200000 -0.04532419
0.94300000 -0.04466430
0.94400000 -0.04401522
0.94500000 -0.04337678
0.94600000 -0.04274878
0.94700000 -0.04213106
0.94800000 -0.04152343
0.94900000 -0.04092571
0.95000000 -0.04033774
0.95100000 -0.03975935
0.95200000 -0.03919037
0.95300000 -0.03863064
0.95400000 -0.03807999
0.95500000 -0.03753827
0.95600000 -0.03700532
0.95700000 -0.03648099
0.95800000 -0.03596513
0.95900000 -0.03545760
0.96000000 -0.03495824
0.96100000 -0.03446692
0.96200000 -0.03398349
0.96300000 -0.03350782
0.96400000 -0.03303978
0.96500000 -0.03257922
0.96600000 -0.03212602
0.96700000 -0.03168005
0.96800000 -0.03124119
0.96900000 -0.03080931
0.97000000 -0.03038429
0.97100000 -0.02996601
0.97200000 -0.02955435
0.97300000 -0.02914920
0.97400000 -0.02875044
0.97500000 -0.02835798
0.97600000 -0.02797168
0.97700000 -0.02759146
0.97800000 -0.02721719
0.97900000 -0.02684879
0.98000000 -0.02648615
0.98100000 -0.02612916
0.98200000 -0.02577774
0.98300000 -0.02543178
0.98400000 -0.02509120
0.98500000 -0.02475589
0.98600000 -0.02442577
0.98700000 -0.02410076
0.98800000 -0.02378075
0.98900000 -0.02346567
0.99000000 -0.02315543
0.99100000 -0.02284995
0.99200000 -0.02254914
0.99300000 -0.02225293
0.99400000 -0.02196125
0.99500000 -0.02167400
0.99600000 -0.02139112
0.99700000 -0.02111253
0.99800000 -0.02083817
0.99900000 -0.02056795
1.00000000 -0.02030180
1.00100000 -0.02003967
1.00200000 -0.01978148
1.00300000 -0.01952716
1.00400000 -0.01927666
1.00500000 -0.01902989
1.00600000 -0.01878682
1.00700000 -0.01854736
1.00800000 -0.01831146
1.00900000 -0.01807906
1.01000000 -0.01785011
1.01100000 -0.01762454
1.01200000 -0.01740230
1.01300000 -0.01718333
1.01400000 -0.01696758
1.01500000 -0.01675500
1.01600000 -0.01654553
1.01700000 -0.01633913
1.01800000 -0.01613573
1.01900000 -0.01593530
1.02000000 -0.01573778
1.02100000 -0.01554312
1.02200000 -0.01535128
1.02300000 -0.01516222
1.02400000 -0.01497588
1.02500000 -0.01479222
1.02600000 -0.01461121
1.02700000 -0.01443279
1.02800000 -0.01425692
1.02900000 -0.01408356
1.03000000 -0.01391268
1.03100000 -0.01374423
1.03200000 -0.01357817
1.03300000 -0.01341447
1.03400000 -0.01325308
1.03500000 -0.01309397
1.03600000 -0.01293710
1.03700000 -0.01278244
1.03800000 -0.01262995
1.03900000 -0.01247959
1.04000000 -0.01233134
1.04100000 -0.01218516
1.04200000 -0.01204101
1.04300000 -0.01189887
1.04400000 -0.01175870
1.04500000 -0.01162048
1.04600000 -0.01148416
1.04700000 -0.01134972
1.04800000 -0.01121714
1.04900000 -0.01108638
1.05000000 -0.01095741
1.05100000 -0.01083020
1.05200000 -0.01070474
1.05300000 -0.01058098
1.05400000 -0.01045891
1.05500000 -0.01033850
1.05600000 -0.01021972
1.05700000 -0.01010255
1.05800000 -0.00998696
1.05900000 -0.00987293
1.06000000 -0.00976043
1.06100000 -0.00964944
1.06200000 -0.00953994
1.06300000 -0.00943191
1.06400000 -0.00932531
1.06500000 -0.00922014
1.06600000 -0.00911637
1.06700000 -0.00901397
1.06800000 -0.00891293
1.06900000 -0.00881323
1.07000000 -0.00871484
1.07100000 -0.00861775
1.07200000 -0.00852194
1.07300000 -0.00842738
1.07400000 -0.00833406
1.07500000 -0.00824196
1.07600000 -0.00815106
1.07700000 -0.00806134
1.07800000 -0.00797280
1.07900000 -0.00788540
1.08000000 -0.00779913
1.08100000 -0.00771397
1.08200000 -0.00762992
1.08300000 -0.00754695
1.08400000 -0.00746504
1.08500000 -0.00738418
1.08600000 -0.00730436
1.08700000 -0.00722556
1.08800000 -0.00714776
1.08900000 -0.00707095
1.09000000 -0.00699512
1.09100000 -0.00692025
1.09200000 -0.00684633
1.09300000 -0.00677334
1.09400000 -0.00670128
1.09500000 -0.00663012
1.09600000 -0.00655985
1.09700000 -0.00649046
1.09800000 -0.00642194
1.09900000 -0.00635428
1.10000000 -0.00628746
1.10100000 -0.00622148
1.10200000 -0.00615631
1.10300000 -0.00609195
1.10400000 -0.00602839
1.10500000 -0.00596561
1.10600000 -0.00590361
1.10700000 -0.00584236
1.10800000 -0.00578188
1.10900000 -0.00572213
1.11000000 -0.00566311
1.11100000 -0.00560482
1.11200000 -0.00554723
1.11300000 -0.00549035
1.11400000 -0.00543416
1.11500000 -0.00537865
1.11600000 -0.00532381
1.11700000 -0.00526963
1.11800000 -0.00521611
1.11900000 -0.00516323
1.12000000 -0.00511098
1.12100000 -0.00505937
1.12200000 -0.00500837
1.12300000 -0.00495798
1.12400000 -0.00490819
1.12500000 -0.00485899
1.12600000 -0.00481038
1.12700000 -0.00476234
1.12800000 -0.00471488
1.12900000 -0.00466797
1.13000000 -0.00462162
1.13100000 -0.00457581
1.13200000 -0.00453055
1.13300000 -0.00448581
1.13400000 -0.00444160
1.13500000 -0.00439790
1.13600000 -0.00435471
1.13700000 -0.00431203
1.13800000 -0.00426985
1.13900000 -0.00422815
1.14000000 -0.00418694
1.14100000 -0.00414620
1.14200000 -0.00410593
1.14300000 -0.00406613
1.14400000 -0.00402679
1.14500000 -0.00398789
1.14600000 -0.00394945
1.14700000 -0.00391144
1.14800000 -0.00387387
1.14900000 -0.00383673
1.15000000 -0.00380000
1.15100000 -0.00376370
1.15200000 -0.00372781
1.15300000 -0.00369232
1.15400000 -0.00365724
1.15500000 -0.00362255
1.15600000 -0.00358825
1.15700000 -0.00355434
1.15800000 -0.00352081
1.15900000 -0.00348765
1.16000000 -0.00345487
1.16100000 -0.00342245
1.16200000 -0.00339039
1.16300000 -0.00335869
1.16400000 -0.00332735
1.16500000 -0.00329634
1.16600000 -0.00326569
1.16700000 -0.00323537
1.16800000 -0.00320538
1.16900000 -0.00317573
1.17000000 -0.00314640
1.17100000 -0.00311740
1.17200000 -0.00308871
1.17300000 -0.00306033
1.17400000 -0.00303227
1.17500000 -0.00300451
1.17600000 -0.00297705
1.17700000 -0.00294990
1.17800000 -0.00292303
1.17900000 -0.00289646
1.18000000 -0.00287017
1.18100000 -0.00284417
1.18200000 -0.00281845
1.18300000 -0.00279300
1.18400000 -0.00276783
1.18500000 -0.00274293
1.18600000 -0.00271829
1.18700000 -0.00269392
1.18800000 -0.00266981
1.18900000 -0.00264595
1.19000000 -0.00262235
1.19100000 -0.00259900
1.19200000 -0.00257589
1.19300000 -0.00255303
1.19400000 -0.00253041
1.19500000 -0.00250803
1.19600000 -0.00248589
1.19700000 -0.00246397
1.19800000 -0.00244229
1.19900000 -0.00242083
1.20000000 -0.00239960
1.20100000 -0.00237859
1.20200000 -0.00235780
1.20300000 -0.00233723
1.20400000 -0.00231687
1.20500000 -0.00229672
1.20600000 -0.00227677
1.20700000 -0.00225704
1.20800000 -0.00223751
1.20900000 -0.00221818
1.21000000 -0.00219904
1.21100000 -0.00218011
1.21200000 -0.00216137
1.21300000 -0.00214282
1.21400000 -0.00212446
1.21500000 -0.00210628
1.21600000 -0.00208830
1.21700000 -0.00207049
1.21800000 -0.00205287
1.21900000 -0.00203542
1.22000000 -0.00201815
1.22100000 -0.00200106
1.22200000 -0.00198414
1.22300000 -0.00196738
1.22400000 -0.00195080
1.22500000 -0.00193438
1.22600000 -0.00191813
1.22700000 -0.00190204
1.22800000 -0.00188611
1.22900000 -0.00187034
1.23000000 -0.00185473
1.23100000 -0.00183927
1.23200000 -0.00182397
1.23300000 -0.00180881
1.23400000 -0.00179381
1.23500000 -0.00177896
1.23600000 -0.00176425
1.23700000 -0.00174969
1.23800000 -0.00173527
1.23900000 -0.00172099
1.24000000 -0.00170685
1.24100000 -0.00169285
1.24200000 -0.00167899
1.24300000 -0.00166526
1.24400000 -0.00165166
1.24500000 -0.00163820
1.24600000 -0.00162487
1.24700000 -0.00161167
1.24800000 -0.00159859
1.24900000 -0.00158565
1.25000000 -0.00157282
1.25100000 -0.00156012
1.25200000 -0.00154755
1.25300000 -0.00153509
1.25400000 -0.00152275
1.25500000 -0.00151054
1.25600000 -0.00149843
1.25700000 -0.00148645
1.25800000 -0.00147458
1.25900000 -0.00146282
1.26000000 -0.00145117
1.26100000 -0.00143963
1.26200000 -0.00142821
1.26300000 -0.00141689
1.26400000 -0.00140567
1.26500000 -0.00139457
1.26600000 -0.00138357
1.26700000 -0.00137267
1.26800000 -0.00136187
1.26900000 -0.00135118
1.27000000 -0.00134058
1.27100000 -0.00133009
1.27200000 -0.00131969
1.27300000 -0.00130939
1.27400000 -0.00129918
1.27500000 -0.00128907
1.27600000 -0.00127906
1.27700000 -0.00126913
1.27800000 -0.00125930
1.27900000 -0.00124956
1.28000000 -0.00123991
1.28100000 -0.00123035
1.28200000 -0.00122087
1.28300000 -0.00121149
1.28400000 -0.00120219
1.28500000 -0.00119297
1.28600000 -0.00118384
1.28700000 -0.00117479
1.28800000 -0.00116582
1.28900000 -0.00115694
1.29000000 -0.00114814
1.29100000 -0.00113941
1.29200000 -0.00113077
1.29300000 -0.00112220
1.29400000 -0.00111371
1.29500000 -0.00110530
1.29600000 -0.00109696
1.29700000 -0.00108870
1.29800000 -0.00108052
1.29900000 -0.00107240
1.30000000 -0.00106436
1.30100000 -0.00105639
1.30200000 -0.00104849
1.30300000 -0.00104067
1.30400000 -0.00103291
1.30500000 -0.00102522
1.30600000 -0.00101760
1.30700000 -0.00101005
1.30800000 -0.00100256
1.30900000 -0.00099514
1.31000000 -0.00098779
1.31100000 -0.00098050
1.31200000 -0.00097327
1.31300000 -0.00096611
1.31400000 -0.00095901
1.31500000 -0.00095197
1.31600000 -0.00094500
1.31700000 -0.00093808
1.31800000 -0.00093123
1.31900000 -0.00092444
1.32000000 -0.00091770
1.32100000 -0.00091103
1.32200000 -0.00090441
1.32300000 -0.00089785
1.32400000 -0.00089134
1.32500000 -0.00088489
1.32600000 -0.00087850
1.32700000 -0.00087216
1.32800000 -0.00086588
1.32900000 -0.00085965
1.33000000 -0.00085348
1.33100000 -0.00084736
1.33200000 -0.00084129
1.33300000 -0.00083527
1.33400000 -0.00082930
1.33500000 -0.00082339
1.33600000 -0.00081752
1.33700000 -0.00081171
1.33800000 -0.00080594
1.33900000 -0.00080022
1.34000000 -0.00079456
1.34100000 -0.00078893
1.34200000 -0.00078336
1.34300000 -0.00077784
1.34400000 -0.00077236
1.34500000 -0.00076692
1.34600000 -0.00076153
1.34700000 -0.00075619
1.34800000 -0.00075089
1.34900000 -0.00074564
1.35000000 -0.00074043
1.35100000 -0.00073526
1.35200000 -0.00073014
1.35300000 -0.00072506
1.35400000 -0.00072002
1.35500000 -0.00071502
1.35600000 -0.00071007
1.35700000 -0.00070515
1.35800000 -0.00070028
1.35900000 -0.00069545
1.36000000 -0.00069065
1.36100000 -0.00068590
1.36200000 -0.00068118
1.36300000 -0.00067651
1.36400000 -0.00067187
1.36500000 -0.00066727
1.36600000 -0.00066271
1.36700000 -0.00065818
1.36800000 -0.00065369
1.36900000 -0.00064924
1.37000000 -0.00064483
1.37100000 -0.00064045
1.37200000 -0.00063610
1.37300000 -0.00063179
1.37400000 -0.00062752
1.37500000 -0.00062328
1.37600000 -0.00061908
1.37700000 -0.00061490
1.37800000 -0.00061077
1.37900000 -0.00060666
1.38000000 -0.00060259
1.38100000 -0.00059855
1.38200000 -0.00059454
1.38300000 -0.00059057
1.38400000 -0.00058663
1.38500000 -0.00058272
1.38600000 -0.00057884
1.38700000 -0.00057499
1.38800000 -0.00057117
1.38900000 -0.00056738
1.39000000 -0.00056362
1.39100000 -0.00055989
1.39200000 -0.00055619
1.39300000 -0.00055252
1.39400000 -0.00054888
1.39500000 -0.00054527
1.39600000 -0.00054168
1.39700000 -0.00053813
1.39800000 -0.00053460
1.39900000 -0.00053110
1.40000000 -0.00052763
1.40100000 -0.00052418
1.40200000 -0.00052076
1.40300000 -0.00051737
1.40400000 -0.00051400
1.40500000 -0.00051066
1.40600000 -0.00050735
1.40700000 -0.00050406
1.40800000 -0.00050080
1.40900000 -0.00049756
1.41000000 -0.00049435
1.41100000 -0.00049116
1.41200000 -0.00048800
1.41300000 -0.00048486
1.41400000 -0.00048174
1.41500000 -0.00047865
1.41600000 -0.00047559
1.41700000 -0.00047254
1.41800000 -0.00046952
1.41900000 -0.00046652
1.42000000 -0.00046355
1.42100000 -0.00046060
1.42200000 -0.00045767
1.42300000 -0.00045476
1.42400000 -0.00045188
1.42500000 -0.00044901
1.42600000 -0.00044617
1.42700000 -0.00044335
1.42800000 -0.00044055
1.42900000 -0.00043778
1.43000000 -0.00043502
1.43100000 -0.00043228
1.43200000 -0.00042957
1.43300000 -0.00042687
1.43400000 -0.00042420
1.43500000 -0.00042154
1.43600000 -0.00041891
1.43700000 -0.00041629
1.43800000 -0.00041370
1.43900000 -0.00041112
1.44000000 -0.00040857
1.44100000 -0.00040603
1.44200000 -0.00040351
1.44300000 -0.00040101
1.44400000 -0.00039853
1.44500000 -0.00039606
1.44600000 -0.00039362
1.44700000 -0.00039119
1.44800000 -0.00038878
1.44900000 -0.00038639
1.45000000 -0.00038401
1.45100000 -0.00038166
1.45200000 -0.00037932
1.45300000 -0.00037699
1.45400000 -0.00037469
1.45500000 -0.00037240
1.45600000 -0.00037013
1.45700000 -0.00036787
1.45800000 -0.00036564
1.45900000 -0.00036341
1.46000000 -0.00036121
1.46100000 -0.00035902
1.46200000 -0.00035684
1.46300000 -0.00035468
1.46400000 -0.00035254
1.46500000 -0.00035041
1.46600000 -0.00034830
1.46700000 -0.00034620
1.46800000 -0.00034412
1.46900000 -0.00034205
1.47000000 -0.00034000
1.47100000 -0.00033796
1.47200000 -0.00033594
1.47300000 -0.00033393
1.47400000 -0.00033194
1.47500000 -0.00032996
1.47600000 -0.00032799
1.47700000 -0.00032604
1.47800000 -0.00032410
1.47900000 -0.00032218
1.48000000 -0.00032027
1.48100000 -0.00031837
1.48200000 -0.00031649
1.48300000 -0.00031462
1.48400000 -0.00031276
1.48500000 -0.00031092
1.48600000 -0.00030909
1.48700000 -0.00030727
1.48800000 -0.00030547
1.48900000 -0.00030367
1.49000000 -0.00030189
1.49100000 -0.00030013
1.49200000 -0.00029837
1.49300000 -0.00029663
1.49400000 -0.00029490
1.49500000 -0.00029318
1.49600000 -0.00029147
1.49700000 -0.00028978
1.49800000 -0.00028810
1.49900000 -0.00028642
1.50000000 -0.00028477
1.50100000 -0.00028312
1.50200000 -0.00028148
1.50300000 -0.00027986
1.50400000 -0.00027824
1.50500000 -0.00027664
1.50600000 -0.00027505
1.50700000 -0.00027347
1.50800000 -0.00027190
1.50900000 -0.00027034
1.51000000 -0.00026879
1.51100000 -0.00026725
1.51200000 -0.00026572
1.51300000 -0.00026420
1.51400000 -0.00026270
1.51500000 -0.00026120
1.51600000 -0.00025972
1.51700000 -0.00025824
1.51800000 -0.00025677
1.51900000 -0.00025532
1.52000000 -0.00025387
1.52100000 -0.00025243
1.52200000 -0.00025101
1.52300000 -0.00024959
1.52400000 -0.00024818
1.52500000 -0.00024679
1.52600000 -0.00024540
1.52700000 -0.00024402
1.52800000 -0.00024265
1.52900000 -0.00024129
1.53000000 -0.00023993
1.53100000 -0.00023859
1.53200000 -0.00023726
1.53300000 -0.00023593
1.53400000 -0.00023462
1.53500000 -0.00023331
1.53600000 -0.00023201
1.53700000 -0.00023072
1.53800000 -0.00022944
1.53900000 -0.00022817
1.54000000 -0.00022690
1.54100000 -0.00022565
1.54200000 -0.00022440
1.54300000 -0.00022316
1.54400000 -0.00022193
1.54500000 -0.00022071
1.54600000 -0.00021949
1.54700000 -0.00021829
1.54800000 -0.00021709
1.54900000 -0.00021590
1.55000000 -0.00021471
1.55100000 -0.00021354
1.55200000 -0.00021237
1.55300000 -0.00021121
1.55400000 -0.00021006
1.55500000 -0.00020891
1.55600000 -0.00020777
1.55700000 -0.00020664
1.55800000 -0.00020552
1.55900000 -0.00020441
1.56000000 -0.00020330
1.56100000 -0.00020220
1.56200000 -0.00020110
1.56300000 -0.00020002
1.56400000 -0.00019894
1.56500000 -0.00019786
1.56600000 -0.00019680
1.56700000 -0.00019574
1.56800000 -0.00019469
1.56900000 -0.00019364
1.57000000 -0.00019260
1.57100000 -0.00019157
1.57200000 -0.00019054
1.57300000 -0.00018953
1.57400000 -0.00018851
1.57500000 -0.00018751
1.57600000 -0.00018651
1.57700000 -0.00018551
1.57800000 -0.00018453
1.57900000 -0.00018355
1.58000000 -0.00018257
1.58100000 -0.00018160
1.58200000 -0.00018064
1.58300000 -0.00017969
1.58400000 -0.00017874
1.58500000 -0.00017779
1.58600000 -0.00017686
1.58700000 -0.00017592
1.58800000 -0.00017500
1.58900000 -0.00017408
1.59000000 -0.00017316
1.59100000 -0.00017225
1.59200000 -0.00017135
1.59300000 -0.00017045
1.59400000 -0.00016956
1.59500000 -0.00016868
1.59600000 -0.00016780
1.59700000 -0.00016692
1.59800000 -0.00016605
1.59900000 -0.00016519
1.60000000 -0.00016433
1.60100000 -0.00016347
1.60200000 -0.00016263
1.60300000 -0.00016178
1.60400000 -0.00016095
1.60500000 -0.00016011
1.60600000 -0.00015929
1.60700000 -0.00015846
1.60800000 -0.00015765
1.60900000 -0.00015683
1.61000000 -0.00015603
1.61100000 -0.00015523
1.61200000 -0.00015443
1.61300000 -0.00015364
1.61400000 -0.00015285
1.61500000 -0.00015207
1.61600000 -0.00015129
1.61700000 -0.00015051
1.61800000 -0.00014975
1.61900000 -0.00014898
1.62000000 -0.00014822
1.62100000 -0.00014747
1.62200000 -0.00014672
1.62300000 -0.00014597
1.62400000 -0.00014523
1.62500000 -0.00014450
1.62600000 -0.00014377
1.62700000 -0.00014304
1.62800000 -0.00014232
1.62900000 -0.00014160
1.63000000 -0.00014088
1.63100000 -0.00014017
1.63200000 -0.00013947
1.63300000 -0.00013877
1.63400000 -0.00013807
1.63500000 -0.00013738
1.63600000 -0.00013669
1.63700000 -0.00013600
1.63800000 -0.00013532
1.63900000 -0.00013465
1.64000000 -0.00013397
1.64100000 -0.00013331
1.64200000 -0.00013264
1.64300000 -0.00013198
1.64400000 -0.00013132
1.64500000 -0.00013067
1.64600000 -0.00013002
1.64700000 -0.00012938
1.64800000 -0.00012874
1.64900000 -0.00012810
1.65000000 -0.00012747
1.65100000 -0.00012684
1.65200000 -0.00012621
1.65300000 -0.00012559
1.65400000 -0.00012497
1.65500000 -0.00012436
1.65600000 -0.00012374
1.65700000 -0.00012314
1.65800000 -0.00012253
1.65900000 -0.00012193
1.66000000 -0.00012134
1.66100000 -0.00012074
1.66200000 -0.00012015
1.66300000 -0.00011957
1.66400000 -0.00011898
1.66500000 -0.00011840
1.66600000 -0.00011783
1.66700000 -0.00011725
1.66800000 -0.00011668
1.66900000 -0.00011612
1.67000000 -0.00011555
1.67100000 -0.00011499
1.67200000 -0.00011444
1.67300000 -0.00011388
1.67400000 -0.00011333
1.67500000 -0.00011279
1.67600000 -0.00011224
1.67700000 -0.00011170
1.67800000 -0.00011116
1.67900000 -0.00011063
1.68000000 -0.00011010
1.68100000 -0.00010957
1.68200000 -0.00010904
1.68300000 -0.00010852
1.68400000 -0.00010800
1.68500000 -0.00010749
1.68600000 -0.00010697
1.68700000 -0.00010646
1.68800000 -0.00010596
1.68900000 -0.00010545
1.69000000 -0.00010495
1.69100000 -0.00010445
1.69200000 -0.00010395
1.69300000 -0.00010346
1.69400000 -0.00010297
1.69500000 -0.00010248
1.69600000 -0.00010200
1.69700000 -0.00010152
1.69800000 -0.00010104
1.69900000 -0.00010056
1.70000000 -0.00010009
1.70100000 -0.00009961
1.70200000 -0.00009915
1.70300000 -0.00009868
1.70400000 -0.00009822
1.70500000 -0.00009776
1.70600000 -0.00009730
1.70700000 -0.00009684
1.70800000 -0.00009639
1.70900000 -0.00009594
1.71000000 -0.00009549
1.71100000 -0.00009504
1.71200000 -0.00009460
1.71300000 -0.00009416
1.71400000 -0.00009372
1.71500000 -0.00009329
1.71600000 -0.00009285
1.71700000 -0.00009242
1.71800000 -0.00009199
1.71900000 -0.00009157
1.72000000 -0.00009114
1.72100000 -0.00009072
1.72200000 -0.00009030
1.72300000 -0.00008989
1.72400000 -0.00008947
1.72500000 -0.00008906
1.72600000 -0.00008865
1.72700000 -0.00008824
1.72800000 -0.00008784
1.72900000 -0.00008744
1.73000000 -0.00008703
1.73100000 -0.00008664
1.73200000 -0.00008624
1.73300000 -0.00008584
1.73400000 -0.00008545
1.73500000 -0.00008506
1.73600000 -0.00008467
1.73700000 -0.00008429
1.73800000 -0.00008391
1.73900000 -0.00008352
1.74000000 -0.00008314
1.74100000 -0.00008277
1.74200000 -0.00008239
1.74300000 -0.00008202
1.74400000 -0.00008165
1.74500000 -0.00008128
1.74600000 -0.00008091
1.74700000 -0.00008054
1.74800000 -0.00008018
1.74900000 -0.00007982
1.75000000 -0.00007946
1.75100000 -0.00007910
1.75200000 -0.00007875
1.75300000 -0.00007839
1.75400000 -0.00007804
1.75500000 -0.00007769
1.75600000 -0.00007734
1.75700000 -0.00007700
1.75800000 -0.00007665
1.75900000 -0.00007631
1.76000000 -0.00007597
1.76100000 -0.00007563
1.76200000 -0.00007529
1.76300000 -0.00007496
1.76400000 -0.00007463
1.76500000 -0.00007429
1.76600000 -0.00007396
1.76700000 -0.00007364
1.76800000 -0.00007331
1.76900000 -0.00007299
1.77000000 -0.00007266
1.77100000 -0.00007234
1.77200000 -0.00007202
1.77300000 -0.00007170
1.77400000 -0.00007139
1.77500000 -0.00007107
1.77600000 -0.00007076
1.77700000 -0.00007045
1.77800000 -0.00007014
1.77900000 -0.00006983
1.78000000 -0.00006953
1.78100000 -0.00006922
1.78200000 -0.00006892
1.78300000 -0.00006862
1.78400000 -0.00006832
1.78500000 -0.00006802
1.78600000 -0.00006772
1.78700000 -0.00006743
1.78800000 -0.00006713
1.78900000 -0.00006684
1.79000000 -0.00006655
1.79100000 -0.00006626
1.79200000 -0.00006597
1.79300000 -0.00006569
1.79400000 -0.00006540
1.79500000 -0.00006512
1.79600000 -0.00006484
1.79700000 -0.00006456
1.79800000 -0.00006428
1.79900000 -0.00006400
1.80000000 -0.00006373
1.80100000 -0.00006345
1.80200000 -0.00006318
1.80300000 -0.00006291
1.80400000 -0.00006264
1.80500000 -0.00006237
1.80600000 -0.00006210
1.80700000 -0.00006183
1.80800000 -0.00006157
1.80900000 -0.00006131
1.81000000 -0.00006104
1.81100000 -0.00006078
1.81200000 -0.00006052
1.81300000 -0.00006027
1.81400000 -0.00006001
1.81500000 -0.00005975
1.81600000 -0.00005950
1.81700000 -0.00005925
1.81800000 -0.00005900
1.81900000 -0.00005875
1.82000000 -0.00005850
1.82100000 -0.00005825
1.82200000 -0.00005800
1.82300000 -0.00005776
1.82400000 -0.00005751
1.82500000 -0.00005727
1.82600000 -0.00005703
1.82700000 -0.00005679
1.82800000 -0.00005655
1.82900000 -0.00005631
1.83000000 -0.00005607
1.83100000 -0.00005584
1.83200000 -0.00005561
1.83300000 -0.00005537
1.83400000 -0.00005514
1.83500000 -0.00005491
1.83600000 -0.00005468
1.83700000 -0.00005445
1.83800000 -0.00005422
1.83900000 -0.00005400
1.84000000 -0.00005377
1.84100000 -0.00005355
1.84200000 -0.00005333
1.84300000 -0.00005310
1.84400000 -0.00005288
1.84500000 -0.00005266
1.84600000 -0.00005245
1.84700000 -0.00005223
1.84800000 -0.00005201
1.84900000 -0.00005180
1.85000000 -0.00005158
1.85100000 -0.00005137
1.85200000 -0.00005116
1.85300000 -0.00005095
1.85400000 -0.00005074
1.85500000 -0.00005053
1.85600000 -0.00005032
1.85700000 -0.00005011
1.85800000 -0.00004991
1.85900000 -0.00004970
1.86000000 -0.00004950
1.86100000 -0.00004930
1.86200000 -0.00004909
1.86300000 -0.00004889
1.86400000 -0.00004869
1.86500000 -0.00004850
1.86600000 -0.00004830
1.86700000 -0.00004810
1.86800000 -0.00004790
1.86900000 -0.00004771
1.87000000 -0.00004752
1.87100000 -0.00004732
1.87200000 -0.00004713
1.87300000 -0.00004694
1.87400000 -0.00004675
1.87500000 -0.00004656
1.87600000 -0.00004637
1.87700000 -0.00004618
1.87800000 -0.00004600
1.87900000 -0.00004581
1.88000000 -0.00004563
1.88100000 -0.00004544
1.88200000 -0.00004526
1.88300000 -0.00004508
1.88400000 -0.00004490
1.88500000 -0.00004472
1.88600000 -0.00004454
1.88700000 -0.00004436
1.88800000 -0.00004418
1.88900000 -0.00004400
1.89000000 -0.00004383
1.89100000 -0.00004365
1.89200000 -0.00004348
1.89300000 -0.00004330
1.89400000 -0.00004313
1.89500000 -0.00004296
1.89600000 -0.00004279
1.89700000 -0.00004262
1.89800000 -0.00004245
1.89900000 -0.00004228
1.90000000 -0.00004211
1.90100000 -0.00004194
1.90200000 -0.00004178
1.90300000 -0.00004161
1.90400000 -0.00004145
1.90500000 -0.00004128
1.90600000 -0.00004112
1.90700000 -0.00004096
1.90800000 -0.00004080
1.90900000 -0.00004064
1.91000000 -0.00004048
1.91100000 -0.00004032
1.91200000 -0.00004016
1.91300000 -0.00004000
1.91400000 -0.00003984
1.91500000 -0.00003969
1.91600000 -0.00003953
1.91700000 -0.00003938
1.91800000 -0.00003922
1.91900000 -0.00003907
1.92000000 -0.00003892
1.92100000 -0.00003876
1.92200000 -0.00003861
1.92300000 -0.00003846
1.92400000 -0.00003831
1.92500000 -0.00003816
1.92600000 -0.00003801
1.92700000 -0.00003787
1.92800000 -0.00003772
1.92900000 -0.00003757
1.93000000 -0.00003743
1.93100000 -0.00003728
1.93200000 -0.00003714
1.93300000 -0.00003699
1.93400000 -0.00003685
1.93500000 -0.00003671
1.93600000 -0.00003657
1.93700000 -0.00003643
1.93800000 -0.00003629
1.93900000 -0.00003615
1.94000000 -0.00003601
1.94100000 -0.00003587
1.94200000 -0.00003573
1.94300000 -0.00003559
1.94400000 -0.00003546
1.94500000 -0.00003532
1.94600000 -0.00003519
1.94700000 -0.00003505
1.94800000 -0.00003492
1.94900000 -0.00003478
1.95000000 -0.00003465
1.95100000 -0.00003452
1.95200000 -0.00003439
1.95300000 -0.00003426
1.95400000 -0.00003412
1.95500000 -0.00003399
1.95600000 -0.00003387
1.95700000 -0.00003374
1.95800000 -0.00003361
1.95900000 -0.00003348
1.96000000 -0.00003335
1.96100000 -0.00003323
1.96200000 -0.00003310
1.96300000 -0.00003298
1.96400000 -0.00003285
1.96500000 -0.00003273
1.96600000 -0.00003260
1.96700000 -0.00003248
1.96800000 -0.00003236
1.96900000 -0.00003224
1.97000000 -0.00003212
1.97100000 -0.00003200
1.97200000 -0.00003188
1.97300000 -0.00003176
1.97400000 -0.00003164
1.97500000 -0.00003152
1.97600000 -0.00003140
1.97700000 -0.00003128
1.97800000 -0.00003117
1.97900000 -0.00003105
1.98000000 -0.00003093
1.98100000 -0.00003082
1.98200000 -0.00003070
1.98300000 -0.00003059
1.98400000 -0.00003047
1.98500000 -0.00003036
1.98600000 -0.00003025
1.98700000 -0.00003014
1.98800000 -0.00003002
1.98900000 -0.00002991
1.99000000 -0.00002980
1.99100000 -0.00002969
1.99200000 -0.00002958
1.99300000 -0.00002947
1.99400000 -0.00002936
1.99500000 -0.00002925
1.99600000 -0.00002915
1.99700000 -0.00002904
1.99800000 -0.00002893
1.99900000 -0.00002883
2.00000000 -0.00002872
