0.10000000 139707065829.71182251
0.10100000 122754890244.26376343
0.10200000 107997233794.70677185
0.10300000 95132532109.03703308
0.10400000 83903018563.59548950
0.10500000 74088027098.22232056
0.10600000 65498369596.22927856
0.10700000 57971607458.52339935
0.10800000 51368068589.23115540
0.10900000 45567486840.49082184
0.11000000 40466162126.61196136
0.11100000 35974556788.62768555
0.11200000 32015258075.03059769
0.11300000 28521248372.68985367
0.11400000 25434434534.16962433
0.11500000 22704395677.06127548
0.11600000 20287315480.46197128
0.11700000 18145070519.76935577
0.11800000 16244450764.28934479
0.11900000 14556492176.66555977
0.12000000 13055904532.85619545
0.12100000 11720580236.10391617
0.12200000 10531172118.15877724
0.12300000 9470730079.98342323
0.12400000 8524387983.26849651
0.12500000 7679093513.60051441
0.12600000 6923374837.59242821
0.12700000 6247138804.07356548
0.12800000 5641496222.01539135
0.12900000 5098610408.87394810
0.13000000 4611565762.09852505
0.13100000 4174253580.03685236
0.13200000 3781272759.98617125
0.13300000 3427843342.07213545
0.13400000 3109731157.49203157
0.13500000 2823182086.39506340
0.13600000 2564864640.96235943
0.13700000 2331819768.69338751
0.13800000 2121416924.21039796
0.13900000 1931315589.01955128
0.14000000 1759431530.95481801
0.14100000 1603907191.29439187
0.14200000 1463085670.15887809
0.14300000 1335487851.78796911
0.14400000 1219792272.35196567
0.14500000 1114817385.53115916
0.14600000 1019505926.41630626
0.14700000 932911113.38944495
0.14800000 854184461.42295766
0.14900000 782565009.44150448
0.15000000 717369789.67023659
0.15100000 657985388.79347408
0.15200000 603860469.74072576
0.15300000 554499139.40340304
0.15400000 509455061.91024333
0.15500000 468326229.54736698
0.15600000 430750314.25327086
0.15700000 396400532.06762904
0.15800000 364981961.15242994
0.15900000 336228261.19590801
0.16000000 309898748.29257214
0.16100000 285775784.88609397
0.16200000 263662449.16916525
0.16300000 243380452.54489002
0.16400000 224768277.44505101
0.16500000 207679511.03846580
0.16600000 191981353.20550764
0.16700000 177553279.65291348
0.16800000 164285843.23978466
0.16900000 152079598.51905990
0.17000000 140844136.20159355
0.17100000 130497215.75094905
0.17200000 120963985.64103107
0.17300000 112176281.97748566
0.17400000 104071997.21633233
0.17500000 96594511.62611604
0.17600000 89692180.94743688
0.17700000 83317874.41868040
0.17800000 77428557.97019012
0.17900000 71984917.95068702
0.18000000 66951021.24794855
0.18100000 62294008.10805108
0.18200000 57983814.35040098
0.18300000 53992920.02506941
0.18400000 50296121.86965447
0.18500000 46870327.19946335
0.18600000 43694367.11114426
0.18700000 40748827.09944797
0.18800000 38015893.38259783
0.18900000 35479213.40647268
0.19000000 33123769.15382173
0.19100000 30935762.02412614
0.19200000 28902508.17433982
0.19300000 27012343.32221689
0.19400000 25254536.11371136
0.19500000 23619209.24529193
0.19600000 22097267.61208847
0.19700000 20680332.82458226
0.19800000 19360683.50095901
0.19900000 18131200.80005807
0.20000000 16985318.71177369
0.20100000 15916978.66842302
0.20200000 14920588.08254507
0.20300000 13990982.45433177
0.20400000 13123390.72585810
0.20500000 12313403.58986371
0.20600000 11556944.48839759
0.20700000 10850243.06147906
0.20800000 10189810.82833444
0.20900000 9572418.90398698
0.21000000 8995077.57223151
0.21100000 8455017.55251256
0.21200000 7949672.81312586
0.21300000 7476664.79663455
0.21400000 7033787.93557882
0.21500000 6618996.34758652
0.21600000 6230391.60897898
0.21700000 5866211.51501243
0.21800000 5524819.74309431
0.21900000 5204696.34274723
0.22000000 4904428.98283684
0.22100000 4622704.89269941
0.22200000 4358303.43936153
0.22300000 4110089.28809067
0.22400000 3877006.09810245
0.22500000 3658070.70941930
0.22600000 3452367.78066801
0.22700000 3259044.84105383
0.22800000 3077307.72289024
0.22900000 2906416.34392363
0.23000000 2745680.81129841
0.23100000 2594457.82138304
0.23200000 2452147.33184339
0.23300000 2318189.48432506
0.23400000 2192061.75790920
0.23500000 2073276.33515182
0.23600000 1961377.66401949
0.23700000 1855940.20040756
0.23800000 1756566.31718172
0.23900000 1662884.36683120
0.24000000 1574546.88587135
0.24100000 1491228.93009367
0.24200000 1412626.53064034
0.24300000 1338455.26168496
0.24400000 1268448.91123881
0.24500000 1202358.24727735
0.24600000 1139949.87200105
0.24700000 1081005.15761256
0.24800000 1025319.25751328
0.24900000 972700.18730044
0.25000000 922967.97038468
0.25100000 875953.84345122
0.25200000 831499.51735787
0.25300000 789456.48940335
0.25400000 749685.40321236
0.25500000 712055.45277101
0.25600000 676443.82741123
0.25700000 642735.19478592
0.25800000 610821.21910069
0.25900000 580600.11207461
0.26000000 551976.21429194
0.26100000 524859.60478254
0.26200000 499165.73682931
0.26300000 474815.09815057
0.26400000 451732.89374167
0.26500000 429848.74978747
0.26600000 409096.43717352
0.26700000 389413.61323210
0.26800000 370741.58045835
0.26900000 353025.06102409
0.27000000 336211.98600168
0.27100000 320253.29828885
0.27200000 305102.76829800
0.27300000 290716.82154059
0.27400000 277054.37729946
0.27500000 264076.69763908
0.27600000 251747.24605734
0.27700000 240031.55513127
0.27800000 228897.10255505
0.27900000 218313.19501051
0.28000000 208250.85935000
0.28100000 198682.74060715
0.28200000 189583.00638511
0.28300000 180927.25720293
0.28400000 172692.44240953
0.28500000 164856.78130171
0.28600000 157399.68910754
0.28700000 150301.70751946
0.28800000 143544.43948298
0.28900000 137110.48796691
0.29000000 130983.39845940
0.29100000 125147.60495128
0.29200000 119588.37918453
0.29300000 114291.78295802
0.29400000 109244.62329704
0.29500000 104434.41030572
0.29600000 99849.31753349
0.29700000 95478.14469778
0.29800000 91310.28261580
0.29900000 87335.68020762
0.30000000 83544.81344187
0.30100000 79928.65610386
0.30200000 76478.65227352
0.30300000 73186.69040818
0.30400000 70045.07893147
0.30500000 67046.52323666
0.30600000 64184.10401787
0.30700000 61451.25684879
0.30800000 58841.75293328
0.30900000 56349.68095707
0.31000000 53969.42997437
0.31100000 51695.67326738
0.31200000 49523.35312041
0.31300000 47447.66645412
0.31400000 45464.05126897
0.31500000 43568.17384961
0.31600000 41755.91668557
0.31700000 40023.36706600
0.31800000 38366.80630876
0.31900000 36782.69958700
0.32000000 35267.68631815
0.32100000 33818.57108277
0.32200000 32432.31504242
0.32300000 31106.02782786
0.32400000 29836.95987030
0.32500000 28622.49515034
0.32600000 27460.14434074
0.32700000 26347.53832037
0.32800000 25282.42203831
0.32900000 24262.64870823
0.33000000 23286.17431428
0.33100000 22351.05241101
0.33200000 21455.42920062
0.33300000 20597.53887222
0.33400000 19775.69918813
0.33500000 18988.30730377
0.33600000 18233.83580786
0.33700000 17510.82897093
0.33800000 16817.89919045
0.33900000 16153.72362192
0.34000000 15517.04098545
0.34100000 14906.64853851
0.34200000 14321.39920548
0.34300000 13760.19885564
0.34400000 13222.00372149
0.34500000 12705.81794972
0.34600000 12210.69127773
0.34700000 11735.71682894
0.34800000 11280.02902047
0.34900000 10842.80157717
0.35000000 10423.24564630
0.35100000 10020.60800759
0.35200000 9634.16937345
0.35300000 9263.24277470
0.35400000 8907.17202724
0.35500000 8565.33027531
0.35600000 8237.11860750
0.35700000 7921.96474153
0.35800000 7619.32177426
0.35900000 7328.66699356
0.36000000 7049.50074878
0.36100000 6781.34537677
0.36200000 6523.74418064
0.36300000 6276.26045849
0.36400000 6038.47657953
0.36500000 5809.99310516
0.36600000 5590.42795282
0.36700000 5379.41560020
0.36800000 5176.60632798
0.36900000 4981.66549902
0.37000000 4794.27287219
0.37100000 4614.12194906
0.37200000 4440.91935188
0.37300000 4274.38423113
0.37400000 4114.24770134
0.37500000 3960.25230358
0.37600000 3812.15149348
0.37700000 3669.70915330
0.37800000 3532.69912705
0.37900000 3400.90477745
0.38000000 3274.11856355
0.38100000 3152.14163818
0.38200000 3034.78346409
0.38300000 2921.86144800
0.38400000 2813.20059155
0.38500000 2708.63315844
0.38600000 2607.99835693
0.38700000 2511.14203693
0.38800000 2417.91640101
0.38900000 2328.17972862
0.39000000 2241.79611301
0.39100000 2158.63520997
0.39200000 2078.57199818
0.39300000 2001.48655026
0.39400000 1927.26381435
0.39500000 1855.79340538
0.39600000 1786.96940587
0.39700000 1720.69017559
0.39800000 1656.85816985
0.39900000 1595.37976579
0.40000000 1536.16509652
0.40100000 1479.12789258
0.40200000 1424.18533051
0.40300000 1371.25788799
0.40400000 1320.26920558
0.40500000 1271.14595435
0.40600000 1223.81770947
0.40700000 1178.21682931
0.40800000 1134.27833980
0.40900000 1091.93982390
0.41000000 1051.14131581
0.41100000 1011.82519987
0.41200000 973.93611377
0.41300000 937.42085598
0.41400000 902.22829718
0.41500000 868.30929551
0.41600000 835.61661544
0.41700000 804.10485013
0.41800000 773.73034715
0.41900000 744.45113728
0.42000000 716.22686648
0.42100000 689.01873058
0.42200000 662.78941293
0.42300000 637.50302451
0.42400000 613.12504671
0.42500000 589.62227642
0.42600000 566.96277352
0.42700000 545.11581046
0.42800000 524.05182409
0.42900000 503.74236935
0.43000000 484.16007503
0.43100000 465.27860128
0.43200000 447.07259891
0.43300000 429.51767038
0.43400000 412.59033240
0.43500000 396.26798008
0.43600000 380.52885251
0.43700000 365.35199986
0.43800000 350.71725167
0.43900000 336.60518660
0.44000000 322.99710330
0.44100000 309.87499251
0.44200000 297.22151029
0.44300000 285.01995236
0.44400000 273.25422941
0.44500000 261.90884349
0.44600000 250.96886527
0.44700000 240.41991231
0.44800000 230.24812811
0.44900000 220.44016205
0.45000000 210.98315013
0.45100000 201.86469644
0.45200000 193.07285544
0.45300000 184.59611487
0.45400000 176.42337936
0.45500000 168.54395475
0.45600000 160.94753292
0.45700000 153.62417729
0.45800000 146.56430891
0.45900000 139.75869302
0.46000000 133.19842619
0.46100000 126.87492397
0.46200000 120.77990899
0.46300000 114.90539954
0.46400000 109.24369857
0.46500000 103.78738321
0.46600000 98.52929452
0.46700000 93.46252785
0.46800000 88.58042339
0.46900000 83.87655717
0.47000000 79.34473242
0.47100000 74.97897123
0.47200000 70.77350650
0.47300000 66.72277429
0.47400000 62.82140635
0.47500000 59.06422303
0.47600000 55.44622639
0.47700000 51.96259364
0.47800000 48.60867074
0.47900000 45.37996633
0.48000000 42.27214584
0.48100000 39.28102581
0.48200000 36.40256849
0.48300000 33.63287656
0.48400000 30.96818812
0.48500000 28.40487180
0.48600000 25.93942213
0.48700000 23.56845498
0.48800000 21.28870330
0.48900000 19.09701289
0.49000000 16.99033842
0.49100000 14.96573956
0.49200000 13.02037722
0.49300000 11.15151001
0.49400000 9.35649077
0.49500000 7.63276322
0.49600000 5.97785877
0.49700000 4.38939347
0.49800000 2.86506496
0.49900000 1.40264966
0.50000000 -0.00000000
0.50100000 -7.23976887
0.50200000 -14.04853277
0.50300000 -20.44251802
0.50400000 -26.43750498
0.50500000 -32.04883711
0.50600000 -37.29142972
0.50700000 -42.17977882
0.50800000 -46.72796965
0.50900000 -50.94968522
0.51000000 -54.85821468
0.51100000 -58.46646157
0.51200000 -61.78695198
0.51300000 -64.83184260
0.51400000 -67.61292858
0.51500000 -70.14165138
0.51600000 -72.42910644
0.51700000 -74.48605078
0.51800000 -76.32291041
0.51900000 -77.94978774
0.52000000 -79.37646880
0.52100000 -80.61243039
0.52200000 -81.66684708
0.52300000 -82.54859816
0.52400000 -83.26627443
0.52500000 -83.82818493
0.52600000 -84.24236354
0.52700000 -84.51657545
0.52800000 -84.65832360
0.52900000 -84.67485495
0.53000000 -84.57316666
0.53100000 -84.36001222
0.53200000 -84.04190740
0.53300000 -83.62513617
0.53400000 -83.11575649
0.53500000 -82.51960600
0.53600000 -81.84230763
0.53700000 -81.08927509
0.53800000 -80.26571830
0.53900000 -79.37664867
0.54000000 -78.42688440
0.54100000 -77.42105551
0.54200000 -76.36360894
0.54300000 -75.25881350
0.54400000 -74.11076471
0.54500000 -72.92338955
0.54600000 -71.70045119
0.54700000 -70.44555353
0.54800000 -69.16214577
0.54900000 -67.85352675
0.55000000 -66.52284935
0.55100000 -65.17312472
0.55200000 -63.80722644
0.55300000 -62.42789462
0.55400000 -61.03773989
0.55500000 -59.63924734
0.55600000 -58.23478033
0.55700000 -56.82658431
0.55800000 -55.41679044
0.55900000 -54.00741925
0.56000000 -52.60038414
0.56100000 -51.19749484
0.56200000 -49.80046081
0.56300000 -48.41089450
0.56400000 -47.03031466
0.56500000 -45.66014941
0.56600000 -44.30173939
0.56700000 -42.95634074
0.56800000 -41.62512808
0.56900000 -40.30919737
0.57000000 -39.00956870
0.57100000 -37.72718907
0.57200000 -36.46293503
0.57300000 -35.21761531
0.57400000 -33.99197335
0.57500000 -32.78668980
0.57600000 -31.60238488
0.57700000 -30.43962083
0.57800000 -29.29890408
0.57900000 -28.18068758
0.58000000 -27.08537293
0.58100000 -26.01331247
0.58200000 -24.96481136
0.58300000 -23.94012957
0.58400000 -22.93948381
0.58500000 -21.96304940
0.58600000 -21.01096212
0.58700000 -20.08331996
0.58800000 -19.18018484
0.58900000 -18.30158429
0.59000000 -17.44751304
0.59100000 -16.61793459
0.59200000 -15.81278272
0.59300000 -15.03196297
0.59400000 -14.27535400
0.59500000 -13.54280903
0.59600000 -12.83415709
0.59700000 -12.14920431
0.59800000 -11.48773519
0.59900000 -10.84951371
0.60000000 -10.23428451
0.60100000 -9.64177400
0.60200000 -9.07169135
0.60300000 -8.52372958
0.60400000 -7.99756646
0.60500000 -7.49286550
0.60600000 -7.00927679
0.60700000 -6.54643789
0.60800000 -6.10397465
0.60900000 -5.68150197
0.61000000 -5.27862453
0.61100000 -4.89493756
0.61200000 -4.53002746
0.61300000 -4.18347247
0.61400000 -3.85484329
0.61500000 -3.54370362
0.61600000 -3.24961076
0.61700000 -2.97211610
0.61800000 -2.71076563
0.61900000 -2.46510037
0.62000000 -2.23465684
0.62100000 -2.01896747
0.62200000 -1.81756096
0.62300000 -1.62996265
0.62400000 -1.45569486
0.62500000 -1.29427719
0.62600000 -1.14522684
0.62700000 -1.00805884
0.62800000 -0.88228631
0.62900000 -0.76742072
0.63000000 -0.66297204
0.63100000 -0.56844899
0.63200000 -0.48335916
0.63300000 -0.40720923
0.63400000 -0.33950504
0.63500000 -0.27975177
0.63600000 -0.22745404
0.63700000 -0.18211598
0.63800000 -0.14324137
0.63900000 -0.11033365
0.64000000 -0.08289607
0.64100000 -0.06043164
0.64200000 -0.04244328
0.64300000 -0.02843378
0.64400000 -0.01790586
0.64500000 -0.01036220
0.64600000 -0.00530545
0.64700000 -0.00223824
0.64800000 -0.00066318
0.64900000 -0.00008290
0.65000000 0.00000000
0.65100000 0.06422218
0.65200000 0.12844475
0.65300000 0.19266959
0.65400000 0.25690165
0.65500000 0.32115041
0.65600000 0.38543135
0.65700000 0.44976747
0.65800000 0.51419067
0.65900000 0.57874317
0.66000000 0.64347889
0.66100000 0.70846472
0.66200000 0.77378180
0.66300000 0.83952672
0.66400000 0.90581264
0.66500000 0.97277034
0.66600000 1.04054916
0.66700000 1.10931790
0.66800000 1.17926556
0.66900000 1.25060192
0.67000000 1.32355806
0.67100000 1.39838663
0.67200000 1.47536199
0.67300000 1.55478007
0.67400000 1.63695805
0.67500000 1.72223368
0.67600000 1.81096429
0.67700000 1.90352548
0.67800000 2.00030927
0.67900000 2.10172186
0.68000000 2.20818082
0.68100000 2.32011163
0.68200000 2.43794358
0.68300000 2.56210492
0.68400000 2.69301719
0.68500000 2.83108868
0.68600000 2.97670698
0.68700000 3.13023052
0.68800000 3.29197917
0.68900000 3.46222383
0.69000000 3.64117506
0.69100000 3.82897083
0.69200000 4.02566355
0.69300000 4.23120641
0.69400000 4.44543949
0.69500000 4.66807573
0.69600000 4.89868729
0.69700000 5.13669268
0.69800000 5.38134519
0.69900000 5.63172325
0.70000000 5.88672336
0.70100000 6.14505621
0.70200000 6.40524672
0.70300000 6.66563864
0.70400000 6.92440431
0.70500000 7.17955998
0.70600000 7.42898698
0.70700000 7.67045896
0.70800000 7.90167479
0.70900000 8.12029690
0.71000000 8.32399407
0.71100000 8.51048778
0.71200000 8.67760066
0.71300000 8.82330547
0.71400000 8.94577291
0.71500000 9.04341634
0.71600000 9.11493162
0.71700000 9.15933053
0.71800000 9.17596607
0.71900000 9.16454877
0.72000000 9.12515324
0.72100000 9.05821462
0.72200000 8.96451533
0.72300000 8.84516259
0.72400000 8.70155803
0.72500000 8.53536050
0.72600000 8.34844401
0.72700000 8.14285227
0.72800000 7.92075185
0.72900000 7.68438542
0.73000000 7.43602688
0.73100000 7.17793935
0.73200000 6.91233739
0.73300000 6.64135402
0.73400000 6.36701297
0.73500000 6.09120660
0.73600000 5.81567910
0.73700000 5.54201511
0.73800000 5.27163299
0.73900000 5.00578262
0.74000000 4.74554675
0.74100000 4.49184564
0.74200000 4.24544421
0.74300000 4.00696104
0.74400000 3.77687889
0.74500000 3.55555609
0.74600000 3.34323837
0.74700000 3.14007095
0.74800000 2.94611030
0.74900000 2.76133565
0.75000000 2.58565984
0.75100000 2.41893954
0.75200000 2.26098463
0.75300000 2.11156680
0.75400000 1.97042728
0.75500000 1.83728380
0.75600000 1.71183664
0.75700000 1.59377400
0.75800000 1.48277665
0.75900000 1.37852184
0.76000000 1.28068669
0.76100000 1.18895098
0.76200000 1.10299947
0.76300000 1.02252377
0.76400000 0.94722382
0.76500000 0.87680907
0.76600000 0.81099936
0.76700000 0.74952548
0.76800000 0.69212964
0.76900000 0.63856565
0.77000000 0.58859905
0.77100000 0.54200701
0.77200000 0.49857822
0.77300000 0.45811266
0.77400000 0.42042127
0.77500000 0.38532570
0.77600000 0.35265783
0.77700000 0.32225944
0.77800000 0.29398178
0.77900000 0.26768510
0.78000000 0.24323827
0.78100000 0.22051830
0.78200000 0.19940998
0.78300000 0.17980538
0.78400000 0.16160350
0.78500000 0.14470986
0.78600000 0.12903611
0.78700000 0.11449969
0.78800000 0.10102345
0.78900000 0.08853534
0.79000000 0.07696808
0.79100000 0.06625886
0.79200000 0.05634907
0.79300000 0.04718402
0.79400000 0.03871269
0.79500000 0.03088747
0.79600000 0.02366397
0.79700000 0.01700080
0.79800000 0.01085934
0.79900000 0.00520359
0.80000000 0.00000000
0.80100000 -0.00478273
0.80200000 -0.00917379
0.80300000 -0.01320035
0.80400000 -0.01688779
0.80500000 -0.02025975
0.80600000 -0.02333825
0.80700000 -0.02614384
0.80800000 -0.02869567
0.80900000 -0.03101161
0.81000000 -0.03310828
0.81100000 -0.03500122
0.81200000 -0.03670488
0.81300000 -0.03823276
0.81400000 -0.03959742
0.81500000 -0.04081060
0.81600000 -0.04188321
0.81700000 -0.04282545
0.81800000 -0.04364682
0.81900000 -0.04435617
0.82000000 -0.04496176
0.82100000 -0.04547129
0.82200000 -0.04589194
0.82300000 -0.04623040
0.82400000 -0.04649290
0.82500000 -0.04668526
0.82600000 -0.04681290
0.82700000 -0.04688086
0.82800000 -0.04689386
0.82900000 -0.04685629
0.83000000 -0.04677224
0.83100000 -0.04664550
0.83200000 -0.04647965
0.83300000 -0.04627797
0.83400000 -0.04604355
0.83500000 -0.04577926
0.83600000 -0.04548777
0.83700000 -0.04517157
0.83800000 -0.04483296
0.83900000 -0.04447411
0.84000000 -0.04409701
0.84100000 -0.04370354
0.84200000 -0.04329541
0.84300000 -0.04287424
0.84400000 -0.04244153
0.84500000 -0.04199867
0.84600000 -0.04154694
0.84700000 -0.04108754
0.84800000 -0.04062158
0.84900000 -0.04015009
0.85000000 -0.03967403
0.85100000 -0.03919427
0.85200000 -0.03871164
0.85300000 -0.03822689
0.85400000 -0.03774071
0.85500000 -0.03725375
0.85600000 -0.03676660
0.85700000 -0.03627981
0.85800000 -0.03579389
0.85900000 -0.03530929
0.86000000 -0.03482644
0.86100000 -0.03434573
0.86200000 -0.03386752
0.86300000 -0.03339213
0.86400000 -0.03291985
0.86500000 -0.03245096
0.86600000 -0.03198570
0.86700000 -0.03152429
0.86800000 -0.03106693
0.86900000 -0.03061380
0.87000000 -0.03016507
0.87100000 -0.02972086
0.87200000 -0.02928132
0.87300000 -0.02884654
0.87400000 -0.02841664
0.87500000 -0.02799169
0.87600000 -0.02757176
0.87700000 -0.02715692
0.87800000 -0.02674722
0.87900000 -0.02634269
0.88000000 -0.02594337
0.88100000 -0.02554929
0.88200000 -0.02516045
0.88300000 -0.02477687
0.88400000 -0.02439855
0.88500000 -0.02402548
0.88600000 -0.02365765
0.88700000 -0.02329506
0.88800000 -0.02293768
0.88900000 -0.02258548
0.89000000 -0.02223845
0.89100000 -0.02189654
0.89200000 -0.02155973
0.89300000 -0.02122798
0.89400000 -0.02090124
0.89500000 -0.02057947
0.89600000 -0.02026263
0.89700000 -0.01995068
0.89800000 -0.01964355
0.89900000 -0.01934121
0.90000000 -0.01904360
0.90100000 -0.01875067
0.90200000 -0.01846236
0.90300000 -0.01817863
0.90400000 -0.01789940
0.90500000 -0.01762463
0.90600000 -0.01735426
0.90700000 -0.01708823
0.90800000 -0.01682649
0.90900000 -0.01656897
0.91000000 -0.01631562
0.91100000 -0.01606638
0.91200000 -0.01582119
0.91300000 -0.01558000
0.91400000 -0.01534273
0.91500000 -0.01510935
0.91600000 -0.01487978
0.91700000 -0.01465398
0.91800000 -0.01443187
0.91900000 -0.01421342
0.92000000 -0.01399855
0.92100000 -0.01378722
0.92200000 -0.01357937
0.92300000 -0.01337494
0.92400000 -0.01317388
0.92500000 -0.01297613
0.92600000 -0.01278164
0.92700000 -0.01259037
0.92800000 -0.01240225
0.92900000 -0.01221723
0.93000000 -0.01203526
0.93100000 -0.01185630
0.93200000 -0.01168029
0.93300000 -0.01150718
0.93400000 -0.01133693
0.93500000 -0.01116948
0.93600000 -0.01100479
0.93700000 -0.01084282
0.93800000 -0.01068351
0.93900000 -0.01052682
0.94000000 -0.01037271
0.94100000 -0.01022113
0.94200000 -0.01007204
0.94300000 -0.00992540
0.94400000 -0.00978116
0.94500000 -0.00963928
0.94600000 -0.00949973
0.94700000 -0.00936246
0.94800000 -0.00922743
0.94900000 -0.00909460
0.95000000 -0.00896394
0.95100000 -0.00883541
0.95200000 -0.00870897
0.95300000 -0.00858459
0.95400000 -0.00846222
0.95500000 -0.00834184
0.95600000 -0.00822340
0.95700000 -0.00810689
0.95800000 -0.00799225
0.95900000 -0.00787947
0.96000000 -0.00776850
0.96100000 -0.00765932
0.96200000 -0.00755189
0.96300000 -0.00744618
0.96400000 -0.00734217
0.96500000 -0.00723983
0.96600000 -0.00713912
0.96700000 -0.00704001
0.96800000 -0.00694249
0.96900000 -0.00684651
0.97000000 -0.00675206
0.97100000 -0.00665911
0.97200000 -0.00656763
0.97300000 -0.00647760
0.97400000 -0.00638899
0.97500000 -0.00630177
0.97600000 -0.00621593
0.97700000 -0.00613143
0.97800000 -0.00604827
0.97900000 -0.00596640
0.98000000 -0.00588581
0.98100000 -0.00580648
0.98200000 -0.00572839
0.98300000 -0.00565151
0.98400000 -0.00557582
0.98500000 -0.00550131
0.98600000 -0.00542795
0.98700000 -0.00535572
0.98800000 -0.00528461
0.98900000 -0.00521459
0.99000000 -0.00514565
0.99100000 -0.00507777
0.99200000 -0.00501092
0.99300000 -0.00494510
0.99400000 -0.00488028
0.99500000 -0.00481644
0.99600000 -0.00475358
0.99700000 -0.00469167
0.99800000 -0.00463070
0.99900000 -0.00457065
1.00000000 -0.00451151
1.00100000 -0.00445326
1.00200000 -0.00439588
1.00300000 -0.00433937
1.00400000 -0.00428370
1.00500000 -0.00422887
1.00600000 -0.00417485
1.00700000 -0.00412163
1.00800000 -0.00406921
1.00900000 -0.00401757
1.01000000 -0.00396669
1.01100000 -0.00391656
1.01200000 -0.00386718
1.01300000 -0.00381852
1.01400000 -0.00377057
1.01500000 -0.00372333
1.01600000 -0.00367679
1.01700000 -0.00363092
1.01800000 -0.00358572
1.01900000 -0.00354118
1.02000000 -0.00349728
1.02100000 -0.00345403
1.02200000 -0.00341140
1.02300000 -0.00336938
1.02400000 -0.00332797
1.02500000 -0.00328716
1.02600000 -0.00324694
1.02700000 -0.00320729
1.02800000 -0.00316820
1.02900000 -0.00312968
1.03000000 -0.00309171
1.03100000 -0.00305427
1.03200000 -0.00301737
1.03300000 -0.00298099
1.03400000 -0.00294513
1.03500000 -0.00290977
1.03600000 -0.00287491
1.03700000 -0.00284054
1.03800000 -0.00280665
1.03900000 -0.00277324
1.04000000 -0.00274030
1.04100000 -0.00270781
1.04200000 -0.00267578
1.04300000 -0.00264419
1.04400000 -0.00261305
1.04500000 -0.00258233
1.04600000 -0.00255204
1.04700000 -0.00252216
1.04800000 -0.00249270
1.04900000 -0.00246364
1.05000000 -0.00243498
1.05100000 -0.00240671
1.05200000 -0.00237883
1.05300000 -0.00235133
1.05400000 -0.00232420
1.05500000 -0.00229744
1.05600000 -0.00227105
1.05700000 -0.00224501
1.05800000 -0.00221932
1.05900000 -0.00219398
1.06000000 -0.00216898
1.06100000 -0.00214432
1.06200000 -0.00211999
1.06300000 -0.00209598
1.06400000 -0.00207229
1.06500000 -0.00204892
1.06600000 -0.00202586
1.06700000 -0.00200311
1.06800000 -0.00198065
1.06900000 -0.00195850
1.07000000 -0.00193663
1.07100000 -0.00191506
1.07200000 -0.00189376
1.07300000 -0.00187275
1.07400000 -0.00185201
1.07500000 -0.00183155
1.07600000 -0.00181135
1.07700000 -0.00179141
1.07800000 -0.00177173
1.07900000 -0.00175231
1.08000000 -0.00173314
1.08100000 -0.00171422
1.08200000 -0.00169554
1.08300000 -0.00167710
1.08400000 -0.00165890
1.08500000 -0.00164093
1.08600000 -0.00162319
1.08700000 -0.00160568
1.08800000 -0.00158839
1.08900000 -0.00157132
1.09000000 -0.00155447
1.09100000 -0.00153783
1.09200000 -0.00152141
1.09300000 -0.00150519
1.09400000 -0.00148917
1.09500000 -0.00147336
1.09600000 -0.00145774
1.09700000 -0.00144232
1.09800000 -0.00142710
1.09900000 -0.00141206
1.10000000 -0.00139721
1.10100000 -0.00138255
1.10200000 -0.00136807
1.10300000 -0.00135377
1.10400000 -0.00133964
1.10500000 -0.00132569
1.10600000 -0.00131191
1.10700000 -0.00129830
1.10800000 -0.00128486
1.10900000 -0.00127158
1.11000000 -0.00125847
1.11100000 -0.00124552
1.11200000 -0.00123272
1.11300000 -0.00122008
1.11400000 -0.00120759
1.11500000 -0.00119525
1.11600000 -0.00118307
1.11700000 -0.00117103
1.11800000 -0.00115913
1.11900000 -0.00114738
1.12000000 -0.00113577
1.12100000 -0.00112430
1.12200000 -0.00111297
1.12300000 -0.00110177
1.12400000 -0.00109071
1.12500000 -0.00107978
1.12600000 -0.00106897
1.12700000 -0.00105830
1.12800000 -0.00104775
1.12900000 -0.00103733
1.13000000 -0.00102703
1.13100000 -0.00101685
1.13200000 -0.00100679
1.13300000 -0.00099685
1.13400000 -0.00098702
1.13500000 -0.00097731
1.13600000 -0.00096771
1.13700000 -0.00095823
1.13800000 -0.00094885
1.13900000 -0.00093959
1.14000000 -0.00093043
1.14100000 -0.00092138
1.14200000 -0.00091243
1.14300000 -0.00090358
1.14400000 -0.00089484
1.14500000 -0.00088620
1.14600000 -0.00087766
1.14700000 -0.00086921
1.14800000 -0.00086086
1.14900000 -0.00085261
1.15000000 -0.00084445
1.15100000 -0.00083638
1.15200000 -0.00082840
1.15300000 -0.00082052
1.15400000 -0.00081272
1.15500000 -0.00080501
1.15600000 -0.00079739
1.15700000 -0.00078985
1.15800000 -0.00078240
1.15900000 -0.00077503
1.16000000 -0.00076775
1.16100000 -0.00076054
1.16200000 -0.00075342
1.16300000 -0.00074638
1.16400000 -0.00073941
1.16500000 -0.00073252
1.16600000 -0.00072571
1.16700000 -0.00071897
1.16800000 -0.00071231
1.16900000 -0.00070572
1.17000000 -0.00069920
1.17100000 -0.00069275
1.17200000 -0.00068638
1.17300000 -0.00068007
1.17400000 -0.00067384
1.17500000 -0.00066767
1.17600000 -0.00066157
1.17700000 -0.00065553
1.17800000 -0.00064956
1.17900000 -0.00064366
1.18000000 -0.00063782
1.18100000 -0.00063204
1.18200000 -0.00062632
1.18300000 -0.00062067
1.18400000 -0.00061507
1.18500000 -0.00060954
1.18600000 -0.00060407
1.18700000 -0.00059865
1.18800000 -0.00059329
1.18900000 -0.00058799
1.19000000 -0.00058274
1.19100000 -0.00057755
1.19200000 -0.00057242
1.19300000 -0.00056734
1.19400000 -0.00056231
1.19500000 -0.00055734
1.19600000 -0.00055242
1.19700000 -0.00054755
1.19800000 -0.00054273
1.19900000 -0.00053796
1.20000000 -0.00053324
1.20100000 -0.00052858
1.20200000 -0.00052396
1.20300000 -0.00051938
1.20400000 -0.00051486
1.20500000 -0.00051038
1.20600000 -0.00050595
1.20700000 -0.00050156
1.20800000 -0.00049722
1.20900000 -0.00049293
1.21000000 -0.00048868
1.21100000 -0.00048447
1.21200000 -0.00048030
1.21300000 -0.00047618
1.21400000 -0.00047210
1.21500000 -0.00046806
1.21600000 -0.00046407
1.21700000 -0.00046011
1.21800000 -0.00045619
1.21900000 -0.00045232
1.22000000 -0.00044848
1.22100000 -0.00044468
1.22200000 -0.00044092
1.22300000 -0.00043720
1.22400000 -0.00043351
1.22500000 -0.00042986
1.22600000 -0.00042625
1.22700000 -0.00042268
1.22800000 -0.00041914
1.22900000 -0.00041563
1.23000000 -0.00041216
1.23100000 -0.00040873
1.23200000 -0.00040533
1.23300000 -0.00040196
1.23400000 -0.00039862
1.23500000 -0.00039532
1.23600000 -0.00039206
1.23700000 -0.00038882
1.23800000 -0.00038561
1.23900000 -0.00038244
1.24000000 -0.00037930
1.24100000 -0.00037619
1.24200000 -0.00037311
1.24300000 -0.00037006
1.24400000 -0.00036704
1.24500000 -0.00036404
1.24600000 -0.00036108
1.24700000 -0.00035815
1.24800000 -0.00035524
1.24900000 -0.00035237
1.25000000 -0.00034952
1.25100000 -0.00034669
1.25200000 -0.00034390
1.25300000 -0.00034113
1.25400000 -0.00033839
1.25500000 -0.00033567
1.25600000 -0.00033299
1.25700000 -0.00033032
1.25800000 -0.00032768
1.25900000 -0.00032507
1.26000000 -0.00032248
1.26100000 -0.00031992
1.26200000 -0.00031738
1.26300000 -0.00031486
1.26400000 -0.00031237
1.26500000 -0.00030990
1.26600000 -0.00030746
1.26700000 -0.00030504
1.26800000 -0.00030264
1.26900000 -0.00030026
1.27000000 -0.00029791
1.27100000 -0.00029557
1.27200000 -0.00029326
1.27300000 -0.00029098
1.27400000 -0.00028871
1.27500000 -0.00028646
1.27600000 -0.00028423
1.27700000 -0.00028203
1.27800000 -0.00027984
1.27900000 -0.00027768
1.28000000 -0.00027554
1.28100000 -0.00027341
1.28200000 -0.00027131
1.28300000 -0.00026922
1.28400000 -0.00026715
1.28500000 -0.00026510
1.28600000 -0.00026308
1.28700000 -0.00026106
1.28800000 -0.00025907
1.28900000 -0.00025710
1.29000000 -0.00025514
1.29100000 -0.00025320
1.29200000 -0.00025128
1.29300000 -0.00024938
1.29400000 -0.00024749
1.29500000 -0.00024562
1.29600000 -0.00024377
1.29700000 -0.00024193
1.29800000 -0.00024011
1.29900000 -0.00023831
1.30000000 -0.00023652
1.30100000 -0.00023475
1.30200000 -0.00023300
1.30300000 -0.00023126
1.30400000 -0.00022954
1.30500000 -0.00022783
1.30600000 -0.00022613
1.30700000 -0.00022445
1.30800000 -0.00022279
1.30900000 -0.00022114
1.31000000 -0.00021951
1.31100000 -0.00021789
1.31200000 -0.00021628
1.31300000 -0.00021469
1.31400000 -0.00021311
1.31500000 -0.00021155
1.31600000 -0.00021000
1.31700000 -0.00020846
1.31800000 -0.00020694
1.31900000 -0.00020543
1.32000000 -0.00020393
1.32100000 -0.00020245
1.32200000 -0.00020098
1.32300000 -0.00019952
1.32400000 -0.00019808
1.32500000 -0.00019664
1.32600000 -0.00019522
1.32700000 -0.00019381
1.32800000 -0.00019242
1.32900000 -0.00019103
1.33000000 -0.00018966
1.33100000 -0.00018830
1.33200000 -0.00018695
1.33300000 -0.00018562
1.33400000 -0.00018429
1.33500000 -0.00018297
1.33600000 -0.00018167
1.33700000 -0.00018038
1.33800000 -0.00017910
1.33900000 -0.00017783
1.34000000 -0.00017657
1.34100000 -0.00017532
1.34200000 -0.00017408
1.34300000 -0.00017285
1.34400000 -0.00017163
1.34500000 -0.00017043
1.34600000 -0.00016923
1.34700000 -0.00016804
1.34800000 -0.00016687
1.34900000 -0.00016570
1.35000000 -0.00016454
1.35100000 -0.00016339
1.35200000 -0.00016225
1.35300000 -0.00016112
1.35400000 -0.00016000
1.35500000 -0.00015889
1.35600000 -0.00015779
1.35700000 -0.00015670
1.35800000 -0.00015562
1.35900000 -0.00015454
1.36000000 -0.00015348
1.36100000 -0.00015242
1.36200000 -0.00015137
1.36300000 -0.00015034
1.36400000 -0.00014930
1.36500000 -0.00014828
1.36600000 -0.00014727
1.36700000 -0.00014626
1.36800000 -0.00014527
1.36900000 -0.00014428
1.37000000 -0.00014330
1.37100000 -0.00014232
1.37200000 -0.00014136
1.37300000 -0.00014040
1.37400000 -0.00013945
1.37500000 -0.00013851
1.37600000 -0.00013757
1.37700000 -0.00013665
1.37800000 -0.00013573
1.37900000 -0.00013481
1.38000000 -0.00013391
1.38100000 -0.00013301
1.38200000 -0.00013212
1.38300000 -0.00013124
1.38400000 -0.00013036
1.38500000 -0.00012949
1.38600000 -0.00012863
1.38700000 -0.00012777
1.38800000 -0.00012693
1.38900000 -0.00012608
1.39000000 -0.00012525
1.39100000 -0.00012442
1.39200000 -0.00012360
1.39300000 -0.00012278
1.39400000 -0.00012197
1.39500000 -0.00012117
1.39600000 -0.00012037
1.39700000 -0.00011958
1.39800000 -0.00011880
1.39900000 -0.00011802
1.40000000 -0.00011725
1.40100000 -0.00011648
1.40200000 -0.00011572
1.40300000 -0.00011497
1.40400000 -0.00011422
1.40500000 -0.00011348
1.40600000 -0.00011274
1.40700000 -0.00011201
1.40800000 -0.00011129
1.40900000 -0.00011057
1.41000000 -0.00010986
1.41100000 -0.00010915
1.41200000 -0.00010844
1.41300000 -0.00010775
1.41400000 -0.00010705
1.41500000 -0.00010637
1.41600000 -0.00010569
1.41700000 -0.00010501
1.41800000 -0.00010434
1.41900000 -0.00010367
1.42000000 -0.00010301
1.42100000 -0.00010236
1.42200000 -0.00010170
1.42300000 -0.00010106
1.42400000 -0.00010042
1.42500000 -0.00009978
1.42600000 -0.00009915
1.42700000 -0.00009852
1.42800000 -0.00009790
1.42900000 -0.00009728
1.43000000 -0.00009667
1.43100000 -0.00009606
1.43200000 -0.00009546
1.43300000 -0.00009486
1.43400000 -0.00009427
1.43500000 -0.00009368
1.43600000 -0.00009309
1.43700000 -0.00009251
1.43800000 -0.00009193
1.43900000 -0.00009136
1.44000000 -0.00009079
1.44100000 -0.00009023
1.44200000 -0.00008967
1.44300000 -0.00008911
1.44400000 -0.00008856
1.44500000 -0.00008801
1.44600000 -0.00008747
1.44700000 -0.00008693
1.44800000 -0.00008640
1.44900000 -0.00008586
1.45000000 -0.00008534
1.45100000 -0.00008481
1.45200000 -0.00008429
1.45300000 -0.00008378
1.45400000 -0.00008326
1.45500000 -0.00008276
1.45600000 -0.00008225
1.45700000 -0.00008175
1.45800000 -0.00008125
1.45900000 -0.00008076
1.46000000 -0.00008027
1.46100000 -0.00007978
1.46200000 -0.00007930
1.46300000 -0.00007882
1.46400000 -0.00007834
1.46500000 -0.00007787
1.46600000 -0.00007740
1.46700000 -0.00007693
1.46800000 -0.00007647
1.46900000 -0.00007601
1.47000000 -0.00007556
1.47100000 -0.00007510
1.47200000 -0.00007465
1.47300000 -0.00007421
1.47400000 -0.00007376
1.47500000 -0.00007332
1.47600000 -0.00007289
1.47700000 -0.00007245
1.47800000 -0.00007202
1.47900000 -0.00007160
1.48000000 -0.00007117
1.48100000 -0.00007075
1.48200000 -0.00007033
1.48300000 -0.00006992
1.48400000 -0.00006950
1.48500000 -0.00006909
1.48600000 -0.00006869
1.48700000 -0.00006828
1.48800000 -0.00006788
1.48900000 -0.00006748
1.49000000 -0.00006709
1.49100000 -0.00006669
1.49200000 -0.00006630
1.49300000 -0.00006592
1.49400000 -0.00006553
1.49500000 -0.00006515
1.49600000 -0.00006477
1.49700000 -0.00006440
1.49800000 -0.00006402
1.49900000 -0.00006365
1.50000000 -0.00006328
1.50100000 -0.00006291
1.50200000 -0.00006255
1.50300000 -0.00006219
1.50400000 -0.00006183
1.50500000 -0.00006148
1.50600000 -0.00006112
1.50700000 -0.00006077
1.50800000 -0.00006042
1.50900000 -0.00006007
1.51000000 -0.00005973
1.51100000 -0.00005939
1.51200000 -0.00005905
1.51300000 -0.00005871
1.51400000 -0.00005838
1.51500000 -0.00005804
1.51600000 -0.00005771
1.51700000 -0.00005739
1.51800000 -0.00005706
1.51900000 -0.00005674
1.52000000 -0.00005642
1.52100000 -0.00005610
1.52200000 -0.00005578
1.52300000 -0.00005546
1.52400000 -0.00005515
1.52500000 -0.00005484
1.52600000 -0.00005453
1.52700000 -0.00005423
1.52800000 -0.00005392
1.52900000 -0.00005362
1.53000000 -0.00005332
1.53100000 -0.00005302
1.53200000 -0.00005272
1.53300000 -0.00005243
1.53400000 -0.00005214
1.53500000 -0.00005185
1.53600000 -0.00005156
1.53700000 -0.00005127
1.53800000 -0.00005099
1.53900000 -0.00005070
1.54000000 -0.00005042
1.54100000 -0.00005014
1.54200000 -0.00004987
1.54300000 -0.00004959
1.54400000 -0.00004932
1.54500000 -0.00004905
1.54600000 -0.00004878
1.54700000 -0.00004851
1.54800000 -0.00004824
1.54900000 -0.00004798
1.55000000 -0.00004771
1.55100000 -0.00004745
1.55200000 -0.00004719
1.55300000 -0.00004694
1.55400000 -0.00004668
1.55500000 -0.00004642
1.55600000 -0.00004617
1.55700000 -0.00004592
1.55800000 -0.00004567
1.55900000 -0.00004542
1.56000000 -0.00004518
1.56100000 -0.00004493
1.56200000 -0.00004469
1.56300000 -0.00004445
1.56400000 -0.00004421
1.56500000 -0.00004397
1.56600000 -0.00004373
1.56700000 -0.00004350
1.56800000 -0.00004326
1.56900000 -0.00004303
1.57000000 -0.00004280
1.57100000 -0.00004257
1.57200000 -0.00004234
1.57300000 -0.00004212
1.57400000 -0.00004189
1.57500000 -0.00004167
1.57600000 -0.00004145
1.57700000 -0.00004123
1.57800000 -0.00004101
1.57900000 -0.00004079
1.58000000 -0.00004057
1.58100000 -0.00004036
1.58200000 -0.00004014
1.58300000 -0.00003993
1.58400000 -0.00003972
1.58500000 -0.00003951
1.58600000 -0.00003930
1.58700000 -0.00003909
1.58800000 -0.00003889
1.58900000 -0.00003868
1.59000000 -0.00003848
1.59100000 -0.00003828
1.59200000 -0.00003808
1.59300000 -0.00003788
1.59400000 -0.00003768
1.59500000 -0.00003748
1.59600000 -0.00003729
1.59700000 -0.00003709
1.59800000 -0.00003690
1.59900000 -0.00003671
1.60000000 -0.00003652
1.60100000 -0.00003633
1.60200000 -0.00003614
1.60300000 -0.00003595
1.60400000 -0.00003577
1.60500000 -0.00003558
1.60600000 -0.00003540
1.60700000 -0.00003521
1.60800000 -0.00003503
1.60900000 -0.00003485
1.61000000 -0.00003467
1.61100000 -0.00003449
1.61200000 -0.00003432
1.61300000 -0.00003414
1.61400000 -0.00003397
1.61500000 -0.00003379
1.61600000 -0.00003362
1.61700000 -0.00003345
1.61800000 -0.00003328
1.61900000 -0.00003311
1.62000000 -0.00003294
1.62100000 -0.00003277
1.62200000 -0.00003260
1.62300000 -0.00003244
1.62400000 -0.00003227
1.62500000 -0.00003211
1.62600000 -0.00003195
1.62700000 -0.00003179
1.62800000 -0.00003163
1.62900000 -0.00003147
1.63000000 -0.00003131
1.63100000 -0.00003115
1.63200000 -0.00003099
1.63300000 -0.00003084
1.63400000 -0.00003068
1.63500000 -0.00003053
1.63600000 -0.00003038
1.63700000 -0.00003022
1.63800000 -0.00003007
1.63900000 -0.00002992
1.64000000 -0.00002977
1.64100000 -0.00002962
1.64200000 -0.00002948
1.64300000 -0.00002933
1.64400000 -0.00002918
1.64500000 -0.00002904
1.64600000 -0.00002889
1.64700000 -0.00002875
1.64800000 -0.00002861
1.64900000 -0.00002847
1.65000000 -0.00002833
1.65100000 -0.00002819
1.65200000 -0.00002805
1.65300000 -0.00002791
1.65400000 -0.00002777
1.65500000 -0.00002763
1.65600000 -0.00002750
1.65700000 -0.00002736
1.65800000 -0.00002723
1.65900000 -0.00002710
1.66000000 -0.00002696
1.66100000 -0.00002683
1.66200000 -0.00002670
1.66300000 -0.00002657
1.66400000 -0.00002644
1.66500000 -0.00002631
1.66600000 -0.00002618
1.66700000 -0.00002606
1.66800000 -0.00002593
1.66900000 -0.00002580
1.67000000 -0.00002568
1.67100000 -0.00002555
1.67200000 -0.00002543
1.67300000 -0.00002531
1.67400000 -0.00002519
1.67500000 -0.00002506
1.67600000 -0.00002494
1.67700000 -0.00002482
1.67800000 -0.00002470
1.67900000 -0.00002458
1.68000000 -0.00002447
1.68100000 -0.00002435
1.68200000 -0.00002423
1.68300000 -0.00002412
1.68400000 -0.00002400
1.68500000 -0.00002389
1.68600000 -0.00002377
1.68700000 -0.00002366
1.68800000 -0.00002355
1.68900000 -0.00002343
1.69000000 -0.00002332
1.69100000 -0.00002321
1.69200000 -0.00002310
1.69300000 -0.00002299
1.69400000 -0.00002288
1.69500000 -0.00002277
1.69600000 -0.00002267
1.69700000 -0.00002256
1.69800000 -0.00002245
1.69900000 -0.00002235
1.70000000 -0.00002224
1.70100000 -0.00002214
1.70200000 -0.00002203
1.70300000 -0.00002193
1.70400000 -0.00002183
1.70500000 -0.00002172
1.70600000 -0.00002162
1.70700000 -0.00002152
1.70800000 -0.00002142
1.70900000 -0.00002132
1.71000000 -0.00002122
1.71100000 -0.00002112
1.71200000 -0.00002102
1.71300000 -0.00002092
1.71400000 -0.00002083
1.71500000 -0.00002073
1.71600000 -0.00002063
1.71700000 -0.00002054
1.71800000 -0.00002044
1.71900000 -0.00002035
1.72000000 -0.00002025
1.72100000 -0.00002016
1.72200000 -0.00002007
1.72300000 -0.00001998
1.72400000 -0.00001988
1.72500000 -0.00001979
1.72600000 -0.00001970
1.72700000 -0.00001961
1.72800000 -0.00001952
1.72900000 -0.00001943
1.73000000 -0.00001934
1.73100000 -0.00001925
1.73200000 -0.00001916
1.73300000 -0.00001908
1.73400000 -0.00001899
1.73500000 -0.00001890
1.73600000 -0.00001882
1.73700000 -0.00001873
1.73800000 -0.00001865
1.73900000 -0.00001856
1.74000000 -0.00001848
1.74100000 -0.00001839
1.74200000 -0.00001831
1.74300000 -0.00001823
1.74400000 -0.00001814
1.74500000 -0.00001806
1.74600000 -0.00001798
1.74700000 -0.00001790
1.74800000 -0.00001782
1.74900000 -0.00001774
1.75000000 -0.00001766
1.75100000 -0.00001758
1.75200000 -0.00001750
1.75300000 -0.00001742
1.75400000 -0.00001734
1.75500000 -0.00001726
1.75600000 -0.00001719
1.75700000 -0.00001711
1.75800000 -0.00001703
1.75900000 -0.00001696
1.76000000 -0.00001688
1.76100000 -0.00001681
1.76200000 -0.00001673
1.76300000 -0.00001666
1.76400000 -0.00001658
1.76500000 -0.00001651
1.76600000 -0.00001644
1.76700000 -0.00001636
1.76800000 -0.00001629
1.76900000 -0.00001622
1.77000000 -0.00001615
1.77100000 -0.00001608
1.77200000 -0.00001600
1.77300000 -0.00001593
1.77400000 -0.00001586
1.77500000 -0.00001579
1.77600000 -0.00001572
1.77700000 -0.00001566
1.77800000 -0.00001559
1.77900000 -0.00001552
1.78000000 -0.00001545
1.78100000 -0.00001538
1.78200000 -0.00001532
1.78300000 -0.00001525
1.78400000 -0.00001518
1.78500000 -0.00001512
1.78600000 -0.00001505
1.78700000 -0.00001498
1.78800000 -0.00001492
1.78900000 -0.00001485
1.79000000 -0.00001479
1.79100000 -0.00001472
1.79200000 -0.00001466
1.79300000 -0.00001460
1.79400000 -0.00001453
1.79500000 -0.00001447
1.79600000 -0.00001441
1.79700000 -0.00001435
1.79800000 -0.00001428
1.79900000 -0.00001422
1.80000000 -0.00001416
1.80100000 -0.00001410
1.80200000 -0.00001404
1.80300000 -0.00001398
1.80400000 -0.00001392
1.80500000 -0.00001386
1.80600000 -0.00001380
1.80700000 -0.00001374
1.80800000 -0.00001368
1.80900000 -0.00001362
1.81000000 -0.00001357
1.81100000 -0.00001351
1.81200000 -0.00001345
1.81300000 -0.00001339
1.81400000 -0.00001334
1.81500000 -0.00001328
1.81600000 -0.00001322
1.81700000 -0.00001317
1.81800000 -0.00001311
1.81900000 -0.00001305
1.82000000 -0.00001300
1.82100000 -0.00001294
1.82200000 -0.00001289
1.82300000 -0.00001283
1.82400000 -0.00001278
1.82500000 -0.00001273
1.82600000 -0.00001267
1.82700000 -0.00001262
1.82800000 -0.00001257
1.82900000 -0.00001251
1.83000000 -0.00001246
1.83100000 -0.00001241
1.83200000 -0.00001236
1.83300000 -0.00001230
1.83400000 -0.00001225
1.83500000 -0.00001220
1.83600000 -0.00001215
1.83700000 -0.00001210
1.83800000 -0.00001205
1.83900000 -0.00001200
1.84000000 -0.00001195
1.84100000 -0.00001190
1.84200000 -0.00001185
1.84300000 -0.00001180
1.84400000 -0.00001175
1.84500000 -0.00001170
1.84600000 -0.00001165
1.84700000 -0.00001161
1.84800000 -0.00001156
1.84900000 -0.00001151
1.85000000 -0.00001146
1.85100000 -0.00001142
1.85200000 -0.00001137
1.85300000 -0.00001132
1.85400000 -0.00001127
1.85500000 -0.00001123
1.85600000 -0.00001118
1.85700000 -0.00001114
1.85800000 -0.00001109
1.85900000 -0.00001105
1.86000000 -0.00001100
1.86100000 -0.00001095
1.86200000 -0.00001091
1.86300000 -0.00001087
1.86400000 -0.00001082
1.86500000 -0.00001078
1.86600000 -0.00001073
1.86700000 -0.00001069
1.86800000 -0.00001065
1.86900000 -0.00001060
1.87000000 -0.00001056
1.87100000 -0.00001052
1.87200000 -0.00001047
1.87300000 -0.00001043
1.87400000 -0.00001039
1.87500000 -0.00001035
1.87600000 -0.00001030
1.87700000 -0.00001026
1.87800000 -0.00001022
1.87900000 -0.00001018
1.88000000 -0.00001014
1.88100000 -0.00001010
1.88200000 -0.00001006
1.88300000 -0.00001002
1.88400000 -0.00000998
1.88500000 -0.00000994
1.88600000 -0.00000990
1.88700000 -0.00000986
1.88800000 -0.00000982
1.88900000 -0.00000978
1.89000000 -0.00000974
1.89100000 -0.00000970
1.89200000 -0.00000966
1.89300000 -0.00000962
1.89400000 -0.00000958
1.89500000 -0.00000955
1.89600000 -0.00000951
1.89700000 -0.00000947
1.89800000 -0.00000943
1.89900000 -0.00000940
1.90000000 -0.00000936
1.90100000 -0.00000932
1.90200000 -0.00000928
1.90300000 -0.00000925
1.90400000 -0.00000921
1.90500000 -0.00000917
1.90600000 -0.00000914
1.90700000 -0.00000910
1.90800000 -0.00000907
1.90900000 -0.00000903
1.91000000 -0.00000899
1.91100000 -0.00000896
1.91200000 -0.00000892
1.91300000 -0.00000889
1.91400000 -0.00000885
1.91500000 -0.00000882
1.91600000 -0.00000878
1.91700000 -0.00000875
1.91800000 -0.00000872
1.91900000 -0.00000868
1.92000000 -0.00000865
1.92100000 -0.00000861
1.92200000 -0.00000858
1.92300000 -0.00000855
1.92400000 -0.00000851
1.92500000 -0.00000848
1.92600000 -0.00000845
1.92700000 -0.00000841
1.92800000 -0.00000838
1.92900000 -0.00000835
1.93000000 -0.00000832
1.93100000 -0.00000828
1.93200000 -0.00000825
1.93300000 -0.00000822
1.93400000 -0.00000819
1.93500000 -0.00000816
1.93600000 -0.00000813
1.93700000 -0.00000809
1.93800000 -0.00000806
1.93900000 -0.00000803
1.94000000 -0.00000800
1.94100000 -0.00000797
1.94200000 -0.00000794
1.94300000 -0.00000791
1.94400000 -0.00000788
1.94500000 -0.00000785
1.94600000 -0.00000782
1.94700000 -0.00000779
1.94800000 -0.00000776
1.94900000 -0.00000773
1.95000000 -0.00000770
1.95100000 -0.00000767
1.95200000 -0.00000764
1.95300000 -0.00000761
1.95400000 -0.00000758
1.95500000 -0.00000755
1.95600000 -0.00000753
1.95700000 -0.00000750
1.95800000 -0.00000747
1.95900000 -0.00000744
1.96000000 -0.00000741
1.96100000 -0.00000738
1.96200000 -0.00000736
1.96300000 -0.00000733
1.96400000 -0.00000730
1.96500000 -0.00000727
1.96600000 -0.00000725
1.96700000 -0.00000722
1.96800000 -0.00000719
1.96900000 -0.00000716
1.97000000 -0.00000714
1.97100000 -0.00000711
1.97200000 -0.00000708
1.97300000 -0.00000706
1.97400000 -0.00000703
1.97500000 -0.00000700
1.97600000 -0.00000698
1.97700000 -0.00000695
1.97800000 -0.00000693
1.97900000 -0.00000690
1.98000000 -0.00000687
1.98100000 -0.00000685
1.98200000 -0.00000682
1.98300000 -0.00000680
1.98400000 -0.00000677
1.98500000 -0.00000675
1.98600000 -0.00000672
1.98700000 -0.00000670
1.98800000 -0.00000667
1.98900000 -0.00000665
1.99000000 -0.00000662
1.99100000 -0.00000660
1.99200000 -0.00000657
1.99300000 -0.00000655
1.99400000 -0.00000653
1.99500000 -0.00000650
1.99600000 -0.00000648
1.99700000 -0.00000645
1.99800000 -0.00000643
1.99900000 -0.00000641
2.00000000 -0.00000638
