0.10000000 313405201969.51275635
0.10100000 275376859931.48138428
0.10200000 242271387229.77053833
0.10300000 213412300188.46578979
0.10400000 188221364128.62182617
0.10500000 166203569974.31213379
0.10600000 146934521363.63925171
0.10700000 130049827650.53065491
0.10800000 115236169042.53442383
0.10900000 102223758063.33535767
0.11000000 90779969001.27917480
0.11100000 80703945972.06846619
0.11200000 71822032267.90228271
0.11300000 63983890064.21324921
0.11400000 57059201341.96797943
0.11500000 50934858895.33426666
0.11600000 45512571210.96814728
0.11700000 40706817378.95652771
0.11800000 36443098476.94561768
0.11900000 32656440425.84010696
0.12000000 29290110448.32406616
0.12100000 26294515216.62169266
0.12200000 23626253755.49078369
0.12300000 21247302336.55335999
0.12400000 19124312097.49944305
0.12500000 17228003057.25315094
0.12600000 15532640669.04810333
0.12700000 14015583134.60548210
0.12800000 12656889458.12325859
0.12900000 11438979701.57656288
0.13000000 10346340156.95500374
0.13100000 9365267213.19397163
0.13200000 8483644596.26143074
0.13300000 7690749425.65565491
0.13400000 6977083180.78347301
0.13500000 6334224224.17765617
0.13600000 5754699000.24358845
0.13700000 5231869430.76183319
0.13800000 4759834372.27351189
0.13900000 4333343294.62556934
0.14000000 3947720591.84083891
0.14100000 3598799152.42107391
0.14200000 3282862001.52678871
0.14300000 2996590986.72015905
0.14400000 2737021615.92899847
0.14500000 2501503274.23233128
0.14600000 2287664147.73247528
0.14700000 2093380270.50307775
0.14800000 1916748186.37650800
0.14900000 1756060782.85188866
0.15000000 1609785911.11173224
0.15100000 1476547455.26409817
0.15200000 1355108556.53248262
0.15300000 1244356735.09907651
0.15400000 1143290684.44078612
0.15500000 1051008540.94369340
0.15600000 966697455.90833127
0.15700000 889624318.25367939
0.15800000 819127494.71147740
0.15900000 754609470.43575931
0.16000000 695530287.04658055
0.16100000 641401687.45015395
0.16200000 591781887.56171739
0.16300000 546270904.50263822
0.16400000 504506379.12260723
0.16500000 466159837.96118379
0.16600000 430933346.14024562
0.16700000 398556508.28266966
0.16800000 368783779.48054492
0.16900000 341392052.67328560
0.17000000 316178492.61597943
0.17100000 292958589.98538667
0.17200000 271564412.14114690
0.17300000 251843029.68168214
0.17400000 233655100.25054601
0.17500000 216873593.09669453
0.17600000 201382639.70374185
0.17700000 187076497.40713957
0.17800000 173858614.33914790
0.17900000 161640785.30121443
0.18000000 150342389.28099364
0.18100000 139889700.32342896
0.18200000 130215264.34675106
0.18300000 121257335.27780479
0.18400000 112959364.57812734
0.18500000 105269538.85262345
0.18600000 98140360.78529091
0.18700000 91528269.13896485
0.18800000 85393293.99528500
0.18900000 79698743.80305079
0.19000000 74410921.15311907
0.19100000 69498864.51070397
0.19200000 64934113.41549477
0.19300000 60690494.91008203
0.19400000 56743929.18101244
0.19500000 53072252.59725130
0.19600000 49655056.51046304
0.19700000 46473540.34257680
0.19800000 43510377.63059371
0.19900000 40749593.82828552
0.20000000 38176454.78091572
0.20100000 35777364.89378343
0.20200000 33539774.10949815
0.20300000 31452092.89355038
0.20400000 29503614.50393829
0.20500000 27684443.88922641
0.20600000 25985432.62123514
0.20700000 24398119.32428927
0.20800000 22914675.11321863
0.20900000 21527853.59766028
0.21000000 20230945.05116117
0.21100000 19017734.38056866
0.21200000 17882462.56462303
0.21300000 16819791.26088947
0.21400000 15824770.30750616
0.21500000 14892807.87096821
0.21600000 14019643.01357039
0.21700000 13201320.47442601
0.21800000 12434167.47637226
0.21900000 11714772.38774899
0.22000000 11039965.08316585
0.22100000 10406798.86110173
0.22200000 9812533.78864549
0.22300000 9254621.35500903
0.22400000 8730690.32573339
0.22500000 8238533.69886203
0.22600000 7776096.67286353
0.22700000 7341465.54382696
0.22800000 6932857.45650003
0.22900000 6548610.94015731
0.23000000 6187177.16613244
0.23100000 5847111.86917676
0.23200000 5527067.87966547
0.23300000 5225788.21810441
0.23400000 4942099.70743460
0.23500000 4674907.06232380
0.23600000 4423187.41800604
0.23700000 4185985.26431038
0.23800000 3962407.75333577
0.23900000 3751620.35180276
0.24000000 3552842.81146758
0.24100000 3365345.43313832
0.24200000 3188445.60180504
0.24300000 3021504.57220124
0.24400000 2863924.48576860
0.24500000 2715145.60151213
0.24600000 2574643.72462293
0.24700000 2441927.81801960
0.24800000 2316537.78312824
0.24900000 2198042.39729397
0.25000000 2086037.39620102
0.25100000 1980143.69058332
0.25200000 1880005.70733771
0.25300000 1785289.84591545
0.25400000 1695683.04156940
0.25500000 1610891.42767944
0.25600000 1530639.08997239
0.25700000 1454666.90599851
0.25800000 1382731.46373006
0.25900000 1314604.05360945
0.26000000 1250069.72880175
0.26100000 1188926.42879846
0.26200000 1130984.16188205
0.26300000 1076064.24229419
0.26400000 1023998.57825877
0.26500000 974629.00729460
0.26600000 927806.67551482
0.26700000 883391.45785210
0.26800000 841251.41637186
0.26900000 801262.29404240
0.27000000 763307.04152107
0.27100000 727275.37469224
0.27200000 693063.36085535
0.27300000 660573.03161212
0.27400000 629712.02064141
0.27500000 600393.22467887
0.27600000 572534.48613813
0.27700000 546058.29592061
0.27800000 520891.51506332
0.27900000 496965.11396887
0.28000000 474213.92804964
0.28100000 452576.42869947
0.28200000 431994.50858172
0.28300000 412413.28029248
0.28400000 393780.88752259
0.28500000 376048.32790247
0.28600000 359169.28676944
0.28700000 343099.98114938
0.28800000 327799.01329246
0.28900000 313227.23314764
0.29000000 299347.60920215
0.29100000 286125.10715073
0.29200000 273526.57589546
0.29300000 261520.64041026
0.29400000 250077.60103531
0.29500000 239169.33879540
0.29600000 228769.22636336
0.29700000 218852.04431431
0.29800000 209393.90234023
0.29900000 200372.16511567
0.30000000 191765.38252590
0.30100000 183553.22398725
0.30200000 175716.41660749
0.30300000 168236.68694976
0.30400000 161096.70617940
0.30500000 154280.03838684
0.30600000 147771.09189314
0.30700000 141555.07335707
0.30800000 135617.94451426
0.30900000 129946.38138948
0.31000000 124527.73583348
0.31100000 119349.99924484
0.31200000 114401.76834651
0.31300000 109672.21289431
0.31400000 105151.04520297
0.31500000 100828.49138182
0.31600000 96695.26417947
0.31700000 92742.53734258
0.31800000 88961.92140008
0.31900000 85345.44078939
0.32000000 81885.51224641
0.32100000 78574.92438588
0.32200000 75406.81840300
0.32300000 72374.66983174
0.32400000 69472.27129877
0.32500000 66693.71621593
0.32600000 64033.38335759
0.32700000 61485.92227220
0.32800000 59046.23948075
0.32900000 56709.48541730
0.33000000 54471.04206983
0.33100000 52326.51128169
0.33200000 50271.70367658
0.33300000 48302.62817218
0.33400000 46415.48204938
0.33500000 44606.64154619
0.33600000 42872.65294727
0.33700000 41210.22414139
0.33800000 39616.21662117
0.33900000 38087.63790064
0.34000000 36621.63432763
0.34100000 35215.48426944
0.34200000 33866.59165137
0.34300000 32572.47982877
0.34400000 31330.78577474
0.34500000 30139.25456613
0.34600000 28995.73415192
0.34700000 27898.17038858
0.34800000 26844.60232831
0.34900000 25833.15774636
0.35000000 24862.04889490
0.35100000 23929.56847116
0.35200000 23034.08578860
0.35300000 22174.04314035
0.35400000 21347.95234466
0.35500000 20554.39146288
0.35600000 19792.00168089
0.35700000 19059.48434533
0.35800000 18355.59814669
0.35900000 17679.15644145
0.36000000 17029.02470618
0.36100000 16404.11811668
0.36200000 15803.39924572
0.36300000 15225.87587330
0.36400000 14670.59890355
0.36500000 14136.66038294
0.36600000 13623.19161450
0.36700000 13129.36136326
0.36800000 12654.37414815
0.36900000 12197.46861604
0.37000000 11757.91599387
0.37100000 11335.01861467
0.37200000 10928.10851403
0.37300000 10536.54609328
0.37400000 10159.71884618
0.37500000 9797.04014581
0.37600000 9447.94808888
0.37700000 9111.90439428
0.37800000 8788.39335355
0.37900000 8476.92083041
0.38000000 8177.01330710
0.38100000 7888.21697515
0.38200000 7610.09686848
0.38300000 7342.23603662
0.38400000 7084.23475627
0.38500000 6835.70977918
0.38600000 6596.29361471
0.38700000 6365.63384524
0.38800000 6143.39247306
0.38900000 5929.24529701
0.39000000 5722.88131751
0.39100000 5524.00216878
0.39200000 5332.32157660
0.39300000 5147.56484079
0.39400000 4969.46834093
0.39500000 4797.77906438
0.39600000 4632.25415547
0.39700000 4472.66048489
0.39800000 4318.77423837
0.39900000 4170.38052360
0.40000000 4027.27299471
0.40100000 3889.25349342
0.40200000 3756.13170599
0.40300000 3627.72483540
0.40400000 3503.85728792
0.40500000 3384.36037349
0.40600000 3269.07201920
0.40700000 3157.83649531
0.40800000 3050.50415325
0.40900000 2946.93117500
0.41000000 2846.97933336
0.41100000 2750.51576259
0.41200000 2657.41273900
0.41300000 2567.54747097
0.41400000 2480.80189802
0.41500000 2397.06249850
0.41600000 2316.22010551
0.41700000 2238.16973070
0.41800000 2162.81039556
0.41900000 2090.04496991
0.42000000 2019.78001723
0.42100000 1951.92564652
0.42200000 1886.39537045
0.42300000 1823.10596949
0.42400000 1761.97736170
0.42500000 1702.93247806
0.42600000 1645.89714295
0.42700000 1590.79995967
0.42800000 1537.57220070
0.42900000 1486.14770254
0.43000000 1436.46276490
0.43100000 1388.45605411
0.43200000 1342.06851041
0.43300000 1297.24325920
0.43400000 1253.92552583
0.43500000 1212.06255394
0.43600000 1171.60352715
0.43700000 1132.49949389
0.43800000 1094.70329537
0.43900000 1058.16949645
0.44000000 1022.85431925
0.44100000 988.71557959
0.44200000 955.71262589
0.44300000 923.80628051
0.44400000 892.95878359
0.44500000 863.13373900
0.44600000 834.29606253
0.44700000 806.41193215
0.44800000 779.44874020
0.44900000 753.37504757
0.45000000 728.16053963
0.45100000 703.77598394
0.45200000 680.19318963
0.45300000 657.38496836
0.45400000 635.32509684
0.45500000 613.98828087
0.45600000 593.35012065
0.45700000 573.38707764
0.45800000 554.07644255
0.45900000 535.39630465
0.46000000 517.32552232
0.46100000 499.84369461
0.46200000 482.93113406
0.46300000 466.56884046
0.46400000 450.73847566
0.46500000 435.42233934
0.46600000 420.60334577
0.46700000 406.26500133
0.46800000 392.39138308
0.46900000 378.96711792
0.47000000 365.97736278
0.47100000 353.40778537
0.47200000 341.24454581
0.47300000 329.47427882
0.47400000 318.08407671
0.47500000 307.06147293
0.47600000 296.39442626
0.47700000 286.07130564
0.47800000 276.08087547
0.47900000 266.41228156
0.48000000 257.05503758
0.48100000 247.99901196
0.48200000 239.23441535
0.48300000 230.75178851
0.48400000 222.54199066
0.48500000 214.59618825
0.48600000 206.90584415
0.48700000 199.46270728
0.48800000 192.25880251
0.48900000 185.28642109
0.49000000 178.53811129
0.49100000 172.00666945
0.49200000 165.68513137
0.49300000 159.56676395
0.49400000 153.64505723
0.49500000 147.91371662
0.49600000 142.36665547
0.49700000 136.99798790
0.49800000 131.80202190
0.49900000 126.77325262
0.50000000 121.90635599
0.50100000 117.19618252
0.50200000 112.63775132
0.50300000 108.22624431
0.50400000 103.95700073
0.50500000 99.82551177
0.50600000 95.82741535
0.50700000 91.95849122
0.50800000 88.21465612
0.50900000 84.59195914
0.51000000 81.08657728
0.51100000 77.69481111
0.51200000 74.41308064
0.51300000 71.23792129
0.51400000 68.16598001
0.51500000 65.19401158
0.51600000 62.31887499
0.51700000 59.53752992
0.51800000 56.84703347
0.51900000 54.24453683
0.52000000 51.72728221
0.52100000 49.29259983
0.52200000 46.93790493
0.52300000 44.66069506
0.52400000 42.45854727
0.52500000 40.32911557
0.52600000 38.27012833
0.52700000 36.27938588
0.52800000 34.35475812
0.52900000 32.49418227
0.53000000 30.69566064
0.53100000 28.95725852
0.53200000 27.27710212
0.53300000 25.65337657
0.53400000 24.08432404
0.53500000 22.56824187
0.53600000 21.10348075
0.53700000 19.68844304
0.53800000 18.32158109
0.53900000 17.00139558
0.54000000 15.72643402
0.54100000 14.49528921
0.54200000 13.30659780
0.54300000 12.15903886
0.54400000 11.05133254
0.54500000 9.98223875
0.54600000 8.95055587
0.54700000 7.95511954
0.54800000 6.99480150
0.54900000 6.06850836
0.55000000 5.17518056
0.55100000 4.31379129
0.55200000 3.48334541
0.55300000 2.68287848
0.55400000 1.91145578
0.55500000 1.16817138
0.55600000 0.45214720
0.55700000 -0.23746783
0.55800000 -0.90149864
0.55900000 -1.54074484
0.56000000 -2.15598151
0.56100000 -2.74795998
0.56200000 -3.31740858
0.56300000 -3.86503331
0.56400000 -4.39151861
0.56500000 -4.89752799
0.56600000 -5.38370469
0.56700000 -5.85067230
0.56800000 -6.29903540
0.56900000 -6.72938013
0.57000000 -7.14227476
0.57100000 -7.53827027
0.57200000 -7.91790085
0.57300000 -8.28168443
0.57400000 -8.63012320
0.57500000 -8.96370409
0.57600000 -9.28289922
0.57700000 -9.58816638
0.57800000 -9.87994945
0.57900000 -10.15867885
0.58000000 -10.42477195
0.58100000 -10.67863344
0.58200000 -10.92065575
0.58300000 -11.15121943
0.58400000 -11.37069348
0.58500000 -11.57943573
0.58600000 -11.77779319
0.58700000 -11.96610233
0.58800000 -12.14468945
0.58900000 -12.31387100
0.59000000 -12.47395380
0.59100000 -12.62523543
0.59200000 -12.76800445
0.59300000 -12.90254068
0.59400000 -13.02911550
0.59500000 -13.14799205
0.59600000 -13.25942553
0.59700000 -13.36366340
0.59800000 -13.46094567
0.59900000 -13.55150503
0.60000000 -13.63556718
0.60100000 -13.71335097
0.60200000 -13.78506861
0.60300000 -13.85092590
0.60400000 -13.91112241
0.60500000 -13.96585165
0.60600000 -14.01530127
0.60700000 -14.05965325
0.60800000 -14.09908401
0.60900000 -14.13376467
0.61000000 -14.16386112
0.61100000 -14.18953421
0.61200000 -14.21093993
0.61300000 -14.22822951
0.61400000 -14.24154958
0.61500000 -14.25104231
0.61600000 -14.25684555
0.61700000 -14.25909294
0.61800000 -14.25791404
0.61900000 -14.25343447
0.62000000 -14.24577599
0.62100000 -14.23505667
0.62200000 -14.22139095
0.62300000 -14.20488975
0.62400000 -14.18566062
0.62500000 -14.16380778
0.62600000 -14.13943228
0.62700000 -14.11263204
0.62800000 -14.08350197
0.62900000 -14.05213406
0.63000000 -14.01861746
0.63100000 -13.98303855
0.63200000 -13.94548105
0.63300000 -13.90602610
0.63400000 -13.86475229
0.63500000 -13.82173579
0.63600000 -13.77705039
0.63700000 -13.73076758
0.63800000 -13.68295663
0.63900000 -13.63368462
0.64000000 -13.58301654
0.64100000 -13.53101535
0.64200000 -13.47774200
0.64300000 -13.42325554
0.64400000 -13.36761316
0.64500000 -13.31087022
0.64600000 -13.25308033
0.64700000 -13.19429540
0.64800000 -13.13456569
0.64900000 -13.07393984
0.65000000 -13.01246494
0.65100000 -12.95018657
0.65200000 -12.88714883
0.65300000 -12.82339440
0.65400000 -12.75896460
0.65500000 -12.69389937
0.65600000 -12.62823738
0.65700000 -12.56201603
0.65800000 -12.49527147
0.65900000 -12.42803869
0.66000000 -12.36035151
0.66100000 -12.29224263
0.66200000 -12.22374368
0.66300000 -12.15488520
0.66400000 -12.08569675
0.66500000 -12.01620685
0.66600000 -11.94644310
0.66700000 -11.87643213
0.66800000 -11.80619968
0.66900000 -11.73577060
0.67000000 -11.66516890
0.67100000 -11.59441775
0.67200000 -11.52353950
0.67300000 -11.45255576
0.67400000 -11.38148735
0.67500000 -11.31035435
0.67600000 -11.23917616
0.67700000 -11.16797147
0.67800000 -11.09675828
0.67900000 -11.02555397
0.68000000 -10.95437528
0.68100000 -10.88323832
0.68200000 -10.81215864
0.68300000 -10.74115118
0.68400000 -10.67023034
0.68500000 -10.59940997
0.68600000 -10.52870340
0.68700000 -10.45812345
0.68800000 -10.38768243
0.68900000 -10.31739221
0.69000000 -10.24726414
0.69100000 -10.17730917
0.69200000 -10.10753778
0.69300000 -10.03796004
0.69400000 -9.96858561
0.69500000 -9.89942375
0.69600000 -9.83048332
0.69700000 -9.76177283
0.69800000 -9.69330041
0.69900000 -9.62507384
0.70000000 -9.55710057
0.70100000 -9.48938771
0.70200000 -9.42194206
0.70300000 -9.35477009
0.70400000 -9.28787798
0.70500000 -9.22127163
0.70600000 -9.15495665
0.70700000 -9.08893838
0.70800000 -9.02322187
0.70900000 -8.95781196
0.71000000 -8.89271320
0.71100000 -8.82792992
0.71200000 -8.76346622
0.71300000 -8.69932596
0.71400000 -8.63551280
0.71500000 -8.57203017
0.71600000 -8.50888130
0.71700000 -8.44606924
0.71800000 -8.38359684
0.71900000 -8.32146674
0.72000000 -8.25968144
0.72100000 -8.19824324
0.72200000 -8.13715428
0.72300000 -8.07641654
0.72400000 -8.01603184
0.72500000 -7.95600185
0.72600000 -7.89632809
0.72700000 -7.83701196
0.72800000 -7.77805468
0.72900000 -7.71945739
0.73000000 -7.66122105
0.73100000 -7.60334653
0.73200000 -7.54583458
0.73300000 -7.48868583
0.73400000 -7.43190078
0.73500000 -7.37547986
0.73600000 -7.31942336
0.73700000 -7.26373149
0.73800000 -7.20840436
0.73900000 -7.15344200
0.74000000 -7.09884432
0.74100000 -7.04461117
0.74200000 -6.99074231
0.74300000 -6.93723742
0.74400000 -6.88409610
0.74500000 -6.83131787
0.74600000 -6.77890219
0.74700000 -6.72684845
0.74800000 -6.67515596
0.74900000 -6.62382400
0.75000000 -6.57285174
0.75100000 -6.52223833
0.75200000 -6.47198286
0.75300000 -6.42208434
0.75400000 -6.37254175
0.75500000 -6.32335402
0.75600000 -6.27452002
0.75700000 -6.22603858
0.75800000 -6.17790850
0.75900000 -6.13012852
0.76000000 -6.08269733
0.76100000 -6.03561362
0.76200000 -5.98887600
0.76300000 -5.94248308
0.76400000 -5.89643342
0.76500000 -5.85072553
0.76600000 -5.80535793
0.76700000 -5.76032909
0.76800000 -5.71563744
0.76900000 -5.67128140
0.77000000 -5.62725937
0.77100000 -5.58356970
0.77200000 -5.54021076
0.77300000 -5.49718085
0.77400000 -5.45447829
0.77500000 -5.41210137
0.77600000 -5.37004834
0.77700000 -5.32831746
0.77800000 -5.28690697
0.77900000 -5.24581508
0.78000000 -5.20504001
0.78100000 -5.16457995
0.78200000 -5.12443308
0.78300000 -5.08459758
0.78400000 -5.04507160
0.78500000 -5.00585329
0.78600000 -4.96694081
0.78700000 -4.92833229
0.78800000 -4.89002585
0.78900000 -4.85201962
0.79000000 -4.81431172
0.79100000 -4.77690026
0.79200000 -4.73978334
0.79300000 -4.70295908
0.79400000 -4.66642556
0.79500000 -4.63018090
0.79600000 -4.59422318
0.79700000 -4.55855050
0.79800000 -4.52316097
0.79900000 -4.48805266
0.80000000 -4.45322367
0.80100000 -4.41867211
0.80200000 -4.38439605
0.80300000 -4.35039361
0.80400000 -4.31666288
0.80500000 -4.28320196
0.80600000 -4.25000896
0.80700000 -4.21708198
0.80800000 -4.18441913
0.80900000 -4.15201853
0.81000000 -4.11987829
0.81100000 -4.08799654
0.81200000 -4.05637140
0.81300000 -4.02500100
0.81400000 -3.99388349
0.81500000 -3.96301701
0.81600000 -3.93239970
0.81700000 -3.90202972
0.81800000 -3.87190523
0.81900000 -3.84202440
0.82000000 -3.81238540
0.82100000 -3.78298642
0.82200000 -3.75382563
0.82300000 -3.72490125
0.82400000 -3.69621146
0.82500000 -3.66775449
0.82600000 -3.63952855
0.82700000 -3.61153187
0.82800000 -3.58376268
0.82900000 -3.55621922
0.83000000 -3.52889976
0.83100000 -3.50180254
0.83200000 -3.47492584
0.83300000 -3.44826793
0.83400000 -3.42182711
0.83500000 -3.39560167
0.83600000 -3.36958991
0.83700000 -3.34379015
0.83800000 -3.31820070
0.83900000 -3.29281992
0.84000000 -3.26764613
0.84100000 -3.24267769
0.84200000 -3.21791296
0.84300000 -3.19335031
0.84400000 -3.16898813
0.84500000 -3.14482480
0.84600000 -3.12085873
0.84700000 -3.09708832
0.84800000 -3.07351200
0.84900000 -3.05012819
0.85000000 -3.02693534
0.85100000 -3.00393190
0.85200000 -2.98111632
0.85300000 -2.95848709
0.85400000 -2.93604267
0.85500000 -2.91378157
0.85600000 -2.89170227
0.85700000 -2.86980329
0.85800000 -2.84808316
0.85900000 -2.82654040
0.86000000 -2.80517356
0.86100000 -2.78398118
0.86200000 -2.76296183
0.86300000 -2.74211408
0.86400000 -2.72143651
0.86500000 -2.70092771
0.86600000 -2.68058629
0.86700000 -2.66041085
0.86800000 -2.64040003
0.86900000 -2.62055244
0.87000000 -2.60086674
0.87100000 -2.58134157
0.87200000 -2.56197560
0.87300000 -2.54276750
0.87400000 -2.52371595
0.87500000 -2.50481964
0.87600000 -2.48607728
0.87700000 -2.46748757
0.87800000 -2.44904924
0.87900000 -2.43076101
0.88000000 -2.41262164
0.88100000 -2.39462986
0.88200000 -2.37678444
0.88300000 -2.35908415
0.88400000 -2.34152776
0.88500000 -2.32411407
0.88600000 -2.30684187
0.88700000 -2.28970998
0.88800000 -2.27271720
0.88900000 -2.25586236
0.89000000 -2.23914431
0.89100000 -2.22256188
0.89200000 -2.20611392
0.89300000 -2.18979931
0.89400000 -2.17361692
0.89500000 -2.15756561
0.89600000 -2.14164429
0.89700000 -2.12585186
0.89800000 -2.11018722
0.89900000 -2.09464929
0.90000000 -2.07923699
0.90100000 -2.06394927
0.90200000 -2.04878506
0.90300000 -2.03374331
0.90400000 -2.01882299
0.90500000 -2.00402306
0.90600000 -1.98934251
0.90700000 -1.97478032
0.90800000 -1.96033548
0.90900000 -1.94600700
0.91000000 -1.93179388
0.91100000 -1.91769516
0.91200000 -1.90370984
0.91300000 -1.88983698
0.91400000 -1.87607561
0.91500000 -1.86242479
0.91600000 -1.84888357
0.91700000 -1.83545103
0.91800000 -1.82212623
0.91900000 -1.80890826
0.92000000 -1.79579622
0.92100000 -1.78278920
0.92200000 -1.76988631
0.92300000 -1.75708666
0.92400000 -1.74438938
0.92500000 -1.73179358
0.92600000 -1.71929842
0.92700000 -1.70690302
0.92800000 -1.69460655
0.92900000 -1.68240817
0.93000000 -1.67030703
0.93100000 -1.65830231
0.93200000 -1.64639319
0.93300000 -1.63457885
0.93400000 -1.62285850
0.93500000 -1.61123133
0.93600000 -1.59969654
0.93700000 -1.58825336
0.93800000 -1.57690100
0.93900000 -1.56563870
0.94000000 -1.55446568
0.94100000 -1.54338119
0.94200000 -1.53238447
0.94300000 -1.52147479
0.94400000 -1.51065139
0.94500000 -1.49991356
0.94600000 -1.48926055
0.94700000 -1.47869166
0.94800000 -1.46820616
0.94900000 -1.45780336
0.95000000 -1.44748254
0.95100000 -1.43724301
0.95200000 -1.42708409
0.95300000 -1.41700509
0.95400000 -1.40700533
0.95500000 -1.39708414
0.95600000 -1.38724086
0.95700000 -1.37747482
0.95800000 -1.36778537
0.95900000 -1.35817187
0.96000000 -1.34863367
0.96100000 -1.33917013
0.96200000 -1.32978063
0.96300000 -1.32046453
0.96400000 -1.31122122
0.96500000 -1.30205007
0.96600000 -1.29295049
0.96700000 -1.28392187
0.96800000 -1.27496361
0.96900000 -1.26607511
0.97000000 -1.25725578
0.97100000 -1.24850505
0.97200000 -1.23982234
0.97300000 -1.23120707
0.97400000 -1.22265867
0.97500000 -1.21417658
0.97600000 -1.20576024
0.97700000 -1.19740910
0.97800000 -1.18912262
0.97900000 -1.18090024
0.98000000 -1.17274143
0.98100000 -1.16464565
0.98200000 -1.15661238
0.98300000 -1.14864110
0.98400000 -1.14073127
0.98500000 -1.13288239
0.98600000 -1.12509394
0.98700000 -1.11736542
0.98800000 -1.10969633
0.98900000 -1.10208617
0.99000000 -1.09453444
0.99100000 -1.08704067
0.99200000 -1.07960435
0.99300000 -1.07222502
0.99400000 -1.06490219
0.99500000 -1.05763540
0.99600000 -1.05042417
0.99700000 -1.04326805
0.99800000 -1.03616657
0.99900000 -1.02911928
1.00000000 -1.02212573
1.00100000 -1.01518547
1.00200000 -1.00829806
1.00300000 -1.00146306
1.00400000 -0.99468002
1.00500000 -0.98794853
1.00600000 -0.98126815
1.00700000 -0.97463845
1.00800000 -0.96805903
1.00900000 -0.96152945
1.01000000 -0.95504931
1.01100000 -0.94861820
1.01200000 -0.94223571
1.01300000 -0.93590144
1.01400000 -0.92961499
1.01500000 -0.92337596
1.01600000 -0.91718397
1.01700000 -0.91103863
1.01800000 -0.90493954
1.01900000 -0.89888634
1.02000000 -0.89287863
1.02100000 -0.88691605
1.02200000 -0.88099823
1.02300000 -0.87512479
1.02400000 -0.86929537
1.02500000 -0.86350961
1.02600000 -0.85776715
1.02700000 -0.85206763
1.02800000 -0.84641071
1.02900000 -0.84079602
1.03000000 -0.83522324
1.03100000 -0.82969201
1.03200000 -0.82420199
1.03300000 -0.81875284
1.03400000 -0.81334424
1.03500000 -0.80797585
1.03600000 -0.80264734
1.03700000 -0.79735838
1.03800000 -0.79210866
1.03900000 -0.78689785
1.04000000 -0.78172564
1.04100000 -0.77659170
1.04200000 -0.77149574
1.04300000 -0.76643744
1.04400000 -0.76141649
1.04500000 -0.75643260
1.04600000 -0.75148545
1.04700000 -0.74657476
1.04800000 -0.74170022
1.04900000 -0.73686154
1.05000000 -0.73205844
1.05100000 -0.72729062
1.05200000 -0.72255781
1.05300000 -0.71785970
1.05400000 -0.71319604
1.05500000 -0.70856653
1.05600000 -0.70397090
1.05700000 -0.69940888
1.05800000 -0.69488020
1.05900000 -0.69038459
1.06000000 -0.68592177
1.06100000 -0.68149150
1.06200000 -0.67709351
1.06300000 -0.67272753
1.06400000 -0.66839331
1.06500000 -0.66409060
1.06600000 -0.65981914
1.06700000 -0.65557868
1.06800000 -0.65136898
1.06900000 -0.64718979
1.07000000 -0.64304086
1.07100000 -0.63892195
1.07200000 -0.63483282
1.07300000 -0.63077323
1.07400000 -0.62674296
1.07500000 -0.62274176
1.07600000 -0.61876940
1.07700000 -0.61482565
1.07800000 -0.61091029
1.07900000 -0.60702309
1.08000000 -0.60316382
1.08100000 -0.59933227
1.08200000 -0.59552822
1.08300000 -0.59175143
1.08400000 -0.58800171
1.08500000 -0.58427883
1.08600000 -0.58058259
1.08700000 -0.57691276
1.08800000 -0.57326915
1.08900000 -0.56965155
1.09000000 -0.56605974
1.09100000 -0.56249353
1.09200000 -0.55895272
1.09300000 -0.55543710
1.09400000 -0.55194648
1.09500000 -0.54848066
1.09600000 -0.54503944
1.09700000 -0.54162263
1.09800000 -0.53823004
1.09900000 -0.53486148
1.10000000 -0.53151676
1.10100000 -0.52819570
1.10200000 -0.52489810
1.10300000 -0.52162379
1.10400000 -0.51837259
1.10500000 -0.51514430
1.10600000 -0.51193876
1.10700000 -0.50875578
1.10800000 -0.50559519
1.10900000 -0.50245682
1.11000000 -0.49934049
1.11100000 -0.49624603
1.11200000 -0.49317327
1.11300000 -0.49012204
1.11400000 -0.48709217
1.11500000 -0.48408350
1.11600000 -0.48109587
1.11700000 -0.47812911
1.11800000 -0.47518305
1.11900000 -0.47225755
1.12000000 -0.46935243
1.12100000 -0.46646755
1.12200000 -0.46360274
1.12300000 -0.46075785
1.12400000 -0.45793273
1.12500000 -0.45512722
1.12600000 -0.45234118
1.12700000 -0.44957445
1.12800000 -0.44682688
1.12900000 -0.44409833
1.13000000 -0.44138866
1.13100000 -0.43869770
1.13200000 -0.43602534
1.13300000 -0.43337141
1.13400000 -0.43073578
1.13500000 -0.42811831
1.13600000 -0.42551886
1.13700000 -0.42293729
1.13800000 -0.42037347
1.13900000 -0.41782725
1.14000000 -0.41529851
1.14100000 -0.41278712
1.14200000 -0.41029293
1.14300000 -0.40781582
1.14400000 -0.40535567
1.14500000 -0.40291233
1.14600000 -0.40048568
1.14700000 -0.39807560
1.14800000 -0.39568196
1.14900000 -0.39330463
1.15000000 -0.39094350
1.15100000 -0.38859843
1.15200000 -0.38626932
1.15300000 -0.38395603
1.15400000 -0.38165844
1.15500000 -0.37937645
1.15600000 -0.37710992
1.15700000 -0.37485875
1.15800000 -0.37262282
1.15900000 -0.37040201
1.16000000 -0.36819621
1.16100000 -0.36600531
1.16200000 -0.36382920
1.16300000 -0.36166775
1.16400000 -0.35952088
1.16500000 -0.35738845
1.16600000 -0.35527038
1.16700000 -0.35316654
1.16800000 -0.35107684
1.16900000 -0.34900116
1.17000000 -0.34693940
1.17100000 -0.34489147
1.17200000 -0.34285725
1.17300000 -0.34083664
1.17400000 -0.33882954
1.17500000 -0.33683585
1.17600000 -0.33485548
1.17700000 -0.33288831
1.17800000 -0.33093426
1.17900000 -0.32899323
1.18000000 -0.32706512
1.18100000 -0.32514983
1.18200000 -0.32324727
1.18300000 -0.32135735
1.18400000 -0.31947996
1.18500000 -0.31761503
1.18600000 -0.31576245
1.18700000 -0.31392214
1.18800000 -0.31209401
1.18900000 -0.31027796
1.19000000 -0.30847390
1.19100000 -0.30668176
1.19200000 -0.30490143
1.19300000 -0.30313284
1.19400000 -0.30137589
1.19500000 -0.29963051
1.19600000 -0.29789661
1.19700000 -0.29617410
1.19800000 -0.29446289
1.19900000 -0.29276292
1.20000000 -0.29107409
1.20100000 -0.28939632
1.20200000 -0.28772953
1.20300000 -0.28607365
1.20400000 -0.28442859
1.20500000 -0.28279428
1.20600000 -0.28117063
1.20700000 -0.27955756
1.20800000 -0.27795501
1.20900000 -0.27636290
1.21000000 -0.27478114
1.21100000 -0.27320967
1.21200000 -0.27164840
1.21300000 -0.27009727
1.21400000 -0.26855620
1.21500000 -0.26702513
1.21600000 -0.26550396
1.21700000 -0.26399265
1.21800000 -0.26249111
1.21900000 -0.26099927
1.22000000 -0.25951706
1.22100000 -0.25804442
1.22200000 -0.25658128
1.22300000 -0.25512756
1.22400000 -0.25368320
1.22500000 -0.25224813
1.22600000 -0.25082229
1.22700000 -0.24940560
1.22800000 -0.24799801
1.22900000 -0.24659945
1.23000000 -0.24520985
1.23100000 -0.24382916
1.23200000 -0.24245729
1.23300000 -0.24109420
1.23400000 -0.23973982
1.23500000 -0.23839409
1.23600000 -0.23705695
1.23700000 -0.23572833
1.23800000 -0.23440817
1.23900000 -0.23309642
1.24000000 -0.23179301
1.24100000 -0.23049789
1.24200000 -0.22921100
1.24300000 -0.22793227
1.24400000 -0.22666166
1.24500000 -0.22539909
1.24600000 -0.22414452
1.24700000 -0.22289790
1.24800000 -0.22165915
1.24900000 -0.22042823
1.25000000 -0.21920509
1.25100000 -0.21798966
1.25200000 -0.21678189
1.25300000 -0.21558174
1.25400000 -0.21438914
1.25500000 -0.21320404
1.25600000 -0.21202639
1.25700000 -0.21085614
1.25800000 -0.20969323
1.25900000 -0.20853762
1.26000000 -0.20738925
1.26100000 -0.20624807
1.26200000 -0.20511404
1.26300000 -0.20398709
1.26400000 -0.20286719
1.26500000 -0.20175428
1.26600000 -0.20064832
1.26700000 -0.19954925
1.26800000 -0.19845703
1.26900000 -0.19737161
1.27000000 -0.19629294
1.27100000 -0.19522098
1.27200000 -0.19415567
1.27300000 -0.19309698
1.27400000 -0.19204486
1.27500000 -0.19099926
1.27600000 -0.18996014
1.27700000 -0.18892744
1.27800000 -0.18790114
1.27900000 -0.18688117
1.28000000 -0.18586751
1.28100000 -0.18486010
1.28200000 -0.18385890
1.28300000 -0.18286388
1.28400000 -0.18187498
1.28500000 -0.18089216
1.28600000 -0.17991539
1.28700000 -0.17894462
1.28800000 -0.17797981
1.28900000 -0.17702092
1.29000000 -0.17606791
1.29100000 -0.17512074
1.29200000 -0.17417936
1.29300000 -0.17324375
1.29400000 -0.17231385
1.29500000 -0.17138963
1.29600000 -0.17047106
1.29700000 -0.16955808
1.29800000 -0.16865068
1.29900000 -0.16774879
1.30000000 -0.16685240
1.30100000 -0.16596146
1.30200000 -0.16507594
1.30300000 -0.16419579
1.30400000 -0.16332098
1.30500000 -0.16245148
1.30600000 -0.16158725
1.30700000 -0.16072825
1.30800000 -0.15987445
1.30900000 -0.15902581
1.31000000 -0.15818230
1.31100000 -0.15734388
1.31200000 -0.15651052
1.31300000 -0.15568218
1.31400000 -0.15485884
1.31500000 -0.15404045
1.31600000 -0.15322699
1.31700000 -0.15241842
1.31800000 -0.15161470
1.31900000 -0.15081581
1.32000000 -0.15002171
1.32100000 -0.14923237
1.32200000 -0.14844776
1.32300000 -0.14766785
1.32400000 -0.14689260
1.32500000 -0.14612199
1.32600000 -0.14535598
1.32700000 -0.14459454
1.32800000 -0.14383764
1.32900000 -0.14308526
1.33000000 -0.14233735
1.33100000 -0.14159390
1.33200000 -0.14085487
1.33300000 -0.14012023
1.33400000 -0.13938995
1.33500000 -0.13866401
1.33600000 -0.13794237
1.33700000 -0.13722501
1.33800000 -0.13651190
1.33900000 -0.13580301
1.34000000 -0.13509831
1.34100000 -0.13439778
1.34200000 -0.13370138
1.34300000 -0.13300909
1.34400000 -0.13232088
1.34500000 -0.13163673
1.34600000 -0.13095661
1.34700000 -0.13028049
1.34800000 -0.12960834
1.34900000 -0.12894015
1.35000000 -0.12827588
1.35100000 -0.12761550
1.35200000 -0.12695900
1.35300000 -0.12630635
1.35400000 -0.12565751
1.35500000 -0.12501248
1.35600000 -0.12437121
1.35700000 -0.12373369
1.35800000 -0.12309990
1.35900000 -0.12246980
1.36000000 -0.12184337
1.36100000 -0.12122060
1.36200000 -0.12060145
1.36300000 -0.11998590
1.36400000 -0.11937394
1.36500000 -0.11876552
1.36600000 -0.11816064
1.36700000 -0.11755927
1.36800000 -0.11696139
1.36900000 -0.11636697
1.37000000 -0.11577599
1.37100000 -0.11518844
1.37200000 -0.11460427
1.37300000 -0.11402349
1.37400000 -0.11344606
1.37500000 -0.11287195
1.37600000 -0.11230116
1.37700000 -0.11173366
1.37800000 -0.11116942
1.37900000 -0.11060843
1.38000000 -0.11005067
1.38100000 -0.10949611
1.38200000 -0.10894474
1.38300000 -0.10839652
1.38400000 -0.10785146
1.38500000 -0.10730951
1.38600000 -0.10677067
1.38700000 -0.10623491
1.38800000 -0.10570221
1.38900000 -0.10517256
1.39000000 -0.10464593
1.39100000 -0.10412231
1.39200000 -0.10360167
1.39300000 -0.10308400
1.39400000 -0.10256927
1.39500000 -0.10205748
1.39600000 -0.10154859
1.39700000 -0.10104260
1.39800000 -0.10053948
1.39900000 -0.10003921
1.40000000 -0.09954178
1.40100000 -0.09904717
1.40200000 -0.09855536
1.40300000 -0.09806634
1.40400000 -0.09758008
1.40500000 -0.09709656
1.40600000 -0.09661578
1.40700000 -0.09613771
1.40800000 -0.09566234
1.40900000 -0.09518964
1.41000000 -0.09471961
1.41100000 -0.09425222
1.41200000 -0.09378746
1.41300000 -0.09332532
1.41400000 -0.09286576
1.41500000 -0.09240879
1.41600000 -0.09195438
1.41700000 -0.09150252
1.41800000 -0.09105319
1.41900000 -0.09060637
1.42000000 -0.09016205
1.42100000 -0.08972022
1.42200000 -0.08928085
1.42300000 -0.08884394
1.42400000 -0.08840946
1.42500000 -0.08797741
1.42600000 -0.08754776
1.42700000 -0.08712050
1.42800000 -0.08669562
1.42900000 -0.08627311
1.43000000 -0.08585294
1.43100000 -0.08543510
1.43200000 -0.08501958
1.43300000 -0.08460636
1.43400000 -0.08419544
1.43500000 -0.08378679
1.43600000 -0.08338040
1.43700000 -0.08297625
1.43800000 -0.08257434
1.43900000 -0.08217465
1.44000000 -0.08177717
1.44100000 -0.08138187
1.44200000 -0.08098876
1.44300000 -0.08059781
1.44400000 -0.08020901
1.44500000 -0.07982235
1.44600000 -0.07943781
1.44700000 -0.07905539
1.44800000 -0.07867506
1.44900000 -0.07829683
1.45000000 -0.07792066
1.45100000 -0.07754655
1.45200000 -0.07717450
1.45300000 -0.07680448
1.45400000 -0.07643648
1.45500000 -0.07607049
1.45600000 -0.07570650
1.45700000 -0.07534449
1.45800000 -0.07498446
1.45900000 -0.07462639
1.46000000 -0.07427027
1.46100000 -0.07391608
1.46200000 -0.07356383
1.46300000 -0.07321348
1.46400000 -0.07286504
1.46500000 -0.07251849
1.46600000 -0.07217382
1.46700000 -0.07183102
1.46800000 -0.07149007
1.46900000 -0.07115097
1.47000000 -0.07081371
1.47100000 -0.07047826
1.47200000 -0.07014463
1.47300000 -0.06981280
1.47400000 -0.06948276
1.47500000 -0.06915450
1.47600000 -0.06882800
1.47700000 -0.06850327
1.47800000 -0.06818028
1.47900000 -0.06785903
1.48000000 -0.06753950
1.48100000 -0.06722169
1.48200000 -0.06690559
1.48300000 -0.06659118
1.48400000 -0.06627845
1.48500000 -0.06596740
1.48600000 -0.06565802
1.48700000 -0.06535029
1.48800000 -0.06504420
1.48900000 -0.06473975
1.49000000 -0.06443692
1.49100000 -0.06413571
1.49200000 -0.06383611
1.49300000 -0.06353810
1.49400000 -0.06324168
1.49500000 -0.06294683
1.49600000 -0.06265356
1.49700000 -0.06236184
1.49800000 -0.06207167
1.49900000 -0.06178304
1.50000000 -0.06149594
1.50100000 -0.06121036
1.50200000 -0.06092630
1.50300000 -0.06064374
1.50400000 -0.06036267
1.50500000 -0.06008309
1.50600000 -0.05980498
1.50700000 -0.05952835
1.50800000 -0.05925317
1.50900000 -0.05897944
1.51000000 -0.05870716
1.51100000 -0.05843631
1.51200000 -0.05816689
1.51300000 -0.05789888
1.51400000 -0.05763228
1.51500000 -0.05736708
1.51600000 -0.05710327
1.51700000 -0.05684085
1.51800000 -0.05657980
1.51900000 -0.05632012
1.52000000 -0.05606180
1.52100000 -0.05580483
1.52200000 -0.05554920
1.52300000 -0.05529491
1.52400000 -0.05504195
1.52500000 -0.05479030
1.52600000 -0.05453997
1.52700000 -0.05429095
1.52800000 -0.05404322
1.52900000 -0.05379678
1.53000000 -0.05355162
1.53100000 -0.05330774
1.53200000 -0.05306512
1.53300000 -0.05282377
1.53400000 -0.05258366
1.53500000 -0.05234480
1.53600000 -0.05210718
1.53700000 -0.05187079
1.53800000 -0.05163562
1.53900000 -0.05140167
1.54000000 -0.05116893
1.54100000 -0.05093739
1.54200000 -0.05070704
1.54300000 -0.05047788
1.54400000 -0.05024991
1.54500000 -0.05002311
1.54600000 -0.04979747
1.54700000 -0.04957300
1.54800000 -0.04934968
1.54900000 -0.04912751
1.55000000 -0.04890648
1.55100000 -0.04868659
1.55200000 -0.04846782
1.55300000 -0.04825018
1.55400000 -0.04803365
1.55500000 -0.04781822
1.55600000 -0.04760390
1.55700000 -0.04739068
1.55800000 -0.04717855
1.55900000 -0.04696749
1.56000000 -0.04675752
1.56100000 -0.04654862
1.56200000 -0.04634078
1.56300000 -0.04613400
1.56400000 -0.04592827
1.56500000 -0.04572359
1.56600000 -0.04551995
1.56700000 -0.04531735
1.56800000 -0.04511577
1.56900000 -0.04491522
1.57000000 -0.04471568
1.57100000 -0.04451716
1.57200000 -0.04431964
1.57300000 -0.04412312
1.57400000 -0.04392760
1.57500000 -0.04373306
1.57600000 -0.04353951
1.57700000 -0.04334693
1.57800000 -0.04315533
1.57900000 -0.04296469
1.58000000 -0.04277501
1.58100000 -0.04258629
1.58200000 -0.04239852
1.58300000 -0.04221169
1.58400000 -0.04202581
1.58500000 -0.04184085
1.58600000 -0.04165683
1.58700000 -0.04147373
1.58800000 -0.04129154
1.58900000 -0.04111027
1.59000000 -0.04092991
1.59100000 -0.04075045
1.59200000 -0.04057189
1.59300000 -0.04039422
1.59400000 -0.04021744
1.59500000 -0.04004154
1.59600000 -0.03986652
1.59700000 -0.03969238
1.59800000 -0.03951910
1.59900000 -0.03934668
1.60000000 -0.03917512
1.60100000 -0.03900442
1.60200000 -0.03883456
1.60300000 -0.03866555
1.60400000 -0.03849738
1.60500000 -0.03833004
1.60600000 -0.03816353
1.60700000 -0.03799785
1.60800000 -0.03783299
1.60900000 -0.03766895
1.61000000 -0.03750571
1.61100000 -0.03734329
1.61200000 -0.03718166
1.61300000 -0.03702084
1.61400000 -0.03686081
1.61500000 -0.03670156
1.61600000 -0.03654311
1.61700000 -0.03638543
1.61800000 -0.03622853
1.61900000 -0.03607240
1.62000000 -0.03591704
1.62100000 -0.03576244
1.62200000 -0.03560861
1.62300000 -0.03545553
1.62400000 -0.03530319
1.62500000 -0.03515161
1.62600000 -0.03500077
1.62700000 -0.03485067
1.62800000 -0.03470130
1.62900000 -0.03455266
1.63000000 -0.03440475
1.63100000 -0.03425756
1.63200000 -0.03411109
1.63300000 -0.03396533
1.63400000 -0.03382029
1.63500000 -0.03367595
1.63600000 -0.03353232
1.63700000 -0.03338938
1.63800000 -0.03324714
1.63900000 -0.03310559
1.64000000 -0.03296473
1.64100000 -0.03282455
1.64200000 -0.03268506
1.64300000 -0.03254624
1.64400000 -0.03240809
1.64500000 -0.03227061
1.64600000 -0.03213380
1.64700000 -0.03199765
1.64800000 -0.03186216
1.64900000 -0.03172732
1.65000000 -0.03159313
1.65100000 -0.03145959
1.65200000 -0.03132670
1.65300000 -0.03119445
1.65400000 -0.03106283
1.65500000 -0.03093185
1.65600000 -0.03080149
1.65700000 -0.03067177
1.65800000 -0.03054267
1.65900000 -0.03041419
1.66000000 -0.03028632
1.66100000 -0.03015907
1.66200000 -0.03003243
1.66300000 -0.02990639
1.66400000 -0.02978096
1.66500000 -0.02965613
1.66600000 -0.02953190
1.66700000 -0.02940826
1.66800000 -0.02928521
1.66900000 -0.02916275
1.67000000 -0.02904088
1.67100000 -0.02891958
1.67200000 -0.02879886
1.67300000 -0.02867872
1.67400000 -0.02855915
1.67500000 -0.02844015
1.67600000 -0.02832172
1.67700000 -0.02820385
1.67800000 -0.02808654
1.67900000 -0.02796978
1.68000000 -0.02785358
1.68100000 -0.02773793
1.68200000 -0.02762283
1.68300000 -0.02750827
1.68400000 -0.02739426
1.68500000 -0.02728078
1.68600000 -0.02716784
1.68700000 -0.02705544
1.68800000 -0.02694357
1.68900000 -0.02683222
1.69000000 -0.02672140
1.69100000 -0.02661110
1.69200000 -0.02650132
1.69300000 -0.02639206
1.69400000 -0.02628331
1.69500000 -0.02617508
1.69600000 -0.02606735
1.69700000 -0.02596013
1.69800000 -0.02585341
1.69900000 -0.02574719
1.70000000 -0.02564147
1.70100000 -0.02553625
1.70200000 -0.02543152
1.70300000 -0.02532728
1.70400000 -0.02522353
1.70500000 -0.02512026
1.70600000 -0.02501747
1.70700000 -0.02491517
1.70800000 -0.02481334
1.70900000 -0.02471199
1.71000000 -0.02461111
1.71100000 -0.02451070
1.71200000 -0.02441076
1.71300000 -0.02431128
1.71400000 -0.02421227
1.71500000 -0.02411371
1.71600000 -0.02401562
1.71700000 -0.02391798
1.71800000 -0.02382079
1.71900000 -0.02372405
1.72000000 -0.02362776
1.72100000 -0.02353192
1.72200000 -0.02343652
1.72300000 -0.02334157
1.72400000 -0.02324705
1.72500000 -0.02315297
1.72600000 -0.02305932
1.72700000 -0.02296611
1.72800000 -0.02287333
1.72900000 -0.02278097
1.73000000 -0.02268904
1.73100000 -0.02259753
1.73200000 -0.02250645
1.73300000 -0.02241578
1.73400000 -0.02232553
1.73500000 -0.02223570
1.73600000 -0.02214628
1.73700000 -0.02205726
1.73800000 -0.02196866
1.73900000 -0.02188047
1.74000000 -0.02179267
1.74100000 -0.02170528
1.74200000 -0.02161829
1.74300000 -0.02153170
1.74400000 -0.02144550
1.74500000 -0.02135970
1.74600000 -0.02127429
1.74700000 -0.02118927
1.74800000 -0.02110464
1.74900000 -0.02102039
1.75000000 -0.02093653
1.75100000 -0.02085305
1.75200000 -0.02076995
1.75300000 -0.02068722
1.75400000 -0.02060488
1.75500000 -0.02052290
1.75600000 -0.02044130
1.75700000 -0.02036007
1.75800000 -0.02027921
1.75900000 -0.02019872
1.76000000 -0.02011859
1.76100000 -0.02003882
1.76200000 -0.01995941
1.76300000 -0.01988037
1.76400000 -0.01980168
1.76500000 -0.01972334
1.76600000 -0.01964536
1.76700000 -0.01956773
1.76800000 -0.01949046
1.76900000 -0.01941353
1.77000000 -0.01933694
1.77100000 -0.01926070
1.77200000 -0.01918481
1.77300000 -0.01910926
1.77400000 -0.01903404
1.77500000 -0.01895917
1.77600000 -0.01888463
1.77700000 -0.01881042
1.77800000 -0.01873655
1.77900000 -0.01866301
1.78000000 -0.01858980
1.78100000 -0.01851691
1.78200000 -0.01844436
1.78300000 -0.01837212
1.78400000 -0.01830021
1.78500000 -0.01822862
1.78600000 -0.01815736
1.78700000 -0.01808640
1.78800000 -0.01801577
1.78900000 -0.01794545
1.79000000 -0.01787545
1.79100000 -0.01780575
1.79200000 -0.01773637
1.79300000 -0.01766729
1.79400000 -0.01759852
1.79500000 -0.01753006
1.79600000 -0.01746190
1.79700000 -0.01739405
1.79800000 -0.01732649
1.79900000 -0.01725924
1.80000000 -0.01719228
1.80100000 -0.01712562
1.80200000 -0.01705925
1.80300000 -0.01699318
1.80400000 -0.01692740
1.80500000 -0.01686191
1.80600000 -0.01679671
1.80700000 -0.01673180
1.80800000 -0.01666718
1.80900000 -0.01660284
1.81000000 -0.01653878
1.81100000 -0.01647500
1.81200000 -0.01641151
1.81300000 -0.01634829
1.81400000 -0.01628536
1.81500000 -0.01622270
1.81600000 -0.01616031
1.81700000 -0.01609820
1.81800000 -0.01603636
1.81900000 -0.01597480
1.82000000 -0.01591350
1.82100000 -0.01585247
1.82200000 -0.01579171
1.82300000 -0.01573121
1.82400000 -0.01567098
1.82500000 -0.01561101
1.82600000 -0.01555131
1.82700000 -0.01549186
1.82800000 -0.01543268
1.82900000 -0.01537375
1.83000000 -0.01531508
1.83100000 -0.01525667
1.83200000 -0.01519851
1.83300000 -0.01514060
1.83400000 -0.01508294
1.83500000 -0.01502554
1.83600000 -0.01496838
1.83700000 -0.01491148
1.83800000 -0.01485482
1.83900000 -0.01479840
1.84000000 -0.01474223
1.84100000 -0.01468631
1.84200000 -0.01463062
1.84300000 -0.01457518
1.84400000 -0.01451998
1.84500000 -0.01446501
1.84600000 -0.01441028
1.84700000 -0.01435579
1.84800000 -0.01430154
1.84900000 -0.01424752
1.85000000 -0.01419373
1.85100000 -0.01414017
1.85200000 -0.01408685
1.85300000 -0.01403375
1.85400000 -0.01398089
1.85500000 -0.01392825
1.85600000 -0.01387583
1.85700000 -0.01382364
1.85800000 -0.01377168
1.85900000 -0.01371994
1.86000000 -0.01366842
1.86100000 -0.01361712
1.86200000 -0.01356604
1.86300000 -0.01351518
1.86400000 -0.01346454
1.86500000 -0.01341412
1.86600000 -0.01336391
1.86700000 -0.01331391
1.86800000 -0.01326413
1.86900000 -0.01321456
1.87000000 -0.01316520
1.87100000 -0.01311606
1.87200000 -0.01306712
1.87300000 -0.01301839
1.87400000 -0.01296987
1.87500000 -0.01292155
1.87600000 -0.01287344
1.87700000 -0.01282554
1.87800000 -0.01277784
1.87900000 -0.01273034
1.88000000 -0.01268304
1.88100000 -0.01263594
1.88200000 -0.01258905
1.88300000 -0.01254235
1.88400000 -0.01249585
1.88500000 -0.01244954
1.88600000 -0.01240344
1.88700000 -0.01235752
1.88800000 -0.01231181
1.88900000 -0.01226628
1.89000000 -0.01222095
1.89100000 -0.01217581
1.89200000 -0.01213085
1.89300000 -0.01208609
1.89400000 -0.01204152
1.89500000 -0.01199713
1.89600000 -0.01195293
1.89700000 -0.01190892
1.89800000 -0.01186509
1.89900000 -0.01182145
1.90000000 -0.01177799
1.90100000 -0.01173471
1.90200000 -0.01169161
1.90300000 -0.01164870
1.90400000 -0.01160596
1.90500000 -0.01156341
1.90600000 -0.01152103
1.90700000 -0.01147883
1.90800000 -0.01143680
1.90900000 -0.01139495
1.91000000 -0.01135328
1.91100000 -0.01131178
1.91200000 -0.01127045
1.91300000 -0.01122930
1.91400000 -0.01118831
1.91500000 -0.01114750
1.91600000 -0.01110686
1.91700000 -0.01106639
1.91800000 -0.01102608
1.91900000 -0.01098595
1.92000000 -0.01094598
1.92100000 -0.01090617
1.92200000 -0.01086653
1.92300000 -0.01082706
1.92400000 -0.01078775
1.92500000 -0.01074860
1.92600000 -0.01070962
1.92700000 -0.01067079
1.92800000 -0.01063213
1.92900000 -0.01059363
1.93000000 -0.01055528
1.93100000 -0.01051710
1.93200000 -0.01047907
1.93300000 -0.01044120
1.93400000 -0.01040348
1.93500000 -0.01036592
1.93600000 -0.01032852
1.93700000 -0.01029127
1.93800000 -0.01025417
1.93900000 -0.01021723
1.94000000 -0.01018044
1.94100000 -0.01014380
1.94200000 -0.01010731
1.94300000 -0.01007097
1.94400000 -0.01003478
1.94500000 -0.00999874
1.94600000 -0.00996284
1.94700000 -0.00992709
1.94800000 -0.00989149
1.94900000 -0.00985604
1.95000000 -0.00982073
1.95100000 -0.00978556
1.95200000 -0.00975054
1.95300000 -0.00971566
1.95400000 -0.00968093
1.95500000 -0.00964633
1.95600000 -0.00961188
1.95700000 -0.00957757
1.95800000 -0.00954339
1.95900000 -0.00950936
1.96000000 -0.00947547
1.96100000 -0.00944171
1.96200000 -0.00940809
1.96300000 -0.00937461
1.96400000 -0.00934126
1.96500000 -0.00930805
1.96600000 -0.00927497
1.96700000 -0.00924203
1.96800000 -0.00920922
1.96900000 -0.00917655
1.97000000 -0.00914400
1.97100000 -0.00911159
1.97200000 -0.00907931
1.97300000 -0.00904716
1.97400000 -0.00901514
1.97500000 -0.00898325
1.97600000 -0.00895149
1.97700000 -0.00891986
1.97800000 -0.00888835
1.97900000 -0.00885697
1.98000000 -0.00882572
1.98100000 -0.00879460
1.98200000 -0.00876360
1.98300000 -0.00873272
1.98400000 -0.00870197
1.98500000 -0.00867134
1.98600000 -0.00864084
1.98700000 -0.00861045
1.98800000 -0.00858019
1.98900000 -0.00855005
1.99000000 -0.00852004
1.99100000 -0.00849014
1.99200000 -0.00846036
1.99300000 -0.00843070
1.99400000 -0.00840116
1.99500000 -0.00837174
1.99600000 -0.00834244
1.99700000 -0.00831325
1.99800000 -0.00828418
1.99900000 -0.00825523
2.00000000 -0.00822639
