0.10000000 316570911080.31585693
0.10100000 278158444375.23370361
0.10200000 244718572959.36416626
0.10300000 215567979988.34927368
0.10400000 190122590028.91091919
0.10500000 167882393913.44659424
0.10600000 148418708448.12042236
0.10700000 131363462273.26327515
0.10800000 116400170750.03475952
0.10900000 103256321276.09634399
0.11000000 91696938385.13049316
0.11100000 81519137345.52369690
0.11200000 72547507341.31544495
0.11300000 64630191984.05378723
0.11400000 57635556911.07875824
0.11500000 51449352419.52955627
0.11600000 45972294152.49307251
0.11700000 41117997352.48133850
0.11800000 36811210582.77335358
0.11900000 32986303460.44454956
0.12000000 29585970149.82228470
0.12100000 26560116380.42595291
0.12200000 23864902783.32402420
0.12300000 21461921552.07410431
0.12400000 19317486967.17115021
0.12500000 17402023290.15469742
0.12600000 15689536029.34151840
0.12700000 14157154681.41967964
0.12800000 12784736826.38712692
0.12900000 11554524951.08743477
0.13000000 10450848643.38888931
0.13100000 9459865871.91310310
0.13200000 8569337976.02164650
0.13300000 7768433763.28854084
0.13400000 7047558768.46815491
0.13500000 6398206287.04813766
0.13600000 5812827272.97332096
0.13700000 5284716596.72912502
0.13800000 4807913507.34698200
0.13900000 4377114439.01572609
0.14000000 3987596557.41498804
0.14100000 3635150659.01118517
0.14200000 3316022223.76443291
0.14300000 3026859582.54561520
0.14400000 2764668298.91817999
0.14500000 2526770984.07306194
0.14600000 2310771866.39644003
0.14700000 2114525525.76068473
0.14800000 1936109279.16819000
0.14900000 1773798770.55746293
0.15000000 1626046374.86033559
0.15100000 1491462076.02434158
0.15200000 1368796521.74998236
0.15300000 1256925995.04957223
0.15400000 1154839075.19271326
0.15500000 1061624788.83201361
0.15600000 976462076.67508209
0.15700000 898610422.47846401
0.15800000 827401509.80957317
0.15900000 762231788.31894875
0.16000000 702555845.50159669
0.16100000 647880492.37389302
0.16200000 597759482.38557315
0.16300000 551788792.42690730
0.16400000 509602403.15414870
0.16500000 470868523.19311488
0.16600000 435286208.22247022
0.16700000 402582331.59865612
0.16800000 372508868.16216654
0.16900000 344840457.24574304
0.17000000 319372214.76361561
0.17100000 295917767.66200674
0.17200000 274307487.01125944
0.17300000 254386898.66836578
0.17400000 236015252.77832931
0.17500000 219064235.45120659
0.17600000 203416807.78155738
0.17700000 188966158.99711064
0.17800000 175614761.95873526
0.17900000 163273520.50627720
0.18000000 151860999.27373093
0.18100000 141302727.59942317
0.18200000 131530570.04722330
0.18300000 122482156.84626746
0.18400000 114100368.26073468
0.18500000 106332867.52790245
0.18600000 99131677.56089990
0.18700000 92452797.11006549
0.18800000 86255852.52048990
0.18900000 80503781.61924322
0.19000000 75162546.61931220
0.19100000 70200873.24313532
0.19200000 65590013.55100481
0.19300000 61303530.21220408
0.19400000 57317100.18284084
0.19500000 53608335.95681950
0.19600000 50156622.73784144
0.19700000 46942970.04300687
0.19800000 43949876.39453910
0.19900000 41161205.88715709
0.20000000 38562075.53627850
0.20100000 36138752.41796307
0.20200000 33878559.70656379
0.20300000 31769790.80156604
0.20400000 29801630.81205887
0.20500000 27964084.73659233
0.20600000 26247911.73862135
0.20700000 24644564.97402956
0.20800000 23146136.47799861
0.20900000 21745306.66430331
0.21000000 20435298.03147594
0.21100000 19209832.70764511
0.21200000 18063093.49961922
0.21300000 16989688.14231260
0.21400000 15984616.47222844
0.21500000 15043240.27370526
0.21600000 14161255.56926302
0.21700000 13334667.14588486
0.21800000 12559765.12764875
0.21900000 11833103.42196867
0.22000000 11151479.88198571
0.22100000 10511918.04151690
0.22200000 9911650.29156110
0.22300000 9348102.37879700
0.22400000 8818879.11690242
0.22500000 8321751.21097175
0.22600000 7854643.10390255
0.22700000 7415621.76144137
0.22800000 7002886.31969700
0.22900000 6614758.52541143
0.23000000 6249673.90518429
0.23100000 5906173.60522905
0.23200000 5582896.84814694
0.23300000 5278573.95768122
0.23400000 4992019.90649960
0.23500000 4722128.34578162
0.23600000 4467866.07879398
0.23700000 4228267.94374786
0.23800000 4002432.07407653
0.23900000 3789515.50687147
0.24000000 3588730.11259351
0.24100000 3399338.82135184
0.24200000 3220652.12303539
0.24300000 3052024.82040530
0.24400000 2892853.01592788
0.24500000 2742571.31465872
0.24600000 2600650.22689185
0.24700000 2466593.75557535
0.24800000 2339937.15467499
0.24900000 2220244.84575148
0.25000000 2107108.48101113
0.25100000 2000145.14200336
0.25200000 1898995.66397749
0.25300000 1803323.07668227
0.25400000 1712811.15310040
0.25500000 1627163.05826207
0.25600000 1546100.09088120
0.25700000 1469360.51110961
0.25800000 1396698.44821218
0.25900000 1327882.88243379
0.26000000 1262696.69575934
0.26100000 1200935.78666511
0.26200000 1142408.24432530
0.26300000 1086933.57807494
0.26400000 1034341.99824119
0.26500000 984473.74474202
0.26600000 937178.46011598
0.26700000 892314.60389101
0.26800000 849748.90542612
0.26900000 809355.85256808
0.27000000 771017.21365765
0.27100000 734621.59059823
0.27200000 700064.00086399
0.27300000 667245.48647689
0.27400000 636072.74812264
0.27500000 606457.80270593
0.27600000 578317.66276579
0.27700000 551574.03628344
0.27800000 526153.04551850
0.27900000 501984.96360492
0.28000000 479003.96772691
0.28100000 457147.90777724
0.28200000 436358.08947649
0.28300000 416579.07100251
0.28400000 397758.47224504
0.28500000 379846.79586108
0.28600000 362797.25936307
0.28700000 346565.63752463
0.28800000 331110.11443683
0.28900000 316391.14459358
0.29000000 302371.32242641
0.29100000 289015.25974821
0.29200000 276289.47060148
0.29300000 264162.26304067
0.29400000 252603.63740940
0.29500000 241585.19070243
0.29600000 231080.02662966
0.29700000 221062.67102455
0.29800000 211508.99226285
0.29900000 202396.12637947
0.30000000 193702.40659181
0.30100000 185407.29695682
0.30200000 177491.32990655
0.30300000 169936.04742400
0.30400000 162723.94563576
0.30500000 155838.42261297
0.30600000 149263.72918499
0.30700000 142984.92258290
0.30800000 136987.82274167
0.30900000 131258.97110049
0.31000000 125785.59175099
0.31100000 120555.55479277
0.31200000 115557.34176415
0.31300000 110780.01302456
0.31400000 106213.17697269
0.31500000 101846.96099174
0.31600000 97671.98401967
0.31700000 93679.33064907
0.31800000 89860.52666675
0.31900000 86207.51594888
0.32000000 82712.63863274
0.32100000 79368.61049079
0.32200000 76168.50343738
0.32300000 73105.72710277
0.32400000 70174.01141290
0.32500000 67367.39011710
0.32600000 64680.18520968
0.32700000 62106.99219414
0.32800000 59642.66614217
0.32900000 57282.30850232
0.33000000 55021.25461599
0.33100000 52855.06190070
0.33200000 50779.49866321
0.33300000 48790.53350725
0.33400000 46884.32530240
0.33500000 45057.21368302
0.33600000 43305.71004775
0.33700000 41626.48903171
0.33800000 40016.38042543
0.33900000 38472.36151580
0.34000000 36991.54982589
0.34100000 35571.19623176
0.34200000 34208.67843573
0.34300000 32901.49477653
0.34400000 31647.25835832
0.34500000 30443.69148094
0.34600000 29288.62035547
0.34700000 28179.97008948
0.34800000 27115.75992758
0.34900000 26094.09873370
0.35000000 25113.18070192
0.35100000 24171.28128400
0.35200000 23266.75332182
0.35300000 22398.02337409
0.35400000 21563.58822693
0.35500000 20762.01157867
0.35600000 19991.92088979
0.35700000 19252.00438923
0.35800000 18541.00822898
0.35900000 17857.73377924
0.36000000 17201.03505674
0.36100000 16569.81627947
0.36200000 15963.02954114
0.36300000 15379.67259930
0.36400000 14818.78677126
0.36500000 14279.45493226
0.36600000 13760.79961061
0.36700000 13261.98117501
0.36800000 12782.19610924
0.36900000 12320.67536974
0.37000000 11876.68282209
0.37100000 11449.51375219
0.37200000 11038.49344852
0.37300000 10642.97585180
0.37400000 10262.34226886
0.37500000 9896.00014729
0.37600000 9543.38190796
0.37700000 9203.94383261
0.37800000 8877.16500359
0.37900000 8562.54629334
0.38000000 8259.60940111
0.38100000 7967.89593450
0.38200000 7686.96653382
0.38300000 7416.40003699
0.38400000 7155.79268310
0.38500000 6904.75735271
0.38600000 6662.92284314
0.38700000 6429.93317701
0.38800000 6205.44694249
0.38900000 5989.13666364
0.39000000 5780.68819951
0.39100000 5579.80017048
0.39200000 5386.18341070
0.39300000 5199.56044524
0.39400000 5019.66499084
0.39500000 4846.24147917
0.39600000 4679.04460148
0.39700000 4517.83887363
0.39800000 4362.39822058
0.39900000 4212.50557939
0.40000000 4067.95251991
0.40100000 3928.53888225
0.40200000 3794.07243030
0.40300000 3664.36852061
0.40400000 3539.24978578
0.40500000 3418.54583181
0.40600000 3302.09294868
0.40700000 3189.73383364
0.40800000 3081.31732651
0.40900000 2976.69815657
0.41000000 2875.73670036
0.41100000 2778.29875009
0.41200000 2684.25529192
0.41300000 2593.48229391
0.41400000 2505.86050305
0.41500000 2421.27525101
0.41600000 2339.61626819
0.41700000 2260.77750576
0.41800000 2184.65696521
0.41900000 2111.15653527
0.42000000 2040.18183559
0.42100000 1971.64206719
0.42200000 1905.44986914
0.42300000 1841.52118130
0.42400000 1779.77511283
0.42500000 1720.13381622
0.42600000 1662.52236662
0.42700000 1606.86864613
0.42800000 1553.10323303
0.42900000 1501.15929549
0.43000000 1450.97248980
0.43100000 1402.48086274
0.43200000 1355.62475799
0.43300000 1310.34672646
0.43400000 1266.59144023
0.43500000 1224.30561004
0.43600000 1183.43790621
0.43700000 1143.93888272
0.43800000 1105.76090442
0.43900000 1068.85807722
0.44000000 1033.18618106
0.44100000 998.70260565
0.44200000 965.36628877
0.44300000 933.13765708
0.44400000 901.97856928
0.44500000 871.85226162
0.44600000 842.72329549
0.44700000 814.55750722
0.44800000 787.32195979
0.44900000 760.98489653
0.45000000 735.51569660
0.45100000 710.88483227
0.45200000 687.06382791
0.45300000 664.02522056
0.45400000 641.74252206
0.45500000 620.19018269
0.45600000 599.34355621
0.45700000 579.17886630
0.45800000 559.67317429
0.45900000 540.80434813
0.46000000 522.55103264
0.46100000 504.89262082
0.46200000 487.80922632
0.46300000 471.28165703
0.46400000 455.29138955
0.46500000 439.82054479
0.46600000 424.85186441
0.46700000 410.36868822
0.46800000 396.35493240
0.46900000 382.79506860
0.47000000 369.67410381
0.47100000 356.97756098
0.47200000 344.69146041
0.47300000 332.80230184
0.47400000 321.29704718
0.47500000 310.16310397
0.47600000 299.38830936
0.47700000 288.96091479
0.47800000 278.86957118
0.47900000 269.10331471
0.48000000 259.65155311
0.48100000 250.50405248
0.48200000 241.65092459
0.48300000 233.08261466
0.48400000 224.78988955
0.48500000 216.76382651
0.48600000 208.99580217
0.48700000 201.47748210
0.48800000 194.20081062
0.48900000 187.15800111
0.49000000 180.34152656
0.49100000 173.74411056
0.49200000 167.35871855
0.49300000 161.17854945
0.49400000 155.19702751
0.49500000 149.40779457
0.49600000 143.80470250
0.49700000 138.38180596
0.49800000 133.13335545
0.49900000 128.05379052
0.50000000 123.13773332
0.50100000 118.37998235
0.50200000 113.77550638
0.50300000 109.31943869
0.50400000 105.00707145
0.50500000 100.83385027
0.50600000 96.79536904
0.50700000 92.88736487
0.50800000 89.10571325
0.50900000 85.44642337
0.51000000 81.90563361
0.51100000 78.47960718
0.51200000 75.16472792
0.51300000 71.95749625
0.51400000 68.85452526
0.51500000 65.85253695
0.51600000 62.94835857
0.51700000 60.13891911
0.51800000 57.42124593
0.51900000 54.79246144
0.52000000 52.24978001
0.52100000 49.79050488
0.52200000 47.41202518
0.52300000 45.11181319
0.52400000 42.88742149
0.52500000 40.73648037
0.52600000 38.65669528
0.52700000 36.64584432
0.52800000 34.70177588
0.52900000 32.82240634
0.53000000 31.00571782
0.53100000 29.24975608
0.53200000 27.55262840
0.53300000 25.91250158
0.53400000 24.32760004
0.53500000 22.79620391
0.53600000 21.31664722
0.53700000 19.88731621
0.53800000 18.50664756
0.53900000 17.17312685
0.54000000 15.88528689
0.54100000 14.64170628
0.54200000 13.44100788
0.54300000 12.28185744
0.54400000 11.16296216
0.54500000 10.08306944
0.54600000 9.04096552
0.54700000 8.03547429
0.54800000 7.06545606
0.54900000 6.12980642
0.55000000 5.22745511
0.55100000 4.35736494
0.55200000 3.51853072
0.55300000 2.70997826
0.55400000 1.93076342
0.55500000 1.17997109
0.55600000 0.45671434
0.55700000 -0.23986649
0.55800000 -0.91060469
0.55900000 -1.55630792
0.56000000 -2.17775910
0.56100000 -2.77571716
0.56200000 -3.35091775
0.56300000 -3.90407405
0.56400000 -4.43587739
0.56500000 -4.94699797
0.56600000 -5.43808554
0.56700000 -5.90977000
0.56800000 -6.36266202
0.56900000 -6.79735366
0.57000000 -7.21441895
0.57100000 -7.61441442
0.57200000 -7.99787964
0.57300000 -8.36533781
0.57400000 -8.71729617
0.57500000 -9.05424656
0.57600000 -9.37666588
0.57700000 -9.68501655
0.57800000 -9.97974692
0.57900000 -10.26129177
0.58000000 -10.53007268
0.58100000 -10.78649842
0.58200000 -11.03096540
0.58300000 -11.26385801
0.58400000 -11.48554897
0.58500000 -11.69639973
0.58600000 -11.89676079
0.58700000 -12.08697205
0.58800000 -12.26736309
0.58900000 -12.43825353
0.59000000 -12.59995333
0.59100000 -12.75276306
0.59200000 -12.89697419
0.59300000 -13.03286938
0.59400000 -13.16072273
0.59500000 -13.28080005
0.59600000 -13.39335912
0.59700000 -13.49864990
0.59800000 -13.59691481
0.59900000 -13.68838892
0.60000000 -13.77330019
0.60100000 -13.85186967
0.60200000 -13.92431173
0.60300000 -13.99083424
0.60400000 -14.05163880
0.60500000 -14.10692086
0.60600000 -14.15686997
0.60700000 -14.20166995
0.60800000 -14.24149900
0.60900000 -14.27652997
0.61000000 -14.30693042
0.61100000 -14.33286284
0.61200000 -14.35448478
0.61300000 -14.37194900
0.61400000 -14.38540361
0.61500000 -14.39499223
0.61600000 -14.40085409
0.61700000 -14.40312418
0.61800000 -14.40193338
0.61900000 -14.39740855
0.62000000 -14.38967272
0.62100000 -14.37884513
0.62200000 -14.36504136
0.62300000 -14.34837348
0.62400000 -14.32895012
0.62500000 -14.30687655
0.62600000 -14.28225483
0.62700000 -14.25518388
0.62800000 -14.22575957
0.62900000 -14.19407481
0.63000000 -14.16021965
0.63100000 -14.12428136
0.63200000 -14.08634450
0.63300000 -14.04649101
0.63400000 -14.00480029
0.63500000 -13.96134928
0.63600000 -13.91621251
0.63700000 -13.86946220
0.63800000 -13.82116831
0.63900000 -13.77139861
0.64000000 -13.72021873
0.64100000 -13.66769227
0.64200000 -13.61388081
0.64300000 -13.55884398
0.64400000 -13.50263956
0.64500000 -13.44532345
0.64600000 -13.38694983
0.64700000 -13.32757112
0.64800000 -13.26723807
0.64900000 -13.20599984
0.65000000 -13.14390398
0.65100000 -13.08099653
0.65200000 -13.01732205
0.65300000 -12.95292364
0.65400000 -12.88784303
0.65500000 -12.82212058
0.65600000 -12.75579534
0.65700000 -12.68890508
0.65800000 -12.62148633
0.65900000 -12.55357443
0.66000000 -12.48520354
0.66100000 -12.41640670
0.66200000 -12.34721583
0.66300000 -12.27766182
0.66400000 -12.20777449
0.66500000 -12.13758268
0.66600000 -12.06711424
0.66700000 -11.99639609
0.66800000 -11.92545422
0.66900000 -11.85431374
0.67000000 -11.78299889
0.67100000 -11.71153308
0.67200000 -11.63993889
0.67300000 -11.56823814
0.67400000 -11.49645187
0.67500000 -11.42460036
0.67600000 -11.35270320
0.67700000 -11.28077926
0.67800000 -11.20884675
0.67900000 -11.13692320
0.68000000 -11.06502553
0.68100000 -10.99317002
0.68200000 -10.92137236
0.68300000 -10.84964766
0.68400000 -10.77801044
0.68500000 -10.70647471
0.68600000 -10.63505394
0.68700000 -10.56376106
0.68800000 -10.49260852
0.68900000 -10.42160829
0.69000000 -10.35077186
0.69100000 -10.28011027
0.69200000 -10.20963412
0.69300000 -10.13935358
0.69400000 -10.06927840
0.69500000 -9.99941793
0.69600000 -9.92978113
0.69700000 -9.86037660
0.69800000 -9.79121253
0.69900000 -9.72229681
0.70000000 -9.65363694
0.70100000 -9.58524012
0.70200000 -9.51711319
0.70300000 -9.44926271
0.70400000 -9.38169493
0.70500000 -9.31441579
0.70600000 -9.24743096
0.70700000 -9.18074584
0.70800000 -9.11436553
0.70900000 -9.04829491
0.71000000 -8.98253859
0.71100000 -8.91710093
0.71200000 -8.85198608
0.71300000 -8.78719794
0.71400000 -8.72274020
0.71500000 -8.65861633
0.71600000 -8.59482960
0.71700000 -8.53138308
0.71800000 -8.46827963
0.71900000 -8.40552196
0.72000000 -8.34311257
0.72100000 -8.28105378
0.72200000 -8.21934775
0.72300000 -8.15799650
0.72400000 -8.09700186
0.72500000 -8.03636550
0.72600000 -7.97608898
0.72700000 -7.91617370
0.72800000 -7.85662089
0.72900000 -7.79743170
0.73000000 -7.73860712
0.73100000 -7.68014801
0.73200000 -7.62205514
0.73300000 -7.56432912
0.73400000 -7.50697049
0.73500000 -7.44997965
0.73600000 -7.39335693
0.73700000 -7.33710251
0.73800000 -7.28121653
0.73900000 -7.22569899
0.74000000 -7.17054982
0.74100000 -7.11576886
0.74200000 -7.06135587
0.74300000 -7.00731053
0.74400000 -6.95363242
0.74500000 -6.90032108
0.74600000 -6.84737595
0.74700000 -6.79479641
0.74800000 -6.74258178
0.74900000 -6.69073131
0.75000000 -6.63924418
0.75100000 -6.58811953
0.75200000 -6.53735642
0.75300000 -6.48695388
0.75400000 -6.43691086
0.75500000 -6.38722628
0.75600000 -6.33789901
0.75700000 -6.28892786
0.75800000 -6.24031162
0.75900000 -6.19204901
0.76000000 -6.14413872
0.76100000 -6.09657941
0.76200000 -6.04936970
0.76300000 -6.00250816
0.76400000 -5.95599335
0.76500000 -5.90982377
0.76600000 -5.86399791
0.76700000 -5.81851423
0.76800000 -5.77337115
0.76900000 -5.72856707
0.77000000 -5.68410037
0.77100000 -5.63996940
0.77200000 -5.59617248
0.77300000 -5.55270793
0.77400000 -5.50957403
0.77500000 -5.46676906
0.77600000 -5.42429125
0.77700000 -5.38213885
0.77800000 -5.34031007
0.77900000 -5.29880311
0.78000000 -5.25761617
0.78100000 -5.21674742
0.78200000 -5.17619503
0.78300000 -5.13595715
0.78400000 -5.09603191
0.78500000 -5.05641747
0.78600000 -5.01711193
0.78700000 -4.97811342
0.78800000 -4.93942005
0.78900000 -4.90102992
0.79000000 -4.86294113
0.79100000 -4.82515178
0.79200000 -4.78765994
0.79300000 -4.75046371
0.79400000 -4.71356117
0.79500000 -4.67695040
0.79600000 -4.64062947
0.79700000 -4.60459647
0.79800000 -4.56884946
0.79900000 -4.53338652
0.80000000 -4.49820573
0.80100000 -4.46330516
0.80200000 -4.42868288
0.80300000 -4.39433698
0.80400000 -4.36026554
0.80500000 -4.32646663
0.80600000 -4.29293834
0.80700000 -4.25967877
0.80800000 -4.22668599
0.80900000 -4.19395811
0.81000000 -4.16149322
0.81100000 -4.12928943
0.81200000 -4.09734485
0.81300000 -4.06565758
0.81400000 -4.03422575
0.81500000 -4.00304749
0.81600000 -3.97212091
0.81700000 -3.94144416
0.81800000 -3.91101539
0.81900000 -3.88083273
0.82000000 -3.85089435
0.82100000 -3.82119840
0.82200000 -3.79174306
0.82300000 -3.76252651
0.82400000 -3.73354693
0.82500000 -3.70480252
0.82600000 -3.67629147
0.82700000 -3.64801199
0.82800000 -3.61996230
0.82900000 -3.59214063
0.83000000 -3.56454521
0.83100000 -3.53717428
0.83200000 -3.51002610
0.83300000 -3.48309892
0.83400000 -3.45639102
0.83500000 -3.42990067
0.83600000 -3.40362617
0.83700000 -3.37756580
0.83800000 -3.35171788
0.83900000 -3.32608073
0.84000000 -3.30065266
0.84100000 -3.27543201
0.84200000 -3.25041713
0.84300000 -3.22560638
0.84400000 -3.20099811
0.84500000 -3.17659071
0.84600000 -3.15238255
0.84700000 -3.12837204
0.84800000 -3.10455757
0.84900000 -3.08093757
0.85000000 -3.05751045
0.85100000 -3.03427465
0.85200000 -3.01122861
0.85300000 -2.98837080
0.85400000 -2.96569967
0.85500000 -2.94321370
0.85600000 -2.92091138
0.85700000 -2.89879121
0.85800000 -2.87685168
0.85900000 -2.85509131
0.86000000 -2.83350864
0.86100000 -2.81210220
0.86200000 -2.79087053
0.86300000 -2.76981220
0.86400000 -2.74892576
0.86500000 -2.72820981
0.86600000 -2.70766292
0.86700000 -2.68728369
0.86800000 -2.66707074
0.86900000 -2.64702267
0.87000000 -2.62713812
0.87100000 -2.60741573
0.87200000 -2.58785415
0.87300000 -2.56845202
0.87400000 -2.54920803
0.87500000 -2.53012085
0.87600000 -2.51118917
0.87700000 -2.49241169
0.87800000 -2.47378711
0.87900000 -2.45531416
0.88000000 -2.43699155
0.88100000 -2.41881804
0.88200000 -2.40079236
0.88300000 -2.38291328
0.88400000 -2.36517956
0.88500000 -2.34758997
0.88600000 -2.33014331
0.88700000 -2.31283836
0.88800000 -2.29567394
0.88900000 -2.27864885
0.89000000 -2.26176193
0.89100000 -2.24501200
0.89200000 -2.22839790
0.89300000 -2.21191850
0.89400000 -2.19557264
0.89500000 -2.17935920
0.89600000 -2.16327706
0.89700000 -2.14732511
0.89800000 -2.13150224
0.89900000 -2.11580736
0.90000000 -2.10023939
0.90100000 -2.08479724
0.90200000 -2.06947985
0.90300000 -2.05428617
0.90400000 -2.03921514
0.90500000 -2.02426572
0.90600000 -2.00943688
0.90700000 -1.99472760
0.90800000 -1.98013685
0.90900000 -1.96566364
0.91000000 -1.95130695
0.91100000 -1.93706581
0.91200000 -1.92293924
0.91300000 -1.90892624
0.91400000 -1.89502587
0.91500000 -1.88123716
0.91600000 -1.86755916
0.91700000 -1.85399093
0.91800000 -1.84053154
0.91900000 -1.82718007
0.92000000 -1.81393558
0.92100000 -1.80079718
0.92200000 -1.78776395
0.92300000 -1.77483501
0.92400000 -1.76200947
0.92500000 -1.74928645
0.92600000 -1.73666507
0.92700000 -1.72414447
0.92800000 -1.71172379
0.92900000 -1.69940219
0.93000000 -1.68717881
0.93100000 -1.67505283
0.93200000 -1.66302342
0.93300000 -1.65108975
0.93400000 -1.63925101
0.93500000 -1.62750639
0.93600000 -1.61585509
0.93700000 -1.60429632
0.93800000 -1.59282930
0.93900000 -1.58145323
0.94000000 -1.57016735
0.94100000 -1.55897090
0.94200000 -1.54786310
0.94300000 -1.53684322
0.94400000 -1.52591050
0.94500000 -1.51506420
0.94600000 -1.50430359
0.94700000 -1.49362794
0.94800000 -1.48303653
0.94900000 -1.47252864
0.95000000 -1.46210357
0.95100000 -1.45176062
0.95200000 -1.44149908
0.95300000 -1.43131827
0.95400000 -1.42121750
0.95500000 -1.41119610
0.95600000 -1.40125339
0.95700000 -1.39138871
0.95800000 -1.38160139
0.95900000 -1.37189078
0.96000000 -1.36225623
0.96100000 -1.35269710
0.96200000 -1.34321275
0.96300000 -1.33380255
0.96400000 -1.32446587
0.96500000 -1.31520210
0.96600000 -1.30601060
0.96700000 -1.29689078
0.96800000 -1.28784203
0.96900000 -1.27886375
0.97000000 -1.26995534
0.97100000 -1.26111622
0.97200000 -1.25234580
0.97300000 -1.24364350
0.97400000 -1.23500875
0.97500000 -1.22644099
0.97600000 -1.21793964
0.97700000 -1.20950414
0.97800000 -1.20113396
0.97900000 -1.19282852
0.98000000 -1.18458730
0.98100000 -1.17640975
0.98200000 -1.16829534
0.98300000 -1.16024353
0.98400000 -1.15225381
0.98500000 -1.14432564
0.98600000 -1.13645853
0.98700000 -1.12865194
0.98800000 -1.12090539
0.98900000 -1.11321835
0.99000000 -1.10559035
0.99100000 -1.09802087
0.99200000 -1.09050944
0.99300000 -1.08305557
0.99400000 -1.07565878
0.99500000 -1.06831858
0.99600000 -1.06103452
0.99700000 -1.05380611
0.99800000 -1.04663290
0.99900000 -1.03951443
1.00000000 -1.03245024
1.00100000 -1.02543987
1.00200000 -1.01848289
1.00300000 -1.01157885
1.00400000 -1.00472730
1.00500000 -0.99792781
1.00600000 -0.99117995
1.00700000 -0.98448329
1.00800000 -0.97783740
1.00900000 -0.97124187
1.01000000 -0.96469627
1.01100000 -0.95820020
1.01200000 -0.95175324
1.01300000 -0.94535499
1.01400000 -0.93900504
1.01500000 -0.93270299
1.01600000 -0.92644846
1.01700000 -0.92024104
1.01800000 -0.91408035
1.01900000 -0.90796600
1.02000000 -0.90189761
1.02100000 -0.89587480
1.02200000 -0.88989720
1.02300000 -0.88396443
1.02400000 -0.87807613
1.02500000 -0.87223193
1.02600000 -0.86643146
1.02700000 -0.86067437
1.02800000 -0.85496031
1.02900000 -0.84928891
1.03000000 -0.84365984
1.03100000 -0.83807273
1.03200000 -0.83252726
1.03300000 -0.82702308
1.03400000 -0.82155984
1.03500000 -0.81613722
1.03600000 -0.81075489
1.03700000 -0.80541251
1.03800000 -0.80010976
1.03900000 -0.79484631
1.04000000 -0.78962185
1.04100000 -0.78443606
1.04200000 -0.77928863
1.04300000 -0.77417923
1.04400000 -0.76910757
1.04500000 -0.76407333
1.04600000 -0.75907621
1.04700000 -0.75411592
1.04800000 -0.74919214
1.04900000 -0.74430459
1.05000000 -0.73945297
1.05100000 -0.73463699
1.05200000 -0.72985637
1.05300000 -0.72511081
1.05400000 -0.72040004
1.05500000 -0.71572377
1.05600000 -0.71108172
1.05700000 -0.70647362
1.05800000 -0.70189919
1.05900000 -0.69735817
1.06000000 -0.69285028
1.06100000 -0.68837526
1.06200000 -0.68393284
1.06300000 -0.67952276
1.06400000 -0.67514476
1.06500000 -0.67079859
1.06600000 -0.66648398
1.06700000 -0.66220069
1.06800000 -0.65794847
1.06900000 -0.65372706
1.07000000 -0.64953622
1.07100000 -0.64537570
1.07200000 -0.64124527
1.07300000 -0.63714468
1.07400000 -0.63307369
1.07500000 -0.62903208
1.07600000 -0.62501959
1.07700000 -0.62103601
1.07800000 -0.61708110
1.07900000 -0.61315464
1.08000000 -0.60925639
1.08100000 -0.60538613
1.08200000 -0.60154365
1.08300000 -0.59772872
1.08400000 -0.59394112
1.08500000 -0.59018064
1.08600000 -0.58644706
1.08700000 -0.58274016
1.08800000 -0.57905975
1.08900000 -0.57540560
1.09000000 -0.57177752
1.09100000 -0.56817529
1.09200000 -0.56459871
1.09300000 -0.56104758
1.09400000 -0.55752170
1.09500000 -0.55402086
1.09600000 -0.55054489
1.09700000 -0.54709356
1.09800000 -0.54366671
1.09900000 -0.54026412
1.10000000 -0.53688562
1.10100000 -0.53353101
1.10200000 -0.53020011
1.10300000 -0.52689272
1.10400000 -0.52360867
1.10500000 -0.52034778
1.10600000 -0.51710986
1.10700000 -0.51389473
1.10800000 -0.51070221
1.10900000 -0.50753214
1.11000000 -0.50438433
1.11100000 -0.50125861
1.11200000 -0.49815481
1.11300000 -0.49507276
1.11400000 -0.49201229
1.11500000 -0.48897324
1.11600000 -0.48595542
1.11700000 -0.48295869
1.11800000 -0.47998288
1.11900000 -0.47702782
1.12000000 -0.47409336
1.12100000 -0.47117934
1.12200000 -0.46828559
1.12300000 -0.46541197
1.12400000 -0.46255831
1.12500000 -0.45972447
1.12600000 -0.45691028
1.12700000 -0.45411560
1.12800000 -0.45134028
1.12900000 -0.44858417
1.13000000 -0.44584713
1.13100000 -0.44312899
1.13200000 -0.44042963
1.13300000 -0.43774890
1.13400000 -0.43508665
1.13500000 -0.43244274
1.13600000 -0.42981703
1.13700000 -0.42720938
1.13800000 -0.42461966
1.13900000 -0.42204773
1.14000000 -0.41949345
1.14100000 -0.41695668
1.14200000 -0.41443730
1.14300000 -0.41193518
1.14400000 -0.40945017
1.14500000 -0.40698215
1.14600000 -0.40453099
1.14700000 -0.40209657
1.14800000 -0.39967875
1.14900000 -0.39727741
1.15000000 -0.39489242
1.15100000 -0.39252367
1.15200000 -0.39017103
1.15300000 -0.38783437
1.15400000 -0.38551358
1.15500000 -0.38320853
1.15600000 -0.38091911
1.15700000 -0.37864520
1.15800000 -0.37638669
1.15900000 -0.37414345
1.16000000 -0.37191537
1.16100000 -0.36970233
1.16200000 -0.36750424
1.16300000 -0.36532096
1.16400000 -0.36315240
1.16500000 -0.36099844
1.16600000 -0.35885897
1.16700000 -0.35673388
1.16800000 -0.35462307
1.16900000 -0.35252642
1.17000000 -0.35044384
1.17100000 -0.34837522
1.17200000 -0.34632045
1.17300000 -0.34427943
1.17400000 -0.34225206
1.17500000 -0.34023824
1.17600000 -0.33823786
1.17700000 -0.33625082
1.17800000 -0.33427704
1.17900000 -0.33231640
1.18000000 -0.33036881
1.18100000 -0.32843417
1.18200000 -0.32651240
1.18300000 -0.32460338
1.18400000 -0.32270703
1.18500000 -0.32082326
1.18600000 -0.31895197
1.18700000 -0.31709307
1.18800000 -0.31524647
1.18900000 -0.31341208
1.19000000 -0.31158980
1.19100000 -0.30977955
1.19200000 -0.30798124
1.19300000 -0.30619479
1.19400000 -0.30442010
1.19500000 -0.30265708
1.19600000 -0.30090566
1.19700000 -0.29916575
1.19800000 -0.29743727
1.19900000 -0.29572012
1.20000000 -0.29401423
1.20100000 -0.29231951
1.20200000 -0.29063589
1.20300000 -0.28896328
1.20400000 -0.28730161
1.20500000 -0.28565078
1.20600000 -0.28401073
1.20700000 -0.28238138
1.20800000 -0.28076264
1.20900000 -0.27915444
1.21000000 -0.27755671
1.21100000 -0.27596936
1.21200000 -0.27439232
1.21300000 -0.27282553
1.21400000 -0.27126889
1.21500000 -0.26972235
1.21600000 -0.26818582
1.21700000 -0.26665924
1.21800000 -0.26514253
1.21900000 -0.26363562
1.22000000 -0.26213845
1.22100000 -0.26065093
1.22200000 -0.25917301
1.22300000 -0.25770460
1.22400000 -0.25624565
1.22500000 -0.25479609
1.22600000 -0.25335585
1.22700000 -0.25192485
1.22800000 -0.25050304
1.22900000 -0.24909036
1.23000000 -0.24768672
1.23100000 -0.24629208
1.23200000 -0.24490636
1.23300000 -0.24352950
1.23400000 -0.24216144
1.23500000 -0.24080211
1.23600000 -0.23945146
1.23700000 -0.23810942
1.23800000 -0.23677593
1.23900000 -0.23545093
1.24000000 -0.23413436
1.24100000 -0.23282615
1.24200000 -0.23152626
1.24300000 -0.23023462
1.24400000 -0.22895117
1.24500000 -0.22767585
1.24600000 -0.22640861
1.24700000 -0.22514939
1.24800000 -0.22389813
1.24900000 -0.22265478
1.25000000 -0.22141928
1.25100000 -0.22019157
1.25200000 -0.21897161
1.25300000 -0.21775933
1.25400000 -0.21655468
1.25500000 -0.21535761
1.25600000 -0.21416807
1.25700000 -0.21298600
1.25800000 -0.21181134
1.25900000 -0.21064406
1.26000000 -0.20948409
1.26100000 -0.20833138
1.26200000 -0.20718589
1.26300000 -0.20604757
1.26400000 -0.20491635
1.26500000 -0.20379220
1.26600000 -0.20267507
1.26700000 -0.20156490
1.26800000 -0.20046164
1.26900000 -0.19936526
1.27000000 -0.19827570
1.27100000 -0.19719291
1.27200000 -0.19611684
1.27300000 -0.19504746
1.27400000 -0.19398471
1.27500000 -0.19292855
1.27600000 -0.19187893
1.27700000 -0.19083580
1.27800000 -0.18979913
1.27900000 -0.18876886
1.28000000 -0.18774496
1.28100000 -0.18672737
1.28200000 -0.18571607
1.28300000 -0.18471099
1.28400000 -0.18371210
1.28500000 -0.18271936
1.28600000 -0.18173272
1.28700000 -0.18075214
1.28800000 -0.17977759
1.28900000 -0.17880901
1.29000000 -0.17784637
1.29100000 -0.17688963
1.29200000 -0.17593875
1.29300000 -0.17499368
1.29400000 -0.17405439
1.29500000 -0.17312084
1.29600000 -0.17219299
1.29700000 -0.17127079
1.29800000 -0.17035422
1.29900000 -0.16944323
1.30000000 -0.16853778
1.30100000 -0.16763784
1.30200000 -0.16674337
1.30300000 -0.16585433
1.30400000 -0.16497069
1.30500000 -0.16409240
1.30600000 -0.16321944
1.30700000 -0.16235177
1.30800000 -0.16148934
1.30900000 -0.16063213
1.31000000 -0.15978010
1.31100000 -0.15893321
1.31200000 -0.15809143
1.31300000 -0.15725473
1.31400000 -0.15642307
1.31500000 -0.15559642
1.31600000 -0.15477474
1.31700000 -0.15395800
1.31800000 -0.15314616
1.31900000 -0.15233920
1.32000000 -0.15153708
1.32100000 -0.15073977
1.32200000 -0.14994724
1.32300000 -0.14915945
1.32400000 -0.14837637
1.32500000 -0.14759797
1.32600000 -0.14682422
1.32700000 -0.14605509
1.32800000 -0.14529055
1.32900000 -0.14453056
1.33000000 -0.14377510
1.33100000 -0.14302414
1.33200000 -0.14227765
1.33300000 -0.14153559
1.33400000 -0.14079793
1.33500000 -0.14006466
1.33600000 -0.13933573
1.33700000 -0.13861113
1.33800000 -0.13789081
1.33900000 -0.13717476
1.34000000 -0.13646294
1.34100000 -0.13575533
1.34200000 -0.13505190
1.34300000 -0.13435262
1.34400000 -0.13365746
1.34500000 -0.13296640
1.34600000 -0.13227940
1.34700000 -0.13159645
1.34800000 -0.13091752
1.34900000 -0.13024257
1.35000000 -0.12957159
1.35100000 -0.12890455
1.35200000 -0.12824142
1.35300000 -0.12758217
1.35400000 -0.12692678
1.35500000 -0.12627523
1.35600000 -0.12562749
1.35700000 -0.12498353
1.35800000 -0.12434333
1.35900000 -0.12370687
1.36000000 -0.12307411
1.36100000 -0.12244505
1.36200000 -0.12181965
1.36300000 -0.12119788
1.36400000 -0.12057973
1.36500000 -0.11996518
1.36600000 -0.11935419
1.36700000 -0.11874674
1.36800000 -0.11814282
1.36900000 -0.11754240
1.37000000 -0.11694545
1.37100000 -0.11635196
1.37200000 -0.11576189
1.37300000 -0.11517524
1.37400000 -0.11459198
1.37500000 -0.11401207
1.37600000 -0.11343552
1.37700000 -0.11286228
1.37800000 -0.11229235
1.37900000 -0.11172569
1.38000000 -0.11116229
1.38100000 -0.11060213
1.38200000 -0.11004519
1.38300000 -0.10949144
1.38400000 -0.10894086
1.38500000 -0.10839345
1.38600000 -0.10784916
1.38700000 -0.10730799
1.38800000 -0.10676991
1.38900000 -0.10623491
1.39000000 -0.10570296
1.39100000 -0.10517405
1.39200000 -0.10464815
1.39300000 -0.10412525
1.39400000 -0.10360533
1.39500000 -0.10308836
1.39600000 -0.10257434
1.39700000 -0.10206323
1.39800000 -0.10155503
1.39900000 -0.10104971
1.40000000 -0.10054726
1.40100000 -0.10004765
1.40200000 -0.09955087
1.40300000 -0.09905691
1.40400000 -0.09856573
1.40500000 -0.09807734
1.40600000 -0.09759170
1.40700000 -0.09710880
1.40800000 -0.09662862
1.40900000 -0.09615115
1.41000000 -0.09567637
1.41100000 -0.09520426
1.41200000 -0.09473481
1.41300000 -0.09426800
1.41400000 -0.09380380
1.41500000 -0.09334221
1.41600000 -0.09288321
1.41700000 -0.09242679
1.41800000 -0.09197292
1.41900000 -0.09152159
1.42000000 -0.09107278
1.42100000 -0.09062648
1.42200000 -0.09018268
1.42300000 -0.08974135
1.42400000 -0.08930249
1.42500000 -0.08886607
1.42600000 -0.08843208
1.42700000 -0.08800051
1.42800000 -0.08757134
1.42900000 -0.08714455
1.43000000 -0.08672014
1.43100000 -0.08629808
1.43200000 -0.08587836
1.43300000 -0.08546097
1.43400000 -0.08504590
1.43500000 -0.08463312
1.43600000 -0.08422262
1.43700000 -0.08381440
1.43800000 -0.08340843
1.43900000 -0.08300470
1.44000000 -0.08260320
1.44100000 -0.08220391
1.44200000 -0.08180683
1.44300000 -0.08141193
1.44400000 -0.08101920
1.44500000 -0.08062863
1.44600000 -0.08024021
1.44700000 -0.07985393
1.44800000 -0.07946976
1.44900000 -0.07908770
1.45000000 -0.07870774
1.45100000 -0.07832985
1.45200000 -0.07795404
1.45300000 -0.07758028
1.45400000 -0.07720856
1.45500000 -0.07683888
1.45600000 -0.07647121
1.45700000 -0.07610555
1.45800000 -0.07574188
1.45900000 -0.07538019
1.46000000 -0.07502047
1.46100000 -0.07466271
1.46200000 -0.07430690
1.46300000 -0.07395301
1.46400000 -0.07360105
1.46500000 -0.07325100
1.46600000 -0.07290285
1.46700000 -0.07255659
1.46800000 -0.07221220
1.46900000 -0.07186967
1.47000000 -0.07152900
1.47100000 -0.07119016
1.47200000 -0.07085316
1.47300000 -0.07051798
1.47400000 -0.07018461
1.47500000 -0.06985303
1.47600000 -0.06952324
1.47700000 -0.06919522
1.47800000 -0.06886897
1.47900000 -0.06854447
1.48000000 -0.06822172
1.48100000 -0.06790070
1.48200000 -0.06758140
1.48300000 -0.06726382
1.48400000 -0.06694793
1.48500000 -0.06663374
1.48600000 -0.06632123
1.48700000 -0.06601039
1.48800000 -0.06570121
1.48900000 -0.06539369
1.49000000 -0.06508780
1.49100000 -0.06478355
1.49200000 -0.06448092
1.49300000 -0.06417990
1.49400000 -0.06388048
1.49500000 -0.06358266
1.49600000 -0.06328642
1.49700000 -0.06299176
1.49800000 -0.06269866
1.49900000 -0.06240711
1.50000000 -0.06211711
1.50100000 -0.06182865
1.50200000 -0.06154171
1.50300000 -0.06125630
1.50400000 -0.06097239
1.50500000 -0.06068999
1.50600000 -0.06040907
1.50700000 -0.06012964
1.50800000 -0.05985169
1.50900000 -0.05957520
1.51000000 -0.05930016
1.51100000 -0.05902658
1.51200000 -0.05875443
1.51300000 -0.05848371
1.51400000 -0.05821442
1.51500000 -0.05794654
1.51600000 -0.05768007
1.51700000 -0.05741500
1.51800000 -0.05715131
1.51900000 -0.05688901
1.52000000 -0.05662808
1.52100000 -0.05636851
1.52200000 -0.05611030
1.52300000 -0.05585344
1.52400000 -0.05559793
1.52500000 -0.05534374
1.52600000 -0.05509088
1.52700000 -0.05483934
1.52800000 -0.05458911
1.52900000 -0.05434018
1.53000000 -0.05409255
1.53100000 -0.05384620
1.53200000 -0.05360113
1.53300000 -0.05335734
1.53400000 -0.05311481
1.53500000 -0.05287354
1.53600000 -0.05263352
1.53700000 -0.05239474
1.53800000 -0.05215719
1.53900000 -0.05192088
1.54000000 -0.05168578
1.54100000 -0.05145190
1.54200000 -0.05121923
1.54300000 -0.05098776
1.54400000 -0.05075748
1.54500000 -0.05052839
1.54600000 -0.05030048
1.54700000 -0.05007374
1.54800000 -0.04984816
1.54900000 -0.04962375
1.55000000 -0.04940049
1.55100000 -0.04917837
1.55200000 -0.04895740
1.55300000 -0.04873755
1.55400000 -0.04851883
1.55500000 -0.04830124
1.55600000 -0.04808475
1.55700000 -0.04786937
1.55800000 -0.04765510
1.55900000 -0.04744191
1.56000000 -0.04722982
1.56100000 -0.04701881
1.56200000 -0.04680887
1.56300000 -0.04660000
1.56400000 -0.04639220
1.56500000 -0.04618545
1.56600000 -0.04597975
1.56700000 -0.04577510
1.56800000 -0.04557149
1.56900000 -0.04536891
1.57000000 -0.04516736
1.57100000 -0.04496683
1.57200000 -0.04476731
1.57300000 -0.04456881
1.57400000 -0.04437131
1.57500000 -0.04417481
1.57600000 -0.04397930
1.57700000 -0.04378478
1.57800000 -0.04359124
1.57900000 -0.04339868
1.58000000 -0.04320708
1.58100000 -0.04301646
1.58200000 -0.04282679
1.58300000 -0.04263807
1.58400000 -0.04245031
1.58500000 -0.04226349
1.58600000 -0.04207760
1.58700000 -0.04189265
1.58800000 -0.04170863
1.58900000 -0.04152553
1.59000000 -0.04134334
1.59100000 -0.04116207
1.59200000 -0.04098171
1.59300000 -0.04080224
1.59400000 -0.04062368
1.59500000 -0.04044600
1.59600000 -0.04026922
1.59700000 -0.04009331
1.59800000 -0.03991828
1.59900000 -0.03974412
1.60000000 -0.03957083
1.60100000 -0.03939840
1.60200000 -0.03922683
1.60300000 -0.03905611
1.60400000 -0.03888624
1.60500000 -0.03871721
1.60600000 -0.03854903
1.60700000 -0.03838167
1.60800000 -0.03821514
1.60900000 -0.03804944
1.61000000 -0.03788456
1.61100000 -0.03772049
1.61200000 -0.03755724
1.61300000 -0.03739479
1.61400000 -0.03723314
1.61500000 -0.03707229
1.61600000 -0.03691223
1.61700000 -0.03675296
1.61800000 -0.03659447
1.61900000 -0.03643677
1.62000000 -0.03627984
1.62100000 -0.03612368
1.62200000 -0.03596829
1.62300000 -0.03581366
1.62400000 -0.03565979
1.62500000 -0.03550668
1.62600000 -0.03535431
1.62700000 -0.03520269
1.62800000 -0.03505182
1.62900000 -0.03490168
1.63000000 -0.03475227
1.63100000 -0.03460360
1.63200000 -0.03445565
1.63300000 -0.03430842
1.63400000 -0.03416191
1.63500000 -0.03401611
1.63600000 -0.03387103
1.63700000 -0.03372665
1.63800000 -0.03358297
1.63900000 -0.03343999
1.64000000 -0.03329771
1.64100000 -0.03315612
1.64200000 -0.03301521
1.64300000 -0.03287499
1.64400000 -0.03273544
1.64500000 -0.03259658
1.64600000 -0.03245838
1.64700000 -0.03232086
1.64800000 -0.03218400
1.64900000 -0.03204780
1.65000000 -0.03191225
1.65100000 -0.03177737
1.65200000 -0.03164313
1.65300000 -0.03150954
1.65400000 -0.03137660
1.65500000 -0.03124429
1.65600000 -0.03111262
1.65700000 -0.03098158
1.65800000 -0.03085118
1.65900000 -0.03072140
1.66000000 -0.03059224
1.66100000 -0.03046371
1.66200000 -0.03033579
1.66300000 -0.03020848
1.66400000 -0.03008178
1.66500000 -0.02995569
1.66600000 -0.02983020
1.66700000 -0.02970531
1.66800000 -0.02958102
1.66900000 -0.02945733
1.67000000 -0.02933422
1.67100000 -0.02921170
1.67200000 -0.02908976
1.67300000 -0.02896841
1.67400000 -0.02884763
1.67500000 -0.02872743
1.67600000 -0.02860780
1.67700000 -0.02848873
1.67800000 -0.02837024
1.67900000 -0.02825230
1.68000000 -0.02813493
1.68100000 -0.02801811
1.68200000 -0.02790185
1.68300000 -0.02778613
1.68400000 -0.02767097
1.68500000 -0.02755635
1.68600000 -0.02744227
1.68700000 -0.02732873
1.68800000 -0.02721572
1.68900000 -0.02710325
1.69000000 -0.02699131
1.69100000 -0.02687990
1.69200000 -0.02676901
1.69300000 -0.02665865
1.69400000 -0.02654880
1.69500000 -0.02643947
1.69600000 -0.02633066
1.69700000 -0.02622235
1.69800000 -0.02611456
1.69900000 -0.02600727
1.70000000 -0.02590048
1.70100000 -0.02579419
1.70200000 -0.02568840
1.70300000 -0.02558311
1.70400000 -0.02547831
1.70500000 -0.02537400
1.70600000 -0.02527018
1.70700000 -0.02516684
1.70800000 -0.02506398
1.70900000 -0.02496161
1.71000000 -0.02485971
1.71100000 -0.02475828
1.71200000 -0.02465733
1.71300000 -0.02455685
1.71400000 -0.02445684
1.71500000 -0.02435729
1.71600000 -0.02425820
1.71700000 -0.02415957
1.71800000 -0.02406140
1.71900000 -0.02396369
1.72000000 -0.02386643
1.72100000 -0.02376962
1.72200000 -0.02367326
1.72300000 -0.02357734
1.72400000 -0.02348187
1.72500000 -0.02338684
1.72600000 -0.02329225
1.72700000 -0.02319809
1.72800000 -0.02310437
1.72900000 -0.02301108
1.73000000 -0.02291822
1.73100000 -0.02282579
1.73200000 -0.02273379
1.73300000 -0.02264220
1.73400000 -0.02255104
1.73500000 -0.02246030
1.73600000 -0.02236998
1.73700000 -0.02228007
1.73800000 -0.02219057
1.73900000 -0.02210148
1.74000000 -0.02201280
1.74100000 -0.02192453
1.74200000 -0.02183666
1.74300000 -0.02174919
1.74400000 -0.02166213
1.74500000 -0.02157546
1.74600000 -0.02148918
1.74700000 -0.02140330
1.74800000 -0.02131782
1.74900000 -0.02123272
1.75000000 -0.02114801
1.75100000 -0.02106368
1.75200000 -0.02097974
1.75300000 -0.02089618
1.75400000 -0.02081301
1.75500000 -0.02073020
1.75600000 -0.02064778
1.75700000 -0.02056573
1.75800000 -0.02048405
1.75900000 -0.02040274
1.76000000 -0.02032180
1.76100000 -0.02024123
1.76200000 -0.02016102
1.76300000 -0.02008118
1.76400000 -0.02000169
1.76500000 -0.01992257
1.76600000 -0.01984380
1.76700000 -0.01976539
1.76800000 -0.01968733
1.76900000 -0.01960962
1.77000000 -0.01953227
1.77100000 -0.01945526
1.77200000 -0.01937860
1.77300000 -0.01930228
1.77400000 -0.01922630
1.77500000 -0.01915067
1.77600000 -0.01907538
1.77700000 -0.01900043
1.77800000 -0.01892581
1.77900000 -0.01885152
1.78000000 -0.01877757
1.78100000 -0.01870395
1.78200000 -0.01863066
1.78300000 -0.01855770
1.78400000 -0.01848506
1.78500000 -0.01841275
1.78600000 -0.01834076
1.78700000 -0.01826910
1.78800000 -0.01819775
1.78900000 -0.01812672
1.79000000 -0.01805601
1.79100000 -0.01798561
1.79200000 -0.01791552
1.79300000 -0.01784575
1.79400000 -0.01777629
1.79500000 -0.01770713
1.79600000 -0.01763829
1.79700000 -0.01756974
1.79800000 -0.01750151
1.79900000 -0.01743357
1.80000000 -0.01736594
1.80100000 -0.01729861
1.80200000 -0.01723157
1.80300000 -0.01716483
1.80400000 -0.01709839
1.80500000 -0.01703224
1.80600000 -0.01696638
1.80700000 -0.01690081
1.80800000 -0.01683553
1.80900000 -0.01677054
1.81000000 -0.01670584
1.81100000 -0.01664142
1.81200000 -0.01657728
1.81300000 -0.01651343
1.81400000 -0.01644986
1.81500000 -0.01638656
1.81600000 -0.01632355
1.81700000 -0.01626081
1.81800000 -0.01619835
1.81900000 -0.01613616
1.82000000 -0.01607424
1.82100000 -0.01601260
1.82200000 -0.01595122
1.82300000 -0.01589011
1.82400000 -0.01582928
1.82500000 -0.01576870
1.82600000 -0.01570839
1.82700000 -0.01564835
1.82800000 -0.01558856
1.82900000 -0.01552904
1.83000000 -0.01546978
1.83100000 -0.01541077
1.83200000 -0.01535203
1.83300000 -0.01529353
1.83400000 -0.01523530
1.83500000 -0.01517731
1.83600000 -0.01511958
1.83700000 -0.01506210
1.83800000 -0.01500486
1.83900000 -0.01494788
1.84000000 -0.01489114
1.84100000 -0.01483465
1.84200000 -0.01477841
1.84300000 -0.01472240
1.84400000 -0.01466664
1.84500000 -0.01461112
1.84600000 -0.01455584
1.84700000 -0.01450080
1.84800000 -0.01444600
1.84900000 -0.01439143
1.85000000 -0.01433710
1.85100000 -0.01428300
1.85200000 -0.01422914
1.85300000 -0.01417551
1.85400000 -0.01412211
1.85500000 -0.01406894
1.85600000 -0.01401599
1.85700000 -0.01396328
1.85800000 -0.01391079
1.85900000 -0.01385852
1.86000000 -0.01380648
1.86100000 -0.01375467
1.86200000 -0.01370307
1.86300000 -0.01365170
1.86400000 -0.01360055
1.86500000 -0.01354961
1.86600000 -0.01349889
1.86700000 -0.01344839
1.86800000 -0.01339811
1.86900000 -0.01334804
1.87000000 -0.01329818
1.87100000 -0.01324854
1.87200000 -0.01319911
1.87300000 -0.01314989
1.87400000 -0.01310088
1.87500000 -0.01305207
1.87600000 -0.01300348
1.87700000 -0.01295509
1.87800000 -0.01290691
1.87900000 -0.01285893
1.88000000 -0.01281115
1.88100000 -0.01276358
1.88200000 -0.01271621
1.88300000 -0.01266904
1.88400000 -0.01262207
1.88500000 -0.01257530
1.88600000 -0.01252872
1.88700000 -0.01248235
1.88800000 -0.01243617
1.88900000 -0.01239018
1.89000000 -0.01234439
1.89100000 -0.01229879
1.89200000 -0.01225339
1.89300000 -0.01220817
1.89400000 -0.01216315
1.89500000 -0.01211832
1.89600000 -0.01207367
1.89700000 -0.01202921
1.89800000 -0.01198494
1.89900000 -0.01194086
1.90000000 -0.01189696
1.90100000 -0.01185324
1.90200000 -0.01180971
1.90300000 -0.01176636
1.90400000 -0.01172319
1.90500000 -0.01168021
1.90600000 -0.01163740
1.90700000 -0.01159477
1.90800000 -0.01155232
1.90900000 -0.01151005
1.91000000 -0.01146796
1.91100000 -0.01142604
1.91200000 -0.01138429
1.91300000 -0.01134272
1.91400000 -0.01130133
1.91500000 -0.01126010
1.91600000 -0.01121905
1.91700000 -0.01117817
1.91800000 -0.01113746
1.91900000 -0.01109691
1.92000000 -0.01105654
1.92100000 -0.01101633
1.92200000 -0.01097630
1.92300000 -0.01093642
1.92400000 -0.01089672
1.92500000 -0.01085717
1.92600000 -0.01081779
1.92700000 -0.01077858
1.92800000 -0.01073952
1.92900000 -0.01070063
1.93000000 -0.01066190
1.93100000 -0.01062333
1.93200000 -0.01058492
1.93300000 -0.01054666
1.93400000 -0.01050857
1.93500000 -0.01047063
1.93600000 -0.01043285
1.93700000 -0.01039522
1.93800000 -0.01035775
1.93900000 -0.01032044
1.94000000 -0.01028327
1.94100000 -0.01024626
1.94200000 -0.01020940
1.94300000 -0.01017270
1.94400000 -0.01013614
1.94500000 -0.01009973
1.94600000 -0.01006348
1.94700000 -0.01002737
1.94800000 -0.00999141
1.94900000 -0.00995559
1.95000000 -0.00991993
1.95100000 -0.00988441
1.95200000 -0.00984903
1.95300000 -0.00981380
1.95400000 -0.00977871
1.95500000 -0.00974377
1.95600000 -0.00970897
1.95700000 -0.00967431
1.95800000 -0.00963979
1.95900000 -0.00960542
1.96000000 -0.00957118
1.96100000 -0.00953708
1.96200000 -0.00950312
1.96300000 -0.00946930
1.96400000 -0.00943562
1.96500000 -0.00940207
1.96600000 -0.00936866
1.96700000 -0.00933538
1.96800000 -0.00930224
1.96900000 -0.00926924
1.97000000 -0.00923637
1.97100000 -0.00920363
1.97200000 -0.00917102
1.97300000 -0.00913855
1.97400000 -0.00910620
1.97500000 -0.00907399
1.97600000 -0.00904191
1.97700000 -0.00900996
1.97800000 -0.00897813
1.97900000 -0.00894644
1.98000000 -0.00891487
1.98100000 -0.00888343
1.98200000 -0.00885212
1.98300000 -0.00882093
1.98400000 -0.00878987
1.98500000 -0.00875893
1.98600000 -0.00872812
1.98700000 -0.00869743
1.98800000 -0.00866686
1.98900000 -0.00863642
1.99000000 -0.00860610
1.99100000 -0.00857590
1.99200000 -0.00854582
1.99300000 -0.00851586
1.99400000 -0.00848602
1.99500000 -0.00845630
1.99600000 -0.00842670
1.99700000 -0.00839722
1.99800000 -0.00836786
1.99900000 -0.00833861
2.00000000 -0.00830948
