0.10000000 170948291983.37057495
0.10100000 150205559962.62622070
0.10200000 132148029398.05667114
0.10300000 116406709193.70861816
0.10400000 102666198615.61190796
0.10500000 90656492713.26115417
0.10600000 80146102561.98504639
0.10700000 70936269627.56217957
0.10800000 62856092205.01877594
0.10900000 55758413489.09202576
0.11000000 49516346727.97046661
0.11100000 44020334166.58280182
0.11200000 39175653964.31033325
0.11300000 34900303671.38905334
0.11400000 31123200731.98253250
0.11500000 27782650306.54596710
0.11600000 24825038842.34626007
0.11700000 22203718570.33992767
0.11800000 19878053714.69761276
0.11900000 17812603868.64005661
0.12000000 15976423880.90403557
0.12100000 14342462845.43001366
0.12200000 12887047502.99497414
0.12300000 11589437638.12001610
0.12400000 10431442962.27242279
0.12500000 9397092576.68353653
0.12600000 8472349455.84442043
0.12700000 7644863527.96662617
0.12800000 6903757886.24905014
0.12900000 6239443473.58721542
0.13000000 5643458267.43000221
0.13100000 5108327570.83307552
0.13200000 4627442507.05168915
0.13300000 4194954232.17581177
0.13400000 3805681734.97280359
0.13500000 3455031395.00599480
0.13600000 3138926727.40559387
0.13700000 2853746962.23372746
0.13800000 2596273293.96737003
0.13900000 2363641797.06849194
0.14000000 2153302141.00409365
0.14100000 1962981355.86603999
0.14200000 1790652000.83279419
0.14300000 1634504174.57463241
0.14400000 1492920881.41581726
0.14500000 1364456331.39945364
0.14600000 1247816807.85407758
0.14700000 1141843783.91076970
0.14800000 1045499010.75082254
0.14900000 957851336.10103023
0.15000000 878065042.42458129
0.15100000 805389521.05314445
0.15200000 739150121.74499047
0.15300000 678740037.32676911
0.15400000 623613100.60406518
0.15500000 573277385.96928740
0.15600000 527289521.40454429
0.15700000 485249628.13837051
0.15800000 446796815.29716951
0.15900000 411605165.69223237
0.16000000 379380156.57086217
0.16100000 349855465.88190222
0.16200000 322790120.48820955
0.16300000 297965947.91052997
0.16400000 275185297.70324033
0.16500000 254269002.52428210
0.16600000 235054552.44013396
0.16700000 217394459.06327435
0.16800000 201154788.80756992
0.16900000 186213846.91270125
0.17000000 172460995.97235245
0.17100000 159795594.53748363
0.17200000 148126042.98608011
0.17300000 137368925.28091753
0.17400000 127448236.50029783
0.17500000 118294687.14365157
0.17600000 109845076.20204102
0.17700000 102041725.85843976
0.17800000 94831971.45771705
0.17900000 88167701.07338969
0.18000000 82004939.60781471
0.18100000 76303472.90368852
0.18200000 71026507.82550058
0.18300000 66140364.69698445
0.18400000 61614198.86079673
0.18500000 57419748.46506733
0.18600000 53531105.88288595
0.18700000 49924510.43943536
0.18800000 46578160.36106455
0.18900000 43472042.07439134
0.19000000 40587775.17442859
0.19100000 37908471.55129308
0.19200000 35418607.31754261
0.19300000 33103906.31459020
0.19400000 30951234.09873405
0.19500000 28948501.41668253
0.19600000 27084576.27843438
0.19700000 25349203.82322371
0.19800000 23732933.25305112
0.19900000 22227051.17906483
0.20000000 20823520.78959040
0.20100000 19514926.30570006
0.20200000 18294422.24154445
0.20300000 17155687.03284566
0.20400000 16092880.63851179
0.20500000 15100605.75775986
0.20600000 14173872.33885553
0.20700000 13308065.08597596
0.20800000 12498913.69811925
0.20900000 11742465.59872379
0.21000000 11035060.93699700
0.21100000 10373309.66212836
0.21200000 9754070.48979438
0.21300000 9174431.59684880
0.21400000 8631692.89500336
0.21500000 8123349.74780084
0.21600000 7647078.00740203
0.21700000 7200720.25877783
0.21800000 6782273.16893033
0.21900000 6389875.84786308
0.22000000 6021799.13627228
0.22100000 5676435.74241913
0.22200000 5352291.15744300
0.22300000 5047975.28455038
0.22400000 4762194.72312731
0.22500000 4493745.65392474
0.22600000 4241507.27610738
0.22700000 4004435.75117834
0.22800000 3781558.61263638
0.22900000 3571969.60372217
0.23000000 3374823.90879952
0.23100000 3189333.74682369
0.23200000 3014764.29799935
0.23300000 2850429.93714786
0.23400000 2695690.74950978
0.23500000 2549949.30672207
0.23600000 2412647.68254875
0.23700000 2283264.68962384
0.23800000 2161313.32000133
0.23900000 2046338.37371060
0.24000000 1937914.26080050
0.24100000 1835642.96352999
0.24200000 1739152.14643911
0.24300000 1648093.40301886
0.24400000 1562140.62860106
0.24500000 1480988.50991571
0.24600000 1404351.12252160
0.24700000 1331960.62801069
0.24800000 1263566.06352450
0.24900000 1198932.21670580
0.25000000 1137838.57974601
0.25100000 1080078.37668181
0.25200000 1025457.65854784
0.25300000 973794.46140843
0.25400000 924918.02267422
0.25500000 878668.05146152
0.25600000 834894.04907585
0.25700000 793454.67599919
0.25800000 754217.16203458
0.25900000 717056.75651424
0.26000000 681856.21571004
0.26100000 648505.32479916
0.26200000 616900.45193566
0.26300000 586944.13216047
0.26400000 558544.67905024
0.26500000 531615.82216069
0.26600000 506076.36846263
0.26700000 481849.88610114
0.26800000 458864.40893011
0.26900000 437052.16038676
0.27000000 416349.29537513
0.27100000 396695.65892304
0.27200000 378034.56046655
0.27300000 360312.56269752
0.27400000 343479.28398622
0.27500000 327487.21346120
0.27600000 312291.53789353
0.27700000 297849.97959306
0.27800000 284122.64457999
0.27900000 271071.88034666
0.28000000 258662.14257253
0.28100000 246859.87019971
0.28200000 235633.36831730
0.28300000 224952.69834135
0.28400000 214789.57501232
0.28500000 205117.26976498
0.28600000 195910.52005606
0.28700000 187145.44426330
0.28800000 178799.46179589
0.28900000 170851.21808053
0.29000000 163280.51411026
0.29100000 156068.24026403
0.29200000 149196.31412480
0.29300000 142647.62204196
0.29400000 136405.96420108
0.29500000 130456.00297931
0.29600000 124783.21438001
0.29700000 119373.84235326
0.29800000 114214.85582194
0.29900000 109293.90824491
0.30000000 104599.29955958
0.30100000 100119.94035668
0.30200000 95845.31814954
0.30300000 91765.46560896
0.30400000 87870.93064331
0.30500000 84152.74821101
0.30600000 80602.41375989
0.30700000 77211.85819476
0.30800000 73973.42428050
0.30900000 70879.84439426
0.31000000 67924.21954553
0.31100000 65099.99958810
0.31200000 62400.96455264
0.31300000 59821.20703326
0.31400000 57355.11556525
0.31500000 54997.35893554
0.31600000 52742.87137062
0.31700000 50586.83855050
0.31800000 48524.68440004
0.31900000 46552.05861239
0.32000000 44664.82486168
0.32100000 42859.04966502
0.32200000 41130.99185618
0.32300000 39477.09263550
0.32400000 37893.96616296
0.32500000 36378.39066323
0.32600000 34927.30001323
0.32700000 33537.77578484
0.32800000 32207.03971677
0.32900000 30932.44659125
0.33000000 29711.47749264
0.33100000 28541.73342638
0.33200000 27420.92927813
0.33300000 26346.88809392
0.33400000 25317.53566330
0.33500000 24330.89538883
0.33600000 23385.08342579
0.33700000 22478.30407712
0.33800000 21608.84542973
0.33900000 20775.07521853
0.34000000 19975.43690598
0.34100000 19208.44596515
0.34200000 18472.68635529
0.34300000 17766.80717933
0.34400000 17089.51951349
0.34500000 16439.59339971
0.34600000 15815.85499196
0.34700000 15217.18384832
0.34800000 14642.51036089
0.34900000 14090.81331620
0.35000000 13561.11757904
0.35100000 13052.49189336
0.35200000 12564.04679378
0.35300000 12094.93262201
0.35400000 11644.33764254
0.35500000 11211.48625248
0.35600000 10795.63728049
0.35700000 10396.08237018
0.35800000 10012.14444365
0.35900000 9643.17624079
0.36000000 9288.55893064
0.36100000 8947.70079091
0.36200000 8620.03595221
0.36300000 8305.02320362
0.36400000 8002.14485648
0.36500000 7710.90566342
0.36600000 7430.83178973
0.36700000 7161.46983451
0.36800000 6902.38589899
0.36900000 6653.16469966
0.37000000 6413.40872393
0.37100000 6182.73742619
0.37200000 5960.78646220
0.37300000 5747.20695997
0.37400000 5541.66482519
0.37500000 5343.84007953
0.37600000 5153.42623030
0.37700000 4970.12966961
0.37800000 4793.66910194
0.37900000 4623.77499841
0.38000000 4460.18907660
0.38100000 4302.66380463
0.38200000 4150.96192826
0.38300000 4004.85601997
0.38400000 3864.12804887
0.38500000 3728.56897046
0.38600000 3597.97833529
0.38700000 3472.16391559
0.38800000 3350.94134894
0.38900000 3234.13379837
0.39000000 3121.57162773
0.39100000 3013.09209206
0.39200000 2908.53904178
0.39300000 2807.76264043
0.39400000 2710.61909505
0.39500000 2616.97039875
0.39600000 2526.68408480
0.39700000 2439.63299176
0.39800000 2355.69503911
0.39900000 2274.75301287
0.40000000 2196.69436075
0.40100000 2121.41099641
0.40200000 2048.79911236
0.40300000 1978.75900113
0.40400000 1911.19488432
0.40500000 1846.01474918
0.40600000 1783.13019229
0.40700000 1722.45627017
0.40800000 1663.91135632
0.40900000 1607.41700455
0.41000000 1552.89781820
0.41100000 1500.28132505
0.41200000 1449.49785764
0.41300000 1400.48043871
0.41400000 1353.16467165
0.41500000 1307.48863555
0.41600000 1263.39278482
0.41700000 1220.81985311
0.41800000 1179.71476122
0.41900000 1140.02452904
0.42000000 1101.69819122
0.42100000 1064.68671628
0.42200000 1028.94292934
0.42300000 994.42143790
0.42400000 961.07856093
0.42500000 928.87226076
0.42600000 897.76207797
0.42700000 867.70906891
0.42800000 838.67574584
0.42900000 810.62601957
0.43000000 783.52514449
0.43100000 757.33966588
0.43200000 732.03736931
0.43300000 707.58723229
0.43400000 683.95937772
0.43500000 661.12502942
0.43600000 639.05646935
0.43700000 617.72699667
0.43800000 597.11088839
0.43900000 577.18336170
0.44000000 557.92053777
0.44100000 539.29940705
0.44200000 521.29779594
0.44300000 503.89433482
0.44400000 487.06842741
0.44500000 470.80022127
0.44600000 455.07057956
0.44700000 439.86105390
0.44800000 425.15385829
0.44900000 410.93184413
0.45000000 397.17847616
0.45100000 383.87780942
0.45200000 371.01446707
0.45300000 358.57361910
0.45400000 346.54096191
0.45500000 334.90269865
0.45600000 323.64552036
0.45700000 312.75658780
0.45800000 302.22351412
0.45900000 292.03434799
0.46000000 282.17755763
0.46100000 272.64201524
0.46200000 263.41698222
0.46300000 254.49209480
0.46400000 245.85735036
0.46500000 237.50309419
0.46600000 229.42000678
0.46700000 221.59909164
0.46800000 214.03166350
0.46900000 206.70933705
0.47000000 199.62401606
0.47100000 192.76788293
0.47200000 186.13338862
0.47300000 179.71324299
0.47400000 173.50040548
0.47500000 167.48807614
0.47600000 161.66968705
0.47700000 156.03889398
0.47800000 150.58956844
0.47900000 145.31578994
0.48000000 140.21183868
0.48100000 135.27218834
0.48200000 130.49149928
0.48300000 125.86461191
0.48400000 121.38654036
0.48500000 117.05246632
0.48600000 112.85773317
0.48700000 108.79784033
0.48800000 104.86843773
0.48900000 101.06532060
0.49000000 97.38442434
0.49100000 93.82181970
0.49200000 90.37370802
0.49300000 87.03641670
0.49400000 83.80639486
0.49500000 80.68020907
0.49600000 77.65453935
0.49700000 74.72617522
0.49800000 71.89201194
0.49900000 69.14904688
0.50000000 66.49437599
0.50100000 63.92519047
0.50200000 61.43877344
0.50300000 59.03249690
0.50400000 56.70381858
0.50500000 54.45027914
0.50600000 52.26949928
0.50700000 50.15917703
0.50800000 48.11708515
0.50900000 46.14106862
0.51000000 44.22904215
0.51100000 42.37898788
0.51200000 40.58895308
0.51300000 38.85704797
0.51400000 37.18144364
0.51500000 35.56036996
0.51600000 33.99211363
0.51700000 32.47501632
0.51800000 31.00747280
0.51900000 29.58792918
0.52000000 28.21488121
0.52100000 26.88687263
0.52200000 25.60249360
0.52300000 24.36037912
0.52400000 23.15920760
0.52500000 21.99769940
0.52600000 20.87461545
0.52700000 19.78875593
0.52800000 18.73895898
0.52900000 17.72409942
0.53000000 16.74308762
0.53100000 15.79486828
0.53200000 14.87841934
0.53300000 13.99275086
0.53400000 13.13690402
0.53500000 12.30995011
0.53600000 11.51098950
0.53700000 10.73915075
0.53800000 9.99358968
0.53900000 9.27348850
0.54000000 8.57805492
0.54100000 7.90652139
0.54200000 7.25814426
0.54300000 6.63220302
0.54400000 6.02799957
0.54500000 5.44485750
0.54600000 4.88212138
0.54700000 4.33915612
0.54800000 3.81534627
0.54900000 3.31009547
0.55000000 2.82282576
0.55100000 2.35297707
0.55200000 1.90000659
0.55300000 1.46338826
0.55400000 1.04261225
0.55500000 0.63718439
0.55600000 0.24662574
0.55700000 -0.12952791
0.55800000 -0.49172653
0.55900000 -0.84040627
0.56000000 -1.17598991
0.56100000 -1.49888726
0.56200000 -1.80949559
0.56300000 -2.10819999
0.56400000 -2.39537379
0.56500000 -2.67137890
0.56600000 -2.93656619
0.56700000 -3.19127580
0.56800000 -3.43583749
0.56900000 -3.67057098
0.57000000 -3.89578623
0.57100000 -4.11178378
0.57200000 -4.31885501
0.57300000 -4.51728242
0.57400000 -4.70733993
0.57500000 -4.88929314
0.57600000 -5.06339958
0.57700000 -5.22990893
0.57800000 -5.38906334
0.57900000 -5.54109756
0.58000000 -5.68623924
0.58100000 -5.82470915
0.58200000 -5.95672132
0.58300000 -6.08248332
0.58400000 -6.20219644
0.58500000 -6.31605585
0.58600000 -6.42425083
0.58700000 -6.52696490
0.58800000 -6.62437607
0.58900000 -6.71665691
0.59000000 -6.80397480
0.59100000 -6.88649205
0.59200000 -6.96436606
0.59300000 -7.03774946
0.59400000 -7.10679027
0.59500000 -7.17163203
0.59600000 -7.23241392
0.59700000 -7.28927095
0.59800000 -7.34233400
0.59900000 -7.39173002
0.60000000 -7.43758210
0.60100000 -7.48000962
0.60200000 -7.51912833
0.60300000 -7.55505049
0.60400000 -7.58788495
0.60500000 -7.61773726
0.60600000 -7.64470978
0.60700000 -7.66890177
0.60800000 -7.69040946
0.60900000 -7.70932618
0.61000000 -7.72574243
0.61100000 -7.73974593
0.61200000 -7.75142178
0.61300000 -7.76085246
0.61400000 -7.76811795
0.61500000 -7.77329581
0.61600000 -7.77646121
0.61700000 -7.77768706
0.61800000 -7.77704402
0.61900000 -7.77460062
0.62000000 -7.77042327
0.62100000 -7.76457637
0.62200000 -7.75712233
0.62300000 -7.74812168
0.62400000 -7.73763306
0.62500000 -7.72571334
0.62600000 -7.71241761
0.62700000 -7.69779930
0.62800000 -7.68191017
0.62900000 -7.66480040
0.63000000 -7.64651861
0.63100000 -7.62711193
0.63200000 -7.60662603
0.63300000 -7.58510514
0.63400000 -7.56259216
0.63500000 -7.53912861
0.63600000 -7.51475476
0.63700000 -7.48950959
0.63800000 -7.46343089
0.63900000 -7.43655525
0.64000000 -7.40891812
0.64100000 -7.38055383
0.64200000 -7.35149564
0.64300000 -7.32177575
0.64400000 -7.29142536
0.64500000 -7.26047466
0.64600000 -7.22895291
0.64700000 -7.19688840
0.64800000 -7.16430856
0.64900000 -7.13123991
0.65000000 -7.09770815
0.65100000 -7.06373813
0.65200000 -7.02935391
0.65300000 -6.99457877
0.65400000 -6.95943524
0.65500000 -6.92394511
0.65600000 -6.88812948
0.65700000 -6.85200874
0.65800000 -6.81560262
0.65900000 -6.77893019
0.66000000 -6.74200991
0.66100000 -6.70485962
0.66200000 -6.66749655
0.66300000 -6.62993738
0.66400000 -6.59219823
0.66500000 -6.55429465
0.66600000 -6.51624169
0.66700000 -6.47805389
0.66800000 -6.43974528
0.66900000 -6.40132942
0.67000000 -6.36281940
0.67100000 -6.32422786
0.67200000 -6.28556700
0.67300000 -6.24684860
0.67400000 -6.20808401
0.67500000 -6.16928419
0.67600000 -6.13045973
0.67700000 -6.09162080
0.67800000 -6.05277724
0.67900000 -6.01393853
0.68000000 -5.97511379
0.68100000 -5.93631181
0.68200000 -5.89754108
0.68300000 -5.85880973
0.68400000 -5.82012564
0.68500000 -5.78149635
0.68600000 -5.74292913
0.68700000 -5.70443097
0.68800000 -5.66600860
0.68900000 -5.62766848
0.69000000 -5.58941681
0.69100000 -5.55125955
0.69200000 -5.51320243
0.69300000 -5.47525093
0.69400000 -5.43741033
0.69500000 -5.39968568
0.69600000 -5.36208181
0.69700000 -5.32460336
0.69800000 -5.28725477
0.69900000 -5.25004028
0.70000000 -5.21296395
0.70100000 -5.17602966
0.70200000 -5.13924112
0.70300000 -5.10260187
0.70400000 -5.06611526
0.70500000 -5.02978453
0.70600000 -4.99361272
0.70700000 -4.95760275
0.70800000 -4.92175739
0.70900000 -4.88607925
0.71000000 -4.85057084
0.71100000 -4.81523450
0.71200000 -4.78007248
0.71300000 -4.74508689
0.71400000 -4.71027971
0.71500000 -4.67565282
0.71600000 -4.64120798
0.71700000 -4.60694686
0.71800000 -4.57287100
0.71900000 -4.53898186
0.72000000 -4.50528079
0.72100000 -4.47176904
0.72200000 -4.43844779
0.72300000 -4.40531811
0.72400000 -4.37238100
0.72500000 -4.33963737
0.72600000 -4.30708805
0.72700000 -4.27473380
0.72800000 -4.24257528
0.72900000 -4.21061312
0.73000000 -4.17884784
0.73100000 -4.14727993
0.73200000 -4.11590977
0.73300000 -4.08473772
0.73400000 -4.05376406
0.73500000 -4.02298901
0.73600000 -3.99241274
0.73700000 -3.96203536
0.73800000 -3.93185693
0.73900000 -3.90187745
0.74000000 -3.87209690
0.74100000 -3.84251519
0.74200000 -3.81313217
0.74300000 -3.78394768
0.74400000 -3.75496151
0.74500000 -3.72617338
0.74600000 -3.69758301
0.74700000 -3.66919006
0.74800000 -3.64099416
0.74900000 -3.61299491
0.75000000 -3.58519186
0.75100000 -3.55758455
0.75200000 -3.53017247
0.75300000 -3.50295509
0.75400000 -3.47593186
0.75500000 -3.44910219
0.75600000 -3.42246546
0.75700000 -3.39602105
0.75800000 -3.36976827
0.75900000 -3.34370646
0.76000000 -3.31783491
0.76100000 -3.29215288
0.76200000 -3.26665964
0.76300000 -3.24135441
0.76400000 -3.21623641
0.76500000 -3.19130484
0.76600000 -3.16655887
0.76700000 -3.14199768
0.76800000 -3.11762042
0.76900000 -3.09342622
0.77000000 -3.06941420
0.77100000 -3.04558347
0.77200000 -3.02193314
0.77300000 -2.99846228
0.77400000 -2.97516998
0.77500000 -2.95205529
0.77600000 -2.92911727
0.77700000 -2.90635498
0.77800000 -2.88376744
0.77900000 -2.86135368
0.78000000 -2.83911273
0.78100000 -2.81704361
0.78200000 -2.79514532
0.78300000 -2.77341686
0.78400000 -2.75185723
0.78500000 -2.73046543
0.78600000 -2.70924044
0.78700000 -2.68818125
0.78800000 -2.66728683
0.78900000 -2.64655616
0.79000000 -2.62598821
0.79100000 -2.60558196
0.79200000 -2.58533637
0.79300000 -2.56525040
0.79400000 -2.54532303
0.79500000 -2.52555322
0.79600000 -2.50593992
0.79700000 -2.48648209
0.79800000 -2.46717871
0.79900000 -2.44802872
0.80000000 -2.42903109
0.80100000 -2.41018478
0.80200000 -2.39148876
0.80300000 -2.37294197
0.80400000 -2.35454339
0.80500000 -2.33629198
0.80600000 -2.31818671
0.80700000 -2.30022653
0.80800000 -2.28241043
0.80900000 -2.26473738
0.81000000 -2.24720634
0.81100000 -2.22981629
0.81200000 -2.21256622
0.81300000 -2.19545509
0.81400000 -2.17848191
0.81500000 -2.16164564
0.81600000 -2.14494529
0.81700000 -2.12837985
0.81800000 -2.11194831
0.81900000 -2.09564967
0.82000000 -2.07948295
0.82100000 -2.06344714
0.82200000 -2.04754126
0.82300000 -2.03176432
0.82400000 -2.01611534
0.82500000 -2.00059336
0.82600000 -1.98519739
0.82700000 -1.96992647
0.82800000 -1.95477964
0.82900000 -1.93975594
0.83000000 -1.92485441
0.83100000 -1.91007411
0.83200000 -1.89541409
0.83300000 -1.88087342
0.83400000 -1.86645115
0.83500000 -1.85214636
0.83600000 -1.83795813
0.83700000 -1.82388553
0.83800000 -1.80992766
0.83900000 -1.79608359
0.84000000 -1.78235243
0.84100000 -1.76873329
0.84200000 -1.75522525
0.84300000 -1.74182744
0.84400000 -1.72853898
0.84500000 -1.71535898
0.84600000 -1.70228658
0.84700000 -1.68932090
0.84800000 -1.67646109
0.84900000 -1.66370629
0.85000000 -1.65105564
0.85100000 -1.63850831
0.85200000 -1.62606345
0.85300000 -1.61372023
0.85400000 -1.60147782
0.85500000 -1.58933540
0.85600000 -1.57729215
0.85700000 -1.56534725
0.85800000 -1.55349991
0.85900000 -1.54174931
0.86000000 -1.53009467
0.86100000 -1.51853519
0.86200000 -1.50707009
0.86300000 -1.49569859
0.86400000 -1.48441991
0.86500000 -1.47323330
0.86600000 -1.46213798
0.86700000 -1.45113319
0.86800000 -1.44021820
0.86900000 -1.42939224
0.87000000 -1.41865459
0.87100000 -1.40800449
0.87200000 -1.39744124
0.87300000 -1.38696409
0.87400000 -1.37657234
0.87500000 -1.36626526
0.87600000 -1.35604215
0.87700000 -1.34590231
0.87800000 -1.33584504
0.87900000 -1.32586964
0.88000000 -1.31597544
0.88100000 -1.30616174
0.88200000 -1.29642788
0.88300000 -1.28677317
0.88400000 -1.27719696
0.88500000 -1.26769858
0.88600000 -1.25827739
0.88700000 -1.24893271
0.88800000 -1.23966393
0.88900000 -1.23047038
0.89000000 -1.22135144
0.89100000 -1.21230648
0.89200000 -1.20333487
0.89300000 -1.19443599
0.89400000 -1.18560923
0.89500000 -1.17685397
0.89600000 -1.16816961
0.89700000 -1.15955556
0.89800000 -1.15101121
0.89900000 -1.14253598
0.90000000 -1.13412927
0.90100000 -1.12579051
0.90200000 -1.11751912
0.90300000 -1.10931453
0.90400000 -1.10117618
0.90500000 -1.09310349
0.90600000 -1.08509592
0.90700000 -1.07715290
0.90800000 -1.06927390
0.90900000 -1.06145836
0.91000000 -1.05370576
0.91100000 -1.04601554
0.91200000 -1.03838719
0.91300000 -1.03082017
0.91400000 -1.02331397
0.91500000 -1.01586807
0.91600000 -1.00848195
0.91700000 -1.00115510
0.91800000 -0.99388703
0.91900000 -0.98667724
0.92000000 -0.97952521
0.92100000 -0.97243047
0.92200000 -0.96539253
0.92300000 -0.95841091
0.92400000 -0.95148511
0.92500000 -0.94461468
0.92600000 -0.93779914
0.92700000 -0.93103801
0.92800000 -0.92433085
0.92900000 -0.91767718
0.93000000 -0.91107656
0.93100000 -0.90452853
0.93200000 -0.89803265
0.93300000 -0.89158846
0.93400000 -0.88519554
0.93500000 -0.87885345
0.93600000 -0.87256175
0.93700000 -0.86632001
0.93800000 -0.86012782
0.93900000 -0.85398474
0.94000000 -0.84789037
0.94100000 -0.84184428
0.94200000 -0.83584608
0.94300000 -0.82989534
0.94400000 -0.82399167
0.94500000 -0.81813467
0.94600000 -0.81232394
0.94700000 -0.80655909
0.94800000 -0.80083973
0.94900000 -0.79516547
0.95000000 -0.78953593
0.95100000 -0.78395073
0.95200000 -0.77840950
0.95300000 -0.77291187
0.95400000 -0.76745745
0.95500000 -0.76204589
0.95600000 -0.75667683
0.95700000 -0.75134990
0.95800000 -0.74606475
0.95900000 -0.74082102
0.96000000 -0.73561837
0.96100000 -0.73045644
0.96200000 -0.72533489
0.96300000 -0.72025338
0.96400000 -0.71521157
0.96500000 -0.71020913
0.96600000 -0.70524572
0.96700000 -0.70032102
0.96800000 -0.69543469
0.96900000 -0.69058642
0.97000000 -0.68577588
0.97100000 -0.68100276
0.97200000 -0.67626673
0.97300000 -0.67156749
0.97400000 -0.66690473
0.97500000 -0.66227813
0.97600000 -0.65768740
0.97700000 -0.65313224
0.97800000 -0.64861234
0.97900000 -0.64412740
0.98000000 -0.63967714
0.98100000 -0.63526127
0.98200000 -0.63087948
0.98300000 -0.62653151
0.98400000 -0.62221706
0.98500000 -0.61793585
0.98600000 -0.61368760
0.98700000 -0.60947205
0.98800000 -0.60528891
0.98900000 -0.60113791
0.99000000 -0.59701879
0.99100000 -0.59293127
0.99200000 -0.58887510
0.99300000 -0.58485001
0.99400000 -0.58085574
0.99500000 -0.57689203
0.99600000 -0.57295864
0.99700000 -0.56905530
0.99800000 -0.56518177
0.99900000 -0.56133779
1.00000000 -0.55752313
1.00100000 -0.55373753
1.00200000 -0.54998076
1.00300000 -0.54625258
1.00400000 -0.54255274
1.00500000 -0.53888102
1.00600000 -0.53523717
1.00700000 -0.53162097
1.00800000 -0.52803220
1.00900000 -0.52447061
1.01000000 -0.52093599
1.01100000 -0.51742811
1.01200000 -0.51394675
1.01300000 -0.51049169
1.01400000 -0.50706272
1.01500000 -0.50365962
1.01600000 -0.50028217
1.01700000 -0.49693016
1.01800000 -0.49360339
1.01900000 -0.49030164
1.02000000 -0.48702471
1.02100000 -0.48377239
1.02200000 -0.48054449
1.02300000 -0.47734079
1.02400000 -0.47416111
1.02500000 -0.47100524
1.02600000 -0.46787299
1.02700000 -0.46476416
1.02800000 -0.46167857
1.02900000 -0.45861601
1.03000000 -0.45557631
1.03100000 -0.45255928
1.03200000 -0.44956472
1.03300000 -0.44659246
1.03400000 -0.44364231
1.03500000 -0.44071410
1.03600000 -0.43780764
1.03700000 -0.43492275
1.03800000 -0.43205927
1.03900000 -0.42921701
1.04000000 -0.42639580
1.04100000 -0.42359547
1.04200000 -0.42081586
1.04300000 -0.41805679
1.04400000 -0.41531809
1.04500000 -0.41259960
1.04600000 -0.40990115
1.04700000 -0.40722259
1.04800000 -0.40456376
1.04900000 -0.40192448
1.05000000 -0.39930460
1.05100000 -0.39670398
1.05200000 -0.39412244
1.05300000 -0.39155984
1.05400000 -0.38901602
1.05500000 -0.38649083
1.05600000 -0.38398413
1.05700000 -0.38149575
1.05800000 -0.37902556
1.05900000 -0.37657341
1.06000000 -0.37413915
1.06100000 -0.37172264
1.06200000 -0.36932373
1.06300000 -0.36694229
1.06400000 -0.36457817
1.06500000 -0.36223124
1.06600000 -0.35990135
1.06700000 -0.35758837
1.06800000 -0.35529217
1.06900000 -0.35301261
1.07000000 -0.35074956
1.07100000 -0.34850288
1.07200000 -0.34627245
1.07300000 -0.34405813
1.07400000 -0.34185979
1.07500000 -0.33967732
1.07600000 -0.33751058
1.07700000 -0.33535945
1.07800000 -0.33322380
1.07900000 -0.33110350
1.08000000 -0.32899845
1.08100000 -0.32690851
1.08200000 -0.32483357
1.08300000 -0.32277351
1.08400000 -0.32072821
1.08500000 -0.31869754
1.08600000 -0.31668141
1.08700000 -0.31467969
1.08800000 -0.31269226
1.08900000 -0.31071903
1.09000000 -0.30875986
1.09100000 -0.30681465
1.09200000 -0.30488330
1.09300000 -0.30296569
1.09400000 -0.30106172
1.09500000 -0.29917127
1.09600000 -0.29729424
1.09700000 -0.29543052
1.09800000 -0.29358002
1.09900000 -0.29174263
1.10000000 -0.28991823
1.10100000 -0.28810675
1.10200000 -0.28630806
1.10300000 -0.28452207
1.10400000 -0.28274868
1.10500000 -0.28098780
1.10600000 -0.27923932
1.10700000 -0.27750315
1.10800000 -0.27577920
1.10900000 -0.27406736
1.11000000 -0.27236754
1.11100000 -0.27067965
1.11200000 -0.26900360
1.11300000 -0.26733929
1.11400000 -0.26568664
1.11500000 -0.26404555
1.11600000 -0.26241593
1.11700000 -0.26079769
1.11800000 -0.25919076
1.11900000 -0.25759503
1.12000000 -0.25601042
1.12100000 -0.25443684
1.12200000 -0.25287422
1.12300000 -0.25132246
1.12400000 -0.24978149
1.12500000 -0.24825121
1.12600000 -0.24673155
1.12700000 -0.24522243
1.12800000 -0.24372375
1.12900000 -0.24223545
1.13000000 -0.24075745
1.13100000 -0.23928966
1.13200000 -0.23783200
1.13300000 -0.23638440
1.13400000 -0.23494679
1.13500000 -0.23351908
1.13600000 -0.23210120
1.13700000 -0.23069307
1.13800000 -0.22929462
1.13900000 -0.22790577
1.14000000 -0.22652646
1.14100000 -0.22515661
1.14200000 -0.22379614
1.14300000 -0.22244499
1.14400000 -0.22110309
1.14500000 -0.21977036
1.14600000 -0.21844673
1.14700000 -0.21713215
1.14800000 -0.21582652
1.14900000 -0.21452980
1.15000000 -0.21324191
1.15100000 -0.21196278
1.15200000 -0.21069235
1.15300000 -0.20943056
1.15400000 -0.20817733
1.15500000 -0.20693261
1.15600000 -0.20569632
1.15700000 -0.20446841
1.15800000 -0.20324881
1.15900000 -0.20203746
1.16000000 -0.20083430
1.16100000 -0.19963926
1.16200000 -0.19845229
1.16300000 -0.19727332
1.16400000 -0.19610230
1.16500000 -0.19493916
1.16600000 -0.19378384
1.16700000 -0.19263630
1.16800000 -0.19149646
1.16900000 -0.19036427
1.17000000 -0.18923968
1.17100000 -0.18812262
1.17200000 -0.18701304
1.17300000 -0.18591089
1.17400000 -0.18481611
1.17500000 -0.18372865
1.17600000 -0.18264844
1.17700000 -0.18157544
1.17800000 -0.18050960
1.17900000 -0.17945085
1.18000000 -0.17839916
1.18100000 -0.17735445
1.18200000 -0.17631669
1.18300000 -0.17528583
1.18400000 -0.17426180
1.18500000 -0.17324456
1.18600000 -0.17223407
1.18700000 -0.17123026
1.18800000 -0.17023309
1.18900000 -0.16924252
1.19000000 -0.16825849
1.19100000 -0.16728096
1.19200000 -0.16630987
1.19300000 -0.16534518
1.19400000 -0.16438685
1.19500000 -0.16343483
1.19600000 -0.16248906
1.19700000 -0.16154951
1.19800000 -0.16061612
1.19900000 -0.15968886
1.20000000 -0.15876768
1.20100000 -0.15785254
1.20200000 -0.15694338
1.20300000 -0.15604017
1.20400000 -0.15514287
1.20500000 -0.15425142
1.20600000 -0.15336580
1.20700000 -0.15248594
1.20800000 -0.15161182
1.20900000 -0.15074340
1.21000000 -0.14988062
1.21100000 -0.14902345
1.21200000 -0.14817185
1.21300000 -0.14732578
1.21400000 -0.14648520
1.21500000 -0.14565007
1.21600000 -0.14482034
1.21700000 -0.14399599
1.21800000 -0.14317697
1.21900000 -0.14236324
1.22000000 -0.14155476
1.22100000 -0.14075150
1.22200000 -0.13995342
1.22300000 -0.13916049
1.22400000 -0.13837265
1.22500000 -0.13758989
1.22600000 -0.13681216
1.22700000 -0.13603942
1.22800000 -0.13527164
1.22900000 -0.13450879
1.23000000 -0.13375083
1.23100000 -0.13299772
1.23200000 -0.13224943
1.23300000 -0.13150593
1.23400000 -0.13076718
1.23500000 -0.13003314
1.23600000 -0.12930379
1.23700000 -0.12857909
1.23800000 -0.12785900
1.23900000 -0.12714350
1.24000000 -0.12643255
1.24100000 -0.12572612
1.24200000 -0.12502418
1.24300000 -0.12432669
1.24400000 -0.12363363
1.24500000 -0.12294496
1.24600000 -0.12226065
1.24700000 -0.12158067
1.24800000 -0.12090499
1.24900000 -0.12023358
1.25000000 -0.11956641
1.25100000 -0.11890345
1.25200000 -0.11824467
1.25300000 -0.11759004
1.25400000 -0.11693953
1.25500000 -0.11629311
1.25600000 -0.11565076
1.25700000 -0.11501244
1.25800000 -0.11437813
1.25900000 -0.11374779
1.26000000 -0.11312141
1.26100000 -0.11249895
1.26200000 -0.11188038
1.26300000 -0.11126569
1.26400000 -0.11065483
1.26500000 -0.11004779
1.26600000 -0.10944454
1.26700000 -0.10884504
1.26800000 -0.10824929
1.26900000 -0.10765724
1.27000000 -0.10706888
1.27100000 -0.10648417
1.27200000 -0.10590310
1.27300000 -0.10532563
1.27400000 -0.10475174
1.27500000 -0.10418142
1.27600000 -0.10361462
1.27700000 -0.10305133
1.27800000 -0.10249153
1.27900000 -0.10193519
1.28000000 -0.10138228
1.28100000 -0.10083278
1.28200000 -0.10028668
1.28300000 -0.09974393
1.28400000 -0.09920453
1.28500000 -0.09866845
1.28600000 -0.09813567
1.28700000 -0.09760616
1.28800000 -0.09707990
1.28900000 -0.09655687
1.29000000 -0.09603704
1.29100000 -0.09552040
1.29200000 -0.09500692
1.29300000 -0.09449659
1.29400000 -0.09398937
1.29500000 -0.09348525
1.29600000 -0.09298421
1.29700000 -0.09248623
1.29800000 -0.09199128
1.29900000 -0.09149934
1.30000000 -0.09101040
1.30100000 -0.09052443
1.30200000 -0.09004142
1.30300000 -0.08956134
1.30400000 -0.08908417
1.30500000 -0.08860990
1.30600000 -0.08813850
1.30700000 -0.08766995
1.30800000 -0.08720424
1.30900000 -0.08674135
1.31000000 -0.08628125
1.31100000 -0.08582393
1.31200000 -0.08536937
1.31300000 -0.08491756
1.31400000 -0.08446846
1.31500000 -0.08402207
1.31600000 -0.08357836
1.31700000 -0.08313732
1.31800000 -0.08269893
1.31900000 -0.08226317
1.32000000 -0.08183002
1.32100000 -0.08139948
1.32200000 -0.08097151
1.32300000 -0.08054610
1.32400000 -0.08012324
1.32500000 -0.07970290
1.32600000 -0.07928508
1.32700000 -0.07886975
1.32800000 -0.07845690
1.32900000 -0.07804650
1.33000000 -0.07763856
1.33100000 -0.07723304
1.33200000 -0.07682993
1.33300000 -0.07642922
1.33400000 -0.07603088
1.33500000 -0.07563492
1.33600000 -0.07524130
1.33700000 -0.07485001
1.33800000 -0.07446104
1.33900000 -0.07407437
1.34000000 -0.07368999
1.34100000 -0.07330788
1.34200000 -0.07292802
1.34300000 -0.07255041
1.34400000 -0.07217503
1.34500000 -0.07180185
1.34600000 -0.07143088
1.34700000 -0.07106208
1.34800000 -0.07069546
1.34900000 -0.07033099
1.35000000 -0.06996866
1.35100000 -0.06960846
1.35200000 -0.06925036
1.35300000 -0.06889437
1.35400000 -0.06854046
1.35500000 -0.06818862
1.35600000 -0.06783884
1.35700000 -0.06749110
1.35800000 -0.06714540
1.35900000 -0.06680171
1.36000000 -0.06646002
1.36100000 -0.06612033
1.36200000 -0.06578261
1.36300000 -0.06544686
1.36400000 -0.06511306
1.36500000 -0.06478119
1.36600000 -0.06445126
1.36700000 -0.06412324
1.36800000 -0.06379712
1.36900000 -0.06347289
1.37000000 -0.06315054
1.37100000 -0.06283006
1.37200000 -0.06251142
1.37300000 -0.06219463
1.37400000 -0.06187967
1.37500000 -0.06156652
1.37600000 -0.06125518
1.37700000 -0.06094563
1.37800000 -0.06063787
1.37900000 -0.06033187
1.38000000 -0.06002764
1.38100000 -0.05972515
1.38200000 -0.05942440
1.38300000 -0.05912538
1.38400000 -0.05882807
1.38500000 -0.05853246
1.38600000 -0.05823855
1.38700000 -0.05794631
1.38800000 -0.05765575
1.38900000 -0.05736685
1.39000000 -0.05707960
1.39100000 -0.05679399
1.39200000 -0.05651000
1.39300000 -0.05622763
1.39400000 -0.05594688
1.39500000 -0.05566772
1.39600000 -0.05539014
1.39700000 -0.05511414
1.39800000 -0.05483972
1.39900000 -0.05456684
1.40000000 -0.05429552
1.40100000 -0.05402573
1.40200000 -0.05375747
1.40300000 -0.05349073
1.40400000 -0.05322550
1.40500000 -0.05296176
1.40600000 -0.05269952
1.40700000 -0.05243875
1.40800000 -0.05217946
1.40900000 -0.05192162
1.41000000 -0.05166524
1.41100000 -0.05141030
1.41200000 -0.05115680
1.41300000 -0.05090472
1.41400000 -0.05065405
1.41500000 -0.05040480
1.41600000 -0.05015694
1.41700000 -0.04991047
1.41800000 -0.04966538
1.41900000 -0.04942166
1.42000000 -0.04917930
1.42100000 -0.04893830
1.42200000 -0.04869865
1.42300000 -0.04846033
1.42400000 -0.04822334
1.42500000 -0.04798768
1.42600000 -0.04775332
1.42700000 -0.04752027
1.42800000 -0.04728852
1.42900000 -0.04705806
1.43000000 -0.04682887
1.43100000 -0.04660096
1.43200000 -0.04637432
1.43300000 -0.04614893
1.43400000 -0.04592478
1.43500000 -0.04570188
1.43600000 -0.04548022
1.43700000 -0.04525977
1.43800000 -0.04504055
1.43900000 -0.04482254
1.44000000 -0.04460573
1.44100000 -0.04439011
1.44200000 -0.04417569
1.44300000 -0.04396244
1.44400000 -0.04375037
1.44500000 -0.04353946
1.44600000 -0.04332972
1.44700000 -0.04312112
1.44800000 -0.04291367
1.44900000 -0.04270736
1.45000000 -0.04250218
1.45100000 -0.04229812
1.45200000 -0.04209518
1.45300000 -0.04189335
1.45400000 -0.04169262
1.45500000 -0.04149299
1.45600000 -0.04129445
1.45700000 -0.04109699
1.45800000 -0.04090061
1.45900000 -0.04070530
1.46000000 -0.04051105
1.46100000 -0.04031786
1.46200000 -0.04012572
1.46300000 -0.03993463
1.46400000 -0.03974457
1.46500000 -0.03955554
1.46600000 -0.03936754
1.46700000 -0.03918056
1.46800000 -0.03899459
1.46900000 -0.03880962
1.47000000 -0.03862566
1.47100000 -0.03844269
1.47200000 -0.03826071
1.47300000 -0.03807971
1.47400000 -0.03789969
1.47500000 -0.03772063
1.47600000 -0.03754255
1.47700000 -0.03736542
1.47800000 -0.03718924
1.47900000 -0.03701402
1.48000000 -0.03683973
1.48100000 -0.03666638
1.48200000 -0.03649396
1.48300000 -0.03632246
1.48400000 -0.03615188
1.48500000 -0.03598222
1.48600000 -0.03581346
1.48700000 -0.03564561
1.48800000 -0.03547866
1.48900000 -0.03531259
1.49000000 -0.03514741
1.49100000 -0.03498312
1.49200000 -0.03481970
1.49300000 -0.03465715
1.49400000 -0.03449546
1.49500000 -0.03433464
1.49600000 -0.03417467
1.49700000 -0.03401555
1.49800000 -0.03385727
1.49900000 -0.03369984
1.50000000 -0.03354324
1.50100000 -0.03338747
1.50200000 -0.03323253
1.50300000 -0.03307840
1.50400000 -0.03292509
1.50500000 -0.03277259
1.50600000 -0.03262090
1.50700000 -0.03247001
1.50800000 -0.03231991
1.50900000 -0.03217061
1.51000000 -0.03202209
1.51100000 -0.03187435
1.51200000 -0.03172739
1.51300000 -0.03158121
1.51400000 -0.03143579
1.51500000 -0.03129113
1.51600000 -0.03114724
1.51700000 -0.03100410
1.51800000 -0.03086171
1.51900000 -0.03072006
1.52000000 -0.03057916
1.52100000 -0.03043900
1.52200000 -0.03029956
1.52300000 -0.03016086
1.52400000 -0.03002288
1.52500000 -0.02988562
1.52600000 -0.02974908
1.52700000 -0.02961324
1.52800000 -0.02947812
1.52900000 -0.02934370
1.53000000 -0.02920998
1.53100000 -0.02907695
1.53200000 -0.02894461
1.53300000 -0.02881296
1.53400000 -0.02868200
1.53500000 -0.02855171
1.53600000 -0.02842210
1.53700000 -0.02829316
1.53800000 -0.02816488
1.53900000 -0.02803727
1.54000000 -0.02791032
1.54100000 -0.02778403
1.54200000 -0.02765839
1.54300000 -0.02753339
1.54400000 -0.02740904
1.54500000 -0.02728533
1.54600000 -0.02716226
1.54700000 -0.02703982
1.54800000 -0.02691801
1.54900000 -0.02679683
1.55000000 -0.02667626
1.55100000 -0.02655632
1.55200000 -0.02643699
1.55300000 -0.02631828
1.55400000 -0.02620017
1.55500000 -0.02608267
1.55600000 -0.02596577
1.55700000 -0.02584946
1.55800000 -0.02573375
1.55900000 -0.02561863
1.56000000 -0.02550410
1.56100000 -0.02539016
1.56200000 -0.02527679
1.56300000 -0.02516400
1.56400000 -0.02505179
1.56500000 -0.02494014
1.56600000 -0.02482907
1.56700000 -0.02471855
1.56800000 -0.02460860
1.56900000 -0.02449921
1.57000000 -0.02439037
1.57100000 -0.02428209
1.57200000 -0.02417435
1.57300000 -0.02406716
1.57400000 -0.02396051
1.57500000 -0.02385440
1.57600000 -0.02374882
1.57700000 -0.02364378
1.57800000 -0.02353927
1.57900000 -0.02343529
1.58000000 -0.02333183
1.58100000 -0.02322889
1.58200000 -0.02312647
1.58300000 -0.02302456
1.58400000 -0.02292317
1.58500000 -0.02282228
1.58600000 -0.02272191
1.58700000 -0.02262203
1.58800000 -0.02252266
1.58900000 -0.02242379
1.59000000 -0.02232541
1.59100000 -0.02222752
1.59200000 -0.02213012
1.59300000 -0.02203321
1.59400000 -0.02193679
1.59500000 -0.02184084
1.59600000 -0.02174538
1.59700000 -0.02165039
1.59800000 -0.02155587
1.59900000 -0.02146183
1.60000000 -0.02136825
1.60100000 -0.02127514
1.60200000 -0.02118249
1.60300000 -0.02109030
1.60400000 -0.02099857
1.60500000 -0.02090730
1.60600000 -0.02081647
1.60700000 -0.02072610
1.60800000 -0.02063618
1.60900000 -0.02054670
1.61000000 -0.02045766
1.61100000 -0.02036907
1.61200000 -0.02028091
1.61300000 -0.02019318
1.61400000 -0.02010589
1.61500000 -0.02001903
1.61600000 -0.01993260
1.61700000 -0.01984660
1.61800000 -0.01976102
1.61900000 -0.01967586
1.62000000 -0.01959111
1.62100000 -0.01950679
1.62200000 -0.01942288
1.62300000 -0.01933938
1.62400000 -0.01925629
1.62500000 -0.01917361
1.62600000 -0.01909133
1.62700000 -0.01900945
1.62800000 -0.01892798
1.62900000 -0.01884691
1.63000000 -0.01876623
1.63100000 -0.01868594
1.63200000 -0.01860605
1.63300000 -0.01852655
1.63400000 -0.01844743
1.63500000 -0.01836870
1.63600000 -0.01829035
1.63700000 -0.01821239
1.63800000 -0.01813480
1.63900000 -0.01805760
1.64000000 -0.01798076
1.64100000 -0.01790430
1.64200000 -0.01782821
1.64300000 -0.01775249
1.64400000 -0.01767714
1.64500000 -0.01760215
1.64600000 -0.01752753
1.64700000 -0.01745326
1.64800000 -0.01737936
1.64900000 -0.01730581
1.65000000 -0.01723262
1.65100000 -0.01715978
1.65200000 -0.01708729
1.65300000 -0.01701515
1.65400000 -0.01694336
1.65500000 -0.01687192
1.65600000 -0.01680081
1.65700000 -0.01673006
1.65800000 -0.01665964
1.65900000 -0.01658956
1.66000000 -0.01651981
1.66100000 -0.01645040
1.66200000 -0.01638132
1.66300000 -0.01631258
1.66400000 -0.01624416
1.66500000 -0.01617607
1.66600000 -0.01610831
1.66700000 -0.01604087
1.66800000 -0.01597375
1.66900000 -0.01590696
1.67000000 -0.01584048
1.67100000 -0.01577432
1.67200000 -0.01570847
1.67300000 -0.01564294
1.67400000 -0.01557772
1.67500000 -0.01551281
1.67600000 -0.01544821
1.67700000 -0.01538392
1.67800000 -0.01531993
1.67900000 -0.01525624
1.68000000 -0.01519286
1.68100000 -0.01512978
1.68200000 -0.01506700
1.68300000 -0.01500451
1.68400000 -0.01494232
1.68500000 -0.01488043
1.68600000 -0.01481882
1.68700000 -0.01475751
1.68800000 -0.01469649
1.68900000 -0.01463576
1.69000000 -0.01457531
1.69100000 -0.01451515
1.69200000 -0.01445527
1.69300000 -0.01439567
1.69400000 -0.01433635
1.69500000 -0.01427731
1.69600000 -0.01421855
1.69700000 -0.01416007
1.69800000 -0.01410186
1.69900000 -0.01404392
1.70000000 -0.01398626
1.70100000 -0.01392886
1.70200000 -0.01387174
1.70300000 -0.01381488
1.70400000 -0.01375829
1.70500000 -0.01370196
1.70600000 -0.01364590
1.70700000 -0.01359009
1.70800000 -0.01353455
1.70900000 -0.01347927
1.71000000 -0.01342424
1.71100000 -0.01336947
1.71200000 -0.01331496
1.71300000 -0.01326070
1.71400000 -0.01320669
1.71500000 -0.01315293
1.71600000 -0.01309943
1.71700000 -0.01304617
1.71800000 -0.01299316
1.71900000 -0.01294039
1.72000000 -0.01288787
1.72100000 -0.01283559
1.72200000 -0.01278356
1.72300000 -0.01273176
1.72400000 -0.01268021
1.72500000 -0.01262889
1.72600000 -0.01257781
1.72700000 -0.01252697
1.72800000 -0.01247636
1.72900000 -0.01242598
1.73000000 -0.01237584
1.73100000 -0.01232593
1.73200000 -0.01227624
1.73300000 -0.01222679
1.73400000 -0.01217756
1.73500000 -0.01212856
1.73600000 -0.01207979
1.73700000 -0.01203124
1.73800000 -0.01198291
1.73900000 -0.01193480
1.74000000 -0.01188691
1.74100000 -0.01183925
1.74200000 -0.01179180
1.74300000 -0.01174456
1.74400000 -0.01169755
1.74500000 -0.01165075
1.74600000 -0.01160416
1.74700000 -0.01155778
1.74800000 -0.01151162
1.74900000 -0.01146567
1.75000000 -0.01141992
1.75100000 -0.01137439
1.75200000 -0.01132906
1.75300000 -0.01128394
1.75400000 -0.01123902
1.75500000 -0.01119431
1.75600000 -0.01114980
1.75700000 -0.01110549
1.75800000 -0.01106139
1.75900000 -0.01101748
1.76000000 -0.01097377
1.76100000 -0.01093026
1.76200000 -0.01088695
1.76300000 -0.01084384
1.76400000 -0.01080091
1.76500000 -0.01075819
1.76600000 -0.01071565
1.76700000 -0.01067331
1.76800000 -0.01063116
1.76900000 -0.01058920
1.77000000 -0.01054742
1.77100000 -0.01050584
1.77200000 -0.01046444
1.77300000 -0.01042323
1.77400000 -0.01038220
1.77500000 -0.01034136
1.77600000 -0.01030071
1.77700000 -0.01026023
1.77800000 -0.01021994
1.77900000 -0.01017982
1.78000000 -0.01013989
1.78100000 -0.01010013
1.78200000 -0.01006056
1.78300000 -0.01002116
1.78400000 -0.00998193
1.78500000 -0.00994289
1.78600000 -0.00990401
1.78700000 -0.00986531
1.78800000 -0.00982678
1.78900000 -0.00978843
1.79000000 -0.00975024
1.79100000 -0.00971223
1.79200000 -0.00967438
1.79300000 -0.00963670
1.79400000 -0.00959920
1.79500000 -0.00956185
1.79600000 -0.00952467
1.79700000 -0.00948766
1.79800000 -0.00945081
1.79900000 -0.00941413
1.80000000 -0.00937761
1.80100000 -0.00934125
1.80200000 -0.00930505
1.80300000 -0.00926901
1.80400000 -0.00923313
1.80500000 -0.00919741
1.80600000 -0.00916184
1.80700000 -0.00912644
1.80800000 -0.00909119
1.80900000 -0.00905609
1.81000000 -0.00902115
1.81100000 -0.00898637
1.81200000 -0.00895173
1.81300000 -0.00891725
1.81400000 -0.00888292
1.81500000 -0.00884874
1.81600000 -0.00881472
1.81700000 -0.00878084
1.81800000 -0.00874711
1.81900000 -0.00871353
1.82000000 -0.00868009
1.82100000 -0.00864680
1.82200000 -0.00861366
1.82300000 -0.00858066
1.82400000 -0.00854781
1.82500000 -0.00851510
1.82600000 -0.00848253
1.82700000 -0.00845011
1.82800000 -0.00841782
1.82900000 -0.00838568
1.83000000 -0.00835368
1.83100000 -0.00832182
1.83200000 -0.00829009
1.83300000 -0.00825851
1.83400000 -0.00822706
1.83500000 -0.00819575
1.83600000 -0.00816457
1.83700000 -0.00813353
1.83800000 -0.00810263
1.83900000 -0.00807186
1.84000000 -0.00804122
1.84100000 -0.00801071
1.84200000 -0.00798034
1.84300000 -0.00795010
1.84400000 -0.00791999
1.84500000 -0.00789001
1.84600000 -0.00786016
1.84700000 -0.00783043
1.84800000 -0.00780084
1.84900000 -0.00777137
1.85000000 -0.00774203
1.85100000 -0.00771282
1.85200000 -0.00768374
1.85300000 -0.00765477
1.85400000 -0.00762594
1.85500000 -0.00759723
1.85600000 -0.00756864
1.85700000 -0.00754017
1.85800000 -0.00751183
1.85900000 -0.00748360
1.86000000 -0.00745550
1.86100000 -0.00742752
1.86200000 -0.00739966
1.86300000 -0.00737192
1.86400000 -0.00734430
1.86500000 -0.00731679
1.86600000 -0.00728940
1.86700000 -0.00726213
1.86800000 -0.00723498
1.86900000 -0.00720794
1.87000000 -0.00718102
1.87100000 -0.00715421
1.87200000 -0.00712752
1.87300000 -0.00710094
1.87400000 -0.00707447
1.87500000 -0.00704812
1.87600000 -0.00702188
1.87700000 -0.00699575
1.87800000 -0.00696973
1.87900000 -0.00694382
1.88000000 -0.00691802
1.88100000 -0.00689233
1.88200000 -0.00686675
1.88300000 -0.00684128
1.88400000 -0.00681592
1.88500000 -0.00679066
1.88600000 -0.00676551
1.88700000 -0.00674047
1.88800000 -0.00671553
1.88900000 -0.00669070
1.89000000 -0.00666597
1.89100000 -0.00664135
1.89200000 -0.00661683
1.89300000 -0.00659241
1.89400000 -0.00656810
1.89500000 -0.00654389
1.89600000 -0.00651978
1.89700000 -0.00649577
1.89800000 -0.00647187
1.89900000 -0.00644806
1.90000000 -0.00642436
1.90100000 -0.00640075
1.90200000 -0.00637724
1.90300000 -0.00635384
1.90400000 -0.00633053
1.90500000 -0.00630731
1.90600000 -0.00628420
1.90700000 -0.00626118
1.90800000 -0.00623826
1.90900000 -0.00621543
1.91000000 -0.00619270
1.91100000 -0.00617006
1.91200000 -0.00614752
1.91300000 -0.00612507
1.91400000 -0.00610272
1.91500000 -0.00608046
1.91600000 -0.00605829
1.91700000 -0.00603621
1.91800000 -0.00601423
1.91900000 -0.00599233
1.92000000 -0.00597053
1.92100000 -0.00594882
1.92200000 -0.00592720
1.92300000 -0.00590567
1.92400000 -0.00588423
1.92500000 -0.00586287
1.92600000 -0.00584161
1.92700000 -0.00582043
1.92800000 -0.00579934
1.92900000 -0.00577834
1.93000000 -0.00575743
1.93100000 -0.00573660
1.93200000 -0.00571586
1.93300000 -0.00569520
1.93400000 -0.00567463
1.93500000 -0.00565414
1.93600000 -0.00563374
1.93700000 -0.00561342
1.93800000 -0.00559319
1.93900000 -0.00557304
1.94000000 -0.00555297
1.94100000 -0.00553298
1.94200000 -0.00551308
1.94300000 -0.00549326
1.94400000 -0.00547352
1.94500000 -0.00545386
1.94600000 -0.00543428
1.94700000 -0.00541478
1.94800000 -0.00539536
1.94900000 -0.00537602
1.95000000 -0.00535676
1.95100000 -0.00533758
1.95200000 -0.00531848
1.95300000 -0.00529945
1.95400000 -0.00528051
1.95500000 -0.00526164
1.95600000 -0.00524284
1.95700000 -0.00522413
1.95800000 -0.00520549
1.95900000 -0.00518692
1.96000000 -0.00516844
1.96100000 -0.00515002
1.96200000 -0.00513169
1.96300000 -0.00511342
1.96400000 -0.00509523
1.96500000 -0.00507712
1.96600000 -0.00505908
1.96700000 -0.00504111
1.96800000 -0.00502321
1.96900000 -0.00500539
1.97000000 -0.00498764
1.97100000 -0.00496996
1.97200000 -0.00495235
1.97300000 -0.00493482
1.97400000 -0.00491735
1.97500000 -0.00489996
1.97600000 -0.00488263
1.97700000 -0.00486538
1.97800000 -0.00484819
1.97900000 -0.00483108
1.98000000 -0.00481403
1.98100000 -0.00479705
1.98200000 -0.00478014
1.98300000 -0.00476330
1.98400000 -0.00474653
1.98500000 -0.00472982
1.98600000 -0.00471318
1.98700000 -0.00469661
1.98800000 -0.00468011
1.98900000 -0.00466367
1.99000000 -0.00464729
1.99100000 -0.00463098
1.99200000 -0.00461474
1.99300000 -0.00459856
1.99400000 -0.00458245
1.99500000 -0.00456640
1.99600000 -0.00455042
1.99700000 -0.00453450
1.99800000 -0.00451864
1.99900000 -0.00450285
2.00000000 -0.00448712
