0.10000000 227931055977.82742310
0.10100000 200274079950.16827393
0.10200000 176197372530.74221802
0.10300000 155208945591.61148071
0.10400000 136888264820.81587219
0.10500000 120875323617.68154907
0.10600000 106861470082.64671326
0.10700000 94581692836.74957275
0.10800000 83808122940.02503967
0.10900000 74344551318.78936768
0.11000000 66021795637.29395294
0.11100000 58693778888.77706146
0.11200000 52234205285.74711609
0.11300000 46533738228.51873016
0.11400000 41497600975.97670746
0.11500000 37043533742.06128693
0.11600000 33100051789.79501343
0.11700000 29604958093.78656769
0.11800000 26504071619.59681320
0.11900000 23750138491.52007675
0.12000000 21301898507.87204742
0.12100000 19123283793.90668488
0.12200000 17182730003.99329758
0.12300000 15452583517.49335480
0.12400000 13908590616.36323166
0.12500000 12529456768.91138268
0.12600000 11296465941.12589264
0.12700000 10193151370.62216759
0.12800000 9205010514.99873161
0.12900000 8319257964.78295422
0.13000000 7524611023.24000168
0.13100000 6811103427.77743435
0.13200000 6169923342.73558617
0.13300000 5593272309.56774902
0.13400000 5074242313.29707146
0.13500000 4606708526.67465878
0.13600000 4185235636.54079151
0.13700000 3804995949.64496994
0.13800000 3461697725.28982687
0.13900000 3151522396.09132290
0.14000000 2871069521.33879137
0.14100000 2617308474.48805380
0.14200000 2387536001.11039209
0.14300000 2179338899.43284321
0.14400000 1990561175.22108960
0.14500000 1819275108.53260469
0.14600000 1663755743.80543661
0.14700000 1522458378.54769278
0.14800000 1393998681.00109673
0.14900000 1277135114.80137348
0.15000000 1170753389.89944172
0.15100000 1073852694.73752594
0.15200000 985533495.65998733
0.15300000 904986716.43569195
0.15400000 831484134.13875353
0.15500000 764369847.95904982
0.15600000 703052695.20605910
0.15700000 646999504.18449402
0.15800000 595729087.06289268
0.15900000 548806887.58964312
0.16000000 505840208.76114959
0.16100000 466473954.50920290
0.16200000 430386827.31761271
0.16300000 397287930.54737324
0.16400000 366913730.27098709
0.16500000 339025336.69904274
0.16600000 313406069.92017859
0.16700000 289859278.75103247
0.16800000 268206385.07675990
0.16900000 248285129.21693501
0.17000000 229947994.62980321
0.17100000 213060792.71664485
0.17200000 197501390.64810681
0.17300000 183158567.04122338
0.17400000 169930982.00039709
0.17500000 157726249.52486876
0.17600000 146460101.60272133
0.17700000 136055634.47791967
0.17800000 126442628.61028938
0.17900000 117556934.76451959
0.18000000 109339919.47708628
0.18100000 101737963.87158470
0.18200000 94702010.43400078
0.18300000 88187152.92931259
0.18400000 82152265.14772896
0.18500000 76559664.62008978
0.18600000 71374807.84384793
0.18700000 66566013.91924715
0.18800000 62104213.81475273
0.18900000 57962722.76585512
0.19000000 54117033.56590478
0.19100000 50544628.73505743
0.19200000 47224809.75672347
0.19300000 44138541.75278694
0.19400000 41268312.13164540
0.19500000 38598001.88891004
0.19600000 36112768.37124584
0.19700000 33798938.43096494
0.19800000 31643911.00406815
0.19900000 29636068.23875310
0.20000000 27764694.38612053
0.20100000 26019901.74093340
0.20200000 24392562.98872593
0.20300000 22874249.37712755
0.20400000 21457174.18468239
0.20500000 20134141.01034648
0.20600000 18898496.45180738
0.20700000 17744086.78130129
0.20800000 16665218.26415900
0.20900000 15656620.79829839
0.21000000 14713414.58266267
0.21100000 13831079.54950448
0.21200000 13005427.31972584
0.21300000 12232575.46246507
0.21400000 11508923.86000448
0.21500000 10831132.99706779
0.21600000 10196104.00986937
0.21700000 9600960.34503710
0.21800000 9043030.89190710
0.21900000 8519834.46381745
0.22000000 8029065.51502971
0.22100000 7568580.98989217
0.22200000 7136388.20992399
0.22300000 6730633.71273384
0.22400000 6349592.96416974
0.22500000 5991660.87189966
0.22600000 5655343.03480984
0.22700000 5339247.66823779
0.22800000 5042078.15018184
0.22900000 4762626.13829623
0.23000000 4499765.21173269
0.23100000 4252444.99576491
0.23200000 4019685.73066579
0.23300000 3800573.24953048
0.23400000 3594254.33267971
0.23500000 3399932.40896276
0.23600000 3216863.57673166
0.23700000 3044352.91949846
0.23800000 2881751.09333510
0.23900000 2728451.16494746
0.24000000 2583885.68106733
0.24100000 2447523.95137332
0.24200000 2318869.52858548
0.24300000 2197457.87069181
0.24400000 2082854.17146807
0.24500000 1974651.34655428
0.24600000 1872468.16336213
0.24700000 1775947.50401425
0.24800000 1684754.75136600
0.24900000 1598576.28894107
0.25000000 1517118.10632801
0.25100000 1440104.50224242
0.25200000 1367276.87806379
0.25300000 1298392.61521124
0.25400000 1233224.03023229
0.25500000 1171557.40194869
0.25600000 1113192.06543446
0.25700000 1057939.56799892
0.25800000 1005622.88271277
0.25900000 956075.67535233
0.26000000 909141.62094672
0.26100000 864673.76639888
0.26200000 822533.93591422
0.26300000 782592.17621396
0.26400000 744726.23873365
0.26500000 708821.09621426
0.26600000 674768.49128351
0.26700000 642466.51480153
0.26800000 611819.21190681
0.26900000 582736.21384902
0.27000000 555132.39383351
0.27100000 528927.54523072
0.27200000 504046.08062207
0.27300000 480416.75026336
0.27400000 457972.37864830
0.27500000 436649.61794827
0.27600000 416388.71719137
0.27700000 397133.30612408
0.27800000 378830.19277332
0.27900000 361429.17379554
0.28000000 344882.85676338
0.28100000 329146.49359962
0.28200000 314177.82442307
0.28300000 299936.93112180
0.28400000 286386.10001643
0.28500000 273489.69301997
0.28600000 261214.02674141
0.28700000 249527.25901773
0.28800000 238399.28239452
0.28900000 227801.62410738
0.29000000 217707.35214702
0.29100000 208090.98701871
0.29200000 198928.41883306
0.29300000 190196.82938928
0.29400000 181874.61893477
0.29500000 173941.33730575
0.29600000 166377.61917335
0.29700000 159165.12313768
0.29800000 152286.47442926
0.29900000 145725.21099322
0.30000000 139465.73274611
0.30100000 133493.25380891
0.30200000 127793.75753272
0.30300000 122353.95414528
0.30400000 117161.24085775
0.30500000 112203.66428134
0.30600000 107469.88501319
0.30700000 102949.14425969
0.30800000 98631.23237400
0.30900000 94506.45919235
0.31000000 90565.62606071
0.31100000 86799.99945079
0.31200000 83201.28607019
0.31300000 79761.60937768
0.31400000 76473.48742034
0.31500000 73329.81191405
0.31600000 70323.82849416
0.31700000 67449.11806733
0.31800000 64699.57920006
0.31900000 62069.41148319
0.32000000 59553.09981557
0.32100000 57145.39955337
0.32200000 54841.32247491
0.32300000 52636.12351400
0.32400000 50525.28821728
0.32500000 48504.52088431
0.32600000 46569.73335097
0.32700000 44717.03437978
0.32800000 42942.71962236
0.32900000 41243.26212167
0.33000000 39615.30332351
0.33100000 38055.64456850
0.33200000 36561.23903751
0.33300000 35129.18412522
0.33400000 33756.71421773
0.33500000 32441.19385178
0.33600000 31180.11123438
0.33700000 29971.07210283
0.33800000 28811.79390631
0.33900000 27700.10029137
0.34000000 26633.91587464
0.34100000 25611.26128687
0.34200000 24630.24847372
0.34300000 23689.07623910
0.34400000 22786.02601799
0.34500000 21919.45786628
0.34600000 21087.80665594
0.34700000 20289.57846442
0.34800000 19523.34714786
0.34900000 18787.75108826
0.35000000 18081.49010538
0.35100000 17403.32252448
0.35200000 16752.06239171
0.35300000 16126.57682935
0.35400000 15525.78352339
0.35500000 14948.64833664
0.35600000 14394.18304065
0.35700000 13861.44316024
0.35800000 13349.52592487
0.35900000 12857.56832105
0.36000000 12384.74524086
0.36100000 11930.26772122
0.36200000 11493.38126962
0.36300000 11073.36427149
0.36400000 10669.52647531
0.36500000 10281.20755123
0.36600000 9907.77571964
0.36700000 9548.62644601
0.36800000 9203.18119865
0.36900000 8870.88626621
0.37000000 8551.21163191
0.37100000 8243.64990158
0.37200000 7947.71528293
0.37300000 7662.94261330
0.37400000 7388.88643358
0.37500000 7125.12010605
0.37600000 6871.23497373
0.37700000 6626.83955948
0.37800000 6391.55880258
0.37900000 6165.03333121
0.38000000 5946.91876880
0.38100000 5736.88507284
0.38200000 5534.61590435
0.38300000 5339.80802663
0.38400000 5152.17073183
0.38500000 4971.42529395
0.38600000 4797.30444706
0.38700000 4629.55188745
0.38800000 4467.92179859
0.38900000 4312.17839782
0.39000000 4162.09550365
0.39100000 4017.45612275
0.39200000 3878.05205571
0.39300000 3743.68352057
0.39400000 3614.15879340
0.39500000 3489.29386500
0.39600000 3368.91211307
0.39700000 3252.84398901
0.39800000 3140.92671882
0.39900000 3033.00401716
0.40000000 2928.92581434
0.40100000 2828.54799522
0.40200000 2731.73214981
0.40300000 2638.34533484
0.40400000 2548.25984576
0.40500000 2461.35299890
0.40600000 2377.50692305
0.40700000 2296.60836022
0.40800000 2218.54847509
0.40900000 2143.22267273
0.41000000 2070.53042426
0.41100000 2000.37510007
0.41200000 1932.66381018
0.41300000 1867.30725162
0.41400000 1804.21956220
0.41500000 1743.31818073
0.41600000 1684.52371310
0.41700000 1627.75980415
0.41800000 1572.95301495
0.41900000 1520.03270539
0.42000000 1468.93092162
0.42100000 1419.58228838
0.42200000 1371.92390578
0.42300000 1325.89525054
0.42400000 1281.43808124
0.42500000 1238.49634768
0.42600000 1197.01610397
0.42700000 1156.94542522
0.42800000 1118.23432778
0.42900000 1080.83469275
0.43000000 1044.70019266
0.43100000 1009.78622117
0.43200000 976.04982575
0.43300000 943.44964305
0.43400000 911.94583696
0.43500000 881.50003923
0.43600000 852.07529247
0.43700000 823.63599556
0.43800000 796.14785118
0.43900000 769.57781560
0.44000000 743.89405036
0.44100000 719.06587607
0.44200000 695.06372792
0.44300000 671.85911310
0.44400000 649.42456988
0.44500000 627.73362836
0.44600000 606.76077275
0.44700000 586.48140520
0.44800000 566.87181105
0.44900000 547.90912550
0.45000000 529.57130155
0.45100000 511.83707923
0.45200000 494.68595610
0.45300000 478.09815881
0.45400000 462.05461589
0.45500000 446.53693154
0.45600000 431.52736047
0.45700000 417.00878374
0.45800000 402.96468549
0.45900000 389.37913066
0.46000000 376.23674350
0.46100000 363.52268699
0.46200000 351.22264295
0.46300000 339.32279306
0.46400000 327.80980048
0.46500000 316.67079225
0.46600000 305.89334237
0.46700000 295.46545552
0.46800000 285.37555133
0.46900000 275.61244940
0.47000000 266.16535475
0.47100000 257.02384391
0.47200000 248.17785150
0.47300000 239.61765732
0.47400000 231.33387397
0.47500000 223.31743486
0.47600000 215.55958274
0.47700000 208.05185865
0.47800000 200.78609125
0.47900000 193.75438659
0.48000000 186.94911824
0.48100000 180.36291779
0.48200000 173.98866571
0.48300000 167.81948255
0.48400000 161.84872048
0.48500000 156.06995509
0.48600000 150.47697757
0.48700000 145.06378711
0.48800000 139.82458365
0.48900000 134.75376080
0.49000000 129.84589912
0.49100000 125.09575960
0.49200000 120.49827736
0.49300000 116.04855560
0.49400000 111.74185981
0.49500000 107.57361209
0.49600000 103.53938580
0.49700000 99.63490029
0.49800000 95.85601592
0.49900000 92.19872917
0.50000000 88.65916799
0.50100000 85.23358729
0.50200000 81.91836459
0.50300000 78.70999586
0.50400000 75.60509144
0.50500000 72.60037219
0.50600000 69.69266571
0.50700000 66.87890270
0.50800000 64.15611354
0.50900000 61.52142483
0.51000000 58.97205620
0.51100000 56.50531717
0.51200000 54.11860410
0.51300000 51.80939730
0.51400000 49.57525819
0.51500000 47.41382661
0.51600000 45.32281817
0.51700000 43.30002176
0.51800000 41.34329707
0.51900000 39.45057224
0.52000000 37.61984161
0.52100000 35.84916351
0.52200000 34.13665813
0.52300000 32.48050550
0.52400000 30.87894347
0.52500000 29.33026587
0.52600000 27.83282060
0.52700000 26.38500791
0.52800000 24.98527863
0.52900000 23.63213256
0.53000000 22.32411683
0.53100000 21.05982438
0.53200000 19.83789245
0.53300000 18.65700114
0.53400000 17.51587203
0.53500000 16.41326681
0.53600000 15.34798600
0.53700000 14.31886767
0.53800000 13.32478625
0.53900000 12.36465133
0.54000000 11.43740656
0.54100000 10.54202852
0.54200000 9.67752567
0.54300000 8.84293735
0.54400000 8.03733276
0.54500000 7.25981000
0.54600000 6.50949518
0.54700000 5.78554149
0.54800000 5.08712836
0.54900000 4.41346062
0.55000000 3.76376768
0.55100000 3.13730276
0.55200000 2.53334212
0.55300000 1.95118435
0.55400000 1.39014966
0.55500000 0.84957918
0.55600000 0.32883433
0.55700000 -0.17270388
0.55800000 -0.65563537
0.55900000 -1.12054170
0.56000000 -1.56798655
0.56100000 -1.99851635
0.56200000 -2.41266078
0.56300000 -2.81093332
0.56400000 -3.19383172
0.56500000 -3.56183854
0.56600000 -3.91542159
0.56700000 -4.25503440
0.56800000 -4.58111665
0.56900000 -4.89409464
0.57000000 -5.19438164
0.57100000 -5.48237838
0.57200000 -5.75847334
0.57300000 -6.02304322
0.57400000 -6.27645324
0.57500000 -6.51905752
0.57600000 -6.75119943
0.57700000 -6.97321191
0.57800000 -7.18541778
0.57900000 -7.38813008
0.58000000 -7.58165233
0.58100000 -7.76627886
0.58200000 -7.94229509
0.58300000 -8.10997776
0.58400000 -8.26959526
0.58500000 -8.42140780
0.58600000 -8.56566777
0.58700000 -8.70261987
0.58800000 -8.83250142
0.58900000 -8.95554254
0.59000000 -9.07196640
0.59100000 -9.18198940
0.59200000 -9.28582142
0.59300000 -9.38366595
0.59400000 -9.47572036
0.59500000 -9.56217604
0.59600000 -9.64321856
0.59700000 -9.71902793
0.59800000 -9.78977867
0.59900000 -9.85564002
0.60000000 -9.91677613
0.60100000 -9.97334616
0.60200000 -10.02550444
0.60300000 -10.07340066
0.60400000 -10.11717993
0.60500000 -10.15698302
0.60600000 -10.19294638
0.60700000 -10.22520236
0.60800000 -10.25387928
0.60900000 -10.27910158
0.61000000 -10.30098990
0.61100000 -10.31966124
0.61200000 -10.33522904
0.61300000 -10.34780328
0.61400000 -10.35749060
0.61500000 -10.36439441
0.61600000 -10.36861495
0.61700000 -10.37024941
0.61800000 -10.36939203
0.61900000 -10.36613416
0.62000000 -10.36056436
0.62100000 -10.35276849
0.62200000 -10.34282978
0.62300000 -10.33082891
0.62400000 -10.31684408
0.62500000 -10.30095111
0.62600000 -10.28322348
0.62700000 -10.26373239
0.62800000 -10.24254689
0.62900000 -10.21973386
0.63000000 -10.19535815
0.63100000 -10.16948258
0.63200000 -10.14216804
0.63300000 -10.11347352
0.63400000 -10.08345621
0.63500000 -10.05217148
0.63600000 -10.01967301
0.63700000 -9.98601279
0.63800000 -9.95124119
0.63900000 -9.91540700
0.64000000 -9.87855749
0.64100000 -9.84073844
0.64200000 -9.80199418
0.64300000 -9.76236767
0.64400000 -9.72190048
0.64500000 -9.68063289
0.64600000 -9.63860388
0.64700000 -9.59585120
0.64800000 -9.55241141
0.64900000 -9.50831989
0.65000000 -9.46361087
0.65100000 -9.41831750
0.65200000 -9.37247187
0.65300000 -9.32610502
0.65400000 -9.27924698
0.65500000 -9.23192682
0.65600000 -9.18417264
0.65700000 -9.13601165
0.65800000 -9.08747016
0.65900000 -9.03857359
0.66000000 -8.98934655
0.66100000 -8.93981282
0.66200000 -8.88999540
0.66300000 -8.83991651
0.66400000 -8.78959763
0.66500000 -8.73905953
0.66600000 -8.68832225
0.66700000 -8.63740518
0.66800000 -8.58632704
0.66900000 -8.53510589
0.67000000 -8.48375920
0.67100000 -8.43230381
0.67200000 -8.38075600
0.67300000 -8.32913146
0.67400000 -8.27744534
0.67500000 -8.22571226
0.67600000 -8.17394630
0.67700000 -8.12216107
0.67800000 -8.07036966
0.67900000 -8.01858471
0.68000000 -7.96681838
0.68100000 -7.91508242
0.68200000 -7.86338810
0.68300000 -7.81174631
0.68400000 -7.76016752
0.68500000 -7.70866179
0.68600000 -7.65723883
0.68700000 -7.60590796
0.68800000 -7.55467813
0.68900000 -7.50355797
0.69000000 -7.45255574
0.69100000 -7.40167940
0.69200000 -7.35093657
0.69300000 -7.30033458
0.69400000 -7.24988045
0.69500000 -7.19958091
0.69600000 -7.14944242
0.69700000 -7.09947115
0.69800000 -7.04967302
0.69900000 -7.00005370
0.70000000 -6.95061860
0.70100000 -6.90137288
0.70200000 -6.85232150
0.70300000 -6.80346915
0.70400000 -6.75482035
0.70500000 -6.70637937
0.70600000 -6.65815029
0.70700000 -6.61013700
0.70800000 -6.56234318
0.70900000 -6.51477233
0.71000000 -6.46742778
0.71100000 -6.42031267
0.71200000 -6.37342998
0.71300000 -6.32678252
0.71400000 -6.28037294
0.71500000 -6.23420376
0.71600000 -6.18827731
0.71700000 -6.14259581
0.71800000 -6.09716134
0.71900000 -6.05197581
0.72000000 -6.00704105
0.72100000 -5.96235872
0.72200000 -5.91793038
0.72300000 -5.87375748
0.72400000 -5.82984134
0.72500000 -5.78618316
0.72600000 -5.74278407
0.72700000 -5.69964506
0.72800000 -5.65676704
0.72900000 -5.61415083
0.73000000 -5.57179713
0.73100000 -5.52970657
0.73200000 -5.48787970
0.73300000 -5.44631697
0.73400000 -5.40501875
0.73500000 -5.36398535
0.73600000 -5.32321699
0.73700000 -5.28271381
0.73800000 -5.24247590
0.73900000 -5.20250327
0.74000000 -5.16279587
0.74100000 -5.12335358
0.74200000 -5.08417623
0.74300000 -5.04526358
0.74400000 -5.00661534
0.74500000 -4.96823118
0.74600000 -4.93011068
0.74700000 -4.89225342
0.74800000 -4.85465888
0.74900000 -4.81732654
0.75000000 -4.78025581
0.75100000 -4.74344606
0.75200000 -4.70689662
0.75300000 -4.67060679
0.75400000 -4.63457582
0.75500000 -4.59880292
0.75600000 -4.56328729
0.75700000 -4.52802806
0.75800000 -4.49302436
0.75900000 -4.45827528
0.76000000 -4.42377988
0.76100000 -4.38953718
0.76200000 -4.35554618
0.76300000 -4.32180588
0.76400000 -4.28831521
0.76500000 -4.25507312
0.76600000 -4.22207850
0.76700000 -4.18933025
0.76800000 -4.15682723
0.76900000 -4.12456829
0.77000000 -4.09255227
0.77100000 -4.06077797
0.77200000 -4.02924419
0.77300000 -3.99794971
0.77400000 -3.96689330
0.77500000 -3.93607372
0.77600000 -3.90548970
0.77700000 -3.87513997
0.77800000 -3.84502325
0.77900000 -3.81513824
0.78000000 -3.78548365
0.78100000 -3.75605815
0.78200000 -3.72686042
0.78300000 -3.69788915
0.78400000 -3.66914298
0.78500000 -3.64062058
0.78600000 -3.61232059
0.78700000 -3.58424166
0.78800000 -3.55638244
0.78900000 -3.52874154
0.79000000 -3.50131762
0.79100000 -3.47410928
0.79200000 -3.44711516
0.79300000 -3.42033387
0.79400000 -3.39376404
0.79500000 -3.36740429
0.79600000 -3.34125322
0.79700000 -3.31530946
0.79800000 -3.28957161
0.79900000 -3.26403830
0.80000000 -3.23870812
0.80100000 -3.21357971
0.80200000 -3.18865168
0.80300000 -3.16392263
0.80400000 -3.13939119
0.80500000 -3.11505597
0.80600000 -3.09091561
0.80700000 -3.06696871
0.80800000 -3.04321391
0.80900000 -3.01964984
0.81000000 -2.99627512
0.81100000 -2.97308839
0.81200000 -2.95008829
0.81300000 -2.92727346
0.81400000 -2.90464254
0.81500000 -2.88219419
0.81600000 -2.85992706
0.81700000 -2.83783980
0.81800000 -2.81593108
0.81900000 -2.79419956
0.82000000 -2.77264393
0.82100000 -2.75126285
0.82200000 -2.73005501
0.82300000 -2.70901909
0.82400000 -2.68815379
0.82500000 -2.66745781
0.82600000 -2.64692986
0.82700000 -2.62656863
0.82800000 -2.60637286
0.82900000 -2.58634125
0.83000000 -2.56647255
0.83100000 -2.54676548
0.83200000 -2.52721879
0.83300000 -2.50783122
0.83400000 -2.48860154
0.83500000 -2.46952849
0.83600000 -2.45061084
0.83700000 -2.43184738
0.83800000 -2.41323688
0.83900000 -2.39477812
0.84000000 -2.37646991
0.84100000 -2.35831105
0.84200000 -2.34030034
0.84300000 -2.32243659
0.84400000 -2.30471864
0.84500000 -2.28714531
0.84600000 -2.26971544
0.84700000 -2.25242787
0.84800000 -2.23528145
0.84900000 -2.21827505
0.85000000 -2.20140752
0.85100000 -2.18467774
0.85200000 -2.16808460
0.85300000 -2.15162697
0.85400000 -2.13530376
0.85500000 -2.11911387
0.85600000 -2.10305620
0.85700000 -2.08712967
0.85800000 -2.07133321
0.85900000 -2.05566575
0.86000000 -2.04012622
0.86100000 -2.02471358
0.86200000 -2.00942678
0.86300000 -1.99426478
0.86400000 -1.97922655
0.86500000 -1.96431106
0.86600000 -1.94951730
0.86700000 -1.93484426
0.86800000 -1.92029093
0.86900000 -1.90585632
0.87000000 -1.89153945
0.87100000 -1.87733933
0.87200000 -1.86325498
0.87300000 -1.84928546
0.87400000 -1.83542978
0.87500000 -1.82168701
0.87600000 -1.80805620
0.87700000 -1.79453642
0.87800000 -1.78112672
0.87900000 -1.76782619
0.88000000 -1.75463392
0.88100000 -1.74154899
0.88200000 -1.72857050
0.88300000 -1.71569756
0.88400000 -1.70292928
0.88500000 -1.69026478
0.88600000 -1.67770318
0.88700000 -1.66524362
0.88800000 -1.65288524
0.88900000 -1.64062717
0.89000000 -1.62846859
0.89100000 -1.61640864
0.89200000 -1.60444649
0.89300000 -1.59258132
0.89400000 -1.58081230
0.89500000 -1.56913863
0.89600000 -1.55755949
0.89700000 -1.54607408
0.89800000 -1.53468161
0.89900000 -1.52338130
0.90000000 -1.51217236
0.90100000 -1.50105401
0.90200000 -1.49002550
0.90300000 -1.47908604
0.90400000 -1.46823490
0.90500000 -1.45747132
0.90600000 -1.44679456
0.90700000 -1.43620387
0.90800000 -1.42569853
0.90900000 -1.41527782
0.91000000 -1.40494101
0.91100000 -1.39468739
0.91200000 -1.38451625
0.91300000 -1.37442689
0.91400000 -1.36441863
0.91500000 -1.35449075
0.91600000 -1.34464260
0.91700000 -1.33487347
0.91800000 -1.32518271
0.91900000 -1.31556965
0.92000000 -1.30603362
0.92100000 -1.29657397
0.92200000 -1.28719004
0.92300000 -1.27788121
0.92400000 -1.26864682
0.92500000 -1.25948624
0.92600000 -1.25039885
0.92700000 -1.24138402
0.92800000 -1.23244113
0.92900000 -1.22356958
0.93000000 -1.21476875
0.93100000 -1.20603804
0.93200000 -1.19737686
0.93300000 -1.18878462
0.93400000 -1.18026073
0.93500000 -1.17180460
0.93600000 -1.16341567
0.93700000 -1.15509335
0.93800000 -1.14683709
0.93900000 -1.13864633
0.94000000 -1.13052049
0.94100000 -1.12245905
0.94200000 -1.11446144
0.94300000 -1.10652712
0.94400000 -1.09865556
0.94500000 -1.09084622
0.94600000 -1.08309858
0.94700000 -1.07541212
0.94800000 -1.06778630
0.94900000 -1.06022062
0.95000000 -1.05271457
0.95100000 -1.04526765
0.95200000 -1.03787934
0.95300000 -1.03054915
0.95400000 -1.02327660
0.95500000 -1.01606119
0.95600000 -1.00890244
0.95700000 -1.00179987
0.95800000 -0.99475300
0.95900000 -0.98776136
0.96000000 -0.98082449
0.96100000 -0.97394191
0.96200000 -0.96711318
0.96300000 -0.96033784
0.96400000 -0.95361543
0.96500000 -0.94694551
0.96600000 -0.94032763
0.96700000 -0.93376136
0.96800000 -0.92724626
0.96900000 -0.92078190
0.97000000 -0.91436784
0.97100000 -0.90800368
0.97200000 -0.90168897
0.97300000 -0.89542332
0.97400000 -0.88920630
0.97500000 -0.88303751
0.97600000 -0.87691654
0.97700000 -0.87084298
0.97800000 -0.86481645
0.97900000 -0.85883654
0.98000000 -0.85290286
0.98100000 -0.84701502
0.98200000 -0.84117264
0.98300000 -0.83537534
0.98400000 -0.82962274
0.98500000 -0.82391446
0.98600000 -0.81825014
0.98700000 -0.81262940
0.98800000 -0.80705188
0.98900000 -0.80151721
0.99000000 -0.79602505
0.99100000 -0.79057503
0.99200000 -0.78516680
0.99300000 -0.77980001
0.99400000 -0.77447432
0.99500000 -0.76918938
0.99600000 -0.76394485
0.99700000 -0.75874040
0.99800000 -0.75357569
0.99900000 -0.74845039
1.00000000 -0.74336417
1.00100000 -0.73831671
1.00200000 -0.73330768
1.00300000 -0.72833677
1.00400000 -0.72340365
1.00500000 -0.71850802
1.00600000 -0.71364956
1.00700000 -0.70882797
1.00800000 -0.70404293
1.00900000 -0.69929414
1.01000000 -0.69458132
1.01100000 -0.68990414
1.01200000 -0.68526233
1.01300000 -0.68065559
1.01400000 -0.67608363
1.01500000 -0.67154616
1.01600000 -0.66704289
1.01700000 -0.66257355
1.01800000 -0.65813785
1.01900000 -0.65373552
1.02000000 -0.64936628
1.02100000 -0.64502986
1.02200000 -0.64072598
1.02300000 -0.63645439
1.02400000 -0.63221481
1.02500000 -0.62800699
1.02600000 -0.62383065
1.02700000 -0.61968555
1.02800000 -0.61557142
1.02900000 -0.61148802
1.03000000 -0.60743508
1.03100000 -0.60341237
1.03200000 -0.59941963
1.03300000 -0.59545661
1.03400000 -0.59152309
1.03500000 -0.58761880
1.03600000 -0.58374352
1.03700000 -0.57989701
1.03800000 -0.57607903
1.03900000 -0.57228935
1.04000000 -0.56852774
1.04100000 -0.56479397
1.04200000 -0.56108781
1.04300000 -0.55740905
1.04400000 -0.55375745
1.04500000 -0.55013280
1.04600000 -0.54653487
1.04700000 -0.54296346
1.04800000 -0.53941834
1.04900000 -0.53589930
1.05000000 -0.53240614
1.05100000 -0.52893864
1.05200000 -0.52549659
1.05300000 -0.52207978
1.05400000 -0.51868803
1.05500000 -0.51532111
1.05600000 -0.51197884
1.05700000 -0.50866100
1.05800000 -0.50536742
1.05900000 -0.50209788
1.06000000 -0.49885220
1.06100000 -0.49563018
1.06200000 -0.49243164
1.06300000 -0.48925639
1.06400000 -0.48610423
1.06500000 -0.48297498
1.06600000 -0.47986847
1.06700000 -0.47678450
1.06800000 -0.47372290
1.06900000 -0.47068348
1.07000000 -0.46766608
1.07100000 -0.46467051
1.07200000 -0.46169659
1.07300000 -0.45874417
1.07400000 -0.45581306
1.07500000 -0.45290310
1.07600000 -0.45001411
1.07700000 -0.44714593
1.07800000 -0.44429839
1.07900000 -0.44147134
1.08000000 -0.43866460
1.08100000 -0.43587802
1.08200000 -0.43311143
1.08300000 -0.43036468
1.08400000 -0.42763761
1.08500000 -0.42493006
1.08600000 -0.42224188
1.08700000 -0.41957292
1.08800000 -0.41692302
1.08900000 -0.41429203
1.09000000 -0.41167981
1.09100000 -0.40908621
1.09200000 -0.40651107
1.09300000 -0.40395426
1.09400000 -0.40141562
1.09500000 -0.39889502
1.09600000 -0.39639232
1.09700000 -0.39390737
1.09800000 -0.39144003
1.09900000 -0.38899017
1.10000000 -0.38655765
1.10100000 -0.38414233
1.10200000 -0.38174408
1.10300000 -0.37936276
1.10400000 -0.37699824
1.10500000 -0.37465040
1.10600000 -0.37231910
1.10700000 -0.37000420
1.10800000 -0.36770559
1.10900000 -0.36542314
1.11000000 -0.36315672
1.11100000 -0.36090620
1.11200000 -0.35867147
1.11300000 -0.35645239
1.11400000 -0.35424885
1.11500000 -0.35206073
1.11600000 -0.34988791
1.11700000 -0.34773026
1.11800000 -0.34558767
1.11900000 -0.34346003
1.12000000 -0.34134722
1.12100000 -0.33924912
1.12200000 -0.33716563
1.12300000 -0.33509662
1.12400000 -0.33304198
1.12500000 -0.33100162
1.12600000 -0.32897540
1.12700000 -0.32696323
1.12800000 -0.32496500
1.12900000 -0.32298061
1.13000000 -0.32100993
1.13100000 -0.31905288
1.13200000 -0.31710934
1.13300000 -0.31517921
1.13400000 -0.31326238
1.13500000 -0.31135877
1.13600000 -0.30946826
1.13700000 -0.30759076
1.13800000 -0.30572616
1.13900000 -0.30387436
1.14000000 -0.30203528
1.14100000 -0.30020881
1.14200000 -0.29839486
1.14300000 -0.29659333
1.14400000 -0.29480412
1.14500000 -0.29302715
1.14600000 -0.29126231
1.14700000 -0.28950953
1.14800000 -0.28776870
1.14900000 -0.28603973
1.15000000 -0.28432255
1.15100000 -0.28261704
1.15200000 -0.28092314
1.15300000 -0.27924075
1.15400000 -0.27756978
1.15500000 -0.27591014
1.15600000 -0.27426176
1.15700000 -0.27262455
1.15800000 -0.27099841
1.15900000 -0.26938328
1.16000000 -0.26777906
1.16100000 -0.26618568
1.16200000 -0.26460305
1.16300000 -0.26303109
1.16400000 -0.26146973
1.16500000 -0.25991888
1.16600000 -0.25837846
1.16700000 -0.25684839
1.16800000 -0.25532861
1.16900000 -0.25381903
1.17000000 -0.25231957
1.17100000 -0.25083016
1.17200000 -0.24935072
1.17300000 -0.24788119
1.17400000 -0.24642148
1.17500000 -0.24497153
1.17600000 -0.24353126
1.17700000 -0.24210059
1.17800000 -0.24067947
1.17900000 -0.23926781
1.18000000 -0.23786554
1.18100000 -0.23647260
1.18200000 -0.23508892
1.18300000 -0.23371443
1.18400000 -0.23234907
1.18500000 -0.23099275
1.18600000 -0.22964542
1.18700000 -0.22830701
1.18800000 -0.22697746
1.18900000 -0.22565670
1.19000000 -0.22434466
1.19100000 -0.22304128
1.19200000 -0.22174650
1.19300000 -0.22046025
1.19400000 -0.21918247
1.19500000 -0.21791310
1.19600000 -0.21665208
1.19700000 -0.21539934
1.19800000 -0.21415483
1.19900000 -0.21291849
1.20000000 -0.21169024
1.20100000 -0.21047005
1.20200000 -0.20925784
1.20300000 -0.20805356
1.20400000 -0.20685716
1.20500000 -0.20566856
1.20600000 -0.20448773
1.20700000 -0.20331459
1.20800000 -0.20214910
1.20900000 -0.20099120
1.21000000 -0.19984083
1.21100000 -0.19869794
1.21200000 -0.19756247
1.21300000 -0.19643438
1.21400000 -0.19531360
1.21500000 -0.19420009
1.21600000 -0.19309379
1.21700000 -0.19199465
1.21800000 -0.19090262
1.21900000 -0.18981765
1.22000000 -0.18873968
1.22100000 -0.18766867
1.22200000 -0.18660456
1.22300000 -0.18554731
1.22400000 -0.18449687
1.22500000 -0.18345319
1.22600000 -0.18241621
1.22700000 -0.18138589
1.22800000 -0.18036219
1.22900000 -0.17934506
1.23000000 -0.17833444
1.23100000 -0.17733030
1.23200000 -0.17633258
1.23300000 -0.17534124
1.23400000 -0.17435624
1.23500000 -0.17337752
1.23600000 -0.17240505
1.23700000 -0.17143878
1.23800000 -0.17047867
1.23900000 -0.16952467
1.24000000 -0.16857674
1.24100000 -0.16763483
1.24200000 -0.16669891
1.24300000 -0.16576892
1.24400000 -0.16484484
1.24500000 -0.16392661
1.24600000 -0.16301420
1.24700000 -0.16210756
1.24800000 -0.16120665
1.24900000 -0.16031144
1.25000000 -0.15942188
1.25100000 -0.15853793
1.25200000 -0.15765956
1.25300000 -0.15678672
1.25400000 -0.15591937
1.25500000 -0.15505748
1.25600000 -0.15420101
1.25700000 -0.15334992
1.25800000 -0.15250417
1.25900000 -0.15166372
1.26000000 -0.15082854
1.26100000 -0.14999860
1.26200000 -0.14917384
1.26300000 -0.14835425
1.26400000 -0.14753977
1.26500000 -0.14673039
1.26600000 -0.14592605
1.26700000 -0.14512673
1.26800000 -0.14433238
1.26900000 -0.14354299
1.27000000 -0.14275850
1.27100000 -0.14197889
1.27200000 -0.14120413
1.27300000 -0.14043417
1.27400000 -0.13966899
1.27500000 -0.13890855
1.27600000 -0.13815283
1.27700000 -0.13740178
1.27800000 -0.13665537
1.27900000 -0.13591358
1.28000000 -0.13517637
1.28100000 -0.13444371
1.28200000 -0.13371557
1.28300000 -0.13299191
1.28400000 -0.13227271
1.28500000 -0.13155794
1.28600000 -0.13084756
1.28700000 -0.13014154
1.28800000 -0.12943986
1.28900000 -0.12874249
1.29000000 -0.12804939
1.29100000 -0.12736054
1.29200000 -0.12667590
1.29300000 -0.12599545
1.29400000 -0.12531916
1.29500000 -0.12464700
1.29600000 -0.12397895
1.29700000 -0.12331497
1.29800000 -0.12265504
1.29900000 -0.12199912
1.30000000 -0.12134720
1.30100000 -0.12069925
1.30200000 -0.12005523
1.30300000 -0.11941512
1.30400000 -0.11877890
1.30500000 -0.11814653
1.30600000 -0.11751800
1.30700000 -0.11689327
1.30800000 -0.11627232
1.30900000 -0.11565513
1.31000000 -0.11504167
1.31100000 -0.11443191
1.31200000 -0.11382583
1.31300000 -0.11322341
1.31400000 -0.11262461
1.31500000 -0.11202942
1.31600000 -0.11143781
1.31700000 -0.11084976
1.31800000 -0.11026524
1.31900000 -0.10968423
1.32000000 -0.10910670
1.32100000 -0.10853264
1.32200000 -0.10796201
1.32300000 -0.10739480
1.32400000 -0.10683098
1.32500000 -0.10627054
1.32600000 -0.10571344
1.32700000 -0.10515967
1.32800000 -0.10460920
1.32900000 -0.10406201
1.33000000 -0.10351807
1.33100000 -0.10297738
1.33200000 -0.10243990
1.33300000 -0.10190562
1.33400000 -0.10137451
1.33500000 -0.10084655
1.33600000 -0.10032173
1.33700000 -0.09980001
1.33800000 -0.09928138
1.33900000 -0.09876583
1.34000000 -0.09825332
1.34100000 -0.09774384
1.34200000 -0.09723737
1.34300000 -0.09673388
1.34400000 -0.09623337
1.34500000 -0.09573580
1.34600000 -0.09524117
1.34700000 -0.09474945
1.34800000 -0.09426061
1.34900000 -0.09377465
1.35000000 -0.09329155
1.35100000 -0.09281128
1.35200000 -0.09233382
1.35300000 -0.09185916
1.35400000 -0.09138728
1.35500000 -0.09091816
1.35600000 -0.09045179
1.35700000 -0.08998814
1.35800000 -0.08952720
1.35900000 -0.08906894
1.36000000 -0.08861336
1.36100000 -0.08816044
1.36200000 -0.08771015
1.36300000 -0.08726248
1.36400000 -0.08681741
1.36500000 -0.08637493
1.36600000 -0.08593501
1.36700000 -0.08549765
1.36800000 -0.08506283
1.36900000 -0.08463053
1.37000000 -0.08420072
1.37100000 -0.08377341
1.37200000 -0.08334856
1.37300000 -0.08292617
1.37400000 -0.08250622
1.37500000 -0.08208869
1.37600000 -0.08167357
1.37700000 -0.08126084
1.37800000 -0.08085049
1.37900000 -0.08044250
1.38000000 -0.08003685
1.38100000 -0.07963354
1.38200000 -0.07923254
1.38300000 -0.07883384
1.38400000 -0.07843742
1.38500000 -0.07804328
1.38600000 -0.07765139
1.38700000 -0.07726175
1.38800000 -0.07687434
1.38900000 -0.07648913
1.39000000 -0.07610613
1.39100000 -0.07572531
1.39200000 -0.07534667
1.39300000 -0.07497018
1.39400000 -0.07459584
1.39500000 -0.07422362
1.39600000 -0.07385352
1.39700000 -0.07348553
1.39800000 -0.07311962
1.39900000 -0.07275579
1.40000000 -0.07239402
1.40100000 -0.07203431
1.40200000 -0.07167663
1.40300000 -0.07132097
1.40400000 -0.07096733
1.40500000 -0.07061568
1.40600000 -0.07026602
1.40700000 -0.06991834
1.40800000 -0.06957261
1.40900000 -0.06922883
1.41000000 -0.06888699
1.41100000 -0.06854707
1.41200000 -0.06820906
1.41300000 -0.06787296
1.41400000 -0.06753874
1.41500000 -0.06720639
1.41600000 -0.06687591
1.41700000 -0.06654729
1.41800000 -0.06622050
1.41900000 -0.06589554
1.42000000 -0.06557240
1.42100000 -0.06525107
1.42200000 -0.06493153
1.42300000 -0.06461377
1.42400000 -0.06429779
1.42500000 -0.06398357
1.42600000 -0.06367110
1.42700000 -0.06336037
1.42800000 -0.06305136
1.42900000 -0.06274408
1.43000000 -0.06243850
1.43100000 -0.06213462
1.43200000 -0.06183242
1.43300000 -0.06153190
1.43400000 -0.06123305
1.43500000 -0.06093584
1.43600000 -0.06064029
1.43700000 -0.06034637
1.43800000 -0.06005407
1.43900000 -0.05976338
1.44000000 -0.05947430
1.44100000 -0.05918682
1.44200000 -0.05890091
1.44300000 -0.05861659
1.44400000 -0.05833382
1.44500000 -0.05805262
1.44600000 -0.05777295
1.44700000 -0.05749483
1.44800000 -0.05721823
1.44900000 -0.05694315
1.45000000 -0.05666957
1.45100000 -0.05639749
1.45200000 -0.05612691
1.45300000 -0.05585780
1.45400000 -0.05559016
1.45500000 -0.05532399
1.45600000 -0.05505927
1.45700000 -0.05479599
1.45800000 -0.05453415
1.45900000 -0.05427374
1.46000000 -0.05401474
1.46100000 -0.05375715
1.46200000 -0.05350096
1.46300000 -0.05324617
1.46400000 -0.05299276
1.46500000 -0.05274072
1.46600000 -0.05249005
1.46700000 -0.05224074
1.46800000 -0.05199278
1.46900000 -0.05174616
1.47000000 -0.05150088
1.47100000 -0.05125692
1.47200000 -0.05101428
1.47300000 -0.05077295
1.47400000 -0.05053292
1.47500000 -0.05029418
1.47600000 -0.05005673
1.47700000 -0.04982056
1.47800000 -0.04958566
1.47900000 -0.04935202
1.48000000 -0.04911964
1.48100000 -0.04888850
1.48200000 -0.04865861
1.48300000 -0.04842995
1.48400000 -0.04820251
1.48500000 -0.04797629
1.48600000 -0.04775129
1.48700000 -0.04752748
1.48800000 -0.04730487
1.48900000 -0.04708345
1.49000000 -0.04686322
1.49100000 -0.04664416
1.49200000 -0.04642626
1.49300000 -0.04620953
1.49400000 -0.04599395
1.49500000 -0.04577952
1.49600000 -0.04556622
1.49700000 -0.04535406
1.49800000 -0.04514303
1.49900000 -0.04493312
1.50000000 -0.04472432
1.50100000 -0.04451663
1.50200000 -0.04431003
1.50300000 -0.04410453
1.50400000 -0.04390012
1.50500000 -0.04369679
1.50600000 -0.04349453
1.50700000 -0.04329334
1.50800000 -0.04309321
1.50900000 -0.04289414
1.51000000 -0.04269612
1.51100000 -0.04249913
1.51200000 -0.04230319
1.51300000 -0.04210827
1.51400000 -0.04191438
1.51500000 -0.04172151
1.51600000 -0.04152965
1.51700000 -0.04133880
1.51800000 -0.04114894
1.51900000 -0.04096009
1.52000000 -0.04077222
1.52100000 -0.04058533
1.52200000 -0.04039942
1.52300000 -0.04021448
1.52400000 -0.04003051
1.52500000 -0.03984749
1.52600000 -0.03966544
1.52700000 -0.03948433
1.52800000 -0.03930416
1.52900000 -0.03912493
1.53000000 -0.03894663
1.53100000 -0.03876926
1.53200000 -0.03859282
1.53300000 -0.03841728
1.53400000 -0.03824266
1.53500000 -0.03806895
1.53600000 -0.03789613
1.53700000 -0.03772421
1.53800000 -0.03755318
1.53900000 -0.03738303
1.54000000 -0.03721376
1.54100000 -0.03704537
1.54200000 -0.03687785
1.54300000 -0.03671119
1.54400000 -0.03654539
1.54500000 -0.03638044
1.54600000 -0.03621634
1.54700000 -0.03605309
1.54800000 -0.03589068
1.54900000 -0.03572910
1.55000000 -0.03556835
1.55100000 -0.03540843
1.55200000 -0.03524932
1.55300000 -0.03509104
1.55400000 -0.03493356
1.55500000 -0.03477689
1.55600000 -0.03462102
1.55700000 -0.03446595
1.55800000 -0.03431167
1.55900000 -0.03415818
1.56000000 -0.03400547
1.56100000 -0.03385354
1.56200000 -0.03370239
1.56300000 -0.03355200
1.56400000 -0.03340238
1.56500000 -0.03325352
1.56600000 -0.03310542
1.56700000 -0.03295807
1.56800000 -0.03281147
1.56900000 -0.03266561
1.57000000 -0.03252050
1.57100000 -0.03237612
1.57200000 -0.03223247
1.57300000 -0.03208954
1.57400000 -0.03194734
1.57500000 -0.03180586
1.57600000 -0.03166510
1.57700000 -0.03152504
1.57800000 -0.03138569
1.57900000 -0.03124705
1.58000000 -0.03110910
1.58100000 -0.03097185
1.58200000 -0.03083529
1.58300000 -0.03069941
1.58400000 -0.03056422
1.58500000 -0.03042971
1.58600000 -0.03029587
1.58700000 -0.03016271
1.58800000 -0.03003021
1.58900000 -0.02989838
1.59000000 -0.02976721
1.59100000 -0.02963669
1.59200000 -0.02950683
1.59300000 -0.02937762
1.59400000 -0.02924905
1.59500000 -0.02912112
1.59600000 -0.02899384
1.59700000 -0.02886718
1.59800000 -0.02874116
1.59900000 -0.02861577
1.60000000 -0.02849100
1.60100000 -0.02836685
1.60200000 -0.02824332
1.60300000 -0.02812040
1.60400000 -0.02799809
1.60500000 -0.02787639
1.60600000 -0.02775530
1.60700000 -0.02763480
1.60800000 -0.02751490
1.60900000 -0.02739560
1.61000000 -0.02727688
1.61100000 -0.02715875
1.61200000 -0.02704121
1.61300000 -0.02692425
1.61400000 -0.02680786
1.61500000 -0.02669205
1.61600000 -0.02657680
1.61700000 -0.02646213
1.61800000 -0.02634802
1.61900000 -0.02623447
1.62000000 -0.02612148
1.62100000 -0.02600905
1.62200000 -0.02589717
1.62300000 -0.02578584
1.62400000 -0.02567505
1.62500000 -0.02556481
1.62600000 -0.02545510
1.62700000 -0.02534594
1.62800000 -0.02523731
1.62900000 -0.02512921
1.63000000 -0.02502163
1.63100000 -0.02491459
1.63200000 -0.02480807
1.63300000 -0.02470206
1.63400000 -0.02459657
1.63500000 -0.02449160
1.63600000 -0.02438714
1.63700000 -0.02428319
1.63800000 -0.02417974
1.63900000 -0.02407679
1.64000000 -0.02397435
1.64100000 -0.02387240
1.64200000 -0.02377095
1.64300000 -0.02366999
1.64400000 -0.02356952
1.64500000 -0.02346954
1.64600000 -0.02337004
1.64700000 -0.02327102
1.64800000 -0.02317248
1.64900000 -0.02307441
1.65000000 -0.02297682
1.65100000 -0.02287970
1.65200000 -0.02278305
1.65300000 -0.02268687
1.65400000 -0.02259115
1.65500000 -0.02249589
1.65600000 -0.02240109
1.65700000 -0.02230674
1.65800000 -0.02221285
1.65900000 -0.02211941
1.66000000 -0.02202641
1.66100000 -0.02193387
1.66200000 -0.02184177
1.66300000 -0.02175010
1.66400000 -0.02165888
1.66500000 -0.02156810
1.66600000 -0.02147775
1.66700000 -0.02138783
1.66800000 -0.02129834
1.66900000 -0.02120927
1.67000000 -0.02112064
1.67100000 -0.02103242
1.67200000 -0.02094463
1.67300000 -0.02085725
1.67400000 -0.02077029
1.67500000 -0.02068375
1.67600000 -0.02059761
1.67700000 -0.02051189
1.67800000 -0.02042657
1.67900000 -0.02034166
1.68000000 -0.02025715
1.68100000 -0.02017304
1.68200000 -0.02008933
1.68300000 -0.02000602
1.68400000 -0.01992310
1.68500000 -0.01984057
1.68600000 -0.01975843
1.68700000 -0.01967668
1.68800000 -0.01959532
1.68900000 -0.01951434
1.69000000 -0.01943374
1.69100000 -0.01935353
1.69200000 -0.01927369
1.69300000 -0.01919423
1.69400000 -0.01911514
1.69500000 -0.01903642
1.69600000 -0.01895807
1.69700000 -0.01888009
1.69800000 -0.01880248
1.69900000 -0.01872523
1.70000000 -0.01864834
1.70100000 -0.01857182
1.70200000 -0.01849565
1.70300000 -0.01841984
1.70400000 -0.01834438
1.70500000 -0.01826928
1.70600000 -0.01819453
1.70700000 -0.01812012
1.70800000 -0.01804607
1.70900000 -0.01797236
1.71000000 -0.01789899
1.71100000 -0.01782596
1.71200000 -0.01775328
1.71300000 -0.01768093
1.71400000 -0.01760892
1.71500000 -0.01753725
1.71600000 -0.01746590
1.71700000 -0.01739489
1.71800000 -0.01732421
1.71900000 -0.01725386
1.72000000 -0.01718383
1.72100000 -0.01711413
1.72200000 -0.01704474
1.72300000 -0.01697569
1.72400000 -0.01690695
1.72500000 -0.01683852
1.72600000 -0.01677042
1.72700000 -0.01670262
1.72800000 -0.01663515
1.72900000 -0.01656798
1.73000000 -0.01650112
1.73100000 -0.01643457
1.73200000 -0.01636833
1.73300000 -0.01630239
1.73400000 -0.01623675
1.73500000 -0.01617142
1.73600000 -0.01610638
1.73700000 -0.01604165
1.73800000 -0.01597721
1.73900000 -0.01591307
1.74000000 -0.01584922
1.74100000 -0.01578566
1.74200000 -0.01572239
1.74300000 -0.01565942
1.74400000 -0.01559673
1.74500000 -0.01553433
1.74600000 -0.01547221
1.74700000 -0.01541038
1.74800000 -0.01534883
1.74900000 -0.01528756
1.75000000 -0.01522657
1.75100000 -0.01516585
1.75200000 -0.01510541
1.75300000 -0.01504525
1.75400000 -0.01498536
1.75500000 -0.01492575
1.75600000 -0.01486640
1.75700000 -0.01480733
1.75800000 -0.01474852
1.75900000 -0.01468998
1.76000000 -0.01463170
1.76100000 -0.01457369
1.76200000 -0.01451594
1.76300000 -0.01445845
1.76400000 -0.01440122
1.76500000 -0.01434425
1.76600000 -0.01428754
1.76700000 -0.01423108
1.76800000 -0.01417488
1.76900000 -0.01411893
1.77000000 -0.01406323
1.77100000 -0.01400778
1.77200000 -0.01395259
1.77300000 -0.01389764
1.77400000 -0.01384294
1.77500000 -0.01378848
1.77600000 -0.01373427
1.77700000 -0.01368031
1.77800000 -0.01362658
1.77900000 -0.01357310
1.78000000 -0.01351985
1.78100000 -0.01346685
1.78200000 -0.01341408
1.78300000 -0.01336154
1.78400000 -0.01330925
1.78500000 -0.01325718
1.78600000 -0.01320535
1.78700000 -0.01315375
1.78800000 -0.01310238
1.78900000 -0.01305124
1.79000000 -0.01300032
1.79100000 -0.01294964
1.79200000 -0.01289918
1.79300000 -0.01284894
1.79400000 -0.01279893
1.79500000 -0.01274914
1.79600000 -0.01269957
1.79700000 -0.01265022
1.79800000 -0.01260109
1.79900000 -0.01255217
1.80000000 -0.01250348
1.80100000 -0.01245500
1.80200000 -0.01240673
1.80300000 -0.01235868
1.80400000 -0.01231084
1.80500000 -0.01226321
1.80600000 -0.01221579
1.80700000 -0.01216858
1.80800000 -0.01212158
1.80900000 -0.01207479
1.81000000 -0.01202820
1.81100000 -0.01198182
1.81200000 -0.01193564
1.81300000 -0.01188967
1.81400000 -0.01184390
1.81500000 -0.01179833
1.81600000 -0.01175295
1.81700000 -0.01170778
1.81800000 -0.01166281
1.81900000 -0.01161803
1.82000000 -0.01157345
1.82100000 -0.01152907
1.82200000 -0.01148488
1.82300000 -0.01144088
1.82400000 -0.01139708
1.82500000 -0.01135347
1.82600000 -0.01131004
1.82700000 -0.01126681
1.82800000 -0.01122377
1.82900000 -0.01118091
1.83000000 -0.01113824
1.83100000 -0.01109576
1.83200000 -0.01105346
1.83300000 -0.01101134
1.83400000 -0.01096941
1.83500000 -0.01092766
1.83600000 -0.01088610
1.83700000 -0.01084471
1.83800000 -0.01080350
1.83900000 -0.01076247
1.84000000 -0.01072162
1.84100000 -0.01068095
1.84200000 -0.01064045
1.84300000 -0.01060013
1.84400000 -0.01055998
1.84500000 -0.01052001
1.84600000 -0.01048021
1.84700000 -0.01044058
1.84800000 -0.01040112
1.84900000 -0.01036183
1.85000000 -0.01032271
1.85100000 -0.01028376
1.85200000 -0.01024498
1.85300000 -0.01020637
1.85400000 -0.01016792
1.85500000 -0.01012963
1.85600000 -0.01009151
1.85700000 -0.01005356
1.85800000 -0.01001577
1.85900000 -0.00997814
1.86000000 -0.00994067
1.86100000 -0.00990336
1.86200000 -0.00986621
1.86300000 -0.00982922
1.86400000 -0.00979239
1.86500000 -0.00975572
1.86600000 -0.00971920
1.86700000 -0.00968284
1.86800000 -0.00964664
1.86900000 -0.00961059
1.87000000 -0.00957469
1.87100000 -0.00953895
1.87200000 -0.00950336
1.87300000 -0.00946792
1.87400000 -0.00943263
1.87500000 -0.00939749
1.87600000 -0.00936250
1.87700000 -0.00932766
1.87800000 -0.00929297
1.87900000 -0.00925843
1.88000000 -0.00922403
1.88100000 -0.00918978
1.88200000 -0.00915567
1.88300000 -0.00912171
1.88400000 -0.00908789
1.88500000 -0.00905421
1.88600000 -0.00902068
1.88700000 -0.00898729
1.88800000 -0.00895404
1.88900000 -0.00892093
1.89000000 -0.00888796
1.89100000 -0.00885513
1.89200000 -0.00882244
1.89300000 -0.00878988
1.89400000 -0.00875747
1.89500000 -0.00872519
1.89600000 -0.00869304
1.89700000 -0.00866103
1.89800000 -0.00862916
1.89900000 -0.00859742
1.90000000 -0.00856581
1.90100000 -0.00853434
1.90200000 -0.00850299
1.90300000 -0.00847178
1.90400000 -0.00844070
1.90500000 -0.00840975
1.90600000 -0.00837893
1.90700000 -0.00834824
1.90800000 -0.00831767
1.90900000 -0.00828724
1.91000000 -0.00825693
1.91100000 -0.00822675
1.91200000 -0.00819669
1.91300000 -0.00816676
1.91400000 -0.00813696
1.91500000 -0.00810727
1.91600000 -0.00807772
1.91700000 -0.00804828
1.91800000 -0.00801897
1.91900000 -0.00798978
1.92000000 -0.00796071
1.92100000 -0.00793176
1.92200000 -0.00790293
1.92300000 -0.00787422
1.92400000 -0.00784564
1.92500000 -0.00781716
1.92600000 -0.00778881
1.92700000 -0.00776058
1.92800000 -0.00773246
1.92900000 -0.00770445
1.93000000 -0.00767657
1.93100000 -0.00764880
1.93200000 -0.00762114
1.93300000 -0.00759360
1.93400000 -0.00756617
1.93500000 -0.00753885
1.93600000 -0.00751165
1.93700000 -0.00748456
1.93800000 -0.00745758
1.93900000 -0.00743071
1.94000000 -0.00740396
1.94100000 -0.00737731
1.94200000 -0.00735077
1.94300000 -0.00732434
1.94400000 -0.00729802
1.94500000 -0.00727181
1.94600000 -0.00724570
1.94700000 -0.00721971
1.94800000 -0.00719381
1.94900000 -0.00716803
1.95000000 -0.00714235
1.95100000 -0.00711677
1.95200000 -0.00709130
1.95300000 -0.00706594
1.95400000 -0.00704067
1.95500000 -0.00701551
1.95600000 -0.00699046
1.95700000 -0.00696550
1.95800000 -0.00694065
1.95900000 -0.00691590
1.96000000 -0.00689125
1.96100000 -0.00686670
1.96200000 -0.00684225
1.96300000 -0.00681790
1.96400000 -0.00679364
1.96500000 -0.00676949
1.96600000 -0.00674543
1.96700000 -0.00672148
1.96800000 -0.00669762
1.96900000 -0.00667385
1.97000000 -0.00665018
1.97100000 -0.00662661
1.97200000 -0.00660314
1.97300000 -0.00657975
1.97400000 -0.00655647
1.97500000 -0.00653327
1.97600000 -0.00651018
1.97700000 -0.00648717
1.97800000 -0.00646426
1.97900000 -0.00644144
1.98000000 -0.00641871
1.98100000 -0.00639607
1.98200000 -0.00637352
1.98300000 -0.00635107
1.98400000 -0.00632870
1.98500000 -0.00630643
1.98600000 -0.00628424
1.98700000 -0.00626215
1.98800000 -0.00624014
1.98900000 -0.00621822
1.99000000 -0.00619639
1.99100000 -0.00617465
1.99200000 -0.00615299
1.99300000 -0.00613142
1.99400000 -0.00610994
1.99500000 -0.00608854
1.99600000 -0.00606723
1.99700000 -0.00604600
1.99800000 -0.00602486
1.99900000 -0.00600380
2.00000000 -0.00598283
