0.10000000 336198307567.29541016
0.10100000 295404267926.49816895
0.10200000 259891124482.84475708
0.10300000 228933194747.62692261
0.10400000 201910190610.70339966
0.10500000 178291102336.08026123
0.10600000 157620668371.90390015
0.10700000 139507996934.20559692
0.10800000 123616981336.53691101
0.10900000 109658213195.21429443
0.11000000 97382148565.00857544
0.11100000 86573323860.94616699
0.11200000 77045452796.47698975
0.11300000 68637263887.06511688
0.11400000 61208961439.56564331
0.11500000 54639212269.54039001
0.11600000 48822576389.94763947
0.11700000 43667313188.33518219
0.11800000 39093505638.90529633
0.11900000 35031454274.99210358
0.12000000 31420300299.11126328
0.12100000 28206843596.01235580
0.12200000 25344526755.89011383
0.12300000 22792560688.30269623
0.12400000 20515171159.13576126
0.12500000 18480948734.14428711
0.12600000 16662287263.16069412
0.12700000 15034898271.66769791
0.12800000 13577390509.62313080
0.12900000 12270905498.05485725
0.13000000 11098801259.27900124
0.13100000 10046377555.97171402
0.13200000 9100636930.53498840
0.13300000 8250076656.61242962
0.13400000 7484507412.11317921
0.13500000 6794895076.84512234
0.13600000 6173222563.89766598
0.13700000 5612369025.72632980
0.13800000 5106004144.80249405
0.13900000 4648495534.23470020
0.14000000 4234827543.97471714
0.14100000 3860529999.86987877
0.14200000 3521615601.63782787
0.14300000 3214524876.66344357
0.14400000 2936077733.45110750
0.14500000 2683430785.08559179
0.14600000 2454039722.11301899
0.14700000 2245626108.35784721
0.14800000 2056148054.47661757
0.14900000 1883774294.33202577
0.15000000 1726861250.10167646
0.15100000 1583932724.73785043
0.15200000 1453661906.09848118
0.15300000 1334855406.74264550
0.15400000 1226439097.85466146
0.15500000 1127445525.73959851
0.15600000 1037002725.42893696
0.15700000 954324268.67212868
0.15800000 878700403.41776657
0.15900000 809490159.19472349
0.16000000 746114307.92269564
0.16100000 688049082.90107429
0.16200000 634820570.29347861
0.16300000 585999697.55737543
0.16400000 541197752.14970589
0.16500000 500062371.63108802
0.16600000 462273953.13226336
0.16700000 427542436.15777284
0.16800000 395604417.98822081
0.16900000 366220565.59497905
0.17000000 339173292.07895976
0.17100000 314264669.25705117
0.17200000 291314551.20595753
0.17300000 270158886.38580447
0.17400000 250648198.45058569
0.17500000 232646218.04918140
0.17600000 216028649.86401394
0.17700000 200682060.85493147
0.17800000 186502877.20017681
0.17900000 173396478.77766639
0.18000000 161276381.22870222
0.18100000 150063496.71058741
0.18200000 139685465.39015114
0.18300000 130076050.57073605
0.18400000 121174591.09290023
0.18500000 112925505.31463242
0.18600000 105277841.56967568
0.18700000 98184870.53088954
0.18800000 91603715.37676027
0.18900000 85495016.07963629
0.19000000 79822624.50970954
0.19100000 74553327.38420969
0.19200000 69656594.39116710
0.19300000 65104349.08536072
0.19400000 60870760.39417697
0.19500000 56932052.78614230
0.19600000 53266333.34758762
0.19700000 49853434.18567328
0.19800000 46674768.73100051
0.19900000 43713200.65216083
0.20000000 40952924.21952777
0.20100000 38379355.06787677
0.20200000 35979030.40837074
0.20300000 33739517.83126313
0.20400000 31649331.92240652
0.20500000 29697857.99026106
0.20600000 27875282.26641588
0.20700000 26172528.00241939
0.20800000 24581196.93963453
0.20900000 23093515.67749012
0.21000000 21702286.50942744
0.21100000 20400842.33551910
0.21200000 19183005.29659561
0.21300000 18043048.80713598
0.21400000 16975662.69350660
0.21500000 15975921.17067499
0.21600000 15039253.41455733
0.21700000 14161416.50892972
0.21800000 13338470.56556297
0.21900000 12566755.83413073
0.22000000 11842871.63466882
0.22100000 11163656.96009095
0.22200000 10526172.60963789
0.22300000 9927684.72628242
0.22400000 9365649.62215037
0.22500000 8837699.78605200
0.22600000 8341630.97634451
0.22700000 7875390.31065074
0.22800000 7437065.27151821
0.22900000 7024873.55398693
0.23000000 6637153.68730571
0.23100000 6272356.36875325
0.23200000 5929036.45273205
0.23300000 5605845.54305746
0.23400000 5301525.14070257
0.23500000 5014900.30322008
0.23600000 4744873.77567920
0.23700000 4490420.55626022
0.23800000 4250582.86266928
0.23900000 4024465.46829750
0.24000000 3811231.37957431
0.24100000 3610097.82827565
0.24200000 3420332.55466359
0.24300000 3241250.35927043
0.24400000 3072209.90291541
0.24500000 2912610.73616756
0.24600000 2761890.54095915
0.24700000 2619522.56842102
0.24800000 2485013.25826484
0.24900000 2357900.02618808
0.25000000 2237749.20683382
0.25100000 2124154.14080756
0.25200000 2016733.39514409
0.25300000 1915129.10743658
0.25400000 1819005.44459263
0.25500000 1728047.16787431
0.25600000 1641958.29651583
0.25700000 1560460.86279840
0.25800000 1483293.75200133
0.25900000 1410211.62114468
0.26000000 1340983.89089642
0.26100000 1275393.80543835
0.26200000 1213237.55547347
0.26300000 1154323.45991558
0.26400000 1098471.20213214
0.26500000 1045511.11691603
0.26600000 995283.52464317
0.26700000 947638.10933225
0.26800000 902433.33756254
0.26900000 859535.91542730
0.27000000 818820.28090442
0.27100000 780168.12921532
0.27200000 743467.96891755
0.27300000 708614.70663846
0.27400000 675509.25850624
0.27500000 644058.18647370
0.27600000 614173.35785727
0.27700000 585771.62653302
0.27800000 558774.53434065
0.27900000 533108.03134842
0.28000000 508702.21372598
0.28100000 485491.07805943
0.28200000 463412.29102403
0.28300000 442406.97340466
0.28400000 422419.49752423
0.28500000 403397.29720446
0.28600000 385290.68944358
0.28700000 368052.70705115
0.28800000 351638.94153191
0.28900000 336007.39555838
0.29000000 321118.34441685
0.29100000 306934.20585260
0.29200000 293419.41777877
0.29300000 280540.32334919
0.29400000 268265.06292878
0.29500000 256563.47252598
0.29600000 245406.98828070
0.29700000 234768.55662808
0.29800000 224622.54978315
0.29900000 214944.68621499
0.30000000 205711.95580051
0.30100000 196902.54936814
0.30200000 188495.79236076
0.30300000 180472.08236429
0.30400000 172812.83026518
0.30500000 165500.40481498
0.30600000 158518.08039446
0.30700000 151849.98778304
0.30800000 145481.06775166
0.30900000 139397.02730872
0.31000000 133584.29843955
0.31100000 128029.99918992
0.31200000 122721.89695353
0.31300000 117648.37383208
0.31400000 112798.39394500
0.31500000 108161.47257322
0.31600000 103727.64702889
0.31700000 99487.44914931
0.31800000 95431.87932008
0.31900000 91552.38193771
0.32000000 87840.82222797
0.32100000 84289.46434121
0.32200000 80890.95065049
0.32300000 77638.28218314
0.32400000 74524.80012049
0.32500000 71544.16830436
0.32600000 68690.35669269
0.32700000 65957.62571018
0.32800000 63340.51144298
0.32900000 60833.81162946
0.33000000 58432.57240218
0.33100000 56132.07573854
0.33200000 53927.82758033
0.33300000 51815.54658470
0.33400000 49791.15347115
0.33500000 47850.76093137
0.33600000 45990.66407071
0.33700000 44207.33135168
0.33800000 42497.39601180
0.33900000 40857.64792978
0.34000000 39285.02591509
0.34100000 37776.61039813
0.34200000 36329.61649874
0.34300000 34941.38745268
0.34400000 33609.38837654
0.34500000 32331.20035276
0.34600000 31104.51481751
0.34700000 29927.12823502
0.34800000 28796.93704309
0.34900000 27711.93285519
0.35000000 26670.19790544
0.35100000 25669.90072361
0.35200000 24709.29202777
0.35300000 23786.70082328
0.35400000 22900.53069700
0.35500000 22049.25629655
0.35600000 21231.41998496
0.35700000 20445.62866136
0.35800000 19690.55073918
0.35900000 18964.91327355
0.36000000 18267.49923026
0.36100000 17597.14488880
0.36200000 16952.73737269
0.36300000 16333.21230045
0.36400000 15737.55155108
0.36500000 15164.78113806
0.36600000 14613.96918647
0.36700000 14084.22400787
0.36800000 13574.69226801
0.36900000 13084.55724266
0.37000000 12613.03715706
0.37100000 12159.38360483
0.37200000 11722.88004233
0.37300000 11302.84035461
0.37400000 10898.60748953
0.37500000 10509.55215642
0.37600000 10135.07158625
0.37700000 9774.58835023
0.37800000 9427.54923381
0.37900000 9093.42416353
0.38000000 8771.70518398
0.38100000 8461.90548244
0.38200000 8163.55845891
0.38300000 7876.21683928
0.38400000 7599.45182945
0.38500000 7332.85230858
0.38600000 7076.02405941
0.38700000 6828.58903398
0.38800000 6590.18465292
0.38900000 6360.46313679
0.39000000 6139.09086788
0.39100000 5925.74778105
0.39200000 5720.12678217
0.39300000 5521.93319284
0.39400000 5330.88422027
0.39500000 5146.70845088
0.39600000 4969.14536677
0.39700000 4797.94488379
0.39800000 4632.86691025
0.39900000 4473.68092531
0.40000000 4320.16557615
0.40100000 4172.10829295
0.40200000 4029.30492098
0.40300000 3891.55936889
0.40400000 3758.68327250
0.40500000 3630.49567338
0.40600000 3506.82271150
0.40700000 3387.49733133
0.40800000 3272.35900076
0.40900000 3161.25344227
0.41000000 3054.03237579
0.41100000 2950.55327260
0.41200000 2850.67912002
0.41300000 2754.27819613
0.41400000 2661.22385424
0.41500000 2571.39431657
0.41600000 2484.67247682
0.41700000 2400.94571111
0.41800000 2320.10569706
0.41900000 2242.04824045
0.42000000 2166.67310939
0.42100000 2093.88387536
0.42200000 2023.58776103
0.42300000 1955.69549454
0.42400000 1890.12116983
0.42500000 1826.78211283
0.42600000 1765.59875335
0.42700000 1706.49450219
0.42800000 1649.39563348
0.42900000 1594.23117181
0.43000000 1540.93278417
0.43100000 1489.43467623
0.43200000 1439.67349298
0.43300000 1391.58822350
0.43400000 1345.12010952
0.43500000 1300.21255786
0.43600000 1256.81105639
0.43700000 1214.86309344
0.43800000 1174.31808049
0.43900000 1135.12727800
0.44000000 1097.24372429
0.44100000 1060.62216720
0.44200000 1025.21899868
0.44300000 990.99219182
0.44400000 957.90124058
0.44500000 925.90710184
0.44600000 894.97213981
0.44700000 865.06007267
0.44800000 836.13592130
0.44900000 808.16596012
0.45000000 781.11766978
0.45100000 754.95969187
0.45200000 729.66178524
0.45300000 705.19478424
0.45400000 681.53055843
0.45500000 658.64197402
0.45600000 636.50285670
0.45700000 615.08795602
0.45800000 594.37291110
0.45900000 574.33421772
0.46000000 554.94919667
0.46100000 536.19596331
0.46200000 518.05339836
0.46300000 500.50111977
0.46400000 483.51945570
0.46500000 467.08941857
0.46600000 451.19268000
0.46700000 435.81154689
0.46800000 420.92893821
0.46900000 406.52836286
0.47000000 392.59389825
0.47100000 379.11016976
0.47200000 366.06233096
0.47300000 353.43604455
0.47400000 341.21746410
0.47500000 329.39321641
0.47600000 317.95038454
0.47700000 306.87649150
0.47800000 296.15948459
0.47900000 285.78772022
0.48000000 275.74994940
0.48100000 266.03530374
0.48200000 256.63328192
0.48300000 247.53373676
0.48400000 238.72686271
0.48500000 230.20318375
0.48600000 221.95354191
0.48700000 213.96908599
0.48800000 206.24126088
0.48900000 198.76179717
0.49000000 191.52270120
0.49100000 184.51624541
0.49200000 177.73495910
0.49300000 171.17161951
0.49400000 164.81924322
0.49500000 158.67107783
0.49600000 152.72059405
0.49700000 146.96147793
0.49800000 141.38762349
0.49900000 135.99312553
0.50000000 130.77227279
0.50100000 125.71954125
0.50200000 120.82958777
0.50300000 116.09724389
0.50400000 111.51750988
0.50500000 107.08554898
0.50600000 102.79668192
0.50700000 98.64638149
0.50800000 94.63026747
0.50900000 90.74410162
0.51000000 86.98378290
0.51100000 83.34534283
0.51200000 79.82494105
0.51300000 76.41886102
0.51400000 73.12350583
0.51500000 69.93539424
0.51600000 66.85115680
0.51700000 63.86753210
0.51800000 60.98136317
0.51900000 58.18959405
0.52000000 55.48926638
0.52100000 52.87751618
0.52200000 50.35157074
0.52300000 47.90874561
0.52400000 45.54644162
0.52500000 43.26214216
0.52600000 41.05341039
0.52700000 38.91788667
0.52800000 36.85328598
0.52900000 34.85739553
0.53000000 32.92807233
0.53100000 31.06324096
0.53200000 29.26089136
0.53300000 27.51907668
0.53400000 25.83591125
0.53500000 24.20956855
0.53600000 22.63827935
0.53700000 21.12032981
0.53800000 19.65405971
0.53900000 18.23786071
0.54000000 16.87017467
0.54100000 15.54949206
0.54200000 14.27435037
0.54300000 13.04333260
0.54400000 11.85506582
0.54500000 10.70821975
0.54600000 9.60150538
0.54700000 8.53367369
0.54800000 7.50351433
0.54900000 6.50985442
0.55000000 5.55155733
0.55100000 4.62752157
0.55200000 3.73667962
0.55300000 2.87799691
0.55400000 2.05047075
0.55500000 1.25312930
0.55600000 0.48503063
0.55700000 -0.25473822
0.55800000 -0.96706218
0.55900000 -1.65279901
0.56000000 -2.31278017
0.56100000 -2.94781162
0.56200000 -3.55867466
0.56300000 -4.14612664
0.56400000 -4.71090178
0.56500000 -5.25371185
0.56600000 -5.77524684
0.56700000 -6.27617573
0.56800000 -6.75714706
0.56900000 -7.21878959
0.57000000 -7.66171293
0.57100000 -8.08650811
0.57200000 -8.49374818
0.57300000 -8.88398875
0.57400000 -9.25776853
0.57500000 -9.61560985
0.57600000 -9.95801917
0.57700000 -10.28548757
0.57800000 -10.59849123
0.57900000 -10.89749186
0.58000000 -11.18293718
0.58100000 -11.45526132
0.58200000 -11.71488526
0.58300000 -11.96221720
0.58400000 -12.19765300
0.58500000 -12.42157651
0.58600000 -12.63435996
0.58700000 -12.83636431
0.58800000 -13.02793960
0.58900000 -13.20942525
0.59000000 -13.38115044
0.59100000 -13.54343437
0.59200000 -13.69658659
0.59300000 -13.84090728
0.59400000 -13.97668753
0.59500000 -14.10420965
0.59600000 -14.22374738
0.59700000 -14.33556620
0.59800000 -14.43992353
0.59900000 -14.53706904
0.60000000 -14.62724480
0.60100000 -14.71068559
0.60200000 -14.78761905
0.60300000 -14.85826597
0.60400000 -14.92284040
0.60500000 -14.98154995
0.60600000 -15.03459591
0.60700000 -15.08217348
0.60800000 -15.12447194
0.60900000 -15.16167483
0.61000000 -15.19396011
0.61100000 -15.22150034
0.61200000 -15.24446283
0.61300000 -15.26300984
0.61400000 -15.27729864
0.61500000 -15.28748175
0.61600000 -15.29370705
0.61700000 -15.29611788
0.61800000 -15.29485324
0.61900000 -15.29004788
0.62000000 -15.28183243
0.62100000 -15.27033352
0.62200000 -15.25567392
0.62300000 -15.23797264
0.62400000 -15.21734502
0.62500000 -15.19390289
0.62600000 -15.16775463
0.62700000 -15.13900528
0.62800000 -15.10775666
0.62900000 -15.07410745
0.63000000 -15.03815327
0.63100000 -14.99998680
0.63200000 -14.95969785
0.63300000 -14.91737345
0.63400000 -14.87309791
0.63500000 -14.82695293
0.63600000 -14.77901769
0.63700000 -14.72936886
0.63800000 -14.67808075
0.63900000 -14.62522532
0.64000000 -14.57087229
0.64100000 -14.51508919
0.64200000 -14.45794142
0.64300000 -14.39949231
0.64400000 -14.33980321
0.64500000 -14.27893351
0.64600000 -14.21694072
0.64700000 -14.15388052
0.64800000 -14.08980683
0.64900000 -14.02477183
0.65000000 -13.95882603
0.65100000 -13.89201832
0.65200000 -13.82439601
0.65300000 -13.75600490
0.65400000 -13.68688930
0.65500000 -13.61709205
0.65600000 -13.54665465
0.65700000 -13.47561719
0.65800000 -13.40401848
0.65900000 -13.33189604
0.66000000 -13.25928616
0.66100000 -13.18622391
0.66200000 -13.11274322
0.66300000 -13.03887685
0.66400000 -12.96465651
0.66500000 -12.89011280
0.66600000 -12.81527532
0.66700000 -12.74017265
0.66800000 -12.66483238
0.66900000 -12.58928119
0.67000000 -12.51354482
0.67100000 -12.43764813
0.67200000 -12.36161510
0.67300000 -12.28546891
0.67400000 -12.20923188
0.67500000 -12.13292558
0.67600000 -12.05657079
0.67700000 -11.98018757
0.67800000 -11.90379524
0.67900000 -11.82741244
0.68000000 -11.75105711
0.68100000 -11.67474656
0.68200000 -11.59849745
0.68300000 -11.52232581
0.68400000 -11.44624709
0.68500000 -11.37027615
0.68600000 -11.29442728
0.68700000 -11.21871424
0.68800000 -11.14315025
0.68900000 -11.06774800
0.69000000 -10.99251972
0.69100000 -10.91747711
0.69200000 -10.84263144
0.69300000 -10.76799350
0.69400000 -10.69357366
0.69500000 -10.61938184
0.69600000 -10.54542756
0.69700000 -10.47171994
0.69800000 -10.39826771
0.69900000 -10.32507921
0.70000000 -10.25216243
0.70100000 -10.17952500
0.70200000 -10.10717421
0.70300000 -10.03511700
0.70400000 -9.96336002
0.70500000 -9.89190957
0.70600000 -9.82077168
0.70700000 -9.74995208
0.70800000 -9.67945619
0.70900000 -9.60928919
0.71000000 -9.53945598
0.71100000 -9.46996119
0.71200000 -9.40080922
0.71300000 -9.33200421
0.71400000 -9.26355009
0.71500000 -9.19545054
0.71600000 -9.12770903
0.71700000 -9.06032883
0.71800000 -8.99331297
0.71900000 -8.92666432
0.72000000 -8.86038554
0.72100000 -8.79447911
0.72200000 -8.72894732
0.72300000 -8.66379228
0.72400000 -8.59901597
0.72500000 -8.53462016
0.72600000 -8.47060650
0.72700000 -8.40697646
0.72800000 -8.34373139
0.72900000 -8.28087247
0.73000000 -8.21840076
0.73100000 -8.15631719
0.73200000 -8.09462255
0.73300000 -8.03331752
0.73400000 -7.97240266
0.73500000 -7.91187839
0.73600000 -7.85174506
0.73700000 -7.79200287
0.73800000 -7.73265195
0.73900000 -7.67369233
0.74000000 -7.61512391
0.74100000 -7.55694653
0.74200000 -7.49915994
0.74300000 -7.44176378
0.74400000 -7.38475763
0.74500000 -7.32814098
0.74600000 -7.27191326
0.74700000 -7.21607379
0.74800000 -7.16062185
0.74900000 -7.10555665
0.75000000 -7.05087732
0.75100000 -6.99658294
0.75200000 -6.94267252
0.75300000 -6.88914502
0.75400000 -6.83599933
0.75500000 -6.78323431
0.75600000 -6.73084875
0.75700000 -6.67884139
0.75800000 -6.62721094
0.75900000 -6.57595604
0.76000000 -6.52507532
0.76100000 -6.47456734
0.76200000 -6.42443062
0.76300000 -6.37466367
0.76400000 -6.32526494
0.76500000 -6.27623284
0.76600000 -6.22756578
0.76700000 -6.17926211
0.76800000 -6.13132016
0.76900000 -6.08373823
0.77000000 -6.03651459
0.77100000 -5.98964750
0.77200000 -5.94313518
0.77300000 -5.89697582
0.77400000 -5.85116762
0.77500000 -5.80570874
0.77600000 -5.76059731
0.77700000 -5.71583146
0.77800000 -5.67140929
0.77900000 -5.62732891
0.78000000 -5.58358838
0.78100000 -5.54018577
0.78200000 -5.49711912
0.78300000 -5.45438649
0.78400000 -5.41198589
0.78500000 -5.36991535
0.78600000 -5.32817287
0.78700000 -5.28675645
0.78800000 -5.24566409
0.78900000 -5.20489378
0.79000000 -5.16444348
0.79100000 -5.12431119
0.79200000 -5.08449486
0.79300000 -5.04499246
0.79400000 -5.00580197
0.79500000 -4.96692133
0.79600000 -4.92834850
0.79700000 -4.89008145
0.79800000 -4.85211813
0.79900000 -4.81445649
0.80000000 -4.77709448
0.80100000 -4.74003008
0.80200000 -4.70326122
0.80300000 -4.66678588
0.80400000 -4.63060200
0.80500000 -4.59470756
0.80600000 -4.55910052
0.80700000 -4.52377885
0.80800000 -4.48874052
0.80900000 -4.45398351
0.81000000 -4.41950580
0.81100000 -4.38530537
0.81200000 -4.35138023
0.81300000 -4.31772835
0.81400000 -4.28434775
0.81500000 -4.25123643
0.81600000 -4.21839241
0.81700000 -4.18581370
0.81800000 -4.15349834
0.81900000 -4.12144436
0.82000000 -4.08964980
0.82100000 -4.05811270
0.82200000 -4.02683113
0.82300000 -3.99580316
0.82400000 -3.96502684
0.82500000 -3.93450027
0.82600000 -3.90422154
0.82700000 -3.87418873
0.82800000 -3.84439996
0.82900000 -3.81485335
0.83000000 -3.78554701
0.83100000 -3.75647909
0.83200000 -3.72764772
0.83300000 -3.69905106
0.83400000 -3.67068726
0.83500000 -3.64255452
0.83600000 -3.61465099
0.83700000 -3.58697488
0.83800000 -3.55952439
0.83900000 -3.53229773
0.84000000 -3.50529312
0.84100000 -3.47850879
0.84200000 -3.45194299
0.84300000 -3.42559397
0.84400000 -3.39946000
0.84500000 -3.37353933
0.84600000 -3.34783027
0.84700000 -3.32233111
0.84800000 -3.29704014
0.84900000 -3.27195570
0.85000000 -3.24707609
0.85100000 -3.22239967
0.85200000 -3.19792478
0.85300000 -3.17364979
0.85400000 -3.14957305
0.85500000 -3.12569295
0.85600000 -3.10200789
0.85700000 -3.07851626
0.85800000 -3.05521648
0.85900000 -3.03210698
0.86000000 -3.00918618
0.86100000 -2.98645254
0.86200000 -2.96390451
0.86300000 -2.94154056
0.86400000 -2.91935916
0.86500000 -2.89735882
0.86600000 -2.87553802
0.86700000 -2.85389528
0.86800000 -2.83242912
0.86900000 -2.81113807
0.87000000 -2.79002069
0.87100000 -2.76907551
0.87200000 -2.74830110
0.87300000 -2.72769605
0.87400000 -2.70725893
0.87500000 -2.68698835
0.87600000 -2.66688290
0.87700000 -2.64694121
0.87800000 -2.62716191
0.87900000 -2.60754363
0.88000000 -2.58808503
0.88100000 -2.56878476
0.88200000 -2.54964149
0.88300000 -2.53065390
0.88400000 -2.51182069
0.88500000 -2.49314055
0.88600000 -2.47461219
0.88700000 -2.45623434
0.88800000 -2.43800572
0.88900000 -2.41992508
0.89000000 -2.40199117
0.89100000 -2.38420274
0.89200000 -2.36655857
0.89300000 -2.34905745
0.89400000 -2.33169815
0.89500000 -2.31447947
0.89600000 -2.29740024
0.89700000 -2.28045927
0.89800000 -2.26365538
0.89900000 -2.24698742
0.90000000 -2.23045423
0.90100000 -2.21405467
0.90200000 -2.19778761
0.90300000 -2.18165191
0.90400000 -2.16564648
0.90500000 -2.14977020
0.90600000 -2.13402197
0.90700000 -2.11840071
0.90800000 -2.10290533
0.90900000 -2.08753478
0.91000000 -2.07228799
0.91100000 -2.05716390
0.91200000 -2.04216147
0.91300000 -2.02727967
0.91400000 -2.01251747
0.91500000 -1.99787386
0.91600000 -1.98334783
0.91700000 -1.96893837
0.91800000 -1.95464450
0.91900000 -1.94046523
0.92000000 -1.92639958
0.92100000 -1.91244660
0.92200000 -1.89860532
0.92300000 -1.88487478
0.92400000 -1.87125406
0.92500000 -1.85774221
0.92600000 -1.84433830
0.92700000 -1.83104143
0.92800000 -1.81785067
0.92900000 -1.80476512
0.93000000 -1.79178390
0.93100000 -1.77890611
0.93200000 -1.76613087
0.93300000 -1.75345731
0.93400000 -1.74088457
0.93500000 -1.72841179
0.93600000 -1.71603811
0.93700000 -1.70376270
0.93800000 -1.69158471
0.93900000 -1.67950333
0.94000000 -1.66751773
0.94100000 -1.65562709
0.94200000 -1.64383062
0.94300000 -1.63212750
0.94400000 -1.62051695
0.94500000 -1.60899818
0.94600000 -1.59757041
0.94700000 -1.58623287
0.94800000 -1.57498479
0.94900000 -1.56382542
0.95000000 -1.55275400
0.95100000 -1.54176978
0.95200000 -1.53087202
0.95300000 -1.52006000
0.95400000 -1.50933299
0.95500000 -1.49869026
0.95600000 -1.48813110
0.95700000 -1.47765481
0.95800000 -1.46726067
0.95900000 -1.45694801
0.96000000 -1.44671612
0.96100000 -1.43656432
0.96200000 -1.42649195
0.96300000 -1.41649831
0.96400000 -1.40658276
0.96500000 -1.39674463
0.96600000 -1.38698326
0.96700000 -1.37729801
0.96800000 -1.36768823
0.96900000 -1.35815330
0.97000000 -1.34869257
0.97100000 -1.33930542
0.97200000 -1.32999124
0.97300000 -1.32074940
0.97400000 -1.31157930
0.97500000 -1.30248033
0.97600000 -1.29345189
0.97700000 -1.28449340
0.97800000 -1.27560426
0.97900000 -1.26678389
0.98000000 -1.25803171
0.98100000 -1.24934716
0.98200000 -1.24072965
0.98300000 -1.23217863
0.98400000 -1.22369354
0.98500000 -1.21527383
0.98600000 -1.20691896
0.98700000 -1.19862836
0.98800000 -1.19040152
0.98900000 -1.18223789
0.99000000 -1.17413695
0.99100000 -1.16609817
0.99200000 -1.15812103
0.99300000 -1.15020502
0.99400000 -1.14234962
0.99500000 -1.13455433
0.99600000 -1.12681866
0.99700000 -1.11914209
0.99800000 -1.11152414
0.99900000 -1.10396432
1.00000000 -1.09646215
1.00100000 -1.08901715
1.00200000 -1.08162883
1.00300000 -1.07429673
1.00400000 -1.06702039
1.00500000 -1.05979933
1.00600000 -1.05263310
1.00700000 -1.04552125
1.00800000 -1.03846332
1.00900000 -1.03145886
1.01000000 -1.02450744
1.01100000 -1.01760861
1.01200000 -1.01076194
1.01300000 -1.00396700
1.01400000 -0.99722335
1.01500000 -0.99053058
1.01600000 -0.98388826
1.01700000 -0.97729598
1.01800000 -0.97075333
1.01900000 -0.96425989
1.02000000 -0.95781526
1.02100000 -0.95141904
1.02200000 -0.94507082
1.02300000 -0.93877023
1.02400000 -0.93251685
1.02500000 -0.92631031
1.02600000 -0.92015021
1.02700000 -0.91403618
1.02800000 -0.90796785
1.02900000 -0.90194483
1.03000000 -0.89596675
1.03100000 -0.89003324
1.03200000 -0.88414395
1.03300000 -0.87829851
1.03400000 -0.87249655
1.03500000 -0.86673773
1.03600000 -0.86102169
1.03700000 -0.85534808
1.03800000 -0.84971656
1.03900000 -0.84412678
1.04000000 -0.83857841
1.04100000 -0.83307110
1.04200000 -0.82760452
1.04300000 -0.82217834
1.04400000 -0.81679224
1.04500000 -0.81144588
1.04600000 -0.80613894
1.04700000 -0.80087110
1.04800000 -0.79564205
1.04900000 -0.79045147
1.05000000 -0.78529906
1.05100000 -0.78018449
1.05200000 -0.77510747
1.05300000 -0.77006768
1.05400000 -0.76506484
1.05500000 -0.76009864
1.05600000 -0.75516878
1.05700000 -0.75027498
1.05800000 -0.74541694
1.05900000 -0.74059437
1.06000000 -0.73580699
1.06100000 -0.73105452
1.06200000 -0.72633667
1.06300000 -0.72165317
1.06400000 -0.71700374
1.06500000 -0.71238810
1.06600000 -0.70780599
1.06700000 -0.70325713
1.06800000 -0.69874127
1.06900000 -0.69425814
1.07000000 -0.68980746
1.07100000 -0.68538900
1.07200000 -0.68100248
1.07300000 -0.67664765
1.07400000 -0.67232426
1.07500000 -0.66803207
1.07600000 -0.66377081
1.07700000 -0.65954024
1.07800000 -0.65534013
1.07900000 -0.65117022
1.08000000 -0.64703028
1.08100000 -0.64292007
1.08200000 -0.63883936
1.08300000 -0.63478790
1.08400000 -0.63076547
1.08500000 -0.62677184
1.08600000 -0.62280677
1.08700000 -0.61887005
1.08800000 -0.61496145
1.08900000 -0.61108075
1.09000000 -0.60722772
1.09100000 -0.60340215
1.09200000 -0.59960383
1.09300000 -0.59583253
1.09400000 -0.59208804
1.09500000 -0.58837016
1.09600000 -0.58467867
1.09700000 -0.58101337
1.09800000 -0.57737404
1.09900000 -0.57376050
1.10000000 -0.57017253
1.10100000 -0.56660993
1.10200000 -0.56307251
1.10300000 -0.55956007
1.10400000 -0.55607241
1.10500000 -0.55260934
1.10600000 -0.54917067
1.10700000 -0.54575620
1.10800000 -0.54236575
1.10900000 -0.53899913
1.11000000 -0.53565616
1.11100000 -0.53233665
1.11200000 -0.52904041
1.11300000 -0.52576728
1.11400000 -0.52251706
1.11500000 -0.51928958
1.11600000 -0.51608466
1.11700000 -0.51290213
1.11800000 -0.50974182
1.11900000 -0.50660355
1.12000000 -0.50348715
1.12100000 -0.50039246
1.12200000 -0.49731930
1.12300000 -0.49426751
1.12400000 -0.49123693
1.12500000 -0.48822738
1.12600000 -0.48523872
1.12700000 -0.48227077
1.12800000 -0.47932338
1.12900000 -0.47639639
1.13000000 -0.47348965
1.13100000 -0.47060299
1.13200000 -0.46773627
1.13300000 -0.46488933
1.13400000 -0.46206202
1.13500000 -0.45925419
1.13600000 -0.45646568
1.13700000 -0.45369636
1.13800000 -0.45094608
1.13900000 -0.44821469
1.14000000 -0.44550204
1.14100000 -0.44280800
1.14200000 -0.44013242
1.14300000 -0.43747516
1.14400000 -0.43483608
1.14500000 -0.43221504
1.14600000 -0.42961191
1.14700000 -0.42702655
1.14800000 -0.42445883
1.14900000 -0.42190861
1.15000000 -0.41937575
1.15100000 -0.41686014
1.15200000 -0.41436163
1.15300000 -0.41188010
1.15400000 -0.40941542
1.15500000 -0.40696746
1.15600000 -0.40453610
1.15700000 -0.40212121
1.15800000 -0.39972266
1.15900000 -0.39734034
1.16000000 -0.39497412
1.16100000 -0.39262388
1.16200000 -0.39028950
1.16300000 -0.38797086
1.16400000 -0.38566785
1.16500000 -0.38338034
1.16600000 -0.38110822
1.16700000 -0.37885138
1.16800000 -0.37660970
1.16900000 -0.37438306
1.17000000 -0.37217136
1.17100000 -0.36997448
1.17200000 -0.36779232
1.17300000 -0.36562476
1.17400000 -0.36347169
1.17500000 -0.36133301
1.17600000 -0.35920860
1.17700000 -0.35709837
1.17800000 -0.35500221
1.17900000 -0.35292001
1.18000000 -0.35085167
1.18100000 -0.34879709
1.18200000 -0.34675616
1.18300000 -0.34472879
1.18400000 -0.34271487
1.18500000 -0.34071431
1.18600000 -0.33872700
1.18700000 -0.33675284
1.18800000 -0.33479175
1.18900000 -0.33284363
1.19000000 -0.33090837
1.19100000 -0.32898588
1.19200000 -0.32707608
1.19300000 -0.32517886
1.19400000 -0.32329414
1.19500000 -0.32142182
1.19600000 -0.31956182
1.19700000 -0.31771403
1.19800000 -0.31587838
1.19900000 -0.31405477
1.20000000 -0.31224311
1.20100000 -0.31044332
1.20200000 -0.30865532
1.20300000 -0.30687901
1.20400000 -0.30511431
1.20500000 -0.30336113
1.20600000 -0.30161940
1.20700000 -0.29988902
1.20800000 -0.29816992
1.20900000 -0.29646202
1.21000000 -0.29476522
1.21100000 -0.29307946
1.21200000 -0.29140465
1.21300000 -0.28974071
1.21400000 -0.28808756
1.21500000 -0.28644514
1.21600000 -0.28481334
1.21700000 -0.28319211
1.21800000 -0.28158137
1.21900000 -0.27998103
1.22000000 -0.27839103
1.22100000 -0.27681129
1.22200000 -0.27524173
1.22300000 -0.27368229
1.22400000 -0.27213288
1.22500000 -0.27059345
1.22600000 -0.26906391
1.22700000 -0.26754419
1.22800000 -0.26603423
1.22900000 -0.26453396
1.23000000 -0.26304330
1.23100000 -0.26156219
1.23200000 -0.26009055
1.23300000 -0.25862833
1.23400000 -0.25717545
1.23500000 -0.25573185
1.23600000 -0.25429745
1.23700000 -0.25287221
1.23800000 -0.25145604
1.23900000 -0.25004889
1.24000000 -0.24865069
1.24100000 -0.24726138
1.24200000 -0.24588089
1.24300000 -0.24450916
1.24400000 -0.24314614
1.24500000 -0.24179175
1.24600000 -0.24044594
1.24700000 -0.23910865
1.24800000 -0.23777982
1.24900000 -0.23645938
1.25000000 -0.23514727
1.25100000 -0.23384345
1.25200000 -0.23254785
1.25300000 -0.23126041
1.25400000 -0.22998107
1.25500000 -0.22870978
1.25600000 -0.22744649
1.25700000 -0.22619113
1.25800000 -0.22494365
1.25900000 -0.22370399
1.26000000 -0.22247210
1.26100000 -0.22124793
1.26200000 -0.22003142
1.26300000 -0.21882252
1.26400000 -0.21762117
1.26500000 -0.21642732
1.26600000 -0.21524092
1.26700000 -0.21406192
1.26800000 -0.21289027
1.26900000 -0.21172591
1.27000000 -0.21056879
1.27100000 -0.20941887
1.27200000 -0.20827609
1.27300000 -0.20714040
1.27400000 -0.20601176
1.27500000 -0.20489012
1.27600000 -0.20377542
1.27700000 -0.20266762
1.27800000 -0.20156667
1.27900000 -0.20047253
1.28000000 -0.19938515
1.28100000 -0.19830447
1.28200000 -0.19723046
1.28300000 -0.19616307
1.28400000 -0.19510225
1.28500000 -0.19404796
1.28600000 -0.19300015
1.28700000 -0.19195878
1.28800000 -0.19092380
1.28900000 -0.18989517
1.29000000 -0.18887285
1.29100000 -0.18785679
1.29200000 -0.18684695
1.29300000 -0.18584329
1.29400000 -0.18484576
1.29500000 -0.18385433
1.29600000 -0.18286895
1.29700000 -0.18188958
1.29800000 -0.18091618
1.29900000 -0.17994871
1.30000000 -0.17898712
1.30100000 -0.17803139
1.30200000 -0.17708146
1.30300000 -0.17613730
1.30400000 -0.17519887
1.30500000 -0.17426613
1.30600000 -0.17333905
1.30700000 -0.17241758
1.30800000 -0.17150168
1.30900000 -0.17059132
1.31000000 -0.16968646
1.31100000 -0.16878707
1.31200000 -0.16789310
1.31300000 -0.16700453
1.31400000 -0.16612130
1.31500000 -0.16524340
1.31600000 -0.16437077
1.31700000 -0.16350339
1.31800000 -0.16264122
1.31900000 -0.16178423
1.32000000 -0.16093238
1.32100000 -0.16008564
1.32200000 -0.15924397
1.32300000 -0.15840733
1.32400000 -0.15757570
1.32500000 -0.15674904
1.32600000 -0.15592732
1.32700000 -0.15511051
1.32800000 -0.15429856
1.32900000 -0.15349146
1.33000000 -0.15268916
1.33100000 -0.15189164
1.33200000 -0.15109886
1.33300000 -0.15031079
1.33400000 -0.14952740
1.33500000 -0.14874867
1.33600000 -0.14797455
1.33700000 -0.14720502
1.33800000 -0.14644004
1.33900000 -0.14567959
1.34000000 -0.14492364
1.34100000 -0.14417216
1.34200000 -0.14342511
1.34300000 -0.14268248
1.34400000 -0.14194422
1.34500000 -0.14121031
1.34600000 -0.14048073
1.34700000 -0.13975543
1.34800000 -0.13903441
1.34900000 -0.13831761
1.35000000 -0.13760503
1.35100000 -0.13689663
1.35200000 -0.13619238
1.35300000 -0.13549226
1.35400000 -0.13479624
1.35500000 -0.13410429
1.35600000 -0.13341639
1.35700000 -0.13273251
1.35800000 -0.13205262
1.35900000 -0.13137669
1.36000000 -0.13070471
1.36100000 -0.13003664
1.36200000 -0.12937246
1.36300000 -0.12871215
1.36400000 -0.12805568
1.36500000 -0.12740302
1.36600000 -0.12675415
1.36700000 -0.12610904
1.36800000 -0.12546767
1.36900000 -0.12483002
1.37000000 -0.12419607
1.37100000 -0.12356578
1.37200000 -0.12293913
1.37300000 -0.12231611
1.37400000 -0.12169668
1.37500000 -0.12108082
1.37600000 -0.12046852
1.37700000 -0.11985974
1.37800000 -0.11925447
1.37900000 -0.11865268
1.38000000 -0.11805436
1.38100000 -0.11745947
1.38200000 -0.11686799
1.38300000 -0.11627991
1.38400000 -0.11569520
1.38500000 -0.11511384
1.38600000 -0.11453581
1.38700000 -0.11396108
1.38800000 -0.11338965
1.38900000 -0.11282147
1.39000000 -0.11225654
1.39100000 -0.11169484
1.39200000 -0.11113634
1.39300000 -0.11058102
1.39400000 -0.11002886
1.39500000 -0.10947984
1.39600000 -0.10893394
1.39700000 -0.10839115
1.39800000 -0.10785144
1.39900000 -0.10731479
1.40000000 -0.10678119
1.40100000 -0.10625060
1.40200000 -0.10572303
1.40300000 -0.10519844
1.40400000 -0.10467681
1.40500000 -0.10415813
1.40600000 -0.10364238
1.40700000 -0.10312954
1.40800000 -0.10261960
1.40900000 -0.10211253
1.41000000 -0.10160831
1.41100000 -0.10110693
1.41200000 -0.10060837
1.41300000 -0.10011261
1.41400000 -0.09961964
1.41500000 -0.09912943
1.41600000 -0.09864197
1.41700000 -0.09815725
1.41800000 -0.09767524
1.41900000 -0.09719593
1.42000000 -0.09671929
1.42100000 -0.09624533
1.42200000 -0.09577401
1.42300000 -0.09530532
1.42400000 -0.09483924
1.42500000 -0.09437576
1.42600000 -0.09391487
1.42700000 -0.09345654
1.42800000 -0.09300076
1.42900000 -0.09254751
1.43000000 -0.09209679
1.43100000 -0.09164856
1.43200000 -0.09120282
1.43300000 -0.09075955
1.43400000 -0.09031874
1.43500000 -0.08988037
1.43600000 -0.08944442
1.43700000 -0.08901089
1.43800000 -0.08857975
1.43900000 -0.08815099
1.44000000 -0.08772460
1.44100000 -0.08730055
1.44200000 -0.08687885
1.44300000 -0.08645947
1.44400000 -0.08604239
1.44500000 -0.08562761
1.44600000 -0.08521511
1.44700000 -0.08480487
1.44800000 -0.08439689
1.44900000 -0.08399114
1.45000000 -0.08358762
1.45100000 -0.08318630
1.45200000 -0.08278719
1.45300000 -0.08239026
1.45400000 -0.08199549
1.45500000 -0.08160289
1.45600000 -0.08121242
1.45700000 -0.08082409
1.45800000 -0.08043787
1.45900000 -0.08005376
1.46000000 -0.07967174
1.46100000 -0.07929180
1.46200000 -0.07891392
1.46300000 -0.07853810
1.46400000 -0.07816432
1.46500000 -0.07779257
1.46600000 -0.07742283
1.46700000 -0.07705509
1.46800000 -0.07668935
1.46900000 -0.07632559
1.47000000 -0.07596379
1.47100000 -0.07560395
1.47200000 -0.07524606
1.47300000 -0.07489009
1.47400000 -0.07453605
1.47500000 -0.07418392
1.47600000 -0.07383368
1.47700000 -0.07348532
1.47800000 -0.07313885
1.47900000 -0.07279423
1.48000000 -0.07245147
1.48100000 -0.07211054
1.48200000 -0.07177145
1.48300000 -0.07143417
1.48400000 -0.07109870
1.48500000 -0.07076503
1.48600000 -0.07043315
1.48700000 -0.07010303
1.48800000 -0.06977469
1.48900000 -0.06944810
1.49000000 -0.06912325
1.49100000 -0.06880013
1.49200000 -0.06847874
1.49300000 -0.06815905
1.49400000 -0.06784107
1.49500000 -0.06752479
1.49600000 -0.06721018
1.49700000 -0.06689724
1.49800000 -0.06658597
1.49900000 -0.06627635
1.50000000 -0.06596837
1.50100000 -0.06566202
1.50200000 -0.06535730
1.50300000 -0.06505419
1.50400000 -0.06475268
1.50500000 -0.06445277
1.50600000 -0.06415444
1.50700000 -0.06385768
1.50800000 -0.06356249
1.50900000 -0.06326886
1.51000000 -0.06297677
1.51100000 -0.06268622
1.51200000 -0.06239720
1.51300000 -0.06210970
1.51400000 -0.06182372
1.51500000 -0.06153923
1.51600000 -0.06125624
1.51700000 -0.06097473
1.51800000 -0.06069469
1.51900000 -0.06041613
1.52000000 -0.06013902
1.52100000 -0.05986336
1.52200000 -0.05958914
1.52300000 -0.05931636
1.52400000 -0.05904500
1.52500000 -0.05877505
1.52600000 -0.05850652
1.52700000 -0.05823938
1.52800000 -0.05797364
1.52900000 -0.05770927
1.53000000 -0.05744629
1.53100000 -0.05718467
1.53200000 -0.05692440
1.53300000 -0.05666549
1.53400000 -0.05640793
1.53500000 -0.05615170
1.53600000 -0.05589679
1.53700000 -0.05564321
1.53800000 -0.05539094
1.53900000 -0.05513997
1.54000000 -0.05489030
1.54100000 -0.05464192
1.54200000 -0.05439482
1.54300000 -0.05414900
1.54400000 -0.05390445
1.54500000 -0.05366115
1.54600000 -0.05341911
1.54700000 -0.05317831
1.54800000 -0.05293875
1.54900000 -0.05270042
1.55000000 -0.05246332
1.55100000 -0.05222743
1.55200000 -0.05199275
1.55300000 -0.05175928
1.55400000 -0.05152700
1.55500000 -0.05129591
1.55600000 -0.05106601
1.55700000 -0.05083728
1.55800000 -0.05060971
1.55900000 -0.05038331
1.56000000 -0.05015807
1.56100000 -0.04993397
1.56200000 -0.04971102
1.56300000 -0.04948920
1.56400000 -0.04926851
1.56500000 -0.04904895
1.56600000 -0.04883050
1.56700000 -0.04861316
1.56800000 -0.04839692
1.56900000 -0.04818178
1.57000000 -0.04796773
1.57100000 -0.04775477
1.57200000 -0.04754289
1.57300000 -0.04733208
1.57400000 -0.04712233
1.57500000 -0.04691365
1.57600000 -0.04670602
1.57700000 -0.04649944
1.57800000 -0.04629390
1.57900000 -0.04608940
1.58000000 -0.04588592
1.58100000 -0.04568348
1.58200000 -0.04548205
1.58300000 -0.04528163
1.58400000 -0.04508223
1.58500000 -0.04488382
1.58600000 -0.04468642
1.58700000 -0.04449000
1.58800000 -0.04429456
1.58900000 -0.04410011
1.59000000 -0.04390663
1.59100000 -0.04371412
1.59200000 -0.04352257
1.59300000 -0.04333198
1.59400000 -0.04314235
1.59500000 -0.04295366
1.59600000 -0.04276591
1.59700000 -0.04257909
1.59800000 -0.04239321
1.59900000 -0.04220826
1.60000000 -0.04202422
1.60100000 -0.04184110
1.60200000 -0.04165890
1.60300000 -0.04147759
1.60400000 -0.04129719
1.60500000 -0.04111768
1.60600000 -0.04093906
1.60700000 -0.04076133
1.60800000 -0.04058448
1.60900000 -0.04040851
1.61000000 -0.04023340
1.61100000 -0.04005916
1.61200000 -0.03988578
1.61300000 -0.03971326
1.61400000 -0.03954159
1.61500000 -0.03937077
1.61600000 -0.03920079
1.61700000 -0.03903164
1.61800000 -0.03886333
1.61900000 -0.03869585
1.62000000 -0.03852919
1.62100000 -0.03836335
1.62200000 -0.03819832
1.62300000 -0.03803411
1.62400000 -0.03787070
1.62500000 -0.03770809
1.62600000 -0.03754628
1.62700000 -0.03738526
1.62800000 -0.03722503
1.62900000 -0.03706558
1.63000000 -0.03690691
1.63100000 -0.03674902
1.63200000 -0.03659190
1.63300000 -0.03643554
1.63400000 -0.03627995
1.63500000 -0.03612511
1.63600000 -0.03597103
1.63700000 -0.03581770
1.63800000 -0.03566511
1.63900000 -0.03551327
1.64000000 -0.03536217
1.64100000 -0.03521179
1.64200000 -0.03506215
1.64300000 -0.03491324
1.64400000 -0.03476504
1.64500000 -0.03461757
1.64600000 -0.03447080
1.64700000 -0.03432475
1.64800000 -0.03417940
1.64900000 -0.03403476
1.65000000 -0.03389081
1.65100000 -0.03374756
1.65200000 -0.03360500
1.65300000 -0.03346313
1.65400000 -0.03332194
1.65500000 -0.03318144
1.65600000 -0.03304160
1.65700000 -0.03290244
1.65800000 -0.03276395
1.65900000 -0.03262613
1.66000000 -0.03248896
1.66100000 -0.03235246
1.66200000 -0.03221660
1.66300000 -0.03208140
1.66400000 -0.03194685
1.66500000 -0.03181294
1.66600000 -0.03167967
1.66700000 -0.03154704
1.66800000 -0.03141505
1.66900000 -0.03128368
1.67000000 -0.03115294
1.67100000 -0.03102282
1.67200000 -0.03089333
1.67300000 -0.03076445
1.67400000 -0.03063618
1.67500000 -0.03050853
1.67600000 -0.03038148
1.67700000 -0.03025504
1.67800000 -0.03012919
1.67900000 -0.03000395
1.68000000 -0.02987930
1.68100000 -0.02975523
1.68200000 -0.02963176
1.68300000 -0.02950887
1.68400000 -0.02938657
1.68500000 -0.02926484
1.68600000 -0.02914369
1.68700000 -0.02902311
1.68800000 -0.02890310
1.68900000 -0.02878365
1.69000000 -0.02866477
1.69100000 -0.02854645
1.69200000 -0.02842869
1.69300000 -0.02831148
1.69400000 -0.02819483
1.69500000 -0.02807872
1.69600000 -0.02796316
1.69700000 -0.02784814
1.69800000 -0.02773366
1.69900000 -0.02761972
1.70000000 -0.02750631
1.70100000 -0.02739343
1.70200000 -0.02728109
1.70300000 -0.02716926
1.70400000 -0.02705797
1.70500000 -0.02694719
1.70600000 -0.02683693
1.70700000 -0.02672718
1.70800000 -0.02661795
1.70900000 -0.02650923
1.71000000 -0.02640101
1.71100000 -0.02629330
1.71200000 -0.02618609
1.71300000 -0.02607937
1.71400000 -0.02597316
1.71500000 -0.02586744
1.71600000 -0.02576221
1.71700000 -0.02565747
1.71800000 -0.02555321
1.71900000 -0.02544944
1.72000000 -0.02534615
1.72100000 -0.02524333
1.72200000 -0.02514100
1.72300000 -0.02503914
1.72400000 -0.02493774
1.72500000 -0.02483682
1.72600000 -0.02473636
1.72700000 -0.02463637
1.72800000 -0.02453684
1.72900000 -0.02443777
1.73000000 -0.02433915
1.73100000 -0.02424099
1.73200000 -0.02414328
1.73300000 -0.02404602
1.73400000 -0.02394921
1.73500000 -0.02385284
1.73600000 -0.02375691
1.73700000 -0.02366143
1.73800000 -0.02356638
1.73900000 -0.02347177
1.74000000 -0.02337759
1.74100000 -0.02328385
1.74200000 -0.02319053
1.74300000 -0.02309764
1.74400000 -0.02300518
1.74500000 -0.02291313
1.74600000 -0.02282151
1.74700000 -0.02273031
1.74800000 -0.02263952
1.74900000 -0.02254915
1.75000000 -0.02245918
1.75100000 -0.02236963
1.75200000 -0.02228049
1.75300000 -0.02219175
1.75400000 -0.02210341
1.75500000 -0.02201548
1.75600000 -0.02192794
1.75700000 -0.02184080
1.75800000 -0.02175406
1.75900000 -0.02166771
1.76000000 -0.02158176
1.76100000 -0.02149619
1.76200000 -0.02141101
1.76300000 -0.02132621
1.76400000 -0.02124180
1.76500000 -0.02115777
1.76600000 -0.02107412
1.76700000 -0.02099084
1.76800000 -0.02090794
1.76900000 -0.02082542
1.77000000 -0.02074327
1.77100000 -0.02066148
1.77200000 -0.02058007
1.77300000 -0.02049902
1.77400000 -0.02041834
1.77500000 -0.02033801
1.77600000 -0.02025805
1.77700000 -0.02017845
1.77800000 -0.02009921
1.77900000 -0.02002032
1.78000000 -0.01994178
1.78100000 -0.01986360
1.78200000 -0.01978576
1.78300000 -0.01970828
1.78400000 -0.01963114
1.78500000 -0.01955434
1.78600000 -0.01947789
1.78700000 -0.01940178
1.78800000 -0.01932601
1.78900000 -0.01925058
1.79000000 -0.01917548
1.79100000 -0.01910072
1.79200000 -0.01902629
1.79300000 -0.01895219
1.79400000 -0.01887842
1.79500000 -0.01880498
1.79600000 -0.01873186
1.79700000 -0.01865907
1.79800000 -0.01858660
1.79900000 -0.01851445
1.80000000 -0.01844263
1.80100000 -0.01837112
1.80200000 -0.01829993
1.80300000 -0.01822905
1.80400000 -0.01815849
1.80500000 -0.01808823
1.80600000 -0.01801829
1.80700000 -0.01794866
1.80800000 -0.01787933
1.80900000 -0.01781031
1.81000000 -0.01774160
1.81100000 -0.01767319
1.81200000 -0.01760507
1.81300000 -0.01753726
1.81400000 -0.01746975
1.81500000 -0.01740253
1.81600000 -0.01733561
1.81700000 -0.01726898
1.81800000 -0.01720264
1.81900000 -0.01713660
1.82000000 -0.01707084
1.82100000 -0.01700538
1.82200000 -0.01694020
1.82300000 -0.01687530
1.82400000 -0.01681069
1.82500000 -0.01674636
1.82600000 -0.01668231
1.82700000 -0.01661854
1.82800000 -0.01655505
1.82900000 -0.01649184
1.83000000 -0.01642890
1.83100000 -0.01636624
1.83200000 -0.01630385
1.83300000 -0.01624173
1.83400000 -0.01617988
1.83500000 -0.01611830
1.83600000 -0.01605699
1.83700000 -0.01599595
1.83800000 -0.01593517
1.83900000 -0.01587465
1.84000000 -0.01581439
1.84100000 -0.01575440
1.84200000 -0.01569467
1.84300000 -0.01563519
1.84400000 -0.01557597
1.84500000 -0.01551701
1.84600000 -0.01545831
1.84700000 -0.01539985
1.84800000 -0.01534165
1.84900000 -0.01528370
1.85000000 -0.01522600
1.85100000 -0.01516855
1.85200000 -0.01511135
1.85300000 -0.01505439
1.85400000 -0.01499768
1.85500000 -0.01494121
1.85600000 -0.01488498
1.85700000 -0.01482900
1.85800000 -0.01477326
1.85900000 -0.01471775
1.86000000 -0.01466249
1.86100000 -0.01460746
1.86200000 -0.01455266
1.86300000 -0.01449811
1.86400000 -0.01444378
1.86500000 -0.01438969
1.86600000 -0.01433583
1.86700000 -0.01428220
1.86800000 -0.01422879
1.86900000 -0.01417562
1.87000000 -0.01412267
1.87100000 -0.01406995
1.87200000 -0.01401745
1.87300000 -0.01396518
1.87400000 -0.01391313
1.87500000 -0.01386130
1.87600000 -0.01380969
1.87700000 -0.01375830
1.87800000 -0.01370713
1.87900000 -0.01365618
1.88000000 -0.01360544
1.88100000 -0.01355492
1.88200000 -0.01350461
1.88300000 -0.01345452
1.88400000 -0.01340464
1.88500000 -0.01335497
1.88600000 -0.01330551
1.88700000 -0.01325625
1.88800000 -0.01320721
1.88900000 -0.01315837
1.89000000 -0.01310974
1.89100000 -0.01306132
1.89200000 -0.01301310
1.89300000 -0.01296508
1.89400000 -0.01291727
1.89500000 -0.01286965
1.89600000 -0.01282224
1.89700000 -0.01277502
1.89800000 -0.01272801
1.89900000 -0.01268119
1.90000000 -0.01263457
1.90100000 -0.01258814
1.90200000 -0.01254191
1.90300000 -0.01249588
1.90400000 -0.01245003
1.90500000 -0.01240438
1.90600000 -0.01235892
1.90700000 -0.01231365
1.90800000 -0.01226857
1.90900000 -0.01222368
1.91000000 -0.01217897
1.91100000 -0.01213445
1.91200000 -0.01209012
1.91300000 -0.01204597
1.91400000 -0.01200201
1.91500000 -0.01195823
1.91600000 -0.01191463
1.91700000 -0.01187122
1.91800000 -0.01182798
1.91900000 -0.01178492
1.92000000 -0.01174205
1.92100000 -0.01169935
1.92200000 -0.01165683
1.92300000 -0.01161448
1.92400000 -0.01157231
1.92500000 -0.01153032
1.92600000 -0.01148850
1.92700000 -0.01144685
1.92800000 -0.01140537
1.92900000 -0.01136407
1.93000000 -0.01132294
1.93100000 -0.01128198
1.93200000 -0.01124118
1.93300000 -0.01120056
1.93400000 -0.01116010
1.93500000 -0.01111981
1.93600000 -0.01107969
1.93700000 -0.01103973
1.93800000 -0.01099993
1.93900000 -0.01096030
1.94000000 -0.01092083
1.94100000 -0.01088153
1.94200000 -0.01084239
1.94300000 -0.01080340
1.94400000 -0.01076458
1.94500000 -0.01072592
1.94600000 -0.01068741
1.94700000 -0.01064906
1.94800000 -0.01061087
1.94900000 -0.01057284
1.95000000 -0.01053496
1.95100000 -0.01049724
1.95200000 -0.01045967
1.95300000 -0.01042226
1.95400000 -0.01038499
1.95500000 -0.01034788
1.95600000 -0.01031093
1.95700000 -0.01027412
1.95800000 -0.01023746
1.95900000 -0.01020095
1.96000000 -0.01016459
1.96100000 -0.01012838
1.96200000 -0.01009231
1.96300000 -0.01005640
1.96400000 -0.01002063
1.96500000 -0.00998500
1.96600000 -0.00994952
1.96700000 -0.00991418
1.96800000 -0.00987898
1.96900000 -0.00984393
1.97000000 -0.00980902
1.97100000 -0.00977425
1.97200000 -0.00973963
1.97300000 -0.00970514
1.97400000 -0.00967079
1.97500000 -0.00963658
1.97600000 -0.00960251
1.97700000 -0.00956857
1.97800000 -0.00953478
1.97900000 -0.00950112
1.98000000 -0.00946759
1.98100000 -0.00943420
1.98200000 -0.00940095
1.98300000 -0.00936783
1.98400000 -0.00933484
1.98500000 -0.00930198
1.98600000 -0.00926926
1.98700000 -0.00923667
1.98800000 -0.00920421
1.98900000 -0.00917188
1.99000000 -0.00913967
1.99100000 -0.00910760
1.99200000 -0.00907566
1.99300000 -0.00904384
1.99400000 -0.00901216
1.99500000 -0.00898059
1.99600000 -0.00894916
1.99700000 -0.00891785
1.99800000 -0.00888667
1.99900000 -0.00885561
2.00000000 -0.00882467
