0.10000000 63314182216.06317902
0.10100000 55631688875.04674530
0.10200000 48943714591.87283325
0.10300000 43113595997.66985321
0.10400000 38024518005.78218842
0.10500000 33576478782.68931961
0.10600000 29683741689.62408829
0.10700000 26272692454.65265656
0.10800000 23280034150.00695419
0.10900000 20651264255.21926498
0.11000000 18339387677.02609634
0.11100000 16303827469.10473824
0.11200000 14509501468.26308823
0.11300000 12926038396.81075859
0.11400000 11527111382.21575165
0.11500000 10289870483.90591240
0.11600000 9194458830.49861526
0.11700000 8223599470.49626827
0.11800000 7362242116.55467033
0.11900000 6597260692.08891010
0.12000000 5917194029.96445751
0.12100000 5312023276.08518982
0.12200000 4772980556.66480446
0.12300000 4292384310.41482067
0.12400000 3863497393.43423033
0.12500000 3480404658.03093958
0.12600000 3137907205.86830378
0.12700000 2831430936.28393555
0.12800000 2556947365.27742577
0.12900000 2310904990.21748734
0.13000000 2090169728.67777824
0.13100000 1891973174.38262033
0.13200000 1713867595.20432925
0.13300000 1553686752.65770793
0.13400000 1409511753.69363093
0.13500000 1279641257.40962744
0.13600000 1162565454.59466434
0.13700000 1056943319.34582496
0.13800000 961582701.46939635
0.13900000 875422887.80314517
0.14000000 797519311.48299766
0.14100000 727030131.80223703
0.14200000 663204444.75288665
0.14300000 605371916.50912309
0.14400000 552933659.78363609
0.14500000 505354196.81461239
0.14600000 462154373.27928793
0.14700000 422905105.15213692
0.14800000 387221855.83363801
0.14900000 354759754.11149263
0.15000000 325209274.97206712
0.15100000 298292415.20486832
0.15200000 273759304.34999645
0.15300000 251385199.00991443
0.15400000 230967815.03854266
0.15500000 212324957.76640272
0.15600000 195292415.33501640
0.15700000 179722084.49569279
0.15800000 165480301.96191463
0.15900000 152446357.66378975
0.16000000 140511169.10031933
0.16100000 129576098.47477859
0.16200000 119551896.47711463
0.16300000 110357758.48538145
0.16400000 101920480.63082975
0.16500000 94173704.63862298
0.16600000 87057241.64449406
0.16700000 80516466.31973124
0.16800000 74501773.63243331
0.16900000 68968091.44914861
0.17000000 63874442.95272312
0.17100000 59183553.53240135
0.17200000 54861497.40225189
0.17300000 50877379.73367316
0.17400000 47203050.55566586
0.17500000 43812847.09024132
0.17600000 40683361.55631148
0.17700000 37793231.79942213
0.17800000 35122952.39174705
0.17900000 32654704.10125544
0.18000000 30372199.85474619
0.18100000 28260545.51988464
0.18200000 26306114.00944466
0.18300000 24496431.36925349
0.18400000 22820073.65214694
0.18500000 21266573.50558049
0.18600000 19826335.51217998
0.18700000 18490559.42201310
0.18800000 17251170.50409798
0.18900000 16100756.32384864
0.19000000 15032509.32386244
0.19100000 14040174.64862706
0.19200000 13118002.71020096
0.19300000 12260706.04244081
0.19400000 11463420.03656817
0.19500000 10721667.19136390
0.19600000 10031324.54756829
0.19700000 9388594.00860137
0.19800000 8789975.27890782
0.19900000 8232241.17743142
0.20000000 7712415.10725570
0.20100000 7227750.48359261
0.20200000 6775711.94131276
0.20300000 6353958.16031321
0.20400000 5960326.16241177
0.20500000 5592816.94731847
0.20600000 5249582.34772427
0.20700000 4928912.99480591
0.20800000 4629227.29559972
0.20900000 4349061.33286066
0.21000000 4087059.60629519
0.21100000 3841966.54152902
0.21200000 3612618.69992384
0.21300000 3397937.62846252
0.21400000 3196923.29444569
0.21500000 3008648.05474105
0.21600000 2832251.11385260
0.21700000 2666933.42917697
0.21800000 2511953.02552975
0.21900000 2366620.68439373
0.22000000 2230295.97639714
0.22100000 2102383.60830338
0.22200000 1982330.05831222
0.22300000 1869620.47575940
0.22400000 1763775.82338048
0.22500000 1664350.24219435
0.22600000 1570928.62078051
0.22700000 1483124.35228827
0.22800000 1400577.26393940
0.22900000 1322951.70508229
0.23000000 1249934.78103686
0.23100000 1181234.72104581
0.23200000 1116579.36962939
0.23300000 1055714.79153624
0.23400000 998403.98129992
0.23500000 944425.66915632
0.23600000 893573.21575880
0.23700000 845653.58874957
0.23800000 800486.41481531
0.23900000 757903.10137429
0.24000000 717746.02251870
0.24100000 679867.76427037
0.24200000 644130.42460708
0.24300000 610404.96408106
0.24400000 578570.60318558
0.24500000 548514.26293174
0.24600000 520130.04537837
0.24700000 493318.75111507
0.24800000 467987.43093500
0.24900000 444048.96915030
0.25000000 421421.69620223
0.25100000 400029.02840067
0.25200000 379799.13279550
0.25300000 360664.61533645
0.25400000 342562.23062008
0.25500000 325432.61165241
0.25600000 309220.01817624
0.25700000 293872.10222192
0.25800000 279339.68964244
0.25900000 265576.57648676
0.26000000 252539.33915187
0.26100000 240187.15733302
0.26200000 228481.64886506
0.26300000 217386.71561499
0.26400000 206868.39964824
0.26500000 196894.74894840
0.26600000 187435.69202320
0.26700000 178462.92077820
0.26800000 169949.78108522
0.26900000 161871.17051362
0.27000000 154203.44273153
0.27100000 146924.31811965
0.27200000 140012.80017280
0.27300000 133449.09729538
0.27400000 127214.54962453
0.27500000 121291.56054119
0.27600000 115663.53255316
0.27700000 110314.80725669
0.27800000 105230.60910370
0.27900000 100396.99272098
0.28000000 95800.79354538
0.28100000 91429.58155545
0.28200000 87271.61789530
0.28300000 83315.81420050
0.28400000 79551.69444901
0.28500000 75969.35917222
0.28600000 72559.45187261
0.28700000 69313.12750493
0.28800000 66222.02288737
0.28900000 63278.22891872
0.29000000 60474.26448528
0.29100000 57803.05194964
0.29200000 55257.89412030
0.29300000 52832.45260813
0.29400000 50520.72748188
0.29500000 48317.03814049
0.29600000 46216.00532593
0.29700000 44212.53420491
0.29800000 42301.79845257
0.29900000 40479.22527589
0.30000000 38740.48131836
0.30100000 37081.45939136
0.30200000 35498.26598131
0.30300000 33987.20948480
0.30400000 32544.78912715
0.30500000 31167.68452259
0.30600000 29852.74583700
0.30700000 28596.98451658
0.30800000 27397.56454833
0.30900000 26251.79422010
0.31000000 25157.11835020
0.31100000 24111.11095855
0.31200000 23111.46835283
0.31300000 22156.00260491
0.31400000 21242.63539454
0.31500000 20369.39219835
0.31600000 19534.39680393
0.31700000 18735.86612981
0.31800000 17972.10533335
0.31900000 17241.50318978
0.32000000 16542.52772655
0.32100000 15873.72209816
0.32200000 15233.70068748
0.32300000 14621.14542055
0.32400000 14034.80228258
0.32500000 13473.47802342
0.32600000 12936.03704194
0.32700000 12421.39843883
0.32800000 11928.53322843
0.32900000 11456.46170046
0.33000000 11004.25092320
0.33100000 10571.01238014
0.33200000 10155.89973264
0.33300000 9758.10670145
0.33400000 9376.86506048
0.33500000 9011.44273660
0.33600000 8661.14200955
0.33700000 8325.29780634
0.33800000 8003.27608509
0.33900000 7694.47230316
0.34000000 7398.30996518
0.34100000 7114.23924635
0.34200000 6841.73568715
0.34300000 6580.29895531
0.34400000 6329.45167166
0.34500000 6088.73829619
0.34600000 5857.72407109
0.34700000 5635.99401790
0.34800000 5423.15198552
0.34900000 5218.81974674
0.35000000 5022.63614038
0.35100000 4834.25625680
0.35200000 4653.35066436
0.35300000 4479.60467482
0.35400000 4312.71764539
0.35500000 4152.40231573
0.35600000 3998.38417796
0.35700000 3850.40087785
0.35800000 3708.20164580
0.35900000 3571.54675585
0.36000000 3440.20701135
0.36100000 3313.96325589
0.36200000 3192.60590823
0.36300000 3075.93451986
0.36400000 2963.75735425
0.36500000 2855.89098645
0.36600000 2752.15992212
0.36700000 2652.39623500
0.36800000 2556.43922185
0.36900000 2464.13507395
0.37000000 2375.33656442
0.37100000 2289.90275044
0.37200000 2207.69868970
0.37300000 2128.59517036
0.37400000 2052.46845377
0.37500000 1979.20002946
0.37600000 1908.67638159
0.37700000 1840.78876652
0.37800000 1775.43300072
0.37900000 1712.50925867
0.38000000 1651.92188022
0.38100000 1593.57918690
0.38200000 1537.39330676
0.38300000 1483.28000740
0.38400000 1431.15853662
0.38500000 1380.95147054
0.38600000 1332.58456863
0.38700000 1285.98663540
0.38800000 1241.08938850
0.38900000 1197.82733273
0.39000000 1156.13763990
0.39100000 1115.96003410
0.39200000 1077.23668214
0.39300000 1039.91208905
0.39400000 1003.93299817
0.39500000 969.24829583
0.39600000 935.80892030
0.39700000 903.56777473
0.39800000 872.47964412
0.39900000 842.50111588
0.40000000 813.59050398
0.40100000 785.70777645
0.40200000 758.81448606
0.40300000 732.87370412
0.40400000 707.84995716
0.40500000 683.70916636
0.40600000 660.41858974
0.40700000 637.94676673
0.40800000 616.26346530
0.40900000 595.33963131
0.41000000 575.14734007
0.41100000 555.65975002
0.41200000 536.85105838
0.41300000 518.69645878
0.41400000 501.17210061
0.41500000 484.25505020
0.41600000 467.92325364
0.41700000 452.15550115
0.41800000 436.93139304
0.41900000 422.23130705
0.42000000 408.03636712
0.42100000 394.32841344
0.42200000 381.08997383
0.42300000 368.30423626
0.42400000 355.95502257
0.42500000 344.02676324
0.42600000 332.50447332
0.42700000 321.37372923
0.42800000 310.62064661
0.42900000 300.23185910
0.43000000 290.19449796
0.43100000 280.49617255
0.43200000 271.12495160
0.43300000 262.06934529
0.43400000 253.31828805
0.43500000 244.86112201
0.43600000 236.68758124
0.43700000 228.78777654
0.43800000 221.15218088
0.43900000 213.77161544
0.44000000 206.63723621
0.44100000 199.74052113
0.44200000 193.07325775
0.44300000 186.62753142
0.44400000 180.39571386
0.44500000 174.37045232
0.44600000 168.54465910
0.44700000 162.91150144
0.44800000 157.46439196
0.44900000 152.19697931
0.45000000 147.10313932
0.45100000 142.17696645
0.45200000 137.41276558
0.45300000 132.80504411
0.45400000 128.34850441
0.45500000 124.03803654
0.45600000 119.86871124
0.45700000 115.83577326
0.45800000 111.93463486
0.45900000 108.16086963
0.46000000 104.51020653
0.46100000 100.97852416
0.46200000 97.56184526
0.46300000 94.25633141
0.46400000 91.05827791
0.46500000 87.96410896
0.46600000 84.97037288
0.46700000 82.07373764
0.46800000 79.27098648
0.46900000 76.55901372
0.47000000 73.93482076
0.47100000 71.39551220
0.47200000 68.93829208
0.47300000 66.56046037
0.47400000 64.25940944
0.47500000 62.03262079
0.47600000 59.87766187
0.47700000 57.79218296
0.47800000 55.77391424
0.47900000 53.82066294
0.48000000 51.93031062
0.48100000 50.10081050
0.48200000 48.33018492
0.48300000 46.61652293
0.48400000 44.95797791
0.48500000 43.35276530
0.48600000 41.79916043
0.48700000 40.29549642
0.48800000 38.84016212
0.48900000 37.43160022
0.49000000 36.06830531
0.49100000 34.74882211
0.49200000 33.47174371
0.49300000 32.23570989
0.49400000 31.03940550
0.49500000 29.88155891
0.49600000 28.76094050
0.49700000 27.67636119
0.49800000 26.62667109
0.49900000 25.61075810
0.50000000 24.62754666
0.50100000 23.67599647
0.50200000 22.75510128
0.50300000 21.86388774
0.50400000 21.00141429
0.50500000 20.16677005
0.50600000 19.35907381
0.50700000 18.57747297
0.50800000 17.82114265
0.50900000 17.08928467
0.51000000 16.38112672
0.51100000 15.69592144
0.51200000 15.03294558
0.51300000 14.39149925
0.51400000 13.77090505
0.51500000 13.17050739
0.51600000 12.58967171
0.51700000 12.02778382
0.51800000 11.48424919
0.51900000 10.95849229
0.52000000 10.44995600
0.52100000 9.95810098
0.52200000 9.48240504
0.52300000 9.02236264
0.52400000 8.57748430
0.52500000 8.14729607
0.52600000 7.73133906
0.52700000 7.32916886
0.52800000 6.94035518
0.52900000 6.56448127
0.53000000 6.20114356
0.53100000 5.84995122
0.53200000 5.51052568
0.53300000 5.18250032
0.53400000 4.86552001
0.53500000 4.55924078
0.53600000 4.26332944
0.53700000 3.97746324
0.53800000 3.70132951
0.53900000 3.43462537
0.54000000 3.17705738
0.54100000 2.92834126
0.54200000 2.68820158
0.54300000 2.45637149
0.54400000 2.23259243
0.54500000 2.01661389
0.54600000 1.80819310
0.54700000 1.60709486
0.54800000 1.41309121
0.54900000 1.22596128
0.55000000 1.04549102
0.55100000 0.87147299
0.55200000 0.70370614
0.55300000 0.54199565
0.55400000 0.38615268
0.55500000 0.23599422
0.55600000 0.09134287
0.55700000 -0.04797330
0.55800000 -0.18212094
0.55900000 -0.31126158
0.56000000 -0.43555182
0.56100000 -0.55514343
0.56200000 -0.67018355
0.56300000 -0.78081481
0.56400000 -0.88717548
0.56500000 -0.98939959
0.56600000 -1.08761711
0.56700000 -1.18195400
0.56800000 -1.27253240
0.56900000 -1.35947073
0.57000000 -1.44288379
0.57100000 -1.52288288
0.57200000 -1.59957593
0.57300000 -1.67306756
0.57400000 -1.74345923
0.57500000 -1.81084931
0.57600000 -1.87533318
0.57700000 -1.93700331
0.57800000 -1.99594938
0.57900000 -2.05225835
0.58000000 -2.10601454
0.58100000 -2.15729968
0.58200000 -2.20619308
0.58300000 -2.25277160
0.58400000 -2.29710979
0.58500000 -2.33927995
0.58600000 -2.37935216
0.58700000 -2.41739441
0.58800000 -2.45347262
0.58900000 -2.48765071
0.59000000 -2.51999067
0.59100000 -2.55055261
0.59200000 -2.57939484
0.59300000 -2.60657388
0.59400000 -2.63214455
0.59500000 -2.65616001
0.59600000 -2.67867182
0.59700000 -2.69972998
0.59800000 -2.71938296
0.59900000 -2.73767778
0.60000000 -2.75466004
0.60100000 -2.77037393
0.60200000 -2.78486235
0.60300000 -2.79816685
0.60400000 -2.81032776
0.60500000 -2.82138417
0.60600000 -2.83137399
0.60700000 -2.84033399
0.60800000 -2.84829980
0.60900000 -2.85530599
0.61000000 -2.86138608
0.61100000 -2.86657257
0.61200000 -2.87089696
0.61300000 -2.87438980
0.61400000 -2.87708072
0.61500000 -2.87899845
0.61600000 -2.88017082
0.61700000 -2.88062484
0.61800000 -2.88038668
0.61900000 -2.87948171
0.62000000 -2.87793454
0.62100000 -2.87576903
0.62200000 -2.87300827
0.62300000 -2.86967470
0.62400000 -2.86579002
0.62500000 -2.86137531
0.62600000 -2.85645097
0.62700000 -2.85103678
0.62800000 -2.84515191
0.62900000 -2.83881496
0.63000000 -2.83204393
0.63100000 -2.82485627
0.63200000 -2.81726890
0.63300000 -2.80929820
0.63400000 -2.80096006
0.63500000 -2.79226986
0.63600000 -2.78324250
0.63700000 -2.77389244
0.63800000 -2.76423366
0.63900000 -2.75427972
0.64000000 -2.74404375
0.64100000 -2.73353845
0.64200000 -2.72277616
0.64300000 -2.71176880
0.64400000 -2.70052791
0.64500000 -2.68906469
0.64600000 -2.67738997
0.64700000 -2.66551422
0.64800000 -2.65344761
0.64900000 -2.64119997
0.65000000 -2.62878080
0.65100000 -2.61619931
0.65200000 -2.60346441
0.65300000 -2.59058473
0.65400000 -2.57756861
0.65500000 -2.56442412
0.65600000 -2.55115907
0.65700000 -2.53778102
0.65800000 -2.52429727
0.65900000 -2.51071489
0.66000000 -2.49704071
0.66100000 -2.48328134
0.66200000 -2.46944317
0.66300000 -2.45553236
0.66400000 -2.44155490
0.66500000 -2.42751654
0.66600000 -2.41342285
0.66700000 -2.39927922
0.66800000 -2.38509084
0.66900000 -2.37086275
0.67000000 -2.35659978
0.67100000 -2.34230662
0.67200000 -2.32798778
0.67300000 -2.31364763
0.67400000 -2.29929037
0.67500000 -2.28492007
0.67600000 -2.27054064
0.67700000 -2.25615585
0.67800000 -2.24176935
0.67900000 -2.22738464
0.68000000 -2.21300511
0.68100000 -2.19863400
0.68200000 -2.18427447
0.68300000 -2.16992953
0.68400000 -2.15560209
0.68500000 -2.14129494
0.68600000 -2.12701079
0.68700000 -2.11275221
0.68800000 -2.09852170
0.68900000 -2.08432166
0.69000000 -2.07015437
0.69100000 -2.05602205
0.69200000 -2.04192682
0.69300000 -2.02787072
0.69400000 -2.01385568
0.69500000 -1.99988359
0.69600000 -1.98595623
0.69700000 -1.97207532
0.69800000 -1.95824251
0.69900000 -1.94445936
0.70000000 -1.93072739
0.70100000 -1.91704802
0.70200000 -1.90342264
0.70300000 -1.88985254
0.70400000 -1.87633899
0.70500000 -1.86288316
0.70600000 -1.84948619
0.70700000 -1.83614917
0.70800000 -1.82287311
0.70900000 -1.80965898
0.71000000 -1.79650772
0.71100000 -1.78342019
0.71200000 -1.77039722
0.71300000 -1.75743959
0.71400000 -1.74454804
0.71500000 -1.73172327
0.71600000 -1.71896592
0.71700000 -1.70627662
0.71800000 -1.69365593
0.71900000 -1.68110439
0.72000000 -1.66862251
0.72100000 -1.65621076
0.72200000 -1.64386955
0.72300000 -1.63159930
0.72400000 -1.61940037
0.72500000 -1.60727310
0.72600000 -1.59521780
0.72700000 -1.58323474
0.72800000 -1.57132418
0.72900000 -1.55948634
0.73000000 -1.54772142
0.73100000 -1.53602960
0.73200000 -1.52441103
0.73300000 -1.51286582
0.73400000 -1.50139410
0.73500000 -1.48999593
0.73600000 -1.47867139
0.73700000 -1.46742050
0.73800000 -1.45624331
0.73900000 -1.44513980
0.74000000 -1.43410996
0.74100000 -1.42315377
0.74200000 -1.41227117
0.74300000 -1.40146211
0.74400000 -1.39072648
0.74500000 -1.38006422
0.74600000 -1.36947519
0.74700000 -1.35895928
0.74800000 -1.34851636
0.74900000 -1.33814626
0.75000000 -1.32784884
0.75100000 -1.31762391
0.75200000 -1.30747128
0.75300000 -1.29739078
0.75400000 -1.28738217
0.75500000 -1.27744526
0.75600000 -1.26757980
0.75700000 -1.25778557
0.75800000 -1.24806232
0.75900000 -1.23840980
0.76000000 -1.22882774
0.76100000 -1.21931588
0.76200000 -1.20987394
0.76300000 -1.20050163
0.76400000 -1.19119867
0.76500000 -1.18196475
0.76600000 -1.17279958
0.76700000 -1.16370285
0.76800000 -1.15467423
0.76900000 -1.14571341
0.77000000 -1.13682007
0.77100000 -1.12799388
0.77200000 -1.11923450
0.77300000 -1.11054159
0.77400000 -1.10191481
0.77500000 -1.09335381
0.77600000 -1.08485825
0.77700000 -1.07642777
0.77800000 -1.06806201
0.77900000 -1.05976062
0.78000000 -1.05152323
0.78100000 -1.04334948
0.78200000 -1.03523901
0.78300000 -1.02719143
0.78400000 -1.01920638
0.78500000 -1.01128349
0.78600000 -1.00342239
0.78700000 -0.99562268
0.78800000 -0.98788401
0.78900000 -0.98020598
0.79000000 -0.97258823
0.79100000 -0.96503036
0.79200000 -0.95753199
0.79300000 -0.95009274
0.79400000 -0.94271223
0.79500000 -0.93539008
0.79600000 -0.92812589
0.79700000 -0.92091929
0.79800000 -0.91376989
0.79900000 -0.90667730
0.80000000 -0.89964115
0.80100000 -0.89266103
0.80200000 -0.88573658
0.80300000 -0.87886740
0.80400000 -0.87205311
0.80500000 -0.86529333
0.80600000 -0.85858767
0.80700000 -0.85193575
0.80800000 -0.84533720
0.80900000 -0.83879162
0.81000000 -0.83229864
0.81100000 -0.82585789
0.81200000 -0.81946897
0.81300000 -0.81313152
0.81400000 -0.80684515
0.81500000 -0.80060950
0.81600000 -0.79442418
0.81700000 -0.78828883
0.81800000 -0.78220308
0.81900000 -0.77616655
0.82000000 -0.77017887
0.82100000 -0.76423968
0.82200000 -0.75834861
0.82300000 -0.75250530
0.82400000 -0.74670939
0.82500000 -0.74096050
0.82600000 -0.73525829
0.82700000 -0.72960240
0.82800000 -0.72399246
0.82900000 -0.71842813
0.83000000 -0.71290904
0.83100000 -0.70743486
0.83200000 -0.70200522
0.83300000 -0.69661978
0.83400000 -0.69127820
0.83500000 -0.68598013
0.83600000 -0.68072523
0.83700000 -0.67551316
0.83800000 -0.67034358
0.83900000 -0.66521615
0.84000000 -0.66013053
0.84100000 -0.65508640
0.84200000 -0.65008343
0.84300000 -0.64512128
0.84400000 -0.64019962
0.84500000 -0.63531814
0.84600000 -0.63047651
0.84700000 -0.62567441
0.84800000 -0.62091151
0.84900000 -0.61618751
0.85000000 -0.61150209
0.85100000 -0.60685493
0.85200000 -0.60224572
0.85300000 -0.59767416
0.85400000 -0.59313993
0.85500000 -0.58864274
0.85600000 -0.58418228
0.85700000 -0.57975824
0.85800000 -0.57537034
0.85900000 -0.57101826
0.86000000 -0.56670173
0.86100000 -0.56242044
0.86200000 -0.55817411
0.86300000 -0.55396244
0.86400000 -0.54978515
0.86500000 -0.54564196
0.86600000 -0.54153258
0.86700000 -0.53745674
0.86800000 -0.53341415
0.86900000 -0.52940453
0.87000000 -0.52542762
0.87100000 -0.52148315
0.87200000 -0.51757083
0.87300000 -0.51369040
0.87400000 -0.50984161
0.87500000 -0.50602417
0.87600000 -0.50223783
0.87700000 -0.49848234
0.87800000 -0.49475742
0.87900000 -0.49106283
0.88000000 -0.48739831
0.88100000 -0.48376361
0.88200000 -0.48015847
0.88300000 -0.47658266
0.88400000 -0.47303591
0.88500000 -0.46951799
0.88600000 -0.46602866
0.88700000 -0.46256767
0.88800000 -0.45913479
0.88900000 -0.45572977
0.89000000 -0.45235239
0.89100000 -0.44900240
0.89200000 -0.44567958
0.89300000 -0.44238370
0.89400000 -0.43911453
0.89500000 -0.43587184
0.89600000 -0.43265541
0.89700000 -0.42946502
0.89800000 -0.42630045
0.89900000 -0.42316147
0.90000000 -0.42004788
0.90100000 -0.41695945
0.90200000 -0.41389597
0.90300000 -0.41085723
0.90400000 -0.40784303
0.90500000 -0.40485314
0.90600000 -0.40188738
0.90700000 -0.39894552
0.90800000 -0.39602737
0.90900000 -0.39313273
0.91000000 -0.39026139
0.91100000 -0.38741316
0.91200000 -0.38458785
0.91300000 -0.38178525
0.91400000 -0.37900517
0.91500000 -0.37624743
0.91600000 -0.37351183
0.91700000 -0.37079819
0.91800000 -0.36810631
0.91900000 -0.36543601
0.92000000 -0.36278712
0.92100000 -0.36015944
0.92200000 -0.35755279
0.92300000 -0.35496700
0.92400000 -0.35240189
0.92500000 -0.34985729
0.92600000 -0.34733301
0.92700000 -0.34482889
0.92800000 -0.34234476
0.92900000 -0.33988044
0.93000000 -0.33743576
0.93100000 -0.33501057
0.93200000 -0.33260468
0.93300000 -0.33021795
0.93400000 -0.32785020
0.93500000 -0.32550128
0.93600000 -0.32317102
0.93700000 -0.32085926
0.93800000 -0.31856586
0.93900000 -0.31629065
0.94000000 -0.31403347
0.94100000 -0.31179418
0.94200000 -0.30957262
0.94300000 -0.30736864
0.94400000 -0.30518210
0.94500000 -0.30301284
0.94600000 -0.30086072
0.94700000 -0.29872559
0.94800000 -0.29660731
0.94900000 -0.29450573
0.95000000 -0.29242071
0.95100000 -0.29035212
0.95200000 -0.28829982
0.95300000 -0.28626365
0.95400000 -0.28424350
0.95500000 -0.28223922
0.95600000 -0.28025068
0.95700000 -0.27827774
0.95800000 -0.27632028
0.95900000 -0.27437816
0.96000000 -0.27245125
0.96100000 -0.27053942
0.96200000 -0.26864255
0.96300000 -0.26676051
0.96400000 -0.26489317
0.96500000 -0.26304042
0.96600000 -0.26120212
0.96700000 -0.25937816
0.96800000 -0.25756841
0.96900000 -0.25577275
0.97000000 -0.25399107
0.97100000 -0.25222324
0.97200000 -0.25046916
0.97300000 -0.24872870
0.97400000 -0.24700175
0.97500000 -0.24528820
0.97600000 -0.24358793
0.97700000 -0.24190083
0.97800000 -0.24022679
0.97900000 -0.23856570
0.98000000 -0.23691746
0.98100000 -0.23528195
0.98200000 -0.23365907
0.98300000 -0.23204871
0.98400000 -0.23045076
0.98500000 -0.22886513
0.98600000 -0.22729171
0.98700000 -0.22573039
0.98800000 -0.22418108
0.98900000 -0.22264367
0.99000000 -0.22111807
0.99100000 -0.21960417
0.99200000 -0.21810189
0.99300000 -0.21661111
0.99400000 -0.21513176
0.99500000 -0.21366372
0.99600000 -0.21220690
0.99700000 -0.21076122
0.99800000 -0.20932658
0.99900000 -0.20790289
1.00000000 -0.20649005
1.00100000 -0.20508797
1.00200000 -0.20369658
1.00300000 -0.20231577
1.00400000 -0.20094546
1.00500000 -0.19958556
1.00600000 -0.19823599
1.00700000 -0.19689666
1.00800000 -0.19556748
1.00900000 -0.19424837
1.01000000 -0.19293925
1.01100000 -0.19164004
1.01200000 -0.19035065
1.01300000 -0.18907100
1.01400000 -0.18780101
1.01500000 -0.18654060
1.01600000 -0.18528969
1.01700000 -0.18404821
1.01800000 -0.18281607
1.01900000 -0.18159320
1.02000000 -0.18037952
1.02100000 -0.17917496
1.02200000 -0.17797944
1.02300000 -0.17679289
1.02400000 -0.17561523
1.02500000 -0.17444639
1.02600000 -0.17328629
1.02700000 -0.17213487
1.02800000 -0.17099206
1.02900000 -0.16985778
1.03000000 -0.16873197
1.03100000 -0.16761455
1.03200000 -0.16650545
1.03300000 -0.16540462
1.03400000 -0.16431197
1.03500000 -0.16322744
1.03600000 -0.16215098
1.03700000 -0.16108250
1.03800000 -0.16002195
1.03900000 -0.15896926
1.04000000 -0.15792437
1.04100000 -0.15688721
1.04200000 -0.15585773
1.04300000 -0.15483585
1.04400000 -0.15382151
1.04500000 -0.15281467
1.04600000 -0.15181524
1.04700000 -0.15082318
1.04800000 -0.14983843
1.04900000 -0.14886092
1.05000000 -0.14789059
1.05100000 -0.14692740
1.05200000 -0.14597127
1.05300000 -0.14502216
1.05400000 -0.14408001
1.05500000 -0.14314475
1.05600000 -0.14221634
1.05700000 -0.14129472
1.05800000 -0.14037984
1.05900000 -0.13947163
1.06000000 -0.13857006
1.06100000 -0.13767505
1.06200000 -0.13678657
1.06300000 -0.13590455
1.06400000 -0.13502895
1.06500000 -0.13415972
1.06600000 -0.13329680
1.06700000 -0.13244014
1.06800000 -0.13158969
1.06900000 -0.13074541
1.07000000 -0.12990724
1.07100000 -0.12907514
1.07200000 -0.12824905
1.07300000 -0.12742894
1.07400000 -0.12661474
1.07500000 -0.12580642
1.07600000 -0.12500392
1.07700000 -0.12420720
1.07800000 -0.12341622
1.07900000 -0.12263093
1.08000000 -0.12185128
1.08100000 -0.12107723
1.08200000 -0.12030873
1.08300000 -0.11954574
1.08400000 -0.11878822
1.08500000 -0.11803613
1.08600000 -0.11728941
1.08700000 -0.11654803
1.08800000 -0.11581195
1.08900000 -0.11508112
1.09000000 -0.11435550
1.09100000 -0.11363506
1.09200000 -0.11291974
1.09300000 -0.11220952
1.09400000 -0.11150434
1.09500000 -0.11080417
1.09600000 -0.11010898
1.09700000 -0.10941871
1.09800000 -0.10873334
1.09900000 -0.10805282
1.10000000 -0.10737712
1.10100000 -0.10670620
1.10200000 -0.10604002
1.10300000 -0.10537854
1.10400000 -0.10472173
1.10500000 -0.10406956
1.10600000 -0.10342197
1.10700000 -0.10277895
1.10800000 -0.10214044
1.10900000 -0.10150643
1.11000000 -0.10087687
1.11100000 -0.10025172
1.11200000 -0.09963096
1.11300000 -0.09901455
1.11400000 -0.09840246
1.11500000 -0.09779465
1.11600000 -0.09719108
1.11700000 -0.09659174
1.11800000 -0.09599658
1.11900000 -0.09540556
1.12000000 -0.09481867
1.12100000 -0.09423587
1.12200000 -0.09365712
1.12300000 -0.09308239
1.12400000 -0.09251166
1.12500000 -0.09194489
1.12600000 -0.09138206
1.12700000 -0.09082312
1.12800000 -0.09026806
1.12900000 -0.08971683
1.13000000 -0.08916943
1.13100000 -0.08862580
1.13200000 -0.08808593
1.13300000 -0.08754978
1.13400000 -0.08701733
1.13500000 -0.08648855
1.13600000 -0.08596341
1.13700000 -0.08544188
1.13800000 -0.08492393
1.13900000 -0.08440955
1.14000000 -0.08389869
1.14100000 -0.08339134
1.14200000 -0.08288746
1.14300000 -0.08238704
1.14400000 -0.08189003
1.14500000 -0.08139643
1.14600000 -0.08090620
1.14700000 -0.08041931
1.14800000 -0.07993575
1.14900000 -0.07945548
1.15000000 -0.07897848
1.15100000 -0.07850473
1.15200000 -0.07803421
1.15300000 -0.07756687
1.15400000 -0.07710272
1.15500000 -0.07664171
1.15600000 -0.07618382
1.15700000 -0.07572904
1.15800000 -0.07527734
1.15900000 -0.07482869
1.16000000 -0.07438307
1.16100000 -0.07394047
1.16200000 -0.07350085
1.16300000 -0.07306419
1.16400000 -0.07263048
1.16500000 -0.07219969
1.16600000 -0.07177179
1.16700000 -0.07134678
1.16800000 -0.07092461
1.16900000 -0.07050528
1.17000000 -0.07008877
1.17100000 -0.06967504
1.17200000 -0.06926409
1.17300000 -0.06885589
1.17400000 -0.06845041
1.17500000 -0.06804765
1.17600000 -0.06764757
1.17700000 -0.06725016
1.17800000 -0.06685541
1.17900000 -0.06646328
1.18000000 -0.06607376
1.18100000 -0.06568683
1.18200000 -0.06530248
1.18300000 -0.06492068
1.18400000 -0.06454141
1.18500000 -0.06416465
1.18600000 -0.06379039
1.18700000 -0.06341861
1.18800000 -0.06304929
1.18900000 -0.06268242
1.19000000 -0.06231796
1.19100000 -0.06195591
1.19200000 -0.06159625
1.19300000 -0.06123896
1.19400000 -0.06088402
1.19500000 -0.06053142
1.19600000 -0.06018113
1.19700000 -0.05983315
1.19800000 -0.05948745
1.19900000 -0.05914402
1.20000000 -0.05880285
1.20100000 -0.05846390
1.20200000 -0.05812718
1.20300000 -0.05779266
1.20400000 -0.05746032
1.20500000 -0.05713016
1.20600000 -0.05680215
1.20700000 -0.05647628
1.20800000 -0.05615253
1.20900000 -0.05583089
1.21000000 -0.05551134
1.21100000 -0.05519387
1.21200000 -0.05487846
1.21300000 -0.05456511
1.21400000 -0.05425378
1.21500000 -0.05394447
1.21600000 -0.05363716
1.21700000 -0.05333185
1.21800000 -0.05302851
1.21900000 -0.05272712
1.22000000 -0.05242769
1.22100000 -0.05213019
1.22200000 -0.05183460
1.22300000 -0.05154092
1.22400000 -0.05124913
1.22500000 -0.05095922
1.22600000 -0.05067117
1.22700000 -0.05038497
1.22800000 -0.05010061
1.22900000 -0.04981807
1.23000000 -0.04953734
1.23100000 -0.04925842
1.23200000 -0.04898127
1.23300000 -0.04870590
1.23400000 -0.04843229
1.23500000 -0.04816042
1.23600000 -0.04789029
1.23700000 -0.04762188
1.23800000 -0.04735519
1.23900000 -0.04709019
1.24000000 -0.04682687
1.24100000 -0.04656523
1.24200000 -0.04630525
1.24300000 -0.04604692
1.24400000 -0.04579023
1.24500000 -0.04553517
1.24600000 -0.04528172
1.24700000 -0.04502988
1.24800000 -0.04477963
1.24900000 -0.04453096
1.25000000 -0.04428386
1.25100000 -0.04403831
1.25200000 -0.04379432
1.25300000 -0.04355187
1.25400000 -0.04331094
1.25500000 -0.04307152
1.25600000 -0.04283361
1.25700000 -0.04259720
1.25800000 -0.04236227
1.25900000 -0.04212881
1.26000000 -0.04189682
1.26100000 -0.04166628
1.26200000 -0.04143718
1.26300000 -0.04120951
1.26400000 -0.04098327
1.26500000 -0.04075844
1.26600000 -0.04053501
1.26700000 -0.04031298
1.26800000 -0.04009233
1.26900000 -0.03987305
1.27000000 -0.03965514
1.27100000 -0.03943858
1.27200000 -0.03922337
1.27300000 -0.03900949
1.27400000 -0.03879694
1.27500000 -0.03858571
1.27600000 -0.03837579
1.27700000 -0.03816716
1.27800000 -0.03795983
1.27900000 -0.03775377
1.28000000 -0.03754899
1.28100000 -0.03734547
1.28200000 -0.03714321
1.28300000 -0.03694220
1.28400000 -0.03674242
1.28500000 -0.03654387
1.28600000 -0.03634654
1.28700000 -0.03615043
1.28800000 -0.03595552
1.28900000 -0.03576180
1.29000000 -0.03556927
1.29100000 -0.03537793
1.29200000 -0.03518775
1.29300000 -0.03499874
1.29400000 -0.03481088
1.29500000 -0.03462417
1.29600000 -0.03443860
1.29700000 -0.03425416
1.29800000 -0.03407084
1.29900000 -0.03388865
1.30000000 -0.03370756
1.30100000 -0.03352757
1.30200000 -0.03334867
1.30300000 -0.03317087
1.30400000 -0.03299414
1.30500000 -0.03281848
1.30600000 -0.03264389
1.30700000 -0.03247035
1.30800000 -0.03229787
1.30900000 -0.03212643
1.31000000 -0.03195602
1.31100000 -0.03178664
1.31200000 -0.03161829
1.31300000 -0.03145095
1.31400000 -0.03128461
1.31500000 -0.03111928
1.31600000 -0.03095495
1.31700000 -0.03079160
1.31800000 -0.03062923
1.31900000 -0.03046784
1.32000000 -0.03030742
1.32100000 -0.03014795
1.32200000 -0.02998945
1.32300000 -0.02983189
1.32400000 -0.02967527
1.32500000 -0.02951959
1.32600000 -0.02936484
1.32700000 -0.02921102
1.32800000 -0.02905811
1.32900000 -0.02890611
1.33000000 -0.02875502
1.33100000 -0.02860483
1.33200000 -0.02845553
1.33300000 -0.02830712
1.33400000 -0.02815959
1.33500000 -0.02801293
1.33600000 -0.02786715
1.33700000 -0.02772223
1.33800000 -0.02757816
1.33900000 -0.02743495
1.34000000 -0.02729259
1.34100000 -0.02715107
1.34200000 -0.02701038
1.34300000 -0.02687052
1.34400000 -0.02673149
1.34500000 -0.02659328
1.34600000 -0.02645588
1.34700000 -0.02631929
1.34800000 -0.02618350
1.34900000 -0.02604851
1.35000000 -0.02591432
1.35100000 -0.02578091
1.35200000 -0.02564828
1.35300000 -0.02551643
1.35400000 -0.02538536
1.35500000 -0.02525505
1.35600000 -0.02512550
1.35700000 -0.02499671
1.35800000 -0.02486867
1.35900000 -0.02474137
1.36000000 -0.02461482
1.36100000 -0.02448901
1.36200000 -0.02436393
1.36300000 -0.02423958
1.36400000 -0.02411595
1.36500000 -0.02399304
1.36600000 -0.02387084
1.36700000 -0.02374935
1.36800000 -0.02362856
1.36900000 -0.02350848
1.37000000 -0.02338909
1.37100000 -0.02327039
1.37200000 -0.02315238
1.37300000 -0.02303505
1.37400000 -0.02291840
1.37500000 -0.02280241
1.37600000 -0.02268710
1.37700000 -0.02257246
1.37800000 -0.02245847
1.37900000 -0.02234514
1.38000000 -0.02223246
1.38100000 -0.02212043
1.38200000 -0.02200904
1.38300000 -0.02189829
1.38400000 -0.02178817
1.38500000 -0.02167869
1.38600000 -0.02156983
1.38700000 -0.02146160
1.38800000 -0.02135398
1.38900000 -0.02124698
1.39000000 -0.02114059
1.39100000 -0.02103481
1.39200000 -0.02092963
1.39300000 -0.02082505
1.39400000 -0.02072107
1.39500000 -0.02061767
1.39600000 -0.02051487
1.39700000 -0.02041265
1.39800000 -0.02031101
1.39900000 -0.02020994
1.40000000 -0.02010945
1.40100000 -0.02000953
1.40200000 -0.01991017
1.40300000 -0.01981138
1.40400000 -0.01971315
1.40500000 -0.01961547
1.40600000 -0.01951834
1.40700000 -0.01942176
1.40800000 -0.01932572
1.40900000 -0.01923023
1.41000000 -0.01913527
1.41100000 -0.01904085
1.41200000 -0.01894696
1.41300000 -0.01885360
1.41400000 -0.01876076
1.41500000 -0.01866844
1.41600000 -0.01857664
1.41700000 -0.01848536
1.41800000 -0.01839458
1.41900000 -0.01830432
1.42000000 -0.01821456
1.42100000 -0.01812530
1.42200000 -0.01803654
1.42300000 -0.01794827
1.42400000 -0.01786050
1.42500000 -0.01777321
1.42600000 -0.01768642
1.42700000 -0.01760010
1.42800000 -0.01751427
1.42900000 -0.01742891
1.43000000 -0.01734403
1.43100000 -0.01725962
1.43200000 -0.01717567
1.43300000 -0.01709219
1.43400000 -0.01700918
1.43500000 -0.01692662
1.43600000 -0.01684452
1.43700000 -0.01676288
1.43800000 -0.01668169
1.43900000 -0.01660094
1.44000000 -0.01652064
1.44100000 -0.01644078
1.44200000 -0.01636137
1.44300000 -0.01628239
1.44400000 -0.01620384
1.44500000 -0.01612573
1.44600000 -0.01604804
1.44700000 -0.01597079
1.44800000 -0.01589395
1.44900000 -0.01581754
1.45000000 -0.01574155
1.45100000 -0.01566597
1.45200000 -0.01559081
1.45300000 -0.01551606
1.45400000 -0.01544171
1.45500000 -0.01536778
1.45600000 -0.01529424
1.45700000 -0.01522111
1.45800000 -0.01514838
1.45900000 -0.01507604
1.46000000 -0.01500409
1.46100000 -0.01493254
1.46200000 -0.01486138
1.46300000 -0.01479060
1.46400000 -0.01472021
1.46500000 -0.01465020
1.46600000 -0.01458057
1.46700000 -0.01451132
1.46800000 -0.01444244
1.46900000 -0.01437393
1.47000000 -0.01430580
1.47100000 -0.01423803
1.47200000 -0.01417063
1.47300000 -0.01410360
1.47400000 -0.01403692
1.47500000 -0.01397061
1.47600000 -0.01390465
1.47700000 -0.01383904
1.47800000 -0.01377379
1.47900000 -0.01370889
1.48000000 -0.01364434
1.48100000 -0.01358014
1.48200000 -0.01351628
1.48300000 -0.01345276
1.48400000 -0.01338959
1.48500000 -0.01332675
1.48600000 -0.01326425
1.48700000 -0.01320208
1.48800000 -0.01314024
1.48900000 -0.01307874
1.49000000 -0.01301756
1.49100000 -0.01295671
1.49200000 -0.01289618
1.49300000 -0.01283598
1.49400000 -0.01277610
1.49500000 -0.01271653
1.49600000 -0.01265728
1.49700000 -0.01259835
1.49800000 -0.01253973
1.49900000 -0.01248142
1.50000000 -0.01242342
1.50100000 -0.01236573
1.50200000 -0.01230834
1.50300000 -0.01225126
1.50400000 -0.01219448
1.50500000 -0.01213800
1.50600000 -0.01208181
1.50700000 -0.01202593
1.50800000 -0.01197034
1.50900000 -0.01191504
1.51000000 -0.01186003
1.51100000 -0.01180532
1.51200000 -0.01175089
1.51300000 -0.01169674
1.51400000 -0.01164288
1.51500000 -0.01158931
1.51600000 -0.01153601
1.51700000 -0.01148300
1.51800000 -0.01143026
1.51900000 -0.01137780
1.52000000 -0.01132562
1.52100000 -0.01127370
1.52200000 -0.01122206
1.52300000 -0.01117069
1.52400000 -0.01111959
1.52500000 -0.01106875
1.52600000 -0.01101818
1.52700000 -0.01096787
1.52800000 -0.01091782
1.52900000 -0.01086804
1.53000000 -0.01081851
1.53100000 -0.01076924
1.53200000 -0.01072023
1.53300000 -0.01067147
1.53400000 -0.01062296
1.53500000 -0.01057471
1.53600000 -0.01052670
1.53700000 -0.01047895
1.53800000 -0.01043144
1.53900000 -0.01038418
1.54000000 -0.01033716
1.54100000 -0.01029038
1.54200000 -0.01024385
1.54300000 -0.01019755
1.54400000 -0.01015150
1.54500000 -0.01010568
1.54600000 -0.01006010
1.54700000 -0.01001475
1.54800000 -0.00996963
1.54900000 -0.00992475
1.55000000 -0.00988010
1.55100000 -0.00983567
1.55200000 -0.00979148
1.55300000 -0.00974751
1.55400000 -0.00970377
1.55500000 -0.00966025
1.55600000 -0.00961695
1.55700000 -0.00957387
1.55800000 -0.00953102
1.55900000 -0.00948838
1.56000000 -0.00944596
1.56100000 -0.00940376
1.56200000 -0.00936177
1.56300000 -0.00932000
1.56400000 -0.00927844
1.56500000 -0.00923709
1.56600000 -0.00919595
1.56700000 -0.00915502
1.56800000 -0.00911430
1.56900000 -0.00907378
1.57000000 -0.00903347
1.57100000 -0.00899337
1.57200000 -0.00895346
1.57300000 -0.00891376
1.57400000 -0.00887426
1.57500000 -0.00883496
1.57600000 -0.00879586
1.57700000 -0.00875696
1.57800000 -0.00871825
1.57900000 -0.00867974
1.58000000 -0.00864142
1.58100000 -0.00860329
1.58200000 -0.00856536
1.58300000 -0.00852761
1.58400000 -0.00849006
1.58500000 -0.00845270
1.58600000 -0.00841552
1.58700000 -0.00837853
1.58800000 -0.00834173
1.58900000 -0.00830511
1.59000000 -0.00826867
1.59100000 -0.00823241
1.59200000 -0.00819634
1.59300000 -0.00816045
1.59400000 -0.00812474
1.59500000 -0.00808920
1.59600000 -0.00805384
1.59700000 -0.00801866
1.59800000 -0.00798366
1.59900000 -0.00794882
1.60000000 -0.00791417
1.60100000 -0.00787968
1.60200000 -0.00784537
1.60300000 -0.00781122
1.60400000 -0.00777725
1.60500000 -0.00774344
1.60600000 -0.00770981
1.60700000 -0.00767633
1.60800000 -0.00764303
1.60900000 -0.00760989
1.61000000 -0.00757691
1.61100000 -0.00754410
1.61200000 -0.00751145
1.61300000 -0.00747896
1.61400000 -0.00744663
1.61500000 -0.00741446
1.61600000 -0.00738245
1.61700000 -0.00735059
1.61800000 -0.00731889
1.61900000 -0.00728735
1.62000000 -0.00725597
1.62100000 -0.00722474
1.62200000 -0.00719366
1.62300000 -0.00716273
1.62400000 -0.00713196
1.62500000 -0.00710134
1.62600000 -0.00707086
1.62700000 -0.00704054
1.62800000 -0.00701036
1.62900000 -0.00698034
1.63000000 -0.00695045
1.63100000 -0.00692072
1.63200000 -0.00689113
1.63300000 -0.00686168
1.63400000 -0.00683238
1.63500000 -0.00680322
1.63600000 -0.00677421
1.63700000 -0.00674533
1.63800000 -0.00671659
1.63900000 -0.00668800
1.64000000 -0.00665954
1.64100000 -0.00663122
1.64200000 -0.00660304
1.64300000 -0.00657500
1.64400000 -0.00654709
1.64500000 -0.00651932
1.64600000 -0.00649168
1.64700000 -0.00646417
1.64800000 -0.00643680
1.64900000 -0.00640956
1.65000000 -0.00638245
1.65100000 -0.00635547
1.65200000 -0.00632863
1.65300000 -0.00630191
1.65400000 -0.00627532
1.65500000 -0.00624886
1.65600000 -0.00622252
1.65700000 -0.00619632
1.65800000 -0.00617024
1.65900000 -0.00614428
1.66000000 -0.00611845
1.66100000 -0.00609274
1.66200000 -0.00606716
1.66300000 -0.00604170
1.66400000 -0.00601636
1.66500000 -0.00599114
1.66600000 -0.00596604
1.66700000 -0.00594106
1.66800000 -0.00591620
1.66900000 -0.00589147
1.67000000 -0.00586684
1.67100000 -0.00584234
1.67200000 -0.00581795
1.67300000 -0.00579368
1.67400000 -0.00576953
1.67500000 -0.00574549
1.67600000 -0.00572156
1.67700000 -0.00569775
1.67800000 -0.00567405
1.67900000 -0.00565046
1.68000000 -0.00562699
1.68100000 -0.00560362
1.68200000 -0.00558037
1.68300000 -0.00555723
1.68400000 -0.00553419
1.68500000 -0.00551127
1.68600000 -0.00548845
1.68700000 -0.00546575
1.68800000 -0.00544314
1.68900000 -0.00542065
1.69000000 -0.00539826
1.69100000 -0.00537598
1.69200000 -0.00535380
1.69300000 -0.00533173
1.69400000 -0.00530976
1.69500000 -0.00528789
1.69600000 -0.00526613
1.69700000 -0.00524447
1.69800000 -0.00522291
1.69900000 -0.00520145
1.70000000 -0.00518010
1.70100000 -0.00515884
1.70200000 -0.00513768
1.70300000 -0.00511662
1.70400000 -0.00509566
1.70500000 -0.00507480
1.70600000 -0.00505404
1.70700000 -0.00503337
1.70800000 -0.00501280
1.70900000 -0.00499232
1.71000000 -0.00497194
1.71100000 -0.00495166
1.71200000 -0.00493147
1.71300000 -0.00491137
1.71400000 -0.00489137
1.71500000 -0.00487146
1.71600000 -0.00485164
1.71700000 -0.00483191
1.71800000 -0.00481228
1.71900000 -0.00479274
1.72000000 -0.00477329
1.72100000 -0.00475392
1.72200000 -0.00473465
1.72300000 -0.00471547
1.72400000 -0.00469637
1.72500000 -0.00467737
1.72600000 -0.00465845
1.72700000 -0.00463962
1.72800000 -0.00462087
1.72900000 -0.00460222
1.73000000 -0.00458364
1.73100000 -0.00456516
1.73200000 -0.00454676
1.73300000 -0.00452844
1.73400000 -0.00451021
1.73500000 -0.00449206
1.73600000 -0.00447400
1.73700000 -0.00445601
1.73800000 -0.00443811
1.73900000 -0.00442030
1.74000000 -0.00440256
1.74100000 -0.00438491
1.74200000 -0.00436733
1.74300000 -0.00434984
1.74400000 -0.00433243
1.74500000 -0.00431509
1.74600000 -0.00429784
1.74700000 -0.00428066
1.74800000 -0.00426356
1.74900000 -0.00424654
1.75000000 -0.00422960
1.75100000 -0.00421274
1.75200000 -0.00419595
1.75300000 -0.00417924
1.75400000 -0.00416260
1.75500000 -0.00414604
1.75600000 -0.00412956
1.75700000 -0.00411315
1.75800000 -0.00409681
1.75900000 -0.00408055
1.76000000 -0.00406436
1.76100000 -0.00404825
1.76200000 -0.00403220
1.76300000 -0.00401624
1.76400000 -0.00400034
1.76500000 -0.00398451
1.76600000 -0.00396876
1.76700000 -0.00395308
1.76800000 -0.00393747
1.76900000 -0.00392192
1.77000000 -0.00390645
1.77100000 -0.00389105
1.77200000 -0.00387572
1.77300000 -0.00386046
1.77400000 -0.00384526
1.77500000 -0.00383013
1.77600000 -0.00381508
1.77700000 -0.00380009
1.77800000 -0.00378516
1.77900000 -0.00377030
1.78000000 -0.00375551
1.78100000 -0.00374079
1.78200000 -0.00372613
1.78300000 -0.00371154
1.78400000 -0.00369701
1.78500000 -0.00368255
1.78600000 -0.00366815
1.78700000 -0.00365382
1.78800000 -0.00363955
1.78900000 -0.00362534
1.79000000 -0.00361120
1.79100000 -0.00359712
1.79200000 -0.00358310
1.79300000 -0.00356915
1.79400000 -0.00355526
1.79500000 -0.00354143
1.79600000 -0.00352766
1.79700000 -0.00351395
1.79800000 -0.00350030
1.79900000 -0.00348671
1.80000000 -0.00347319
1.80100000 -0.00345972
1.80200000 -0.00344631
1.80300000 -0.00343297
1.80400000 -0.00341968
1.80500000 -0.00340645
1.80600000 -0.00339328
1.80700000 -0.00338016
1.80800000 -0.00336711
1.80900000 -0.00335411
1.81000000 -0.00334117
1.81100000 -0.00332828
1.81200000 -0.00331546
1.81300000 -0.00330269
1.81400000 -0.00328997
1.81500000 -0.00327731
1.81600000 -0.00326471
1.81700000 -0.00325216
1.81800000 -0.00323967
1.81900000 -0.00322723
1.82000000 -0.00321485
1.82100000 -0.00320252
1.82200000 -0.00319024
1.82300000 -0.00317802
1.82400000 -0.00316586
1.82500000 -0.00315374
1.82600000 -0.00314168
1.82700000 -0.00312967
1.82800000 -0.00311771
1.82900000 -0.00310581
1.83000000 -0.00309396
1.83100000 -0.00308215
1.83200000 -0.00307041
1.83300000 -0.00305871
1.83400000 -0.00304706
1.83500000 -0.00303546
1.83600000 -0.00302392
1.83700000 -0.00301242
1.83800000 -0.00300097
1.83900000 -0.00298958
1.84000000 -0.00297823
1.84100000 -0.00296693
1.84200000 -0.00295568
1.84300000 -0.00294448
1.84400000 -0.00293333
1.84500000 -0.00292222
1.84600000 -0.00291117
1.84700000 -0.00290016
1.84800000 -0.00288920
1.84900000 -0.00287829
1.85000000 -0.00286742
1.85100000 -0.00285660
1.85200000 -0.00284583
1.85300000 -0.00283510
1.85400000 -0.00282442
1.85500000 -0.00281379
1.85600000 -0.00280320
1.85700000 -0.00279266
1.85800000 -0.00278216
1.85900000 -0.00277170
1.86000000 -0.00276130
1.86100000 -0.00275093
1.86200000 -0.00274061
1.86300000 -0.00273034
1.86400000 -0.00272011
1.86500000 -0.00270992
1.86600000 -0.00269978
1.86700000 -0.00268968
1.86800000 -0.00267962
1.86900000 -0.00266961
1.87000000 -0.00265964
1.87100000 -0.00264971
1.87200000 -0.00263982
1.87300000 -0.00262998
1.87400000 -0.00262018
1.87500000 -0.00261041
1.87600000 -0.00260070
1.87700000 -0.00259102
1.87800000 -0.00258138
1.87900000 -0.00257179
1.88000000 -0.00256223
1.88100000 -0.00255272
1.88200000 -0.00254324
1.88300000 -0.00253381
1.88400000 -0.00252441
1.88500000 -0.00251506
1.88600000 -0.00250574
1.88700000 -0.00249647
1.88800000 -0.00248723
1.88900000 -0.00247804
1.89000000 -0.00246888
1.89100000 -0.00245976
1.89200000 -0.00245068
1.89300000 -0.00244163
1.89400000 -0.00243263
1.89500000 -0.00242366
1.89600000 -0.00241473
1.89700000 -0.00240584
1.89800000 -0.00239699
1.89900000 -0.00238817
1.90000000 -0.00237939
1.90100000 -0.00237065
1.90200000 -0.00236194
1.90300000 -0.00235327
1.90400000 -0.00234464
1.90500000 -0.00233604
1.90600000 -0.00232748
1.90700000 -0.00231895
1.90800000 -0.00231046
1.90900000 -0.00230201
1.91000000 -0.00229359
1.91100000 -0.00228521
1.91200000 -0.00227686
1.91300000 -0.00226854
1.91400000 -0.00226027
1.91500000 -0.00225202
1.91600000 -0.00224381
1.91700000 -0.00223563
1.91800000 -0.00222749
1.91900000 -0.00221938
1.92000000 -0.00221131
1.92100000 -0.00220327
1.92200000 -0.00219526
1.92300000 -0.00218728
1.92400000 -0.00217934
1.92500000 -0.00217143
1.92600000 -0.00216356
1.92700000 -0.00215572
1.92800000 -0.00214790
1.92900000 -0.00214013
1.93000000 -0.00213238
1.93100000 -0.00212467
1.93200000 -0.00211698
1.93300000 -0.00210933
1.93400000 -0.00210171
1.93500000 -0.00209413
1.93600000 -0.00208657
1.93700000 -0.00207904
1.93800000 -0.00207155
1.93900000 -0.00206409
1.94000000 -0.00205665
1.94100000 -0.00204925
1.94200000 -0.00204188
1.94300000 -0.00203454
1.94400000 -0.00202723
1.94500000 -0.00201995
1.94600000 -0.00201270
1.94700000 -0.00200547
1.94800000 -0.00199828
1.94900000 -0.00199112
1.95000000 -0.00198399
1.95100000 -0.00197688
1.95200000 -0.00196981
1.95300000 -0.00196276
1.95400000 -0.00195574
1.95500000 -0.00194875
1.95600000 -0.00194179
1.95700000 -0.00193486
1.95800000 -0.00192796
1.95900000 -0.00192108
1.96000000 -0.00191424
1.96100000 -0.00190742
1.96200000 -0.00190062
1.96300000 -0.00189386
1.96400000 -0.00188712
1.96500000 -0.00188041
1.96600000 -0.00187373
1.96700000 -0.00186708
1.96800000 -0.00186045
1.96900000 -0.00185385
1.97000000 -0.00184727
1.97100000 -0.00184073
1.97200000 -0.00183420
1.97300000 -0.00182771
1.97400000 -0.00182124
1.97500000 -0.00181480
1.97600000 -0.00180838
1.97700000 -0.00180199
1.97800000 -0.00179563
1.97900000 -0.00178929
1.98000000 -0.00178297
1.98100000 -0.00177669
1.98200000 -0.00177042
1.98300000 -0.00176419
1.98400000 -0.00175797
1.98500000 -0.00175179
1.98600000 -0.00174562
1.98700000 -0.00173949
1.98800000 -0.00173337
1.98900000 -0.00172728
1.99000000 -0.00172122
1.99100000 -0.00171518
1.99200000 -0.00170916
1.99300000 -0.00170317
1.99400000 -0.00169720
1.99500000 -0.00169126
1.99600000 -0.00168534
1.99700000 -0.00167944
1.99800000 -0.00167357
1.99900000 -0.00166772
2.00000000 -0.00166190
