0.10000000 4779297166.69484901
0.10100000 4241366025.68164921
0.10200000 3768411236.72833538
0.10300000 3352059142.56145191
0.10400000 2985081662.79377222
0.10500000 2661230646.07263565
0.10600000 2375097441.74821520
0.10700000 2121993661.96408105
0.10800000 1897849778.50078177
0.10900000 1699128754.69114208
0.11000000 1522752372.59092593
0.11100000 1366038296.62900114
0.11200000 1226646231.24247098
0.11300000 1102531792.98247838
0.11400000 991906936.60798764
0.11500000 893205957.41507161
0.11600000 805056244.74312580
0.11700000 726253089.39848709
0.11800000 655737954.86717272
0.11900000 592579712.13306522
0.12000000 535958413.54769135
0.12100000 485151244.88587612
0.12200000 439520348.43221122
0.12300000 398502255.30485368
0.12400000 361598703.58780807
0.12500000 328368651.33500707
0.12600000 298421321.06587672
0.12700000 271410135.77388281
0.12800000 247027426.36958021
0.12900000 224999807.42399448
0.13000000 205084132.52429038
0.13100000 187063952.88551795
0.13200000 170746413.40230507
0.13300000 155959529.34405550
0.13400000 142549794.62512931
0.13500000 130380079.21049513
0.13600000 119327778.91036005
0.13700000 109283185.71209194
0.13800000 100148051.01103869
0.13900000 91834317.73256128
0.14000000 84263000.46972744
0.14100000 77363195.46606030
0.14200000 71071204.61125705
0.14300000 65329759.64165620
0.14400000 60087334.49059297
0.14500000 55297535.25435030
0.14600000 50918558.55942523
0.14700000 46912710.26387968
0.14800000 43245977.42327055
0.14900000 39887647.32033651
0.15000000 36809968.11466715
0.15100000 33987846.32896284
0.15200000 31398576.96508718
0.15300000 29021602.54701013
0.15400000 26838297.82850240
0.15500000 24831777.28932514
0.15600000 22986722.88178994
0.15700000 21289229.78611422
0.15800000 19726668.19329716
0.15900000 18287559.36291888
0.16000000 16961464.40432899
0.16100000 15738884.40661928
0.16200000 14611170.69859430
0.16300000 13570444.15729051
0.16400000 12609522.60473793
0.16500000 11721855.43960172
0.16600000 10901464.74482084
0.16700000 10142892.19589450
0.16800000 9441151.16837788
0.16900000 8791683.50859337
0.17000000 8190320.48955593
0.17100000 7633247.52553563
0.17200000 7116972.26431474
0.17300000 6638295.71672124
0.17400000 6194286.11903221
0.17500000 5782255.25586519
0.17600000 5399736.99967248
0.17700000 5044467.84833022
0.17800000 4714369.26492591
0.17900000 4407531.64401066
0.18000000 4122199.74657222
0.18100000 3856759.46204663
0.18200000 3609725.77003573
0.18300000 3379731.78722566
0.18400000 3165518.79647639
0.18500000 2965927.16532248
0.18600000 2779888.07032457
0.18700000 2606415.95195400
0.18800000 2444601.63208507
0.18900000 2293606.03280144
0.19000000 2152654.44117747
0.19100000 2021031.27004319
0.19200000 1898075.26954911
0.19300000 1783175.14866946
0.19400000 1675765.56967271
0.19500000 1575323.48208968
0.19600000 1481364.76586448
0.19700000 1393441.15621622
0.19800000 1311137.42530372
0.19900000 1234068.79809811
0.20000000 1161878.58195686
0.20100000 1094235.99127850
0.20200000 1030834.15032170
0.20300000 971388.25881324
0.20400000 915633.90636345
0.20500000 863325.52296884
0.20600000 814234.95402425
0.20700000 768150.14930139
0.20800000 724873.95628872
0.20900000 684223.00913789
0.21000000 646026.70523380
0.21100000 610126.26210540
0.21200000 576373.84803064
0.21300000 544631.78026627
0.21400000 514771.78535901
0.21500000 486674.31647140
0.21600000 460227.92309075
0.21700000 435328.66888444
0.21800000 411879.59382529
0.21900000 389790.21703847
0.22000000 368976.07712022
0.22100000 349358.30695151
0.22200000 330863.24027781
0.22300000 313422.04755353
0.22400000 296970.39875621
0.22500000 281448.15106506
0.22600000 266799.05947088
0.22700000 252970.50854253
0.22800000 239913.26371939
0.22900000 227581.24063131
0.23000000 215931.29106852
0.23100000 204923.00433452
0.23200000 194518.52281626
0.23300000 184682.37069893
0.23400000 175381.29483754
0.23500000 166584.11687569
0.23600000 158261.59577336
0.23700000 150386.29997112
0.23800000 142932.48847876
0.23900000 135876.00023120
0.24000000 129194.15110581
0.24100000 122865.63804160
0.24200000 116870.44974406
0.24300000 111189.78349849
0.24400000 105805.96765128
0.24500000 100702.38935195
0.24600000 95863.42717941
0.24700000 91274.38830431
0.24800000 86921.44986545
0.24900000 82791.60426225
0.25000000 78872.60808736
0.25100000 75152.93444404
0.25200000 71621.72841164
0.25300000 68268.76544017
0.25400000 65084.41247056
0.25500000 62059.59159244
0.25600000 59185.74606479
0.25700000 56454.80853731
0.25800000 53859.17132232
0.25900000 51391.65857760
0.26000000 49045.50027061
0.26100000 46814.30780375
0.26200000 44692.05118894
0.26300000 42673.03766768
0.26400000 40751.89167990
0.26500000 38923.53609206
0.26600000 37183.17460080
0.26700000 35526.27523465
0.26800000 33948.55488142
0.26900000 32445.96477413
0.27000000 31014.67687265
0.27100000 29651.07108300
0.27200000 28351.72325973
0.27300000 27113.39394088
0.27400000 25933.01776842
0.27500000 24807.69354991
0.27600000 23734.67492074
0.27700000 22711.36156830
0.27800000 21735.29098272
0.27900000 20804.13070065
0.28000000 19915.67101108
0.28100000 19067.81809418
0.28200000 18258.58756592
0.28300000 17486.09840338
0.28400000 16748.56722683
0.28500000 16044.30291660
0.28600000 15371.70154409
0.28700000 14729.24159747
0.28800000 14115.47948412
0.28900000 13529.04529275
0.29000000 12968.63879954
0.29100000 12433.02570338
0.29200000 11921.03407629
0.29300000 11431.55101622
0.29400000 10963.51948993
0.29500000 10515.93535452
0.29600000 10087.84454709
0.29700000 9678.34043242
0.29800000 9286.56129933
0.29900000 8911.68799687
0.30000000 8552.94170217
0.30100000 8209.58181224
0.30200000 7880.90395232
0.30300000 7566.23809414
0.30400000 7264.94677756
0.30500000 6976.42342975
0.30600000 6700.09077607
0.30700000 6435.39933755
0.30800000 6181.82600990
0.30900000 5938.87271938
0.31000000 5706.06515118
0.31100000 5482.95154622
0.31200000 5269.10156229
0.31300000 5064.10519624
0.31400000 4867.57176340
0.31500000 4679.12893130
0.31600000 4498.42180449
0.31700000 4325.11205769
0.31800000 4158.87711449
0.31900000 3999.40936920
0.32000000 3846.41544934
0.32100000 3699.61551659
0.32200000 3558.74260406
0.32300000 3423.54198793
0.32400000 3293.77059151
0.32500000 3169.19642006
0.32600000 3049.59802454
0.32700000 2934.76399291
0.32800000 2824.49246732
0.32900000 2718.59068594
0.33000000 2616.87454797
0.33100000 2519.16820075
0.33200000 2425.30364758
0.33300000 2335.12037539
0.33400000 2248.46500101
0.33500000 2165.19093513
0.33600000 2085.15806306
0.33700000 2008.23244133
0.33800000 1934.28600931
0.33900000 1863.19631516
0.34000000 1794.84625520
0.34100000 1729.12382619
0.34200000 1665.92188962
0.34300000 1605.13794766
0.34400000 1546.67392994
0.34500000 1490.43599072
0.34600000 1436.33431588
0.34700000 1384.28293926
0.34800000 1334.19956783
0.34900000 1286.00541528
0.35000000 1239.62504354
0.35100000 1194.98621196
0.35200000 1152.01973357
0.35300000 1110.65933827
0.35400000 1070.84154247
0.35500000 1032.50552483
0.35600000 995.59300799
0.35700000 960.04814572
0.35800000 925.81741546
0.35900000 892.84951584
0.36000000 861.09526899
0.36100000 830.50752740
0.36200000 801.04108510
0.36300000 772.65259290
0.36400000 745.30047765
0.36500000 718.94486509
0.36600000 693.54750635
0.36700000 669.07170771
0.36800000 645.48226368
0.36900000 622.74539300
0.37000000 600.82867771
0.37100000 579.70100478
0.37200000 559.33251055
0.37300000 539.69452759
0.37400000 520.75953397
0.37500000 502.50110479
0.37600000 484.89386587
0.37700000 467.91344956
0.37800000 451.53645245
0.37900000 435.74039501
0.38000000 420.50368297
0.38100000 405.80557042
0.38200000 391.62612456
0.38300000 377.94619200
0.38400000 364.74736645
0.38500000 352.01195796
0.38600000 339.72296341
0.38700000 327.86403828
0.38800000 316.41946968
0.38900000 305.37415057
0.39000000 294.71355501
0.39100000 284.42371455
0.39200000 274.49119563
0.39300000 264.90307789
0.39400000 255.64693345
0.39500000 246.71080711
0.39600000 238.08319731
0.39700000 229.75303795
0.39800000 221.70968098
0.39900000 213.94287972
0.40000000 206.44277285
0.40100000 199.19986913
0.40200000 192.20503274
0.40300000 185.44946917
0.40400000 178.92471182
0.40500000 172.62260908
0.40600000 166.53531191
0.40700000 160.65526205
0.40800000 154.97518060
0.40900000 149.48805718
0.41000000 144.18713941
0.41100000 139.06592295
0.41200000 134.11814186
0.41300000 129.33775940
0.41400000 124.71895916
0.41500000 120.25613663
0.41600000 115.94389102
0.41700000 111.77701745
0.41800000 107.75049951
0.41900000 103.85950200
0.42000000 100.09936409
0.42100000 96.46559267
0.42200000 92.95385600
0.42300000 89.55997758
0.42400000 86.27993034
0.42500000 83.10983097
0.42600000 80.04593454
0.42700000 77.08462929
0.42800000 74.22243168
0.42900000 71.45598155
0.43000000 68.78203757
0.43100000 66.19747281
0.43200000 63.69927046
0.43300000 61.28451982
0.43400000 58.95041228
0.43500000 56.69423766
0.43600000 54.51338052
0.43700000 52.40531668
0.43800000 50.36760991
0.43900000 48.39790870
0.44000000 46.49394314
0.44100000 44.65352197
0.44200000 42.87452974
0.44300000 41.15492400
0.44400000 39.49273272
0.44500000 37.88605170
0.44600000 36.33304213
0.44700000 34.83192827
0.44800000 33.38099511
0.44900000 31.97858630
0.45000000 30.62310192
0.45100000 29.31299658
0.45200000 28.04677741
0.45300000 26.82300219
0.45400000 25.64027760
0.45500000 24.49725743
0.45600000 23.39264093
0.45700000 22.32517123
0.45800000 21.29363376
0.45900000 20.29685478
0.46000000 19.33369991
0.46100000 18.40307283
0.46200000 17.50391384
0.46300000 16.63519869
0.46400000 15.79593724
0.46500000 14.98517236
0.46600000 14.20197873
0.46700000 13.44546176
0.46800000 12.71475649
0.46900000 12.00902664
0.47000000 11.32746353
0.47100000 10.66928520
0.47200000 10.03373547
0.47300000 9.42008301
0.47400000 8.82762059
0.47500000 8.25566413
0.47600000 7.70355201
0.47700000 7.17064427
0.47800000 6.65632186
0.47900000 6.15998593
0.48000000 5.68105718
0.48100000 5.21897515
0.48200000 4.77319762
0.48300000 4.34319997
0.48400000 3.92847461
0.48500000 3.52853040
0.48600000 3.14289206
0.48700000 2.77109970
0.48800000 2.41270827
0.48900000 2.06728706
0.49000000 1.73441925
0.49100000 1.41370140
0.49200000 1.10474305
0.49300000 0.80716627
0.49400000 0.52060525
0.49500000 0.24470589
0.49600000 -0.02087459
0.49700000 -0.27646799
0.49800000 -0.52239556
0.49900000 -0.75896826
0.50000000 -0.98648717
0.50100000 -1.20524378
0.50200000 -1.41552031
0.50300000 -1.61759003
0.50400000 -1.81171750
0.50500000 -1.99815894
0.50600000 -2.17716242
0.50700000 -2.34896817
0.50800000 -2.51380881
0.50900000 -2.67190963
0.51000000 -2.82348879
0.51100000 -2.96875757
0.51200000 -3.10792061
0.51300000 -3.24117608
0.51400000 -3.36871592
0.51500000 -3.49072603
0.51600000 -3.60738649
0.51700000 -3.71887169
0.51800000 -3.82535056
0.51900000 -3.92698675
0.52000000 -4.02393875
0.52100000 -4.11636010
0.52200000 -4.20439953
0.52300000 -4.28820112
0.52400000 -4.36790443
0.52500000 -4.44364468
0.52600000 -4.51555285
0.52700000 -4.58375581
0.52800000 -4.64837652
0.52900000 -4.70953405
0.53000000 -4.76734379
0.53100000 -4.82191751
0.53200000 -4.87336351
0.53300000 -4.92178672
0.53400000 -4.96728878
0.53500000 -5.00996818
0.53600000 -5.04992034
0.53700000 -5.08723771
0.53800000 -5.12200986
0.53900000 -5.15432357
0.54000000 -5.18426293
0.54100000 -5.21190939
0.54200000 -5.23734190
0.54300000 -5.26063692
0.54400000 -5.28186855
0.54500000 -5.30110859
0.54600000 -5.31842658
0.54700000 -5.33388993
0.54800000 -5.34756392
0.54900000 -5.35951181
0.55000000 -5.36979490
0.55100000 -5.37847257
0.55200000 -5.38560234
0.55300000 -5.39123997
0.55400000 -5.39543945
0.55500000 -5.39825311
0.55600000 -5.39973161
0.55700000 -5.39992408
0.55800000 -5.39887808
0.55900000 -5.39663970
0.56000000 -5.39325357
0.56100000 -5.38876295
0.56200000 -5.38320972
0.56300000 -5.37663447
0.56400000 -5.36907651
0.56500000 -5.36057391
0.56600000 -5.35116355
0.56700000 -5.34088115
0.56800000 -5.32976131
0.56900000 -5.31783753
0.57000000 -5.30514227
0.57100000 -5.29170696
0.57200000 -5.27756202
0.57300000 -5.26273693
0.57400000 -5.24726023
0.57500000 -5.23115956
0.57600000 -5.21446166
0.57700000 -5.19719244
0.57800000 -5.17937698
0.57900000 -5.16103957
0.58000000 -5.14220371
0.58100000 -5.12289214
0.58200000 -5.10312690
0.58300000 -5.08292929
0.58400000 -5.06231995
0.58500000 -5.04131885
0.58600000 -5.01994530
0.58700000 -4.99821800
0.58800000 -4.97615504
0.58900000 -4.95377391
0.59000000 -4.93109155
0.59100000 -4.90812433
0.59200000 -4.88488810
0.59300000 -4.86139818
0.59400000 -4.83766938
0.59500000 -4.81371603
0.59600000 -4.78955198
0.59700000 -4.76519063
0.59800000 -4.74064493
0.59900000 -4.71592738
0.60000000 -4.69105009
0.60100000 -4.66602474
0.60200000 -4.64086262
0.60300000 -4.61557466
0.60400000 -4.59017138
0.60500000 -4.56466298
0.60600000 -4.53905928
0.60700000 -4.51336978
0.60800000 -4.48760365
0.60900000 -4.46176972
0.61000000 -4.43587656
0.61100000 -4.40993238
0.61200000 -4.38394515
0.61300000 -4.35792254
0.61400000 -4.33187195
0.61500000 -4.30580050
0.61600000 -4.27971507
0.61700000 -4.25362230
0.61800000 -4.22752857
0.61900000 -4.20144004
0.62000000 -4.17536263
0.62100000 -4.14930205
0.62200000 -4.12326381
0.62300000 -4.09725318
0.62400000 -4.07127526
0.62500000 -4.04533495
0.62600000 -4.01943696
0.62700000 -3.99358580
0.62800000 -3.96778584
0.62900000 -3.94204124
0.63000000 -3.91635603
0.63100000 -3.89073405
0.63200000 -3.86517901
0.63300000 -3.83969445
0.63400000 -3.81428376
0.63500000 -3.78895021
0.63600000 -3.76369692
0.63700000 -3.73852688
0.63800000 -3.71344295
0.63900000 -3.68844785
0.64000000 -3.66354422
0.64100000 -3.63873453
0.64200000 -3.61402118
0.64300000 -3.58940644
0.64400000 -3.56489248
0.64500000 -3.54048136
0.64600000 -3.51617504
0.64700000 -3.49197540
0.64800000 -3.46788421
0.64900000 -3.44390315
0.65000000 -3.42003382
0.65100000 -3.39627773
0.65200000 -3.37263632
0.65300000 -3.34911093
0.65400000 -3.32570283
0.65500000 -3.30241322
0.65600000 -3.27924324
0.65700000 -3.25619394
0.65800000 -3.23326631
0.65900000 -3.21046127
0.66000000 -3.18777969
0.66100000 -3.16522237
0.66200000 -3.14279006
0.66300000 -3.12048342
0.66400000 -3.09830311
0.66500000 -3.07624969
0.66600000 -3.05432370
0.66700000 -3.03252560
0.66800000 -3.01085583
0.66900000 -2.98931477
0.67000000 -2.96790276
0.67100000 -2.94662009
0.67200000 -2.92546702
0.67300000 -2.90444375
0.67400000 -2.88355047
0.67500000 -2.86278730
0.67600000 -2.84215435
0.67700000 -2.82165168
0.67800000 -2.80127934
0.67900000 -2.78103730
0.68000000 -2.76092555
0.68100000 -2.74094402
0.68200000 -2.72109263
0.68300000 -2.70137124
0.68400000 -2.68177973
0.68500000 -2.66231791
0.68600000 -2.64298559
0.68700000 -2.62378254
0.68800000 -2.60470854
0.68900000 -2.58576331
0.69000000 -2.56694656
0.69100000 -2.54825799
0.69200000 -2.52969728
0.69300000 -2.51126407
0.69400000 -2.49295800
0.69500000 -2.47477870
0.69600000 -2.45672576
0.69700000 -2.43879877
0.69800000 -2.42099731
0.69900000 -2.40332093
0.70000000 -2.38576918
0.70100000 -2.36834157
0.70200000 -2.35103765
0.70300000 -2.33385689
0.70400000 -2.31679881
0.70500000 -2.29986288
0.70600000 -2.28304858
0.70700000 -2.26635536
0.70800000 -2.24978268
0.70900000 -2.23332999
0.71000000 -2.21699671
0.71100000 -2.20078227
0.71200000 -2.18468609
0.71300000 -2.16870759
0.71400000 -2.15284617
0.71500000 -2.13710123
0.71600000 -2.12147215
0.71700000 -2.10595833
0.71800000 -2.09055915
0.71900000 -2.07527397
0.72000000 -2.06010219
0.72100000 -2.04504315
0.72200000 -2.03009622
0.72300000 -2.01526077
0.72400000 -2.00053615
0.72500000 -1.98592170
0.72600000 -1.97141679
0.72700000 -1.95702075
0.72800000 -1.94273294
0.72900000 -1.92855268
0.73000000 -1.91447933
0.73100000 -1.90051223
0.73200000 -1.88665070
0.73300000 -1.87289409
0.73400000 -1.85924172
0.73500000 -1.84569294
0.73600000 -1.83224708
0.73700000 -1.81890347
0.73800000 -1.80566145
0.73900000 -1.79252033
0.74000000 -1.77947947
0.74100000 -1.76653819
0.74200000 -1.75369582
0.74300000 -1.74095169
0.74400000 -1.72830515
0.74500000 -1.71575553
0.74600000 -1.70330216
0.74700000 -1.69094438
0.74800000 -1.67868153
0.74900000 -1.66651294
0.75000000 -1.65443797
0.75100000 -1.64245594
0.75200000 -1.63056622
0.75300000 -1.61876813
0.75400000 -1.60706103
0.75500000 -1.59544427
0.75600000 -1.58391720
0.75700000 -1.57247917
0.75800000 -1.56112955
0.75900000 -1.54986768
0.76000000 -1.53869293
0.76100000 -1.52760466
0.76200000 -1.51660224
0.76300000 -1.50568504
0.76400000 -1.49485242
0.76500000 -1.48410375
0.76600000 -1.47343843
0.76700000 -1.46285581
0.76800000 -1.45235529
0.76900000 -1.44193625
0.77000000 -1.43159807
0.77100000 -1.42134015
0.77200000 -1.41116188
0.77300000 -1.40106266
0.77400000 -1.39104188
0.77500000 -1.38109895
0.77600000 -1.37123328
0.77700000 -1.36144426
0.77800000 -1.35173132
0.77900000 -1.34209387
0.78000000 -1.33253133
0.78100000 -1.32304312
0.78200000 -1.31362866
0.78300000 -1.30428739
0.78400000 -1.29501874
0.78500000 -1.28582213
0.78600000 -1.27669702
0.78700000 -1.26764284
0.78800000 -1.25865903
0.78900000 -1.24974505
0.79000000 -1.24090035
0.79100000 -1.23212439
0.79200000 -1.22341661
0.79300000 -1.21477650
0.79400000 -1.20620350
0.79500000 -1.19769710
0.79600000 -1.18925676
0.79700000 -1.18088197
0.79800000 -1.17257220
0.79900000 -1.16432693
0.80000000 -1.15614566
0.80100000 -1.14802787
0.80200000 -1.13997305
0.80300000 -1.13198071
0.80400000 -1.12405035
0.80500000 -1.11618147
0.80600000 -1.10837357
0.80700000 -1.10062618
0.80800000 -1.09293880
0.80900000 -1.08531096
0.81000000 -1.07774216
0.81100000 -1.07023195
0.81200000 -1.06277985
0.81300000 -1.05538539
0.81400000 -1.04804811
0.81500000 -1.04076754
0.81600000 -1.03354322
0.81700000 -1.02637472
0.81800000 -1.01926156
0.81900000 -1.01220331
0.82000000 -1.00519952
0.82100000 -0.99824975
0.82200000 -0.99135356
0.82300000 -0.98451052
0.82400000 -0.97772020
0.82500000 -0.97098217
0.82600000 -0.96429600
0.82700000 -0.95766127
0.82800000 -0.95107757
0.82900000 -0.94454448
0.83000000 -0.93806160
0.83100000 -0.93162850
0.83200000 -0.92524479
0.83300000 -0.91891006
0.83400000 -0.91262392
0.83500000 -0.90638597
0.83600000 -0.90019581
0.83700000 -0.89405307
0.83800000 -0.88795734
0.83900000 -0.88190825
0.84000000 -0.87590542
0.84100000 -0.86994847
0.84200000 -0.86403703
0.84300000 -0.85817072
0.84400000 -0.85234917
0.84500000 -0.84657203
0.84600000 -0.84083892
0.84700000 -0.83514950
0.84800000 -0.82950339
0.84900000 -0.82390026
0.85000000 -0.81833974
0.85100000 -0.81282149
0.85200000 -0.80734517
0.85300000 -0.80191043
0.85400000 -0.79651693
0.85500000 -0.79116434
0.85600000 -0.78585232
0.85700000 -0.78058053
0.85800000 -0.77534866
0.85900000 -0.77015638
0.86000000 -0.76500336
0.86100000 -0.75988928
0.86200000 -0.75481382
0.86300000 -0.74977667
0.86400000 -0.74477752
0.86500000 -0.73981605
0.86600000 -0.73489196
0.86700000 -0.73000495
0.86800000 -0.72515470
0.86900000 -0.72034093
0.87000000 -0.71556332
0.87100000 -0.71082160
0.87200000 -0.70611546
0.87300000 -0.70144462
0.87400000 -0.69680878
0.87500000 -0.69220767
0.87600000 -0.68764099
0.87700000 -0.68310847
0.87800000 -0.67860984
0.87900000 -0.67414481
0.88000000 -0.66971311
0.88100000 -0.66531447
0.88200000 -0.66094862
0.88300000 -0.65661530
0.88400000 -0.65231424
0.88500000 -0.64804517
0.88600000 -0.64380784
0.88700000 -0.63960199
0.88800000 -0.63542737
0.88900000 -0.63128371
0.89000000 -0.62717078
0.89100000 -0.62308831
0.89200000 -0.61903607
0.89300000 -0.61501381
0.89400000 -0.61102128
0.89500000 -0.60705824
0.89600000 -0.60312446
0.89700000 -0.59921970
0.89800000 -0.59534372
0.89900000 -0.59149629
0.90000000 -0.58767718
0.90100000 -0.58388616
0.90200000 -0.58012301
0.90300000 -0.57638749
0.90400000 -0.57267939
0.90500000 -0.56899848
0.90600000 -0.56534455
0.90700000 -0.56171737
0.90800000 -0.55811674
0.90900000 -0.55454243
0.91000000 -0.55099424
0.91100000 -0.54747195
0.91200000 -0.54397536
0.91300000 -0.54050426
0.91400000 -0.53705845
0.91500000 -0.53363772
0.91600000 -0.53024187
0.91700000 -0.52687070
0.91800000 -0.52352401
0.91900000 -0.52020161
0.92000000 -0.51690330
0.92100000 -0.51362889
0.92200000 -0.51037819
0.92300000 -0.50715101
0.92400000 -0.50394715
0.92500000 -0.50076644
0.92600000 -0.49760869
0.92700000 -0.49447371
0.92800000 -0.49136133
0.92900000 -0.48827136
0.93000000 -0.48520362
0.93100000 -0.48215794
0.93200000 -0.47913414
0.93300000 -0.47613204
0.93400000 -0.47315149
0.93500000 -0.47019229
0.93600000 -0.46725429
0.93700000 -0.46433731
0.93800000 -0.46144119
0.93900000 -0.45856576
0.94000000 -0.45571086
0.94100000 -0.45287633
0.94200000 -0.45006200
0.94300000 -0.44726772
0.94400000 -0.44449332
0.94500000 -0.44173865
0.94600000 -0.43900355
0.94700000 -0.43628787
0.94800000 -0.43359145
0.94900000 -0.43091415
0.95000000 -0.42825581
0.95100000 -0.42561629
0.95200000 -0.42299542
0.95300000 -0.42039308
0.95400000 -0.41780910
0.95500000 -0.41524336
0.95600000 -0.41269570
0.95700000 -0.41016598
0.95800000 -0.40765406
0.95900000 -0.40515981
0.96000000 -0.40268308
0.96100000 -0.40022374
0.96200000 -0.39778164
0.96300000 -0.39535667
0.96400000 -0.39294867
0.96500000 -0.39055752
0.96600000 -0.38818309
0.96700000 -0.38582525
0.96800000 -0.38348387
0.96900000 -0.38115882
0.97000000 -0.37884996
0.97100000 -0.37655719
0.97200000 -0.37428037
0.97300000 -0.37201937
0.97400000 -0.36977408
0.97500000 -0.36754437
0.97600000 -0.36533013
0.97700000 -0.36313123
0.97800000 -0.36094755
0.97900000 -0.35877897
0.98000000 -0.35662539
0.98100000 -0.35448667
0.98200000 -0.35236272
0.98300000 -0.35025341
0.98400000 -0.34815863
0.98500000 -0.34607827
0.98600000 -0.34401222
0.98700000 -0.34196037
0.98800000 -0.33992260
0.98900000 -0.33789882
0.99000000 -0.33588891
0.99100000 -0.33389276
0.99200000 -0.33191028
0.99300000 -0.32994135
0.99400000 -0.32798588
0.99500000 -0.32604375
0.99600000 -0.32411487
0.99700000 -0.32219914
0.99800000 -0.32029646
0.99900000 -0.31840672
1.00000000 -0.31652983
1.00100000 -0.31466568
1.00200000 -0.31281419
1.00300000 -0.31097526
1.00400000 -0.30914878
1.00500000 -0.30733468
1.00600000 -0.30553284
1.00700000 -0.30374318
1.00800000 -0.30196561
1.00900000 -0.30020003
1.01000000 -0.29844636
1.01100000 -0.29670450
1.01200000 -0.29497437
1.01300000 -0.29325587
1.01400000 -0.29154892
1.01500000 -0.28985343
1.01600000 -0.28816932
1.01700000 -0.28649649
1.01800000 -0.28483487
1.01900000 -0.28318436
1.02000000 -0.28154489
1.02100000 -0.27991638
1.02200000 -0.27829874
1.02300000 -0.27669188
1.02400000 -0.27509573
1.02500000 -0.27351021
1.02600000 -0.27193524
1.02700000 -0.27037074
1.02800000 -0.26881663
1.02900000 -0.26727283
1.03000000 -0.26573927
1.03100000 -0.26421587
1.03200000 -0.26270256
1.03300000 -0.26119925
1.03400000 -0.25970588
1.03500000 -0.25822237
1.03600000 -0.25674865
1.03700000 -0.25528464
1.03800000 -0.25383027
1.03900000 -0.25238548
1.04000000 -0.25095019
1.04100000 -0.24952432
1.04200000 -0.24810782
1.04300000 -0.24670061
1.04400000 -0.24530262
1.04500000 -0.24391378
1.04600000 -0.24253404
1.04700000 -0.24116331
1.04800000 -0.23980154
1.04900000 -0.23844865
1.05000000 -0.23710458
1.05100000 -0.23576928
1.05200000 -0.23444266
1.05300000 -0.23312468
1.05400000 -0.23181526
1.05500000 -0.23051434
1.05600000 -0.22922187
1.05700000 -0.22793778
1.05800000 -0.22666200
1.05900000 -0.22539448
1.06000000 -0.22413516
1.06100000 -0.22288397
1.06200000 -0.22164086
1.06300000 -0.22040577
1.06400000 -0.21917865
1.06500000 -0.21795942
1.06600000 -0.21674804
1.06700000 -0.21554445
1.06800000 -0.21434859
1.06900000 -0.21316041
1.07000000 -0.21197984
1.07100000 -0.21080684
1.07200000 -0.20964136
1.07300000 -0.20848332
1.07400000 -0.20733269
1.07500000 -0.20618941
1.07600000 -0.20505343
1.07700000 -0.20392469
1.07800000 -0.20280314
1.07900000 -0.20168872
1.08000000 -0.20058140
1.08100000 -0.19948111
1.08200000 -0.19838781
1.08300000 -0.19730145
1.08400000 -0.19622197
1.08500000 -0.19514934
1.08600000 -0.19408349
1.08700000 -0.19302437
1.08800000 -0.19197196
1.08900000 -0.19092618
1.09000000 -0.18988700
1.09100000 -0.18885437
1.09200000 -0.18782825
1.09300000 -0.18680858
1.09400000 -0.18579532
1.09500000 -0.18478843
1.09600000 -0.18378786
1.09700000 -0.18279356
1.09800000 -0.18180549
1.09900000 -0.18082361
1.10000000 -0.17984787
1.10100000 -0.17887823
1.10200000 -0.17791465
1.10300000 -0.17695708
1.10400000 -0.17600548
1.10500000 -0.17505981
1.10600000 -0.17412003
1.10700000 -0.17318609
1.10800000 -0.17225796
1.10900000 -0.17133559
1.11000000 -0.17041894
1.11100000 -0.16950798
1.11200000 -0.16860266
1.11300000 -0.16770294
1.11400000 -0.16680879
1.11500000 -0.16592016
1.11600000 -0.16503702
1.11700000 -0.16415932
1.11800000 -0.16328704
1.11900000 -0.16242013
1.12000000 -0.16155856
1.12100000 -0.16070228
1.12200000 -0.15985126
1.12300000 -0.15900547
1.12400000 -0.15816487
1.12500000 -0.15732941
1.12600000 -0.15649908
1.12700000 -0.15567382
1.12800000 -0.15485361
1.12900000 -0.15403842
1.13000000 -0.15322819
1.13100000 -0.15242291
1.13200000 -0.15162254
1.13300000 -0.15082704
1.13400000 -0.15003638
1.13500000 -0.14925053
1.13600000 -0.14846945
1.13700000 -0.14769311
1.13800000 -0.14692147
1.13900000 -0.14615452
1.14000000 -0.14539221
1.14100000 -0.14463451
1.14200000 -0.14388139
1.14300000 -0.14313282
1.14400000 -0.14238876
1.14500000 -0.14164919
1.14600000 -0.14091408
1.14700000 -0.14018340
1.14800000 -0.13945711
1.14900000 -0.13873518
1.15000000 -0.13801759
1.15100000 -0.13730431
1.15200000 -0.13659531
1.15300000 -0.13589055
1.15400000 -0.13519001
1.15500000 -0.13449366
1.15600000 -0.13380147
1.15700000 -0.13311342
1.15800000 -0.13242947
1.15900000 -0.13174960
1.16000000 -0.13107378
1.16100000 -0.13040199
1.16200000 -0.12973419
1.16300000 -0.12907036
1.16400000 -0.12841047
1.16500000 -0.12775449
1.16600000 -0.12710241
1.16700000 -0.12645419
1.16800000 -0.12580980
1.16900000 -0.12516923
1.17000000 -0.12453244
1.17100000 -0.12389942
1.17200000 -0.12327012
1.17300000 -0.12264454
1.17400000 -0.12202265
1.17500000 -0.12140441
1.17600000 -0.12078981
1.17700000 -0.12017882
1.17800000 -0.11957143
1.17900000 -0.11896759
1.18000000 -0.11836730
1.18100000 -0.11777052
1.18200000 -0.11717723
1.18300000 -0.11658742
1.18400000 -0.11600105
1.18500000 -0.11541811
1.18600000 -0.11483856
1.18700000 -0.11426240
1.18800000 -0.11368959
1.18900000 -0.11312012
1.19000000 -0.11255396
1.19100000 -0.11199109
1.19200000 -0.11143149
1.19300000 -0.11087514
1.19400000 -0.11032201
1.19500000 -0.10977209
1.19600000 -0.10922535
1.19700000 -0.10868178
1.19800000 -0.10814134
1.19900000 -0.10760403
1.20000000 -0.10706982
1.20100000 -0.10653868
1.20200000 -0.10601061
1.20300000 -0.10548558
1.20400000 -0.10496357
1.20500000 -0.10444456
1.20600000 -0.10392853
1.20700000 -0.10341546
1.20800000 -0.10290534
1.20900000 -0.10239814
1.21000000 -0.10189384
1.21100000 -0.10139242
1.21200000 -0.10089388
1.21300000 -0.10039818
1.21400000 -0.09990531
1.21500000 -0.09941525
1.21600000 -0.09892799
1.21700000 -0.09844350
1.21800000 -0.09796176
1.21900000 -0.09748277
1.22000000 -0.09700649
1.22100000 -0.09653292
1.22200000 -0.09606204
1.22300000 -0.09559382
1.22400000 -0.09512826
1.22500000 -0.09466533
1.22600000 -0.09420502
1.22700000 -0.09374731
1.22800000 -0.09329219
1.22900000 -0.09283963
1.23000000 -0.09238962
1.23100000 -0.09194215
1.23200000 -0.09149720
1.23300000 -0.09105474
1.23400000 -0.09061478
1.23500000 -0.09017729
1.23600000 -0.08974225
1.23700000 -0.08930965
1.23800000 -0.08887947
1.23900000 -0.08845170
1.24000000 -0.08802633
1.24100000 -0.08760333
1.24200000 -0.08718270
1.24300000 -0.08676441
1.24400000 -0.08634845
1.24500000 -0.08593482
1.24600000 -0.08552348
1.24700000 -0.08511444
1.24800000 -0.08470767
1.24900000 -0.08430316
1.25000000 -0.08390089
1.25100000 -0.08350086
1.25200000 -0.08310304
1.25300000 -0.08270742
1.25400000 -0.08231400
1.25500000 -0.08192275
1.25600000 -0.08153366
1.25700000 -0.08114673
1.25800000 -0.08076192
1.25900000 -0.08037924
1.26000000 -0.07999866
1.26100000 -0.07962019
1.26200000 -0.07924379
1.26300000 -0.07886946
1.26400000 -0.07849719
1.26500000 -0.07812696
1.26600000 -0.07775876
1.26700000 -0.07739258
1.26800000 -0.07702840
1.26900000 -0.07666621
1.27000000 -0.07630601
1.27100000 -0.07594777
1.27200000 -0.07559149
1.27300000 -0.07523716
1.27400000 -0.07488475
1.27500000 -0.07453426
1.27600000 -0.07418568
1.27700000 -0.07383900
1.27800000 -0.07349420
1.27900000 -0.07315127
1.28000000 -0.07281021
1.28100000 -0.07247099
1.28200000 -0.07213361
1.28300000 -0.07179806
1.28400000 -0.07146432
1.28500000 -0.07113239
1.28600000 -0.07080225
1.28700000 -0.07047389
1.28800000 -0.07014731
1.28900000 -0.06982248
1.29000000 -0.06949940
1.29100000 -0.06917806
1.29200000 -0.06885845
1.29300000 -0.06854056
1.29400000 -0.06822437
1.29500000 -0.06790988
1.29600000 -0.06759708
1.29700000 -0.06728595
1.29800000 -0.06697649
1.29900000 -0.06666868
1.30000000 -0.06636252
1.30100000 -0.06605800
1.30200000 -0.06575510
1.30300000 -0.06545381
1.30400000 -0.06515413
1.30500000 -0.06485605
1.30600000 -0.06455955
1.30700000 -0.06426463
1.30800000 -0.06397128
1.30900000 -0.06367949
1.31000000 -0.06338924
1.31100000 -0.06310053
1.31200000 -0.06281336
1.31300000 -0.06252770
1.31400000 -0.06224355
1.31500000 -0.06196091
1.31600000 -0.06167976
1.31700000 -0.06140009
1.31800000 -0.06112190
1.31900000 -0.06084518
1.32000000 -0.06056991
1.32100000 -0.06029609
1.32200000 -0.06002371
1.32300000 -0.05975277
1.32400000 -0.05948324
1.32500000 -0.05921513
1.32600000 -0.05894843
1.32700000 -0.05868312
1.32800000 -0.05841921
1.32900000 -0.05815667
1.33000000 -0.05789551
1.33100000 -0.05763571
1.33200000 -0.05737727
1.33300000 -0.05712018
1.33400000 -0.05686442
1.33500000 -0.05661000
1.33600000 -0.05635691
1.33700000 -0.05610513
1.33800000 -0.05585466
1.33900000 -0.05560549
1.34000000 -0.05535761
1.34100000 -0.05511102
1.34200000 -0.05486571
1.34300000 -0.05462167
1.34400000 -0.05437889
1.34500000 -0.05413737
1.34600000 -0.05389710
1.34700000 -0.05365807
1.34800000 -0.05342027
1.34900000 -0.05318369
1.35000000 -0.05294834
1.35100000 -0.05271420
1.35200000 -0.05248126
1.35300000 -0.05224952
1.35400000 -0.05201898
1.35500000 -0.05178961
1.35600000 -0.05156143
1.35700000 -0.05133441
1.35800000 -0.05110856
1.35900000 -0.05088386
1.36000000 -0.05066031
1.36100000 -0.05043791
1.36200000 -0.05021664
1.36300000 -0.04999650
1.36400000 -0.04977749
1.36500000 -0.04955959
1.36600000 -0.04934280
1.36700000 -0.04912711
1.36800000 -0.04891253
1.36900000 -0.04869903
1.37000000 -0.04848662
1.37100000 -0.04827529
1.37200000 -0.04806503
1.37300000 -0.04785583
1.37400000 -0.04764769
1.37500000 -0.04744061
1.37600000 -0.04723458
1.37700000 -0.04702959
1.37800000 -0.04682563
1.37900000 -0.04662270
1.38000000 -0.04642080
1.38100000 -0.04621991
1.38200000 -0.04602004
1.38300000 -0.04582117
1.38400000 -0.04562330
1.38500000 -0.04542643
1.38600000 -0.04523055
1.38700000 -0.04503564
1.38800000 -0.04484172
1.38900000 -0.04464877
1.39000000 -0.04445679
1.39100000 -0.04426576
1.39200000 -0.04407569
1.39300000 -0.04388658
1.39400000 -0.04369840
1.39500000 -0.04351117
1.39600000 -0.04332487
1.39700000 -0.04313950
1.39800000 -0.04295505
1.39900000 -0.04277152
1.40000000 -0.04258890
1.40100000 -0.04240719
1.40200000 -0.04222638
1.40300000 -0.04204647
1.40400000 -0.04186746
1.40500000 -0.04168933
1.40600000 -0.04151208
1.40700000 -0.04133571
1.40800000 -0.04116021
1.40900000 -0.04098558
1.41000000 -0.04081181
1.41100000 -0.04063891
1.41200000 -0.04046685
1.41300000 -0.04029564
1.41400000 -0.04012527
1.41500000 -0.03995575
1.41600000 -0.03978705
1.41700000 -0.03961919
1.41800000 -0.03945215
1.41900000 -0.03928593
1.42000000 -0.03912053
1.42100000 -0.03895594
1.42200000 -0.03879215
1.42300000 -0.03862916
1.42400000 -0.03846698
1.42500000 -0.03830558
1.42600000 -0.03814498
1.42700000 -0.03798515
1.42800000 -0.03782611
1.42900000 -0.03766784
1.43000000 -0.03751035
1.43100000 -0.03735362
1.43200000 -0.03719765
1.43300000 -0.03704244
1.43400000 -0.03688799
1.43500000 -0.03673429
1.43600000 -0.03658133
1.43700000 -0.03642911
1.43800000 -0.03627763
1.43900000 -0.03612689
1.44000000 -0.03597687
1.44100000 -0.03582758
1.44200000 -0.03567901
1.44300000 -0.03553116
1.44400000 -0.03538402
1.44500000 -0.03523759
1.44600000 -0.03509186
1.44700000 -0.03494684
1.44800000 -0.03480252
1.44900000 -0.03465889
1.45000000 -0.03451595
1.45100000 -0.03437370
1.45200000 -0.03423213
1.45300000 -0.03409123
1.45400000 -0.03395102
1.45500000 -0.03381147
1.45600000 -0.03367260
1.45700000 -0.03353439
1.45800000 -0.03339683
1.45900000 -0.03325994
1.46000000 -0.03312370
1.46100000 -0.03298811
1.46200000 -0.03285316
1.46300000 -0.03271886
1.46400000 -0.03258520
1.46500000 -0.03245217
1.46600000 -0.03231978
1.46700000 -0.03218801
1.46800000 -0.03205687
1.46900000 -0.03192636
1.47000000 -0.03179646
1.47100000 -0.03166718
1.47200000 -0.03153851
1.47300000 -0.03141044
1.47400000 -0.03128299
1.47500000 -0.03115614
1.47600000 -0.03102988
1.47700000 -0.03090422
1.47800000 -0.03077916
1.47900000 -0.03065468
1.48000000 -0.03053079
1.48100000 -0.03040748
1.48200000 -0.03028476
1.48300000 -0.03016261
1.48400000 -0.03004103
1.48500000 -0.02992002
1.48600000 -0.02979959
1.48700000 -0.02967971
1.48800000 -0.02956040
1.48900000 -0.02944165
1.49000000 -0.02932345
1.49100000 -0.02920581
1.49200000 -0.02908871
1.49300000 -0.02897216
1.49400000 -0.02885616
1.49500000 -0.02874070
1.49600000 -0.02862577
1.49700000 -0.02851138
1.49800000 -0.02839753
1.49900000 -0.02828420
1.50000000 -0.02817140
1.50100000 -0.02805912
1.50200000 -0.02794737
1.50300000 -0.02783613
1.50400000 -0.02772541
1.50500000 -0.02761520
1.50600000 -0.02750550
1.50700000 -0.02739631
1.50800000 -0.02728763
1.50900000 -0.02717944
1.51000000 -0.02707176
1.51100000 -0.02696457
1.51200000 -0.02685788
1.51300000 -0.02675168
1.51400000 -0.02664597
1.51500000 -0.02654074
1.51600000 -0.02643600
1.51700000 -0.02633174
1.51800000 -0.02622796
1.51900000 -0.02612466
1.52000000 -0.02602183
1.52100000 -0.02591947
1.52200000 -0.02581758
1.52300000 -0.02571616
1.52400000 -0.02561520
1.52500000 -0.02551470
1.52600000 -0.02541467
1.52700000 -0.02531508
1.52800000 -0.02521596
1.52900000 -0.02511728
1.53000000 -0.02501906
1.53100000 -0.02492128
1.53200000 -0.02482395
1.53300000 -0.02472706
1.53400000 -0.02463061
1.53500000 -0.02453461
1.53600000 -0.02443903
1.53700000 -0.02434389
1.53800000 -0.02424918
1.53900000 -0.02415490
1.54000000 -0.02406105
1.54100000 -0.02396762
1.54200000 -0.02387462
1.54300000 -0.02378203
1.54400000 -0.02368987
1.54500000 -0.02359812
1.54600000 -0.02350678
1.54700000 -0.02341586
1.54800000 -0.02332534
1.54900000 -0.02323523
1.55000000 -0.02314553
1.55100000 -0.02305623
1.55200000 -0.02296734
1.55300000 -0.02287884
1.55400000 -0.02279074
1.55500000 -0.02270304
1.55600000 -0.02261572
1.55700000 -0.02252880
1.55800000 -0.02244227
1.55900000 -0.02235613
1.56000000 -0.02227037
1.56100000 -0.02218499
1.56200000 -0.02210000
1.56300000 -0.02201539
1.56400000 -0.02193115
1.56500000 -0.02184729
1.56600000 -0.02176380
1.56700000 -0.02168068
1.56800000 -0.02159794
1.56900000 -0.02151556
1.57000000 -0.02143354
1.57100000 -0.02135190
1.57200000 -0.02127061
1.57300000 -0.02118968
1.57400000 -0.02110912
1.57500000 -0.02102891
1.57600000 -0.02094905
1.57700000 -0.02086955
1.57800000 -0.02079040
1.57900000 -0.02071160
1.58000000 -0.02063315
1.58100000 -0.02055504
1.58200000 -0.02047728
1.58300000 -0.02039986
1.58400000 -0.02032279
1.58500000 -0.02024605
1.58600000 -0.02016965
1.58700000 -0.02009358
1.58800000 -0.02001785
1.58900000 -0.01994245
1.59000000 -0.01986739
1.59100000 -0.01979265
1.59200000 -0.01971824
1.59300000 -0.01964415
1.59400000 -0.01957039
1.59500000 -0.01949696
1.59600000 -0.01942384
1.59700000 -0.01935104
1.59800000 -0.01927856
1.59900000 -0.01920640
1.60000000 -0.01913455
1.60100000 -0.01906302
1.60200000 -0.01899180
1.60300000 -0.01892088
1.60400000 -0.01885028
1.60500000 -0.01877998
1.60600000 -0.01870999
1.60700000 -0.01864030
1.60800000 -0.01857092
1.60900000 -0.01850183
1.61000000 -0.01843305
1.61100000 -0.01836456
1.61200000 -0.01829637
1.61300000 -0.01822847
1.61400000 -0.01816087
1.61500000 -0.01809356
1.61600000 -0.01802654
1.61700000 -0.01795981
1.61800000 -0.01789337
1.61900000 -0.01782722
1.62000000 -0.01776134
1.62100000 -0.01769576
1.62200000 -0.01763045
1.62300000 -0.01756543
1.62400000 -0.01750068
1.62500000 -0.01743622
1.62600000 -0.01737203
1.62700000 -0.01730811
1.62800000 -0.01724447
1.62900000 -0.01718111
1.63000000 -0.01711801
1.63100000 -0.01705518
1.63200000 -0.01699263
1.63300000 -0.01693034
1.63400000 -0.01686831
1.63500000 -0.01680655
1.63600000 -0.01674506
1.63700000 -0.01668382
1.63800000 -0.01662285
1.63900000 -0.01656214
1.64000000 -0.01650168
1.64100000 -0.01644149
1.64200000 -0.01638154
1.64300000 -0.01632186
1.64400000 -0.01626242
1.64500000 -0.01620324
1.64600000 -0.01614431
1.64700000 -0.01608563
1.64800000 -0.01602720
1.64900000 -0.01596901
1.65000000 -0.01591108
1.65100000 -0.01585338
1.65200000 -0.01579593
1.65300000 -0.01573873
1.65400000 -0.01568176
1.65500000 -0.01562504
1.65600000 -0.01556855
1.65700000 -0.01551230
1.65800000 -0.01545629
1.65900000 -0.01540051
1.66000000 -0.01534497
1.66100000 -0.01528966
1.66200000 -0.01523459
1.66300000 -0.01517974
1.66400000 -0.01512513
1.66500000 -0.01507075
1.66600000 -0.01501659
1.66700000 -0.01496266
1.66800000 -0.01490895
1.66900000 -0.01485547
1.67000000 -0.01480222
1.67100000 -0.01474918
1.67200000 -0.01469637
1.67300000 -0.01464378
1.67400000 -0.01459140
1.67500000 -0.01453925
1.67600000 -0.01448731
1.67700000 -0.01443559
1.67800000 -0.01438409
1.67900000 -0.01433279
1.68000000 -0.01428172
1.68100000 -0.01423085
1.68200000 -0.01418019
1.68300000 -0.01412975
1.68400000 -0.01407951
1.68500000 -0.01402948
1.68600000 -0.01397966
1.68700000 -0.01393005
1.68800000 -0.01388064
1.68900000 -0.01383143
1.69000000 -0.01378243
1.69100000 -0.01373363
1.69200000 -0.01368504
1.69300000 -0.01363664
1.69400000 -0.01358844
1.69500000 -0.01354044
1.69600000 -0.01349264
1.69700000 -0.01344503
1.69800000 -0.01339762
1.69900000 -0.01335041
1.70000000 -0.01330339
1.70100000 -0.01325656
1.70200000 -0.01320992
1.70300000 -0.01316348
1.70400000 -0.01311723
1.70500000 -0.01307116
1.70600000 -0.01302528
1.70700000 -0.01297960
1.70800000 -0.01293409
1.70900000 -0.01288878
1.71000000 -0.01284365
1.71100000 -0.01279870
1.71200000 -0.01275394
1.71300000 -0.01270936
1.71400000 -0.01266496
1.71500000 -0.01262074
1.71600000 -0.01257670
1.71700000 -0.01253284
1.71800000 -0.01248916
1.71900000 -0.01244566
1.72000000 -0.01240233
1.72100000 -0.01235918
1.72200000 -0.01231620
1.72300000 -0.01227340
1.72400000 -0.01223077
1.72500000 -0.01218831
1.72600000 -0.01214603
1.72700000 -0.01210392
1.72800000 -0.01206197
1.72900000 -0.01202020
1.73000000 -0.01197859
1.73100000 -0.01193716
1.73200000 -0.01189589
1.73300000 -0.01185478
1.73400000 -0.01181384
1.73500000 -0.01177307
1.73600000 -0.01173246
1.73700000 -0.01169201
1.73800000 -0.01165173
1.73900000 -0.01161161
1.74000000 -0.01157165
1.74100000 -0.01153185
1.74200000 -0.01149220
1.74300000 -0.01145272
1.74400000 -0.01141340
1.74500000 -0.01137423
1.74600000 -0.01133522
1.74700000 -0.01129637
1.74800000 -0.01125767
1.74900000 -0.01121912
1.75000000 -0.01118073
1.75100000 -0.01114249
1.75200000 -0.01110441
1.75300000 -0.01106648
1.75400000 -0.01102869
1.75500000 -0.01099106
1.75600000 -0.01095358
1.75700000 -0.01091624
1.75800000 -0.01087906
1.75900000 -0.01084202
1.76000000 -0.01080513
1.76100000 -0.01076839
1.76200000 -0.01073179
1.76300000 -0.01069534
1.76400000 -0.01065903
1.76500000 -0.01062286
1.76600000 -0.01058684
1.76700000 -0.01055096
1.76800000 -0.01051522
1.76900000 -0.01047962
1.77000000 -0.01044417
1.77100000 -0.01040885
1.77200000 -0.01037367
1.77300000 -0.01033863
1.77400000 -0.01030373
1.77500000 -0.01026897
1.77600000 -0.01023434
1.77700000 -0.01019985
1.77800000 -0.01016549
1.77900000 -0.01013127
1.78000000 -0.01009719
1.78100000 -0.01006323
1.78200000 -0.01002941
1.78300000 -0.00999573
1.78400000 -0.00996217
1.78500000 -0.00992875
1.78600000 -0.00989545
1.78700000 -0.00986229
1.78800000 -0.00982926
1.78900000 -0.00979635
1.79000000 -0.00976357
1.79100000 -0.00973093
1.79200000 -0.00969841
1.79300000 -0.00966601
1.79400000 -0.00963374
1.79500000 -0.00960160
1.79600000 -0.00956958
1.79700000 -0.00953769
1.79800000 -0.00950592
1.79900000 -0.00947427
1.80000000 -0.00944275
1.80100000 -0.00941135
1.80200000 -0.00938007
1.80300000 -0.00934891
1.80400000 -0.00931787
1.80500000 -0.00928696
1.80600000 -0.00925616
1.80700000 -0.00922548
1.80800000 -0.00919492
1.80900000 -0.00916448
1.81000000 -0.00913415
1.81100000 -0.00910395
1.81200000 -0.00907385
1.81300000 -0.00904388
1.81400000 -0.00901402
1.81500000 -0.00898427
1.81600000 -0.00895464
1.81700000 -0.00892513
1.81800000 -0.00889572
1.81900000 -0.00886643
1.82000000 -0.00883725
1.82100000 -0.00880819
1.82200000 -0.00877923
1.82300000 -0.00875039
1.82400000 -0.00872166
1.82500000 -0.00869303
1.82600000 -0.00866452
1.82700000 -0.00863612
1.82800000 -0.00860782
1.82900000 -0.00857963
1.83000000 -0.00855155
1.83100000 -0.00852358
1.83200000 -0.00849571
1.83300000 -0.00846795
1.83400000 -0.00844030
1.83500000 -0.00841275
1.83600000 -0.00838530
1.83700000 -0.00835796
1.83800000 -0.00833073
1.83900000 -0.00830359
1.84000000 -0.00827656
1.84100000 -0.00824964
1.84200000 -0.00822281
1.84300000 -0.00819609
1.84400000 -0.00816947
1.84500000 -0.00814294
1.84600000 -0.00811652
1.84700000 -0.00809020
1.84800000 -0.00806398
1.84900000 -0.00803786
1.85000000 -0.00801183
1.85100000 -0.00798591
1.85200000 -0.00796008
1.85300000 -0.00793435
1.85400000 -0.00790872
1.85500000 -0.00788318
1.85600000 -0.00785774
1.85700000 -0.00783239
1.85800000 -0.00780714
1.85900000 -0.00778199
1.86000000 -0.00775693
1.86100000 -0.00773196
1.86200000 -0.00770709
1.86300000 -0.00768231
1.86400000 -0.00765762
1.86500000 -0.00763303
1.86600000 -0.00760853
1.86700000 -0.00758412
1.86800000 -0.00755980
1.86900000 -0.00753557
1.87000000 -0.00751143
1.87100000 -0.00748738
1.87200000 -0.00746343
1.87300000 -0.00743956
1.87400000 -0.00741578
1.87500000 -0.00739209
1.87600000 -0.00736849
1.87700000 -0.00734497
1.87800000 -0.00732154
1.87900000 -0.00729820
1.88000000 -0.00727495
1.88100000 -0.00725178
1.88200000 -0.00722870
1.88300000 -0.00720571
1.88400000 -0.00718280
1.88500000 -0.00715997
1.88600000 -0.00713723
1.88700000 -0.00711458
1.88800000 -0.00709200
1.88900000 -0.00706951
1.89000000 -0.00704711
1.89100000 -0.00702478
1.89200000 -0.00700254
1.89300000 -0.00698039
1.89400000 -0.00695831
1.89500000 -0.00693631
1.89600000 -0.00691440
1.89700000 -0.00689256
1.89800000 -0.00687081
1.89900000 -0.00684914
1.90000000 -0.00682754
1.90100000 -0.00680603
1.90200000 -0.00678460
1.90300000 -0.00676324
1.90400000 -0.00674196
1.90500000 -0.00672076
1.90600000 -0.00669964
1.90700000 -0.00667859
1.90800000 -0.00665763
1.90900000 -0.00663673
1.91000000 -0.00661592
1.91100000 -0.00659518
1.91200000 -0.00657452
1.91300000 -0.00655393
1.91400000 -0.00653342
1.91500000 -0.00651298
1.91600000 -0.00649262
1.91700000 -0.00647233
1.91800000 -0.00645211
1.91900000 -0.00643197
1.92000000 -0.00641191
1.92100000 -0.00639191
1.92200000 -0.00637199
1.92300000 -0.00635214
1.92400000 -0.00633236
1.92500000 -0.00631266
1.92600000 -0.00629302
1.92700000 -0.00627346
1.92800000 -0.00625397
1.92900000 -0.00623454
1.93000000 -0.00621519
1.93100000 -0.00619591
1.93200000 -0.00617670
1.93300000 -0.00615756
1.93400000 -0.00613848
1.93500000 -0.00611948
1.93600000 -0.00610055
1.93700000 -0.00608168
1.93800000 -0.00606288
1.93900000 -0.00604415
1.94000000 -0.00602548
1.94100000 -0.00600689
1.94200000 -0.00598836
1.94300000 -0.00596989
1.94400000 -0.00595150
1.94500000 -0.00593317
1.94600000 -0.00591490
1.94700000 -0.00589670
1.94800000 -0.00587857
1.94900000 -0.00586050
1.95000000 -0.00584249
1.95100000 -0.00582455
1.95200000 -0.00580668
1.95300000 -0.00578887
1.95400000 -0.00577112
1.95500000 -0.00575343
1.95600000 -0.00573581
1.95700000 -0.00571826
1.95800000 -0.00570076
1.95900000 -0.00568333
1.96000000 -0.00566595
1.96100000 -0.00564865
1.96200000 -0.00563140
1.96300000 -0.00561421
1.96400000 -0.00559709
1.96500000 -0.00558002
1.96600000 -0.00556302
1.96700000 -0.00554608
1.96800000 -0.00552919
1.96900000 -0.00551237
1.97000000 -0.00549561
1.97100000 -0.00547890
1.97200000 -0.00546226
1.97300000 -0.00544567
1.97400000 -0.00542914
1.97500000 -0.00541268
1.97600000 -0.00539627
1.97700000 -0.00537991
1.97800000 -0.00536362
1.97900000 -0.00534738
1.98000000 -0.00533120
1.98100000 -0.00531508
1.98200000 -0.00529901
1.98300000 -0.00528300
1.98400000 -0.00526705
1.98500000 -0.00525115
1.98600000 -0.00523531
1.98700000 -0.00521953
1.98800000 -0.00520380
1.98900000 -0.00518813
1.99000000 -0.00517251
1.99100000 -0.00515694
1.99200000 -0.00514143
1.99300000 -0.00512598
1.99400000 -0.00511058
1.99500000 -0.00509523
1.99600000 -0.00507993
1.99700000 -0.00506469
1.99800000 -0.00504951
1.99900000 -0.00503437
2.00000000 -0.00501929
