0.10000000 3982747638.91237354
0.10100000 3534471688.06804085
0.10200000 3140342697.27361250
0.10300000 2793382618.80120993
0.10400000 2487568052.32814360
0.10500000 2217692205.06052971
0.10600000 1979247868.12351274
0.10700000 1768328051.63673401
0.10800000 1581541482.08398461
0.10900000 1415940628.90928507
0.11000000 1268960310.49243832
0.11100000 1138365247.19083428
0.11200000 1022205192.70205903
0.11300000 918776494.15206528
0.11400000 826589113.83998966
0.11500000 744338297.84589291
0.11600000 670880203.95260477
0.11700000 605210907.83207250
0.11800000 546448295.72264397
0.11900000 493816426.77755427
0.12000000 446632011.28974277
0.12100000 404292704.07156336
0.12200000 366266957.02684265
0.12300000 332085212.75404471
0.12400000 301332252.98984003
0.12500000 273640542.77917254
0.12600000 248684434.22156394
0.12700000 226175113.14490232
0.12800000 205856188.64131683
0.12900000 187499839.51999539
0.13000000 170903443.77024198
0.13100000 155886627.40459827
0.13200000 142288677.83525419
0.13300000 129966274.45337959
0.13400000 118791495.52094108
0.13500000 108650066.00874594
0.13600000 99439815.75863338
0.13700000 91069321.42674327
0.13800000 83456709.17586556
0.13900000 76528598.11046772
0.14000000 70219167.05810620
0.14100000 64469329.55505024
0.14200000 59226003.84271421
0.14300000 54441466.36804683
0.14400000 50072778.74216080
0.14500000 46081279.37862524
0.14600000 42432132.13285435
0.14700000 39093925.21989973
0.14800000 36038314.51939212
0.14900000 33239706.10028042
0.15000000 30674973.42888929
0.15100000 28323205.27413570
0.15200000 26165480.80423931
0.15300000 24184668.78917511
0.15400000 22365248.19041866
0.15500000 20693147.74110428
0.15600000 19155602.40149162
0.15700000 17741024.82176185
0.15800000 16438890.16108096
0.15900000 15239632.80243240
0.16000000 14134553.67027416
0.16100000 13115737.00551606
0.16200000 12175975.58216192
0.16300000 11308703.46440876
0.16400000 10507935.50394827
0.16500000 9768212.86633477
0.16600000 9084553.95401737
0.16700000 8452410.16324542
0.16800000 7867625.97364823
0.16900000 7326402.92382781
0.17000000 6825267.07462994
0.17100000 6361039.60461303
0.17200000 5930810.22026228
0.17300000 5531913.09726770
0.17400000 5161905.09919351
0.17500000 4818546.04655432
0.17600000 4499780.83306040
0.17700000 4203723.20694185
0.17800000 3928641.05410493
0.17900000 3672943.03667555
0.18000000 3435166.45547685
0.18100000 3213966.21837219
0.18200000 3008104.80836310
0.18300000 2816443.15602139
0.18400000 2637932.33039699
0.18500000 2471605.97110207
0.18600000 2316573.39193714
0.18700000 2172013.29329500
0.18800000 2037168.02673756
0.18900000 1911338.36066787
0.19000000 1793878.70098122
0.19100000 1684192.72503599
0.19200000 1581729.39129092
0.19300000 1485979.29055788
0.19400000 1396471.30806059
0.19500000 1312769.56840807
0.19600000 1234470.63822040
0.19700000 1161200.96351352
0.19800000 1092614.52108644
0.19900000 1028390.66508176
0.20000000 968232.15163072
0.20100000 911863.32606542
0.20200000 859028.45860141
0.20300000 809490.21567770
0.20400000 763028.25530287
0.20500000 719437.93580737
0.20600000 678529.12835354
0.20700000 640125.12441783
0.20800000 604061.63024060
0.20900000 570185.84094824
0.21000000 538355.58769483
0.21100000 508438.55175450
0.21200000 480311.54002553
0.21300000 453859.81688856
0.21400000 428976.48779917
0.21500000 405561.93039284
0.21600000 383523.26924230
0.21700000 362773.89073703
0.21800000 343232.99485441
0.21900000 324825.18086539
0.22000000 307480.06426685
0.22100000 291131.92245959
0.22200000 275719.36689818
0.22300000 261185.03962794
0.22400000 247475.33229684
0.22500000 234540.12588755
0.22600000 222332.54955907
0.22700000 210808.75711878
0.22800000 199927.71976616
0.22900000 189651.03385942
0.23000000 179942.74255710
0.23100000 170769.17027877
0.23200000 162098.76901355
0.23300000 153901.97558244
0.23400000 146151.07903128
0.23500000 138820.09739641
0.23600000 131884.66314447
0.23700000 125321.91664260
0.23800000 119110.40706563
0.23900000 113230.00019267
0.24000000 107661.79258817
0.24100000 102388.03170133
0.24200000 97392.04145338
0.24300000 92658.15291541
0.24400000 88171.63970940
0.24500000 83918.65779329
0.24600000 79886.18931618
0.24700000 76061.99025359
0.24800000 72434.54155454
0.24900000 68993.00355188
0.25000000 65727.17340614
0.25100000 62627.44537003
0.25200000 59684.77367636
0.25300000 56890.63786681
0.25400000 54237.01039213
0.25500000 51716.32632703
0.25600000 49321.45505399
0.25700000 47045.67378109
0.25800000 44882.64276860
0.25900000 42826.38214800
0.26000000 40871.25022551
0.26100000 39011.92316979
0.26200000 37243.37599078
0.26300000 35560.86472306
0.26400000 33959.90973325
0.26500000 32436.28007672
0.26600000 30985.97883400
0.26700000 29605.22936221
0.26800000 28290.46240118
0.26900000 27038.30397844
0.27000000 25845.56406054
0.27100000 24709.22590250
0.27200000 23626.43604977
0.27300000 22594.49495073
0.27400000 21610.84814035
0.27500000 20673.07795826
0.27600000 19778.89576728
0.27700000 18926.13464025
0.27800000 18112.74248560
0.27900000 17336.77558387
0.28000000 16596.39250924
0.28100000 15889.84841181
0.28200000 15215.48963827
0.28300000 14571.74866949
0.28400000 13957.13935569
0.28500000 13370.25243050
0.28600000 12809.75128674
0.28700000 12274.36799789
0.28800000 11762.89957010
0.28900000 11274.20441062
0.29000000 10807.19899962
0.29100000 10360.85475281
0.29200000 9934.19506357
0.29300000 9526.29251352
0.29400000 9136.26624161
0.29500000 8763.27946210
0.29600000 8406.53712257
0.29700000 8065.28369369
0.29800000 7738.80108278
0.29900000 7426.40666406
0.30000000 7127.45141848
0.30100000 6841.31817687
0.30200000 6567.41996027
0.30300000 6305.19841178
0.30400000 6054.12231463
0.30500000 5813.68619146
0.30600000 5583.40898006
0.30700000 5362.83278129
0.30800000 5151.52167492
0.30900000 4949.06059948
0.31000000 4755.05429265
0.31100000 4569.12628851
0.31200000 4390.91796858
0.31300000 4220.08766353
0.31400000 4056.30980283
0.31500000 3899.27410942
0.31600000 3748.68483708
0.31700000 3604.26004807
0.31800000 3465.73092874
0.31900000 3332.84114100
0.32000000 3205.34620779
0.32100000 3083.01293049
0.32200000 2965.61883672
0.32300000 2852.95165661
0.32400000 2744.80882626
0.32500000 2640.99701672
0.32600000 2541.33168712
0.32700000 2445.63666076
0.32800000 2353.74372277
0.32900000 2265.49223828
0.33000000 2180.72878998
0.33100000 2099.30683395
0.33200000 2021.08637298
0.33300000 1945.93364616
0.33400000 1873.72083417
0.33500000 1804.32577927
0.33600000 1737.63171922
0.33700000 1673.52703444
0.33800000 1611.90500776
0.33900000 1552.66359596
0.34000000 1495.70521267
0.34100000 1440.93652183
0.34200000 1388.26824135
0.34300000 1337.61495639
0.34400000 1288.89494162
0.34500000 1242.02999227
0.34600000 1196.94526323
0.34700000 1153.56911605
0.34800000 1111.83297320
0.34900000 1071.67117940
0.35000000 1033.02086962
0.35100000 995.82184330
0.35200000 960.01644464
0.35300000 925.54944856
0.35400000 892.36795206
0.35500000 860.42127070
0.35600000 829.66083999
0.35700000 800.04012143
0.35800000 771.51451288
0.35900000 744.04126320
0.36000000 717.57939082
0.36100000 692.08960617
0.36200000 667.53423758
0.36300000 643.87716075
0.36400000 621.08373137
0.36500000 599.12072091
0.36600000 577.95625529
0.36700000 557.55975643
0.36800000 537.90188640
0.36900000 518.95449417
0.37000000 500.69056476
0.37100000 483.08417065
0.37200000 466.11042546
0.37300000 449.74543966
0.37400000 433.96627831
0.37500000 418.75092066
0.37600000 404.07822155
0.37700000 389.92787463
0.37800000 376.28037704
0.37900000 363.11699584
0.38000000 350.41973581
0.38100000 338.17130868
0.38200000 326.35510380
0.38300000 314.95516000
0.38400000 303.95613871
0.38500000 293.34329830
0.38600000 283.10246951
0.38700000 273.22003190
0.38800000 263.68289140
0.38900000 254.47845880
0.39000000 245.59462917
0.39100000 237.01976213
0.39200000 228.74266303
0.39300000 220.75256491
0.39400000 213.03911121
0.39500000 205.59233926
0.39600000 198.40266442
0.39700000 191.46086496
0.39800000 184.75806748
0.39900000 178.28573310
0.40000000 172.03564404
0.40100000 165.99989094
0.40200000 160.17086061
0.40300000 154.54122431
0.40400000 149.10392652
0.40500000 143.85217423
0.40600000 138.77942659
0.40700000 133.87938504
0.40800000 129.14598383
0.40900000 124.57338098
0.41000000 120.15594951
0.41100000 115.88826912
0.41200000 111.76511822
0.41300000 107.78146616
0.41400000 103.93246597
0.41500000 100.21344720
0.41600000 96.61990918
0.41700000 93.14751454
0.41800000 89.79208292
0.41900000 86.54958500
0.42000000 83.41613674
0.42100000 80.38799389
0.42200000 77.46154666
0.42300000 74.63331465
0.42400000 71.89994195
0.42500000 69.25819248
0.42600000 66.70494545
0.42700000 64.23719108
0.42800000 61.85202640
0.42900000 59.54665129
0.43000000 57.31836464
0.43100000 55.16456067
0.43200000 53.08272539
0.43300000 51.07043318
0.43400000 49.12534357
0.43500000 47.24519805
0.43600000 45.42781710
0.43700000 43.67109723
0.43800000 41.97300826
0.43900000 40.33159058
0.44000000 38.74495261
0.44100000 37.21126831
0.44200000 35.72877478
0.44300000 34.29577000
0.44400000 32.91061060
0.44500000 31.57170975
0.44600000 30.27753511
0.44700000 29.02660689
0.44800000 27.81749593
0.44900000 26.64882191
0.45000000 25.51925160
0.45100000 24.42749715
0.45200000 23.37231451
0.45300000 22.35250183
0.45400000 21.36689800
0.45500000 20.41438119
0.45600000 19.49386744
0.45700000 18.60430936
0.45800000 17.74469480
0.45900000 16.91404565
0.46000000 16.11141659
0.46100000 15.33589402
0.46200000 14.58659487
0.46300000 13.86266557
0.46400000 13.16328104
0.46500000 12.48764364
0.46600000 11.83498228
0.46700000 11.20455146
0.46800000 10.59563041
0.46900000 10.00752220
0.47000000 9.43955294
0.47100000 8.89107100
0.47200000 8.36144622
0.47300000 7.85006918
0.47400000 7.35635049
0.47500000 6.87972011
0.47600000 6.41962668
0.47700000 5.97553689
0.47800000 5.54693488
0.47900000 5.13332161
0.48000000 4.73421431
0.48100000 4.34914596
0.48200000 3.97766468
0.48300000 3.61933331
0.48400000 3.27372885
0.48500000 2.94044200
0.48600000 2.61907672
0.48700000 2.30924975
0.48800000 2.01059023
0.48900000 1.72273922
0.49000000 1.44534937
0.49100000 1.17808450
0.49200000 0.92061921
0.49300000 0.67263856
0.49400000 0.43383771
0.49500000 0.20392157
0.49600000 -0.01739549
0.49700000 -0.23038999
0.49800000 -0.43532963
0.49900000 -0.63247355
0.50000000 -0.82207264
0.50100000 -1.00436981
0.50200000 -1.17960026
0.50300000 -1.34799169
0.50400000 -1.50976459
0.50500000 -1.66513245
0.50600000 -1.81430202
0.50700000 -1.95747347
0.50800000 -2.09484067
0.50900000 -2.22659135
0.51000000 -2.35290732
0.51100000 -2.47396464
0.51200000 -2.58993384
0.51300000 -2.70098006
0.51400000 -2.80726326
0.51500000 -2.90893836
0.51600000 -3.00615541
0.51700000 -3.09905974
0.51800000 -3.18779213
0.51900000 -3.27248896
0.52000000 -3.35328229
0.52100000 -3.43030008
0.52200000 -3.50366627
0.52300000 -3.57350093
0.52400000 -3.63992036
0.52500000 -3.70303723
0.52600000 -3.76296070
0.52700000 -3.81979651
0.52800000 -3.87364710
0.52900000 -3.92461171
0.53000000 -3.97278649
0.53100000 -4.01826459
0.53200000 -4.06113626
0.53300000 -4.10148893
0.53400000 -4.13940732
0.53500000 -4.17497348
0.53600000 -4.20826695
0.53700000 -4.23936476
0.53800000 -4.26834155
0.53900000 -4.29526964
0.54000000 -4.32021910
0.54100000 -4.34325782
0.54200000 -4.36445158
0.54300000 -4.38386410
0.54400000 -4.40155713
0.54500000 -4.41759049
0.54600000 -4.43202215
0.54700000 -4.44490827
0.54800000 -4.45630326
0.54900000 -4.46625984
0.55000000 -4.47482908
0.55100000 -4.48206047
0.55200000 -4.48800195
0.55300000 -4.49269998
0.55400000 -4.49619954
0.55500000 -4.49854426
0.55600000 -4.49977635
0.55700000 -4.49993674
0.55800000 -4.49906507
0.55900000 -4.49719975
0.56000000 -4.49437797
0.56100000 -4.49063579
0.56200000 -4.48600810
0.56300000 -4.48052872
0.56400000 -4.47423042
0.56500000 -4.46714492
0.56600000 -4.45930295
0.56700000 -4.45073429
0.56800000 -4.44146775
0.56900000 -4.43153128
0.57000000 -4.42095189
0.57100000 -4.40975580
0.57200000 -4.39796835
0.57300000 -4.38561411
0.57400000 -4.37271686
0.57500000 -4.35929963
0.57600000 -4.34538471
0.57700000 -4.33099370
0.57800000 -4.31614749
0.57900000 -4.30086631
0.58000000 -4.28516975
0.58100000 -4.26907678
0.58200000 -4.25260575
0.58300000 -4.23577441
0.58400000 -4.21859996
0.58500000 -4.20109904
0.58600000 -4.18328775
0.58700000 -4.16518167
0.58800000 -4.14679586
0.58900000 -4.12814492
0.59000000 -4.10924296
0.59100000 -4.09010361
0.59200000 -4.07074009
0.59300000 -4.05116515
0.59400000 -4.03139115
0.59500000 -4.01143003
0.59600000 -3.99129332
0.59700000 -3.97099219
0.59800000 -3.95053744
0.59900000 -3.92993948
0.60000000 -3.90920840
0.60100000 -3.88835395
0.60200000 -3.86738552
0.60300000 -3.84631222
0.60400000 -3.82514282
0.60500000 -3.80388582
0.60600000 -3.78254940
0.60700000 -3.76114149
0.60800000 -3.73966971
0.60900000 -3.71814144
0.61000000 -3.69656380
0.61100000 -3.67494365
0.61200000 -3.65328763
0.61300000 -3.63160212
0.61400000 -3.60989329
0.61500000 -3.58816708
0.61600000 -3.56642923
0.61700000 -3.54468525
0.61800000 -3.52294047
0.61900000 -3.50120003
0.62000000 -3.47946886
0.62100000 -3.45775171
0.62200000 -3.43605317
0.62300000 -3.41437765
0.62400000 -3.39272939
0.62500000 -3.37111246
0.62600000 -3.34953080
0.62700000 -3.32798817
0.62800000 -3.30648820
0.62900000 -3.28503437
0.63000000 -3.26363003
0.63100000 -3.24227838
0.63200000 -3.22098251
0.63300000 -3.19974537
0.63400000 -3.17856980
0.63500000 -3.15745851
0.63600000 -3.13641410
0.63700000 -3.11543907
0.63800000 -3.09453579
0.63900000 -3.07370655
0.64000000 -3.05295351
0.64100000 -3.03227878
0.64200000 -3.01168432
0.64300000 -2.99117203
0.64400000 -2.97074373
0.64500000 -2.95040113
0.64600000 -2.93014587
0.64700000 -2.90997950
0.64800000 -2.88990351
0.64900000 -2.86991929
0.65000000 -2.85002818
0.65100000 -2.83023145
0.65200000 -2.81053027
0.65300000 -2.79092577
0.65400000 -2.77141902
0.65500000 -2.75201102
0.65600000 -2.73270270
0.65700000 -2.71349495
0.65800000 -2.69438859
0.65900000 -2.67538439
0.66000000 -2.65648308
0.66100000 -2.63768531
0.66200000 -2.61899171
0.66300000 -2.60040285
0.66400000 -2.58191926
0.66500000 -2.56354141
0.66600000 -2.54526975
0.66700000 -2.52710467
0.66800000 -2.50904653
0.66900000 -2.49109565
0.67000000 -2.47325230
0.67100000 -2.45551674
0.67200000 -2.43788918
0.67300000 -2.42036979
0.67400000 -2.40295872
0.67500000 -2.38565608
0.67600000 -2.36846196
0.67700000 -2.35137640
0.67800000 -2.33439945
0.67900000 -2.31753108
0.68000000 -2.30077129
0.68100000 -2.28412002
0.68200000 -2.26757719
0.68300000 -2.25114270
0.68400000 -2.23481644
0.68500000 -2.21859826
0.68600000 -2.20248799
0.68700000 -2.18648545
0.68800000 -2.17059045
0.68900000 -2.15480276
0.69000000 -2.13912213
0.69100000 -2.12354833
0.69200000 -2.10808106
0.69300000 -2.09272005
0.69400000 -2.07746500
0.69500000 -2.06231558
0.69600000 -2.04727146
0.69700000 -2.03233231
0.69800000 -2.01749776
0.69900000 -2.00276744
0.70000000 -1.98814098
0.70100000 -1.97361798
0.70200000 -1.95919804
0.70300000 -1.94488075
0.70400000 -1.93066568
0.70500000 -1.91655240
0.70600000 -1.90254048
0.70700000 -1.88862947
0.70800000 -1.87481890
0.70900000 -1.86110832
0.71000000 -1.84749726
0.71100000 -1.83398522
0.71200000 -1.82057175
0.71300000 -1.80725633
0.71400000 -1.79403848
0.71500000 -1.78091769
0.71600000 -1.76789346
0.71700000 -1.75496528
0.71800000 -1.74213262
0.71900000 -1.72939498
0.72000000 -1.71675182
0.72100000 -1.70420262
0.72200000 -1.69174685
0.72300000 -1.67938398
0.72400000 -1.66711346
0.72500000 -1.65493475
0.72600000 -1.64284733
0.72700000 -1.63085063
0.72800000 -1.61894411
0.72900000 -1.60712724
0.73000000 -1.59539945
0.73100000 -1.58376019
0.73200000 -1.57220892
0.73300000 -1.56074507
0.73400000 -1.54936810
0.73500000 -1.53807745
0.73600000 -1.52687257
0.73700000 -1.51575289
0.73800000 -1.50471787
0.73900000 -1.49376694
0.74000000 -1.48289956
0.74100000 -1.47211516
0.74200000 -1.46141318
0.74300000 -1.45079308
0.74400000 -1.44025430
0.74500000 -1.42979628
0.74600000 -1.41941847
0.74700000 -1.40912032
0.74800000 -1.39890127
0.74900000 -1.38876079
0.75000000 -1.37869831
0.75100000 -1.36871329
0.75200000 -1.35880518
0.75300000 -1.34897344
0.75400000 -1.33921752
0.75500000 -1.32953689
0.75600000 -1.31993100
0.75700000 -1.31039931
0.75800000 -1.30094129
0.75900000 -1.29155640
0.76000000 -1.28224411
0.76100000 -1.27300389
0.76200000 -1.26383520
0.76300000 -1.25473753
0.76400000 -1.24571035
0.76500000 -1.23675313
0.76600000 -1.22786535
0.76700000 -1.21904651
0.76800000 -1.21029607
0.76900000 -1.20161354
0.77000000 -1.19299839
0.77100000 -1.18445013
0.77200000 -1.17596824
0.77300000 -1.16755222
0.77400000 -1.15920157
0.77500000 -1.15091579
0.77600000 -1.14269440
0.77700000 -1.13453688
0.77800000 -1.12644277
0.77900000 -1.11841156
0.78000000 -1.11044278
0.78100000 -1.10253593
0.78200000 -1.09469055
0.78300000 -1.08690616
0.78400000 -1.07918228
0.78500000 -1.07151844
0.78600000 -1.06391418
0.78700000 -1.05636903
0.78800000 -1.04888253
0.78900000 -1.04145421
0.79000000 -1.03408363
0.79100000 -1.02677032
0.79200000 -1.01951384
0.79300000 -1.01231375
0.79400000 -1.00516959
0.79500000 -0.99808092
0.79600000 -0.99104730
0.79700000 -0.98406831
0.79800000 -0.97714350
0.79900000 -0.97027244
0.80000000 -0.96345471
0.80100000 -0.95668989
0.80200000 -0.94997754
0.80300000 -0.94331726
0.80400000 -0.93670863
0.80500000 -0.93015122
0.80600000 -0.92364465
0.80700000 -0.91718848
0.80800000 -0.91078233
0.80900000 -0.90442580
0.81000000 -0.89811847
0.81100000 -0.89185996
0.81200000 -0.88564988
0.81300000 -0.87948782
0.81400000 -0.87337342
0.81500000 -0.86730628
0.81600000 -0.86128602
0.81700000 -0.85531226
0.81800000 -0.84938463
0.81900000 -0.84350276
0.82000000 -0.83766627
0.82100000 -0.83187479
0.82200000 -0.82612797
0.82300000 -0.82042544
0.82400000 -0.81476683
0.82500000 -0.80915180
0.82600000 -0.80358000
0.82700000 -0.79805106
0.82800000 -0.79256464
0.82900000 -0.78712040
0.83000000 -0.78171800
0.83100000 -0.77635708
0.83200000 -0.77103732
0.83300000 -0.76575838
0.83400000 -0.76051993
0.83500000 -0.75532164
0.83600000 -0.75016318
0.83700000 -0.74504422
0.83800000 -0.73996445
0.83900000 -0.73492354
0.84000000 -0.72992118
0.84100000 -0.72495706
0.84200000 -0.72003085
0.84300000 -0.71514226
0.84400000 -0.71029098
0.84500000 -0.70547669
0.84600000 -0.70069910
0.84700000 -0.69595791
0.84800000 -0.69125283
0.84900000 -0.68658355
0.85000000 -0.68194979
0.85100000 -0.67735125
0.85200000 -0.67278764
0.85300000 -0.66825869
0.85400000 -0.66376411
0.85500000 -0.65930361
0.85600000 -0.65487693
0.85700000 -0.65048378
0.85800000 -0.64612389
0.85900000 -0.64179698
0.86000000 -0.63750280
0.86100000 -0.63324106
0.86200000 -0.62901152
0.86300000 -0.62481389
0.86400000 -0.62064793
0.86500000 -0.61651338
0.86600000 -0.61240997
0.86700000 -0.60833746
0.86800000 -0.60429558
0.86900000 -0.60028410
0.87000000 -0.59630277
0.87100000 -0.59235133
0.87200000 -0.58842955
0.87300000 -0.58453718
0.87400000 -0.58067398
0.87500000 -0.57683972
0.87600000 -0.57303416
0.87700000 -0.56925706
0.87800000 -0.56550820
0.87900000 -0.56178734
0.88000000 -0.55809426
0.88100000 -0.55442873
0.88200000 -0.55079052
0.88300000 -0.54717942
0.88400000 -0.54359520
0.88500000 -0.54003764
0.88600000 -0.53650654
0.88700000 -0.53300166
0.88800000 -0.52952281
0.88900000 -0.52606976
0.89000000 -0.52264232
0.89100000 -0.51924026
0.89200000 -0.51586339
0.89300000 -0.51251151
0.89400000 -0.50918440
0.89500000 -0.50588187
0.89600000 -0.50260372
0.89700000 -0.49934975
0.89800000 -0.49611977
0.89900000 -0.49291358
0.90000000 -0.48973098
0.90100000 -0.48657180
0.90200000 -0.48343584
0.90300000 -0.48032291
0.90400000 -0.47723282
0.90500000 -0.47416540
0.90600000 -0.47112046
0.90700000 -0.46809781
0.90800000 -0.46509728
0.90900000 -0.46211869
0.91000000 -0.45916186
0.91100000 -0.45622663
0.91200000 -0.45331280
0.91300000 -0.45042022
0.91400000 -0.44754871
0.91500000 -0.44469810
0.91600000 -0.44186822
0.91700000 -0.43905891
0.91800000 -0.43627001
0.91900000 -0.43350134
0.92000000 -0.43075275
0.92100000 -0.42802408
0.92200000 -0.42531516
0.92300000 -0.42262584
0.92400000 -0.41995596
0.92500000 -0.41730537
0.92600000 -0.41467391
0.92700000 -0.41206143
0.92800000 -0.40946777
0.92900000 -0.40689280
0.93000000 -0.40433635
0.93100000 -0.40179828
0.93200000 -0.39927845
0.93300000 -0.39677670
0.93400000 -0.39429290
0.93500000 -0.39182691
0.93600000 -0.38937857
0.93700000 -0.38694776
0.93800000 -0.38453432
0.93900000 -0.38213814
0.94000000 -0.37975905
0.94100000 -0.37739694
0.94200000 -0.37505167
0.94300000 -0.37272310
0.94400000 -0.37041110
0.94500000 -0.36811554
0.94600000 -0.36583629
0.94700000 -0.36357322
0.94800000 -0.36132621
0.94900000 -0.35909513
0.95000000 -0.35687984
0.95100000 -0.35468024
0.95200000 -0.35249619
0.95300000 -0.35032756
0.95400000 -0.34817425
0.95500000 -0.34603613
0.95600000 -0.34391308
0.95700000 -0.34180498
0.95800000 -0.33971172
0.95900000 -0.33763318
0.96000000 -0.33556923
0.96100000 -0.33351978
0.96200000 -0.33148470
0.96300000 -0.32946389
0.96400000 -0.32745722
0.96500000 -0.32546460
0.96600000 -0.32348591
0.96700000 -0.32152104
0.96800000 -0.31956989
0.96900000 -0.31763235
0.97000000 -0.31570830
0.97100000 -0.31379766
0.97200000 -0.31190031
0.97300000 -0.31001614
0.97400000 -0.30814507
0.97500000 -0.30628698
0.97600000 -0.30444177
0.97700000 -0.30260935
0.97800000 -0.30078962
0.97900000 -0.29898248
0.98000000 -0.29718782
0.98100000 -0.29540556
0.98200000 -0.29363560
0.98300000 -0.29187784
0.98400000 -0.29013219
0.98500000 -0.28839856
0.98600000 -0.28667685
0.98700000 -0.28496697
0.98800000 -0.28326883
0.98900000 -0.28158235
0.99000000 -0.27990742
0.99100000 -0.27824397
0.99200000 -0.27659190
0.99300000 -0.27495113
0.99400000 -0.27332156
0.99500000 -0.27170313
0.99600000 -0.27009573
0.99700000 -0.26849929
0.99800000 -0.26691371
0.99900000 -0.26533893
1.00000000 -0.26377485
1.00100000 -0.26222140
1.00200000 -0.26067849
1.00300000 -0.25914605
1.00400000 -0.25762399
1.00500000 -0.25611223
1.00600000 -0.25461070
1.00700000 -0.25311932
1.00800000 -0.25163801
1.00900000 -0.25016670
1.01000000 -0.24870530
1.01100000 -0.24725375
1.01200000 -0.24581197
1.01300000 -0.24437989
1.01400000 -0.24295743
1.01500000 -0.24154453
1.01600000 -0.24014110
1.01700000 -0.23874707
1.01800000 -0.23736239
1.01900000 -0.23598697
1.02000000 -0.23462075
1.02100000 -0.23326365
1.02200000 -0.23191561
1.02300000 -0.23057657
1.02400000 -0.22924644
1.02500000 -0.22792518
1.02600000 -0.22661270
1.02700000 -0.22530895
1.02800000 -0.22401386
1.02900000 -0.22272736
1.03000000 -0.22144939
1.03100000 -0.22017989
1.03200000 -0.21891880
1.03300000 -0.21766604
1.03400000 -0.21642157
1.03500000 -0.21518531
1.03600000 -0.21395720
1.03700000 -0.21273720
1.03800000 -0.21152523
1.03900000 -0.21032123
1.04000000 -0.20912515
1.04100000 -0.20793694
1.04200000 -0.20675652
1.04300000 -0.20558384
1.04400000 -0.20441885
1.04500000 -0.20326149
1.04600000 -0.20211170
1.04700000 -0.20096942
1.04800000 -0.19983461
1.04900000 -0.19870721
1.05000000 -0.19758715
1.05100000 -0.19647440
1.05200000 -0.19536889
1.05300000 -0.19427057
1.05400000 -0.19317938
1.05500000 -0.19209529
1.05600000 -0.19101823
1.05700000 -0.18994815
1.05800000 -0.18888500
1.05900000 -0.18782873
1.06000000 -0.18677930
1.06100000 -0.18573664
1.06200000 -0.18470072
1.06300000 -0.18367148
1.06400000 -0.18264887
1.06500000 -0.18163285
1.06600000 -0.18062337
1.06700000 -0.17962037
1.06800000 -0.17862382
1.06900000 -0.17763367
1.07000000 -0.17664987
1.07100000 -0.17567237
1.07200000 -0.17470113
1.07300000 -0.17373610
1.07400000 -0.17277724
1.07500000 -0.17182451
1.07600000 -0.17087786
1.07700000 -0.16993724
1.07800000 -0.16900261
1.07900000 -0.16807394
1.08000000 -0.16715117
1.08100000 -0.16623426
1.08200000 -0.16532318
1.08300000 -0.16441788
1.08400000 -0.16351831
1.08500000 -0.16262445
1.08600000 -0.16173624
1.08700000 -0.16085365
1.08800000 -0.15997663
1.08900000 -0.15910515
1.09000000 -0.15823917
1.09100000 -0.15737865
1.09200000 -0.15652354
1.09300000 -0.15567382
1.09400000 -0.15482943
1.09500000 -0.15399036
1.09600000 -0.15315655
1.09700000 -0.15232796
1.09800000 -0.15150458
1.09900000 -0.15068634
1.10000000 -0.14987323
1.10100000 -0.14906519
1.10200000 -0.14826221
1.10300000 -0.14746423
1.10400000 -0.14667123
1.10500000 -0.14588318
1.10600000 -0.14510002
1.10700000 -0.14432174
1.10800000 -0.14354830
1.10900000 -0.14277966
1.11000000 -0.14201578
1.11100000 -0.14125665
1.11200000 -0.14050221
1.11300000 -0.13975245
1.11400000 -0.13900732
1.11500000 -0.13826680
1.11600000 -0.13753085
1.11700000 -0.13679944
1.11800000 -0.13607253
1.11900000 -0.13535011
1.12000000 -0.13463213
1.12100000 -0.13391856
1.12200000 -0.13320938
1.12300000 -0.13250456
1.12400000 -0.13180405
1.12500000 -0.13110784
1.12600000 -0.13041590
1.12700000 -0.12972819
1.12800000 -0.12904468
1.12900000 -0.12836535
1.13000000 -0.12769016
1.13100000 -0.12701909
1.13200000 -0.12635212
1.13300000 -0.12568920
1.13400000 -0.12503032
1.13500000 -0.12437544
1.13600000 -0.12372454
1.13700000 -0.12307759
1.13800000 -0.12243456
1.13900000 -0.12179543
1.14000000 -0.12116017
1.14100000 -0.12052876
1.14200000 -0.11990116
1.14300000 -0.11927735
1.14400000 -0.11865730
1.14500000 -0.11804100
1.14600000 -0.11742840
1.14700000 -0.11681950
1.14800000 -0.11621426
1.14900000 -0.11561265
1.15000000 -0.11501466
1.15100000 -0.11442026
1.15200000 -0.11382942
1.15300000 -0.11324212
1.15400000 -0.11265834
1.15500000 -0.11207805
1.15600000 -0.11150123
1.15700000 -0.11092785
1.15800000 -0.11035789
1.15900000 -0.10979134
1.16000000 -0.10922815
1.16100000 -0.10866832
1.16200000 -0.10811182
1.16300000 -0.10755863
1.16400000 -0.10700872
1.16500000 -0.10646208
1.16600000 -0.10591867
1.16700000 -0.10537849
1.16800000 -0.10484150
1.16900000 -0.10430769
1.17000000 -0.10377704
1.17100000 -0.10324951
1.17200000 -0.10272510
1.17300000 -0.10220379
1.17400000 -0.10168554
1.17500000 -0.10117034
1.17600000 -0.10065818
1.17700000 -0.10014902
1.17800000 -0.09964285
1.17900000 -0.09913966
1.18000000 -0.09863941
1.18100000 -0.09814210
1.18200000 -0.09764769
1.18300000 -0.09715618
1.18400000 -0.09666754
1.18500000 -0.09618175
1.18600000 -0.09569880
1.18700000 -0.09521867
1.18800000 -0.09474133
1.18900000 -0.09426677
1.19000000 -0.09379497
1.19100000 -0.09332591
1.19200000 -0.09285958
1.19300000 -0.09239595
1.19400000 -0.09193501
1.19500000 -0.09147674
1.19600000 -0.09102113
1.19700000 -0.09056815
1.19800000 -0.09011779
1.19900000 -0.08967002
1.20000000 -0.08922485
1.20100000 -0.08878224
1.20200000 -0.08834218
1.20300000 -0.08790465
1.20400000 -0.08746964
1.20500000 -0.08703713
1.20600000 -0.08660711
1.20700000 -0.08617955
1.20800000 -0.08575445
1.20900000 -0.08533178
1.21000000 -0.08491153
1.21100000 -0.08449369
1.21200000 -0.08407823
1.21300000 -0.08366515
1.21400000 -0.08325442
1.21500000 -0.08284604
1.21600000 -0.08243999
1.21700000 -0.08203625
1.21800000 -0.08163480
1.21900000 -0.08123564
1.22000000 -0.08083874
1.22100000 -0.08044410
1.22200000 -0.08005170
1.22300000 -0.07966152
1.22400000 -0.07927355
1.22500000 -0.07888778
1.22600000 -0.07850418
1.22700000 -0.07812276
1.22800000 -0.07774349
1.22900000 -0.07736636
1.23000000 -0.07699135
1.23100000 -0.07661846
1.23200000 -0.07624766
1.23300000 -0.07587895
1.23400000 -0.07551232
1.23500000 -0.07514774
1.23600000 -0.07478521
1.23700000 -0.07442471
1.23800000 -0.07406623
1.23900000 -0.07370975
1.24000000 -0.07335527
1.24100000 -0.07300278
1.24200000 -0.07265225
1.24300000 -0.07230367
1.24400000 -0.07195704
1.24500000 -0.07161235
1.24600000 -0.07126957
1.24700000 -0.07092870
1.24800000 -0.07058972
1.24900000 -0.07025263
1.25000000 -0.06991741
1.25100000 -0.06958405
1.25200000 -0.06925253
1.25300000 -0.06892285
1.25400000 -0.06859500
1.25500000 -0.06826896
1.25600000 -0.06794472
1.25700000 -0.06762227
1.25800000 -0.06730160
1.25900000 -0.06698270
1.26000000 -0.06666555
1.26100000 -0.06635015
1.26200000 -0.06603649
1.26300000 -0.06572455
1.26400000 -0.06541432
1.26500000 -0.06510580
1.26600000 -0.06479896
1.26700000 -0.06449381
1.26800000 -0.06419033
1.26900000 -0.06388851
1.27000000 -0.06358834
1.27100000 -0.06328981
1.27200000 -0.06299291
1.27300000 -0.06269763
1.27400000 -0.06240396
1.27500000 -0.06211189
1.27600000 -0.06182140
1.27700000 -0.06153250
1.27800000 -0.06124517
1.27900000 -0.06095940
1.28000000 -0.06067517
1.28100000 -0.06039249
1.28200000 -0.06011134
1.28300000 -0.05983172
1.28400000 -0.05955360
1.28500000 -0.05927699
1.28600000 -0.05900188
1.28700000 -0.05872824
1.28800000 -0.05845609
1.28900000 -0.05818540
1.29000000 -0.05791617
1.29100000 -0.05764839
1.29200000 -0.05738204
1.29300000 -0.05711713
1.29400000 -0.05685364
1.29500000 -0.05659157
1.29600000 -0.05633090
1.29700000 -0.05607163
1.29800000 -0.05581374
1.29900000 -0.05555724
1.30000000 -0.05530210
1.30100000 -0.05504833
1.30200000 -0.05479591
1.30300000 -0.05454484
1.30400000 -0.05429511
1.30500000 -0.05404671
1.30600000 -0.05379963
1.30700000 -0.05355386
1.30800000 -0.05330940
1.30900000 -0.05306624
1.31000000 -0.05282437
1.31100000 -0.05258378
1.31200000 -0.05234446
1.31300000 -0.05210642
1.31400000 -0.05186963
1.31500000 -0.05163409
1.31600000 -0.05139980
1.31700000 -0.05116674
1.31800000 -0.05093492
1.31900000 -0.05070431
1.32000000 -0.05047492
1.32100000 -0.05024674
1.32200000 -0.05001976
1.32300000 -0.04979397
1.32400000 -0.04956937
1.32500000 -0.04934594
1.32600000 -0.04912369
1.32700000 -0.04890260
1.32800000 -0.04868267
1.32900000 -0.04846389
1.33000000 -0.04824626
1.33100000 -0.04802976
1.33200000 -0.04781439
1.33300000 -0.04760015
1.33400000 -0.04738702
1.33500000 -0.04717500
1.33600000 -0.04696409
1.33700000 -0.04675427
1.33800000 -0.04654555
1.33900000 -0.04633791
1.34000000 -0.04613135
1.34100000 -0.04592585
1.34200000 -0.04572143
1.34300000 -0.04551806
1.34400000 -0.04531575
1.34500000 -0.04511448
1.34600000 -0.04491425
1.34700000 -0.04471505
1.34800000 -0.04451689
1.34900000 -0.04431974
1.35000000 -0.04412362
1.35100000 -0.04392850
1.35200000 -0.04373439
1.35300000 -0.04354127
1.35400000 -0.04334915
1.35500000 -0.04315801
1.35600000 -0.04296785
1.35700000 -0.04277867
1.35800000 -0.04259046
1.35900000 -0.04240322
1.36000000 -0.04221693
1.36100000 -0.04203159
1.36200000 -0.04184720
1.36300000 -0.04166375
1.36400000 -0.04148124
1.36500000 -0.04129966
1.36600000 -0.04111900
1.36700000 -0.04093926
1.36800000 -0.04076044
1.36900000 -0.04058253
1.37000000 -0.04040552
1.37100000 -0.04022941
1.37200000 -0.04005419
1.37300000 -0.03987986
1.37400000 -0.03970641
1.37500000 -0.03953384
1.37600000 -0.03936215
1.37700000 -0.03919132
1.37800000 -0.03902136
1.37900000 -0.03885225
1.38000000 -0.03868400
1.38100000 -0.03851659
1.38200000 -0.03835003
1.38300000 -0.03818431
1.38400000 -0.03801942
1.38500000 -0.03785536
1.38600000 -0.03769212
1.38700000 -0.03752970
1.38800000 -0.03736810
1.38900000 -0.03720731
1.39000000 -0.03704732
1.39100000 -0.03688814
1.39200000 -0.03672974
1.39300000 -0.03657215
1.39400000 -0.03641534
1.39500000 -0.03625931
1.39600000 -0.03610406
1.39700000 -0.03594958
1.39800000 -0.03579587
1.39900000 -0.03564293
1.40000000 -0.03549075
1.40100000 -0.03533933
1.40200000 -0.03518865
1.40300000 -0.03503873
1.40400000 -0.03488955
1.40500000 -0.03474111
1.40600000 -0.03459340
1.40700000 -0.03444643
1.40800000 -0.03430018
1.40900000 -0.03415465
1.41000000 -0.03400985
1.41100000 -0.03386575
1.41200000 -0.03372237
1.41300000 -0.03357970
1.41400000 -0.03343773
1.41500000 -0.03329646
1.41600000 -0.03315588
1.41700000 -0.03301599
1.41800000 -0.03287679
1.41900000 -0.03273828
1.42000000 -0.03260044
1.42100000 -0.03246328
1.42200000 -0.03232679
1.42300000 -0.03219097
1.42400000 -0.03205581
1.42500000 -0.03192132
1.42600000 -0.03178748
1.42700000 -0.03165430
1.42800000 -0.03152176
1.42900000 -0.03138987
1.43000000 -0.03125862
1.43100000 -0.03112802
1.43200000 -0.03099804
1.43300000 -0.03086870
1.43400000 -0.03073999
1.43500000 -0.03061191
1.43600000 -0.03048444
1.43700000 -0.03035759
1.43800000 -0.03023136
1.43900000 -0.03010574
1.44000000 -0.02998072
1.44100000 -0.02985631
1.44200000 -0.02973251
1.44300000 -0.02960930
1.44400000 -0.02948668
1.44500000 -0.02936466
1.44600000 -0.02924322
1.44700000 -0.02912237
1.44800000 -0.02900210
1.44900000 -0.02888241
1.45000000 -0.02876329
1.45100000 -0.02864475
1.45200000 -0.02852677
1.45300000 -0.02840936
1.45400000 -0.02829252
1.45500000 -0.02817623
1.45600000 -0.02806050
1.45700000 -0.02794532
1.45800000 -0.02783070
1.45900000 -0.02771662
1.46000000 -0.02760308
1.46100000 -0.02749009
1.46200000 -0.02737764
1.46300000 -0.02726572
1.46400000 -0.02715433
1.46500000 -0.02704348
1.46600000 -0.02693315
1.46700000 -0.02682334
1.46800000 -0.02671406
1.46900000 -0.02660530
1.47000000 -0.02649705
1.47100000 -0.02638931
1.47200000 -0.02628209
1.47300000 -0.02617537
1.47400000 -0.02606916
1.47500000 -0.02596345
1.47600000 -0.02585823
1.47700000 -0.02575352
1.47800000 -0.02564930
1.47900000 -0.02554557
1.48000000 -0.02544232
1.48100000 -0.02533957
1.48200000 -0.02523730
1.48300000 -0.02513550
1.48400000 -0.02503419
1.48500000 -0.02493335
1.48600000 -0.02483299
1.48700000 -0.02473309
1.48800000 -0.02463367
1.48900000 -0.02453471
1.49000000 -0.02443621
1.49100000 -0.02433817
1.49200000 -0.02424059
1.49300000 -0.02414347
1.49400000 -0.02404680
1.49500000 -0.02395058
1.49600000 -0.02385481
1.49700000 -0.02375949
1.49800000 -0.02366461
1.49900000 -0.02357017
1.50000000 -0.02347617
1.50100000 -0.02338260
1.50200000 -0.02328947
1.50300000 -0.02319677
1.50400000 -0.02310451
1.50500000 -0.02301267
1.50600000 -0.02292125
1.50700000 -0.02283026
1.50800000 -0.02273969
1.50900000 -0.02264954
1.51000000 -0.02255980
1.51100000 -0.02247048
1.51200000 -0.02238157
1.51300000 -0.02229307
1.51400000 -0.02220497
1.51500000 -0.02211729
1.51600000 -0.02203000
1.51700000 -0.02194312
1.51800000 -0.02185664
1.51900000 -0.02177055
1.52000000 -0.02168486
1.52100000 -0.02159956
1.52200000 -0.02151465
1.52300000 -0.02143013
1.52400000 -0.02134600
1.52500000 -0.02126225
1.52600000 -0.02117889
1.52700000 -0.02109590
1.52800000 -0.02101330
1.52900000 -0.02093107
1.53000000 -0.02084922
1.53100000 -0.02076774
1.53200000 -0.02068663
1.53300000 -0.02060589
1.53400000 -0.02052551
1.53500000 -0.02044550
1.53600000 -0.02036586
1.53700000 -0.02028658
1.53800000 -0.02020765
1.53900000 -0.02012909
1.54000000 -0.02005088
1.54100000 -0.01997302
1.54200000 -0.01989551
1.54300000 -0.01981836
1.54400000 -0.01974156
1.54500000 -0.01966510
1.54600000 -0.01958898
1.54700000 -0.01951321
1.54800000 -0.01943778
1.54900000 -0.01936270
1.55000000 -0.01928794
1.55100000 -0.01921353
1.55200000 -0.01913945
1.55300000 -0.01906570
1.55400000 -0.01899228
1.55500000 -0.01891920
1.55600000 -0.01884644
1.55700000 -0.01877400
1.55800000 -0.01870189
1.55900000 -0.01863011
1.56000000 -0.01855864
1.56100000 -0.01848750
1.56200000 -0.01841667
1.56300000 -0.01834615
1.56400000 -0.01827596
1.56500000 -0.01820607
1.56600000 -0.01813650
1.56700000 -0.01806723
1.56800000 -0.01799828
1.56900000 -0.01792963
1.57000000 -0.01786129
1.57100000 -0.01779325
1.57200000 -0.01772551
1.57300000 -0.01765807
1.57400000 -0.01759093
1.57500000 -0.01752409
1.57600000 -0.01745754
1.57700000 -0.01739129
1.57800000 -0.01732533
1.57900000 -0.01725967
1.58000000 -0.01719429
1.58100000 -0.01712920
1.58200000 -0.01706440
1.58300000 -0.01699989
1.58400000 -0.01693565
1.58500000 -0.01687171
1.58600000 -0.01680804
1.58700000 -0.01674465
1.58800000 -0.01668154
1.58900000 -0.01661871
1.59000000 -0.01655616
1.59100000 -0.01649387
1.59200000 -0.01643187
1.59300000 -0.01637013
1.59400000 -0.01630866
1.59500000 -0.01624746
1.59600000 -0.01618653
1.59700000 -0.01612587
1.59800000 -0.01606547
1.59900000 -0.01600534
1.60000000 -0.01594546
1.60100000 -0.01588585
1.60200000 -0.01582650
1.60300000 -0.01576740
1.60400000 -0.01570857
1.60500000 -0.01564999
1.60600000 -0.01559166
1.60700000 -0.01553359
1.60800000 -0.01547576
1.60900000 -0.01541819
1.61000000 -0.01536087
1.61100000 -0.01530380
1.61200000 -0.01524697
1.61300000 -0.01519040
1.61400000 -0.01513406
1.61500000 -0.01507797
1.61600000 -0.01502212
1.61700000 -0.01496651
1.61800000 -0.01491114
1.61900000 -0.01485601
1.62000000 -0.01480112
1.62100000 -0.01474646
1.62200000 -0.01469204
1.62300000 -0.01463786
1.62400000 -0.01458390
1.62500000 -0.01453018
1.62600000 -0.01447669
1.62700000 -0.01442343
1.62800000 -0.01437039
1.62900000 -0.01431759
1.63000000 -0.01426501
1.63100000 -0.01421265
1.63200000 -0.01416052
1.63300000 -0.01410861
1.63400000 -0.01405693
1.63500000 -0.01400546
1.63600000 -0.01395421
1.63700000 -0.01390319
1.63800000 -0.01385238
1.63900000 -0.01380178
1.64000000 -0.01375140
1.64100000 -0.01370124
1.64200000 -0.01365129
1.64300000 -0.01360155
1.64400000 -0.01355202
1.64500000 -0.01350270
1.64600000 -0.01345359
1.64700000 -0.01340469
1.64800000 -0.01335600
1.64900000 -0.01330751
1.65000000 -0.01325923
1.65100000 -0.01321115
1.65200000 -0.01316328
1.65300000 -0.01311561
1.65400000 -0.01306813
1.65500000 -0.01302086
1.65600000 -0.01297379
1.65700000 -0.01292692
1.65800000 -0.01288024
1.65900000 -0.01283376
1.66000000 -0.01278748
1.66100000 -0.01274139
1.66200000 -0.01269549
1.66300000 -0.01264979
1.66400000 -0.01260428
1.66500000 -0.01255895
1.66600000 -0.01251382
1.66700000 -0.01246888
1.66800000 -0.01242413
1.66900000 -0.01237956
1.67000000 -0.01233518
1.67100000 -0.01229099
1.67200000 -0.01224697
1.67300000 -0.01220315
1.67400000 -0.01215950
1.67500000 -0.01211604
1.67600000 -0.01207276
1.67700000 -0.01202966
1.67800000 -0.01198674
1.67900000 -0.01194399
1.68000000 -0.01190143
1.68100000 -0.01185904
1.68200000 -0.01181683
1.68300000 -0.01177479
1.68400000 -0.01173293
1.68500000 -0.01169124
1.68600000 -0.01164972
1.68700000 -0.01160837
1.68800000 -0.01156720
1.68900000 -0.01152620
1.69000000 -0.01148536
1.69100000 -0.01144469
1.69200000 -0.01140420
1.69300000 -0.01136386
1.69400000 -0.01132370
1.69500000 -0.01128370
1.69600000 -0.01124386
1.69700000 -0.01120419
1.69800000 -0.01116469
1.69900000 -0.01112534
1.70000000 -0.01108616
1.70100000 -0.01104713
1.70200000 -0.01100827
1.70300000 -0.01096957
1.70400000 -0.01093102
1.70500000 -0.01089263
1.70600000 -0.01085440
1.70700000 -0.01081633
1.70800000 -0.01077841
1.70900000 -0.01074065
1.71000000 -0.01070304
1.71100000 -0.01066558
1.71200000 -0.01062828
1.71300000 -0.01059113
1.71400000 -0.01055413
1.71500000 -0.01051728
1.71600000 -0.01048058
1.71700000 -0.01044403
1.71800000 -0.01040763
1.71900000 -0.01037138
1.72000000 -0.01033527
1.72100000 -0.01029931
1.72200000 -0.01026350
1.72300000 -0.01022783
1.72400000 -0.01019231
1.72500000 -0.01015693
1.72600000 -0.01012169
1.72700000 -0.01008660
1.72800000 -0.01005164
1.72900000 -0.01001683
1.73000000 -0.00998216
1.73100000 -0.00994763
1.73200000 -0.00991324
1.73300000 -0.00987898
1.73400000 -0.00984487
1.73500000 -0.00981089
1.73600000 -0.00977705
1.73700000 -0.00974334
1.73800000 -0.00970977
1.73900000 -0.00967634
1.74000000 -0.00964304
1.74100000 -0.00960987
1.74200000 -0.00957684
1.74300000 -0.00954393
1.74400000 -0.00951116
1.74500000 -0.00947853
1.74600000 -0.00944602
1.74700000 -0.00941364
1.74800000 -0.00938139
1.74900000 -0.00934927
1.75000000 -0.00931728
1.75100000 -0.00928541
1.75200000 -0.00925367
1.75300000 -0.00922206
1.75400000 -0.00919058
1.75500000 -0.00915922
1.75600000 -0.00912798
1.75700000 -0.00909687
1.75800000 -0.00906588
1.75900000 -0.00903502
1.76000000 -0.00900428
1.76100000 -0.00897366
1.76200000 -0.00894316
1.76300000 -0.00891278
1.76400000 -0.00888252
1.76500000 -0.00885238
1.76600000 -0.00882237
1.76700000 -0.00879247
1.76800000 -0.00876268
1.76900000 -0.00873302
1.77000000 -0.00870347
1.77100000 -0.00867404
1.77200000 -0.00864473
1.77300000 -0.00861553
1.77400000 -0.00858644
1.77500000 -0.00855747
1.77600000 -0.00852862
1.77700000 -0.00849987
1.77800000 -0.00847124
1.77900000 -0.00844273
1.78000000 -0.00841432
1.78100000 -0.00838603
1.78200000 -0.00835784
1.78300000 -0.00832977
1.78400000 -0.00830181
1.78500000 -0.00827396
1.78600000 -0.00824621
1.78700000 -0.00821857
1.78800000 -0.00819105
1.78900000 -0.00816363
1.79000000 -0.00813631
1.79100000 -0.00810911
1.79200000 -0.00808200
1.79300000 -0.00805501
1.79400000 -0.00802812
1.79500000 -0.00800133
1.79600000 -0.00797465
1.79700000 -0.00794807
1.79800000 -0.00792160
1.79900000 -0.00789523
1.80000000 -0.00786896
1.80100000 -0.00784279
1.80200000 -0.00781672
1.80300000 -0.00779076
1.80400000 -0.00776489
1.80500000 -0.00773913
1.80600000 -0.00771347
1.80700000 -0.00768790
1.80800000 -0.00766243
1.80900000 -0.00763706
1.81000000 -0.00761179
1.81100000 -0.00758662
1.81200000 -0.00756154
1.81300000 -0.00753657
1.81400000 -0.00751168
1.81500000 -0.00748689
1.81600000 -0.00746220
1.81700000 -0.00743761
1.81800000 -0.00741310
1.81900000 -0.00738869
1.82000000 -0.00736438
1.82100000 -0.00734016
1.82200000 -0.00731603
1.82300000 -0.00729199
1.82400000 -0.00726805
1.82500000 -0.00724420
1.82600000 -0.00722043
1.82700000 -0.00719676
1.82800000 -0.00717318
1.82900000 -0.00714969
1.83000000 -0.00712629
1.83100000 -0.00710298
1.83200000 -0.00707976
1.83300000 -0.00705663
1.83400000 -0.00703358
1.83500000 -0.00701062
1.83600000 -0.00698775
1.83700000 -0.00696497
1.83800000 -0.00694227
1.83900000 -0.00691966
1.84000000 -0.00689714
1.84100000 -0.00687470
1.84200000 -0.00685234
1.84300000 -0.00683007
1.84400000 -0.00680789
1.84500000 -0.00678579
1.84600000 -0.00676377
1.84700000 -0.00674183
1.84800000 -0.00671998
1.84900000 -0.00669821
1.85000000 -0.00667653
1.85100000 -0.00665492
1.85200000 -0.00663340
1.85300000 -0.00661196
1.85400000 -0.00659060
1.85500000 -0.00656932
1.85600000 -0.00654812
1.85700000 -0.00652699
1.85800000 -0.00650595
1.85900000 -0.00648499
1.86000000 -0.00646411
1.86100000 -0.00644330
1.86200000 -0.00642257
1.86300000 -0.00640192
1.86400000 -0.00638135
1.86500000 -0.00636086
1.86600000 -0.00634044
1.86700000 -0.00632010
1.86800000 -0.00629983
1.86900000 -0.00627964
1.87000000 -0.00625953
1.87100000 -0.00623949
1.87200000 -0.00621952
1.87300000 -0.00619963
1.87400000 -0.00617982
1.87500000 -0.00616007
1.87600000 -0.00614040
1.87700000 -0.00612081
1.87800000 -0.00610129
1.87900000 -0.00608184
1.88000000 -0.00606246
1.88100000 -0.00604315
1.88200000 -0.00602392
1.88300000 -0.00600476
1.88400000 -0.00598566
1.88500000 -0.00596664
1.88600000 -0.00594769
1.88700000 -0.00592881
1.88800000 -0.00591000
1.88900000 -0.00589126
1.89000000 -0.00587259
1.89100000 -0.00585399
1.89200000 -0.00583545
1.89300000 -0.00581699
1.89400000 -0.00579859
1.89500000 -0.00578026
1.89600000 -0.00576200
1.89700000 -0.00574380
1.89800000 -0.00572568
1.89900000 -0.00570762
1.90000000 -0.00568962
1.90100000 -0.00567169
1.90200000 -0.00565383
1.90300000 -0.00563603
1.90400000 -0.00561830
1.90500000 -0.00560063
1.90600000 -0.00558303
1.90700000 -0.00556549
1.90800000 -0.00554802
1.90900000 -0.00553061
1.91000000 -0.00551327
1.91100000 -0.00549598
1.91200000 -0.00547876
1.91300000 -0.00546161
1.91400000 -0.00544452
1.91500000 -0.00542748
1.91600000 -0.00541052
1.91700000 -0.00539361
1.91800000 -0.00537676
1.91900000 -0.00535998
1.92000000 -0.00534325
1.92100000 -0.00532659
1.92200000 -0.00530999
1.92300000 -0.00529345
1.92400000 -0.00527697
1.92500000 -0.00526055
1.92600000 -0.00524418
1.92700000 -0.00522788
1.92800000 -0.00521164
1.92900000 -0.00519545
1.93000000 -0.00517933
1.93100000 -0.00516326
1.93200000 -0.00514725
1.93300000 -0.00513130
1.93400000 -0.00511540
1.93500000 -0.00509957
1.93600000 -0.00508379
1.93700000 -0.00506807
1.93800000 -0.00505240
1.93900000 -0.00503679
1.94000000 -0.00502124
1.94100000 -0.00500574
1.94200000 -0.00499030
1.94300000 -0.00497491
1.94400000 -0.00495958
1.94500000 -0.00494431
1.94600000 -0.00492908
1.94700000 -0.00491392
1.94800000 -0.00489881
1.94900000 -0.00488375
1.95000000 -0.00486875
1.95100000 -0.00485380
1.95200000 -0.00483890
1.95300000 -0.00482406
1.95400000 -0.00480927
1.95500000 -0.00479453
1.95600000 -0.00477984
1.95700000 -0.00476521
1.95800000 -0.00475063
1.95900000 -0.00473610
1.96000000 -0.00472163
1.96100000 -0.00470720
1.96200000 -0.00469283
1.96300000 -0.00467851
1.96400000 -0.00466424
1.96500000 -0.00465002
1.96600000 -0.00463585
1.96700000 -0.00462173
1.96800000 -0.00460766
1.96900000 -0.00459364
1.97000000 -0.00457967
1.97100000 -0.00456575
1.97200000 -0.00455188
1.97300000 -0.00453806
1.97400000 -0.00452429
1.97500000 -0.00451056
1.97600000 -0.00449689
1.97700000 -0.00448326
1.97800000 -0.00446968
1.97900000 -0.00445615
1.98000000 -0.00444267
1.98100000 -0.00442923
1.98200000 -0.00441584
1.98300000 -0.00440250
1.98400000 -0.00438921
1.98500000 -0.00437596
1.98600000 -0.00436276
1.98700000 -0.00434961
1.98800000 -0.00433650
1.98900000 -0.00432344
1.99000000 -0.00431042
1.99100000 -0.00429745
1.99200000 -0.00428453
1.99300000 -0.00427165
1.99400000 -0.00425881
1.99500000 -0.00424602
1.99600000 -0.00423328
1.99700000 -0.00422058
1.99800000 -0.00420792
1.99900000 -0.00419531
2.00000000 -0.00418274
