0.10000000 4717343314.53398895
0.10100000 4186385354.97836876
0.10200000 3719561461.43741226
0.10300000 3308606524.04676628
0.10400000 2946386159.75755644
0.10500000 2626733211.77169418
0.10600000 2344309141.57740498
0.10700000 2094486336.71639848
0.10800000 1873248022.11280847
0.10900000 1677103011.57477546
0.11000000 1503012989.98326588
0.11100000 1348330392.78381038
0.11200000 1210745261.57821655
0.11300000 1088239714.18455720
0.11400000 979048883.72603226
0.11500000 881627361.67080212
0.11600000 794620330.45941854
0.11700000 716838697.49887705
0.11800000 647237648.04482043
0.11900000 584898123.27208102
0.12000000 529010804.48318422
0.12100000 478862247.26698506
0.12200000 433822862.43401587
0.12300000 393336485.32867962
0.12400000 356911312.98574388
0.12500000 324112020.66955328
0.12600000 294552896.53354126
0.12700000 267891856.23607320
0.12800000 243825218.99071527
0.12900000 222083143.25368345
0.13000000 202425634.51008663
0.13100000 184639049.79255751
0.13200000 168533033.96931219
0.13300000 153937831.74144736
0.13400000 140701926.91702577
0.13500000 128689967.07258129
0.13600000 117780937.33189242
0.13700000 107866551.82323147
0.13800000 98849835.53496966
0.13900000 90643872.87306510
0.14000000 83170702.31549023
0.14100000 76360339.22853729
0.14200000 70149911.21814816
0.14300000 64482892.38704214
0.14400000 59308424.59904824
0.14500000 54580715.35290501
0.14600000 50258503.17069194
0.14700000 46304582.53823679
0.14800000 42685381.41963556
0.14900000 39370585.22544326
0.15000000 36332801.86132887
0.15100000 33547263.13580962
0.15200000 30991558.37479901
0.15300000 28645396.58806741
0.15400000 26490393.96776255
0.15500000 24509883.88001907
0.15600000 22688746.84443340
0.15700000 21013258.28888682
0.15800000 19470952.12412478
0.15900000 18050498.40821438
0.16000000 16741593.56945806
0.16100000 15534861.83097791
0.16200000 14421766.63398289
0.16300000 13394530.99228860
0.16400000 12446065.83023207
0.16500000 11569905.46168096
0.16600000 10760149.46109168
0.16700000 10011410.26002180
0.16800000 9318765.87545446
0.16900000 8677717.24088938
0.17000000 8084149.66839502
0.17100000 7534298.02057498
0.17200000 7024715.21644400
0.17300000 6552243.73520819
0.17400000 6113989.81748920
0.17500000 5707300.09514101
0.17600000 5329740.40893599
0.17700000 4979076.59844446
0.17800000 4653257.07075095
0.17900000 4350396.97455126
0.18000000 4068763.82393147
0.18100000 3806764.43198307
0.18200000 3562933.02857230
0.18300000 3335920.44924311
0.18400000 3124484.29355911
0.18500000 2927479.96132756
0.18600000 2743852.48422777
0.18700000 2572629.07850275
0.18800000 2412912.35166915
0.18900000 2263874.10274661
0.19000000 2124749.66138442
0.19100000 1994832.71654263
0.19200000 1873470.59012902
0.19300000 1760059.91526078
0.19400000 1654042.68265843
0.19500000 1554902.62213667
0.19600000 1462161.88926994
0.19700000 1375378.03011712
0.19800000 1294141.19942016
0.19900000 1218071.60997461
0.20000000 1146817.19293149
0.20100000 1080051.45065082
0.20200000 1017471.48541012
0.20300000 958796.18879158
0.20400000 903764.57794763
0.20500000 852134.26618962
0.20600000 803680.05647208
0.20700000 758192.64736601
0.20800000 715477.44204054
0.20900000 675353.45161203
0.21000000 637652.28498077
0.21100000 602217.21796700
0.21200000 568902.33518579
0.21300000 537571.73867022
0.21400000 508098.81777102
0.21500000 480365.57533196
0.21600000 454262.00556921
0.21700000 429685.51947298
0.21800000 406540.41390533
0.21900000 384737.38089167
0.22000000 364193.05389829
0.22100000 344829.58815770
0.22200000 326574.27234828
0.22300000 309359.16915931
0.22400000 293120.78247603
0.22500000 277799.74910681
0.22600000 263340.55314440
0.22700000 249691.26120958
0.22800000 236803.27696747
0.22900000 224631.11343794
0.23000000 213132.18173986
0.23100000 202266.59501907
0.23200000 191996.98640939
0.23300000 182288.33996765
0.23400000 173107.83360816
0.23500000 164424.69313842
0.23600000 156210.05656889
0.23700000 148436.84793446
0.23800000 141079.65992441
0.23900000 134114.64467265
0.24000000 127519.41210999
0.24100000 121272.93532624
0.24200000 115355.46243256
0.24300000 109748.43445314
0.24400000 104434.40881135
0.24500000 99396.98800850
0.24600000 94620.75312338
0.24700000 90091.20178925
0.24800000 85794.69033015
0.24900000 81718.37976255
0.25000000 77850.18538994
0.25100000 74178.72973828
0.25200000 70693.29859889
0.25300000 67383.79996224
0.25400000 64240.72564223
0.25500000 61255.11540513
0.25600000 58418.52343062
0.25700000 55722.98694516
0.25800000 53160.99687925
0.25900000 50725.47041086
0.26000000 48409.72526710
0.26100000 46207.45566555
0.26200000 44112.70978464
0.26300000 42119.86866087
0.26400000 40223.62641739
0.26500000 38418.97173531
0.26600000 36701.17048561
0.26700000 35065.74944457
0.26800000 33508.48102185
0.26900000 32025.36893446
0.27000000 30612.63476504
0.27100000 29266.70534674
0.27200000 27984.20092117
0.27300000 26761.92401943
0.27400000 25596.84901957
0.27500000 24486.11233723
0.27600000 23427.00320880
0.27700000 22416.95502945
0.27800000 21453.53721072
0.27900000 20534.44752490
0.28000000 19657.50490538
0.28100000 18820.64267444
0.28200000 18021.90217155
0.28300000 17259.42675741
0.28400000 16531.45617018
0.28500000 15836.32121213
0.28600000 15172.43874630
0.28700000 14538.30698417
0.28800000 13932.50104636
0.28900000 13353.66877969
0.29000000 12800.52681510
0.29100000 12271.85685167
0.29200000 11766.50215307
0.29300000 11283.36424379
0.29400000 10821.39979284
0.29500000 10379.61767400
0.29600000 9957.07619185
0.29700000 9552.88046385
0.29800000 9166.17994916
0.29900000 8796.16611543
0.30000000 8442.07023566
0.30100000 8103.16130727
0.30200000 7778.74408628
0.30300000 7468.15722995
0.30400000 7170.77154156
0.30500000 6885.98831122
0.30600000 6613.23774749
0.30700000 6351.97749429
0.30800000 6101.69122829
0.30900000 5861.88733227
0.31000000 5632.09763997
0.31100000 5411.87624839
0.31200000 5200.79839389
0.31300000 4998.45938814
0.31400000 4804.47361091
0.31500000 4618.47355627
0.31600000 4440.10892925
0.31700000 4269.04579027
0.31800000 4104.96574448
0.31900000 3947.56517367
0.32000000 3796.55450833
0.32100000 3651.65753767
0.32200000 3512.61075549
0.32300000 3379.16273994
0.32400000 3251.07356533
0.32500000 3128.11424425
0.32600000 3010.06619830
0.32700000 2896.72075597
0.32800000 2787.87867608
0.32900000 2683.34969557
0.33000000 2582.95210013
0.33100000 2486.51231666
0.33200000 2393.86452622
0.33300000 2304.85029645
0.33400000 2219.31823247
0.33500000 2137.12364523
0.33600000 2058.12823632
0.33700000 1982.19979857
0.33800000 1909.21193141
0.33900000 1839.04377033
0.34000000 1771.57972967
0.34100000 1706.70925807
0.34200000 1644.32660587
0.34300000 1584.33060390
0.34400000 1526.62445307
0.34500000 1471.11552417
0.34600000 1417.71516734
0.34700000 1366.33853079
0.34800000 1316.90438825
0.34900000 1269.33497471
0.35000000 1223.55583002
0.35100000 1179.49564995
0.35200000 1137.08614443
0.35300000 1096.26190241
0.35400000 1056.96026321
0.35500000 1019.12119396
0.35600000 982.68717270
0.35700000 947.60307717
0.35800000 913.81607859
0.35900000 881.27554063
0.36000000 849.93292291
0.36100000 819.74168909
0.36200000 790.65721918
0.36300000 762.63672596
0.36400000 735.63917516
0.36500000 709.62520944
0.36600000 684.55707571
0.36700000 660.39855595
0.36800000 637.11490100
0.36900000 614.67276754
0.37000000 593.04015781
0.37100000 572.18636212
0.37200000 552.08190393
0.37300000 532.69848742
0.37400000 514.00894742
0.37500000 495.98720158
0.37600000 478.60820464
0.37700000 461.84790484
0.37800000 445.68320214
0.37900000 430.09190841
0.38000000 415.05270930
0.38100000 400.54512784
0.38200000 386.54948962
0.38300000 373.04688951
0.38400000 360.01915985
0.38500000 347.44883999
0.38600000 335.31914722
0.38700000 323.61394889
0.38800000 312.31773581
0.38900000 301.41559676
0.39000000 290.89319411
0.39100000 280.73674048
0.39200000 270.93297643
0.39300000 261.46914910
0.39400000 252.33299172
0.39500000 243.51270406
0.39600000 234.99693364
0.39700000 226.77475783
0.39800000 218.83566660
0.39900000 211.16954609
0.40000000 203.76666283
0.40100000 196.61764861
0.40200000 189.71348602
0.40300000 183.04549457
0.40400000 176.60531741
0.40500000 170.38490859
0.40600000 164.37652083
0.40700000 158.57269383
0.40800000 152.96624308
0.40900000 147.55024903
0.41000000 142.31804686
0.41100000 137.26321654
0.41200000 132.37957335
0.41300000 127.66115881
0.41400000 123.10223191
0.41500000 118.69726079
0.41600000 114.44091465
0.41700000 110.32805612
0.41800000 106.35373377
0.41900000 102.51317512
0.42000000 98.80177974
0.42100000 95.21511277
0.42200000 91.74889860
0.42300000 88.39901491
0.42400000 85.16148680
0.42500000 82.03248131
0.42600000 79.00830206
0.42700000 76.08538410
0.42800000 73.26028904
0.42900000 70.52970030
0.43000000 67.89041856
0.43100000 65.33935742
0.43200000 62.87353918
0.43300000 60.49009086
0.43400000 58.18624027
0.43500000 55.95931236
0.43600000 53.80672558
0.43700000 51.72598850
0.43800000 49.71469645
0.43900000 47.77052840
0.44000000 45.89124387
0.44100000 44.07468002
0.44200000 42.31874880
0.44300000 40.62143425
0.44400000 38.98078989
0.44500000 37.39493621
0.44600000 35.86205825
0.44700000 34.38040327
0.44800000 32.94827851
0.44900000 31.56404907
0.45000000 30.22613578
0.45100000 28.93301329
0.45200000 27.68320807
0.45300000 26.47529661
0.45400000 25.30790363
0.45500000 24.17970039
0.45600000 23.08940299
0.45700000 22.03577087
0.45800000 21.01760518
0.45900000 20.03374740
0.46000000 19.08307788
0.46100000 18.16451448
0.46200000 17.27701126
0.46300000 16.41955722
0.46400000 15.59117509
0.46500000 14.79092013
0.46600000 14.01787901
0.46700000 13.27116873
0.46800000 12.54993557
0.46900000 11.85335407
0.47000000 11.18062604
0.47100000 10.53097965
0.47200000 9.90366852
0.47300000 9.29797083
0.47400000 8.71318847
0.47500000 8.14864626
0.47600000 7.60369115
0.47700000 7.07769148
0.47800000 6.57003620
0.47900000 6.08013426
0.48000000 5.60741384
0.48100000 5.15132176
0.48200000 4.71132283
0.48300000 4.28689923
0.48400000 3.87754994
0.48500000 3.48279019
0.48600000 3.10215087
0.48700000 2.73517804
0.48800000 2.38143242
0.48900000 2.04048890
0.49000000 1.71193604
0.49100000 1.39537564
0.49200000 1.09042230
0.49300000 0.79670300
0.49400000 0.51385666
0.49500000 0.24153378
0.49600000 -0.02060399
0.49700000 -0.27288415
0.49800000 -0.51562376
0.49900000 -0.74912978
0.50000000 -0.97369937
0.50100000 -1.18962025
0.50200000 -1.39717097
0.50300000 -1.59662127
0.50400000 -1.78823228
0.50500000 -1.97225688
0.50600000 -2.14893995
0.50700000 -2.31851858
0.50800000 -2.48122240
0.50900000 -2.63727376
0.51000000 -2.78688800
0.51100000 -2.93027368
0.51200000 -3.06763275
0.51300000 -3.19916083
0.51400000 -3.32504738
0.51500000 -3.44547588
0.51600000 -3.56062407
0.51700000 -3.67066409
0.51800000 -3.77576268
0.51900000 -3.87608136
0.52000000 -3.97177658
0.52100000 -4.06299987
0.52200000 -4.14989805
0.52300000 -4.23261332
0.52400000 -4.31128345
0.52500000 -4.38604188
0.52600000 -4.45701790
0.52700000 -4.52433676
0.52800000 -4.58811979
0.52900000 -4.64848453
0.53000000 -4.70554489
0.53100000 -4.75941117
0.53200000 -4.81019028
0.53300000 -4.85798578
0.53400000 -4.90289800
0.53500000 -4.94502415
0.53600000 -4.98445841
0.53700000 -5.02129204
0.53800000 -5.05561344
0.53900000 -5.08750827
0.54000000 -5.11705952
0.54100000 -5.14434760
0.54200000 -5.16945043
0.54300000 -5.19244348
0.54400000 -5.21339989
0.54500000 -5.23239052
0.54600000 -5.24948402
0.54700000 -5.26474691
0.54800000 -5.27824364
0.54900000 -5.29003666
0.55000000 -5.30018645
0.55100000 -5.30875162
0.55200000 -5.31578898
0.55300000 -5.32135353
0.55400000 -5.32549857
0.55500000 -5.32827575
0.55600000 -5.32973509
0.55700000 -5.32992507
0.55800000 -5.32889263
0.55900000 -5.32668326
0.56000000 -5.32334102
0.56100000 -5.31890861
0.56200000 -5.31342737
0.56300000 -5.30693736
0.56400000 -5.29947737
0.56500000 -5.29108498
0.56600000 -5.28179661
0.56700000 -5.27164750
0.56800000 -5.26067181
0.56900000 -5.24890260
0.57000000 -5.23637191
0.57100000 -5.22311076
0.57200000 -5.20914918
0.57300000 -5.19451627
0.57400000 -5.17924019
0.57500000 -5.16334823
0.57600000 -5.14686678
0.57700000 -5.12982143
0.57800000 -5.11223691
0.57900000 -5.09413721
0.58000000 -5.07554551
0.58100000 -5.05648428
0.58200000 -5.03697525
0.58300000 -5.01703947
0.58400000 -4.99669729
0.58500000 -4.97596842
0.58600000 -4.95487194
0.58700000 -4.93342629
0.58800000 -4.91164932
0.58900000 -4.88955832
0.59000000 -4.86716999
0.59100000 -4.84450050
0.59200000 -4.82156548
0.59300000 -4.79838006
0.59400000 -4.77495885
0.59500000 -4.75131601
0.59600000 -4.72746520
0.59700000 -4.70341964
0.59800000 -4.67919212
0.59900000 -4.65479499
0.60000000 -4.63024018
0.60100000 -4.60553923
0.60200000 -4.58070329
0.60300000 -4.55574313
0.60400000 -4.53066916
0.60500000 -4.50549142
0.60600000 -4.48021963
0.60700000 -4.45486314
0.60800000 -4.42943101
0.60900000 -4.40393197
0.61000000 -4.37837445
0.61100000 -4.35276659
0.61200000 -4.32711624
0.61300000 -4.30143095
0.61400000 -4.27571805
0.61500000 -4.24998456
0.61600000 -4.22423728
0.61700000 -4.19848275
0.61800000 -4.17272727
0.61900000 -4.14697692
0.62000000 -4.12123756
0.62100000 -4.09551480
0.62200000 -4.06981409
0.62300000 -4.04414064
0.62400000 -4.01849947
0.62500000 -3.99289543
0.62600000 -3.96733314
0.62700000 -3.94181710
0.62800000 -3.91635158
0.62900000 -3.89094071
0.63000000 -3.86558845
0.63100000 -3.84029861
0.63200000 -3.81507484
0.63300000 -3.78992063
0.63400000 -3.76483934
0.63500000 -3.73983419
0.63600000 -3.71490826
0.63700000 -3.69006450
0.63800000 -3.66530572
0.63900000 -3.64063464
0.64000000 -3.61605383
0.64100000 -3.59156575
0.64200000 -3.56717276
0.64300000 -3.54287710
0.64400000 -3.51868091
0.64500000 -3.49458623
0.64600000 -3.47059499
0.64700000 -3.44670905
0.64800000 -3.42293015
0.64900000 -3.39925996
0.65000000 -3.37570005
0.65100000 -3.35225191
0.65200000 -3.32891696
0.65300000 -3.30569652
0.65400000 -3.28259187
0.65500000 -3.25960416
0.65600000 -3.23673453
0.65700000 -3.21398402
0.65800000 -3.19135360
0.65900000 -3.16884418
0.66000000 -3.14645662
0.66100000 -3.12419171
0.66200000 -3.10205018
0.66300000 -3.08003271
0.66400000 -3.05813992
0.66500000 -3.03637238
0.66600000 -3.01473061
0.66700000 -2.99321509
0.66800000 -2.97182622
0.66900000 -2.95056440
0.67000000 -2.92942995
0.67100000 -2.90842317
0.67200000 -2.88754430
0.67300000 -2.86679355
0.67400000 -2.84617111
0.67500000 -2.82567709
0.67600000 -2.80531161
0.67700000 -2.78507472
0.67800000 -2.76496646
0.67900000 -2.74498682
0.68000000 -2.72513578
0.68100000 -2.70541327
0.68200000 -2.68581920
0.68300000 -2.66635347
0.68400000 -2.64701592
0.68500000 -2.62780638
0.68600000 -2.60872466
0.68700000 -2.58977055
0.68800000 -2.57094380
0.68900000 -2.55224415
0.69000000 -2.53367133
0.69100000 -2.51522502
0.69200000 -2.49690490
0.69300000 -2.47871064
0.69400000 -2.46064188
0.69500000 -2.44269823
0.69600000 -2.42487931
0.69700000 -2.40718471
0.69800000 -2.38961401
0.69900000 -2.37216677
0.70000000 -2.35484254
0.70100000 -2.33764085
0.70200000 -2.32056123
0.70300000 -2.30360319
0.70400000 -2.28676624
0.70500000 -2.27004985
0.70600000 -2.25345351
0.70700000 -2.23697668
0.70800000 -2.22061883
0.70900000 -2.20437941
0.71000000 -2.18825786
0.71100000 -2.17225361
0.71200000 -2.15636609
0.71300000 -2.14059472
0.71400000 -2.12493891
0.71500000 -2.10939806
0.71600000 -2.09397159
0.71700000 -2.07865887
0.71800000 -2.06345931
0.71900000 -2.04837228
0.72000000 -2.03339716
0.72100000 -2.01853333
0.72200000 -2.00378016
0.72300000 -1.98913702
0.72400000 -1.97460327
0.72500000 -1.96017827
0.72600000 -1.94586139
0.72700000 -1.93165197
0.72800000 -1.91754936
0.72900000 -1.90355293
0.73000000 -1.88966201
0.73100000 -1.87587596
0.73200000 -1.86219412
0.73300000 -1.84861583
0.73400000 -1.83514044
0.73500000 -1.82176730
0.73600000 -1.80849573
0.73700000 -1.79532510
0.73800000 -1.78225472
0.73900000 -1.76928396
0.74000000 -1.75641214
0.74100000 -1.74363862
0.74200000 -1.73096272
0.74300000 -1.71838380
0.74400000 -1.70590120
0.74500000 -1.69351426
0.74600000 -1.68122232
0.74700000 -1.66902473
0.74800000 -1.65692084
0.74900000 -1.64491000
0.75000000 -1.63299155
0.75100000 -1.62116485
0.75200000 -1.60942925
0.75300000 -1.59778410
0.75400000 -1.58622876
0.75500000 -1.57476259
0.75600000 -1.56338494
0.75700000 -1.55209519
0.75800000 -1.54089268
0.75900000 -1.52977680
0.76000000 -1.51874691
0.76100000 -1.50780238
0.76200000 -1.49694258
0.76300000 -1.48616690
0.76400000 -1.47547470
0.76500000 -1.46486537
0.76600000 -1.45433830
0.76700000 -1.44389286
0.76800000 -1.43352846
0.76900000 -1.42324448
0.77000000 -1.41304032
0.77100000 -1.40291537
0.77200000 -1.39286904
0.77300000 -1.38290074
0.77400000 -1.37300986
0.77500000 -1.36319582
0.77600000 -1.35345803
0.77700000 -1.34379591
0.77800000 -1.33420888
0.77900000 -1.32469636
0.78000000 -1.31525778
0.78100000 -1.30589256
0.78200000 -1.29660015
0.78300000 -1.28737996
0.78400000 -1.27823146
0.78500000 -1.26915407
0.78600000 -1.26014724
0.78700000 -1.25121043
0.78800000 -1.24234308
0.78900000 -1.23354465
0.79000000 -1.22481461
0.79100000 -1.21615240
0.79200000 -1.20755751
0.79300000 -1.19902939
0.79400000 -1.19056753
0.79500000 -1.18217140
0.79600000 -1.17384047
0.79700000 -1.16557424
0.79800000 -1.15737219
0.79900000 -1.14923380
0.80000000 -1.14115858
0.80100000 -1.13314602
0.80200000 -1.12519562
0.80300000 -1.11730689
0.80400000 -1.10947933
0.80500000 -1.10171245
0.80600000 -1.09400577
0.80700000 -1.08635880
0.80800000 -1.07877108
0.80900000 -1.07124211
0.81000000 -1.06377143
0.81100000 -1.05635858
0.81200000 -1.04900308
0.81300000 -1.04170447
0.81400000 -1.03446230
0.81500000 -1.02727611
0.81600000 -1.02014544
0.81700000 -1.01306986
0.81800000 -1.00604891
0.81900000 -0.99908216
0.82000000 -0.99216916
0.82100000 -0.98530948
0.82200000 -0.97850268
0.82300000 -0.97174835
0.82400000 -0.96504605
0.82500000 -0.95839536
0.82600000 -0.95179586
0.82700000 -0.94524714
0.82800000 -0.93874879
0.82900000 -0.93230039
0.83000000 -0.92590154
0.83100000 -0.91955183
0.83200000 -0.91325087
0.83300000 -0.90699826
0.83400000 -0.90079361
0.83500000 -0.89463652
0.83600000 -0.88852661
0.83700000 -0.88246349
0.83800000 -0.87644678
0.83900000 -0.87047611
0.84000000 -0.86455109
0.84100000 -0.85867136
0.84200000 -0.85283655
0.84300000 -0.84704628
0.84400000 -0.84130020
0.84500000 -0.83559795
0.84600000 -0.82993916
0.84700000 -0.82432349
0.84800000 -0.81875057
0.84900000 -0.81322007
0.85000000 -0.80773163
0.85100000 -0.80228492
0.85200000 -0.79687959
0.85300000 -0.79151529
0.85400000 -0.78619171
0.85500000 -0.78090850
0.85600000 -0.77566534
0.85700000 -0.77046190
0.85800000 -0.76529785
0.85900000 -0.76017287
0.86000000 -0.75508665
0.86100000 -0.75003886
0.86200000 -0.74502920
0.86300000 -0.74005734
0.86400000 -0.73512300
0.86500000 -0.73022584
0.86600000 -0.72536559
0.86700000 -0.72054192
0.86800000 -0.71575455
0.86900000 -0.71100317
0.87000000 -0.70628750
0.87100000 -0.70160724
0.87200000 -0.69696211
0.87300000 -0.69235181
0.87400000 -0.68777607
0.87500000 -0.68323460
0.87600000 -0.67872713
0.87700000 -0.67425336
0.87800000 -0.66981305
0.87900000 -0.66540590
0.88000000 -0.66103164
0.88100000 -0.65669002
0.88200000 -0.65238077
0.88300000 -0.64810362
0.88400000 -0.64385831
0.88500000 -0.63964459
0.88600000 -0.63546218
0.88700000 -0.63131086
0.88800000 -0.62719035
0.88900000 -0.62310041
0.89000000 -0.61904079
0.89100000 -0.61501124
0.89200000 -0.61101153
0.89300000 -0.60704141
0.89400000 -0.60310063
0.89500000 -0.59918897
0.89600000 -0.59530618
0.89700000 -0.59145204
0.89800000 -0.58762630
0.89900000 -0.58382875
0.90000000 -0.58005914
0.90100000 -0.57631727
0.90200000 -0.57260289
0.90300000 -0.56891580
0.90400000 -0.56525577
0.90500000 -0.56162257
0.90600000 -0.55801601
0.90700000 -0.55443585
0.90800000 -0.55088189
0.90900000 -0.54735392
0.91000000 -0.54385172
0.91100000 -0.54037509
0.91200000 -0.53692383
0.91300000 -0.53349773
0.91400000 -0.53009658
0.91500000 -0.52672019
0.91600000 -0.52336836
0.91700000 -0.52004089
0.91800000 -0.51673759
0.91900000 -0.51345826
0.92000000 -0.51020270
0.92100000 -0.50697074
0.92200000 -0.50376218
0.92300000 -0.50057683
0.92400000 -0.49741451
0.92500000 -0.49427503
0.92600000 -0.49115821
0.92700000 -0.48806387
0.92800000 -0.48499183
0.92900000 -0.48194191
0.93000000 -0.47891394
0.93100000 -0.47590774
0.93200000 -0.47292314
0.93300000 -0.46995996
0.93400000 -0.46701804
0.93500000 -0.46409720
0.93600000 -0.46119729
0.93700000 -0.45831812
0.93800000 -0.45545954
0.93900000 -0.45262139
0.94000000 -0.44980350
0.94100000 -0.44700571
0.94200000 -0.44422786
0.94300000 -0.44146980
0.94400000 -0.43873137
0.94500000 -0.43601241
0.94600000 -0.43331276
0.94700000 -0.43063229
0.94800000 -0.42797082
0.94900000 -0.42532823
0.95000000 -0.42270435
0.95100000 -0.42009904
0.95200000 -0.41751215
0.95300000 -0.41494354
0.95400000 -0.41239306
0.95500000 -0.40986058
0.95600000 -0.40734594
0.95700000 -0.40484901
0.95800000 -0.40236966
0.95900000 -0.39990774
0.96000000 -0.39746311
0.96100000 -0.39503565
0.96200000 -0.39262521
0.96300000 -0.39023167
0.96400000 -0.38785489
0.96500000 -0.38549474
0.96600000 -0.38315109
0.96700000 -0.38082381
0.96800000 -0.37851278
0.96900000 -0.37621787
0.97000000 -0.37393895
0.97100000 -0.37167589
0.97200000 -0.36942858
0.97300000 -0.36719690
0.97400000 -0.36498071
0.97500000 -0.36277991
0.97600000 -0.36059437
0.97700000 -0.35842397
0.97800000 -0.35626860
0.97900000 -0.35412813
0.98000000 -0.35200246
0.98100000 -0.34989148
0.98200000 -0.34779505
0.98300000 -0.34571309
0.98400000 -0.34364546
0.98500000 -0.34159207
0.98600000 -0.33955280
0.98700000 -0.33752755
0.98800000 -0.33551620
0.98900000 -0.33351865
0.99000000 -0.33153479
0.99100000 -0.32956452
0.99200000 -0.32760774
0.99300000 -0.32566433
0.99400000 -0.32373421
0.99500000 -0.32181726
0.99600000 -0.31991339
0.99700000 -0.31802249
0.99800000 -0.31614447
0.99900000 -0.31427922
1.00000000 -0.31242666
1.00100000 -0.31058668
1.00200000 -0.30875919
1.00300000 -0.30694410
1.00400000 -0.30514130
1.00500000 -0.30335071
1.00600000 -0.30157223
1.00700000 -0.29980577
1.00800000 -0.29805124
1.00900000 -0.29630855
1.01000000 -0.29457761
1.01100000 -0.29285833
1.01200000 -0.29115063
1.01300000 -0.28945441
1.01400000 -0.28776958
1.01500000 -0.28609607
1.01600000 -0.28443379
1.01700000 -0.28278265
1.01800000 -0.28114256
1.01900000 -0.27951345
1.02000000 -0.27789524
1.02100000 -0.27628783
1.02200000 -0.27469116
1.02300000 -0.27310513
1.02400000 -0.27152968
1.02500000 -0.26996471
1.02600000 -0.26841016
1.02700000 -0.26686593
1.02800000 -0.26533197
1.02900000 -0.26380819
1.03000000 -0.26229450
1.03100000 -0.26079085
1.03200000 -0.25929715
1.03300000 -0.25781333
1.03400000 -0.25633932
1.03500000 -0.25487504
1.03600000 -0.25342042
1.03700000 -0.25197539
1.03800000 -0.25053988
1.03900000 -0.24911382
1.04000000 -0.24769713
1.04100000 -0.24628975
1.04200000 -0.24489161
1.04300000 -0.24350264
1.04400000 -0.24212277
1.04500000 -0.24075194
1.04600000 -0.23939008
1.04700000 -0.23803712
1.04800000 -0.23669300
1.04900000 -0.23535765
1.05000000 -0.23403101
1.05100000 -0.23271301
1.05200000 -0.23140359
1.05300000 -0.23010269
1.05400000 -0.22881025
1.05500000 -0.22752620
1.05600000 -0.22625048
1.05700000 -0.22498303
1.05800000 -0.22372379
1.05900000 -0.22247270
1.06000000 -0.22122970
1.06100000 -0.21999473
1.06200000 -0.21876774
1.06300000 -0.21754866
1.06400000 -0.21633744
1.06500000 -0.21513402
1.06600000 -0.21393834
1.06700000 -0.21275035
1.06800000 -0.21157000
1.06900000 -0.21039722
1.07000000 -0.20923196
1.07100000 -0.20807416
1.07200000 -0.20692378
1.07300000 -0.20578076
1.07400000 -0.20464505
1.07500000 -0.20351659
1.07600000 -0.20239533
1.07700000 -0.20128122
1.07800000 -0.20017421
1.07900000 -0.19907424
1.08000000 -0.19798127
1.08100000 -0.19689525
1.08200000 -0.19581612
1.08300000 -0.19474384
1.08400000 -0.19367836
1.08500000 -0.19261962
1.08600000 -0.19156759
1.08700000 -0.19052221
1.08800000 -0.18948343
1.08900000 -0.18845121
1.09000000 -0.18742551
1.09100000 -0.18640626
1.09200000 -0.18539344
1.09300000 -0.18438699
1.09400000 -0.18338686
1.09500000 -0.18239302
1.09600000 -0.18140542
1.09700000 -0.18042401
1.09800000 -0.17944875
1.09900000 -0.17847960
1.10000000 -0.17751651
1.10100000 -0.17655944
1.10200000 -0.17560835
1.10300000 -0.17466319
1.10400000 -0.17372393
1.10500000 -0.17279052
1.10600000 -0.17186292
1.10700000 -0.17094108
1.10800000 -0.17002498
1.10900000 -0.16911457
1.11000000 -0.16820981
1.11100000 -0.16731065
1.11200000 -0.16641707
1.11300000 -0.16552901
1.11400000 -0.16464645
1.11500000 -0.16376934
1.11600000 -0.16289765
1.11700000 -0.16203133
1.11800000 -0.16117036
1.11900000 -0.16031468
1.12000000 -0.15946428
1.12100000 -0.15861910
1.12200000 -0.15777912
1.12300000 -0.15694429
1.12400000 -0.15611458
1.12500000 -0.15528996
1.12600000 -0.15447039
1.12700000 -0.15365583
1.12800000 -0.15284625
1.12900000 -0.15204162
1.13000000 -0.15124190
1.13100000 -0.15044706
1.13200000 -0.14965706
1.13300000 -0.14887187
1.13400000 -0.14809146
1.13500000 -0.14731580
1.13600000 -0.14654484
1.13700000 -0.14577857
1.13800000 -0.14501694
1.13900000 -0.14425992
1.14000000 -0.14350749
1.14100000 -0.14275962
1.14200000 -0.14201626
1.14300000 -0.14127739
1.14400000 -0.14054298
1.14500000 -0.13981300
1.14600000 -0.13908742
1.14700000 -0.13836621
1.14800000 -0.13764933
1.14900000 -0.13693676
1.15000000 -0.13622848
1.15100000 -0.13552444
1.15200000 -0.13482463
1.15300000 -0.13412900
1.15400000 -0.13343755
1.15500000 -0.13275022
1.15600000 -0.13206701
1.15700000 -0.13138788
1.15800000 -0.13071279
1.15900000 -0.13004174
1.16000000 -0.12937468
1.16100000 -0.12871159
1.16200000 -0.12805245
1.16300000 -0.12739722
1.16400000 -0.12674589
1.16500000 -0.12609842
1.16600000 -0.12545479
1.16700000 -0.12481497
1.16800000 -0.12417894
1.16900000 -0.12354667
1.17000000 -0.12291813
1.17100000 -0.12229331
1.17200000 -0.12167218
1.17300000 -0.12105471
1.17400000 -0.12044087
1.17500000 -0.11983065
1.17600000 -0.11922402
1.17700000 -0.11862095
1.17800000 -0.11802143
1.17900000 -0.11742542
1.18000000 -0.11683290
1.18100000 -0.11624386
1.18200000 -0.11565827
1.18300000 -0.11507610
1.18400000 -0.11449733
1.18500000 -0.11392195
1.18600000 -0.11334992
1.18700000 -0.11278122
1.18800000 -0.11221584
1.18900000 -0.11165375
1.19000000 -0.11109493
1.19100000 -0.11053936
1.19200000 -0.10998701
1.19300000 -0.10943787
1.19400000 -0.10889191
1.19500000 -0.10834912
1.19600000 -0.10780947
1.19700000 -0.10727294
1.19800000 -0.10673951
1.19900000 -0.10620916
1.20000000 -0.10568187
1.20100000 -0.10515763
1.20200000 -0.10463640
1.20300000 -0.10411818
1.20400000 -0.10360293
1.20500000 -0.10309065
1.20600000 -0.10258131
1.20700000 -0.10207489
1.20800000 -0.10157138
1.20900000 -0.10107075
1.21000000 -0.10057299
1.21100000 -0.10007808
1.21200000 -0.09958599
1.21300000 -0.09909672
1.21400000 -0.09861024
1.21500000 -0.09812654
1.21600000 -0.09764559
1.21700000 -0.09716738
1.21800000 -0.09669189
1.21900000 -0.09621910
1.22000000 -0.09574900
1.22100000 -0.09528157
1.22200000 -0.09481679
1.22300000 -0.09435464
1.22400000 -0.09389512
1.22500000 -0.09343819
1.22600000 -0.09298384
1.22700000 -0.09253207
1.22800000 -0.09208284
1.22900000 -0.09163615
1.23000000 -0.09119198
1.23100000 -0.09075031
1.23200000 -0.09031112
1.23300000 -0.08987440
1.23400000 -0.08944014
1.23500000 -0.08900832
1.23600000 -0.08857892
1.23700000 -0.08815193
1.23800000 -0.08772733
1.23900000 -0.08730511
1.24000000 -0.08688525
1.24100000 -0.08646773
1.24200000 -0.08605255
1.24300000 -0.08563968
1.24400000 -0.08522912
1.24500000 -0.08482085
1.24600000 -0.08441485
1.24700000 -0.08401110
1.24800000 -0.08360960
1.24900000 -0.08321034
1.25000000 -0.08281329
1.25100000 -0.08241844
1.25200000 -0.08202578
1.25300000 -0.08163529
1.25400000 -0.08124697
1.25500000 -0.08086079
1.25600000 -0.08047675
1.25700000 -0.08009482
1.25800000 -0.07971501
1.25900000 -0.07933729
1.26000000 -0.07896165
1.26100000 -0.07858807
1.26200000 -0.07821655
1.26300000 -0.07784708
1.26400000 -0.07747963
1.26500000 -0.07711420
1.26600000 -0.07675077
1.26700000 -0.07638934
1.26800000 -0.07602988
1.26900000 -0.07567239
1.27000000 -0.07531686
1.27100000 -0.07496327
1.27200000 -0.07461160
1.27300000 -0.07426186
1.27400000 -0.07391402
1.27500000 -0.07356808
1.27600000 -0.07322402
1.27700000 -0.07288183
1.27800000 -0.07254150
1.27900000 -0.07220302
1.28000000 -0.07186637
1.28100000 -0.07153155
1.28200000 -0.07119855
1.28300000 -0.07086735
1.28400000 -0.07053793
1.28500000 -0.07021030
1.28600000 -0.06988444
1.28700000 -0.06956034
1.28800000 -0.06923799
1.28900000 -0.06891737
1.29000000 -0.06859848
1.29100000 -0.06828131
1.29200000 -0.06796584
1.29300000 -0.06765207
1.29400000 -0.06733998
1.29500000 -0.06702957
1.29600000 -0.06672082
1.29700000 -0.06641373
1.29800000 -0.06610828
1.29900000 -0.06580446
1.30000000 -0.06550227
1.30100000 -0.06520169
1.30200000 -0.06490272
1.30300000 -0.06460534
1.30400000 -0.06430954
1.30500000 -0.06401532
1.30600000 -0.06372267
1.30700000 -0.06343157
1.30800000 -0.06314202
1.30900000 -0.06285401
1.31000000 -0.06256753
1.31100000 -0.06228256
1.31200000 -0.06199911
1.31300000 -0.06171715
1.31400000 -0.06143669
1.31500000 -0.06115771
1.31600000 -0.06088021
1.31700000 -0.06060416
1.31800000 -0.06032958
1.31900000 -0.06005644
1.32000000 -0.05978474
1.32100000 -0.05951447
1.32200000 -0.05924563
1.32300000 -0.05897819
1.32400000 -0.05871216
1.32500000 -0.05844753
1.32600000 -0.05818428
1.32700000 -0.05792242
1.32800000 -0.05766192
1.32900000 -0.05740279
1.33000000 -0.05714501
1.33100000 -0.05688858
1.33200000 -0.05663349
1.33300000 -0.05637973
1.33400000 -0.05612729
1.33500000 -0.05587617
1.33600000 -0.05562636
1.33700000 -0.05537784
1.33800000 -0.05513062
1.33900000 -0.05488468
1.34000000 -0.05464002
1.34100000 -0.05439662
1.34200000 -0.05415449
1.34300000 -0.05391361
1.34400000 -0.05367398
1.34500000 -0.05343559
1.34600000 -0.05319843
1.34700000 -0.05296250
1.34800000 -0.05272778
1.34900000 -0.05249428
1.35000000 -0.05226197
1.35100000 -0.05203087
1.35200000 -0.05180095
1.35300000 -0.05157222
1.35400000 -0.05134466
1.35500000 -0.05111827
1.35600000 -0.05089304
1.35700000 -0.05066896
1.35800000 -0.05044604
1.35900000 -0.05022425
1.36000000 -0.05000360
1.36100000 -0.04978408
1.36200000 -0.04956568
1.36300000 -0.04934840
1.36400000 -0.04913222
1.36500000 -0.04891715
1.36600000 -0.04870317
1.36700000 -0.04849028
1.36800000 -0.04827848
1.36900000 -0.04806775
1.37000000 -0.04785809
1.37100000 -0.04764950
1.37200000 -0.04744196
1.37300000 -0.04723548
1.37400000 -0.04703004
1.37500000 -0.04682564
1.37600000 -0.04662228
1.37700000 -0.04641994
1.37800000 -0.04621863
1.37900000 -0.04601833
1.38000000 -0.04581905
1.38100000 -0.04562077
1.38200000 -0.04542348
1.38300000 -0.04522719
1.38400000 -0.04503189
1.38500000 -0.04483757
1.38600000 -0.04464422
1.38700000 -0.04445185
1.38800000 -0.04426044
1.38900000 -0.04406999
1.39000000 -0.04388049
1.39100000 -0.04369195
1.39200000 -0.04350434
1.39300000 -0.04331768
1.39400000 -0.04313194
1.39500000 -0.04294713
1.39600000 -0.04276325
1.39700000 -0.04258028
1.39800000 -0.04239822
1.39900000 -0.04221707
1.40000000 -0.04203682
1.40100000 -0.04185747
1.40200000 -0.04167901
1.40300000 -0.04150143
1.40400000 -0.04132473
1.40500000 -0.04114891
1.40600000 -0.04097396
1.40700000 -0.04079988
1.40800000 -0.04062665
1.40900000 -0.04045429
1.41000000 -0.04028277
1.41100000 -0.04011210
1.41200000 -0.03994228
1.41300000 -0.03977329
1.41400000 -0.03960513
1.41500000 -0.03943780
1.41600000 -0.03927130
1.41700000 -0.03910561
1.41800000 -0.03894073
1.41900000 -0.03877667
1.42000000 -0.03861341
1.42100000 -0.03845095
1.42200000 -0.03828929
1.42300000 -0.03812842
1.42400000 -0.03796833
1.42500000 -0.03780903
1.42600000 -0.03765050
1.42700000 -0.03749275
1.42800000 -0.03733577
1.42900000 -0.03717956
1.43000000 -0.03702410
1.43100000 -0.03686941
1.43200000 -0.03671546
1.43300000 -0.03656226
1.43400000 -0.03640981
1.43500000 -0.03625810
1.43600000 -0.03610713
1.43700000 -0.03595688
1.43800000 -0.03580737
1.43900000 -0.03565857
1.44000000 -0.03551050
1.44100000 -0.03536315
1.44200000 -0.03521650
1.44300000 -0.03507057
1.44400000 -0.03492534
1.44500000 -0.03478080
1.44600000 -0.03463697
1.44700000 -0.03449383
1.44800000 -0.03435137
1.44900000 -0.03420961
1.45000000 -0.03406852
1.45100000 -0.03392811
1.45200000 -0.03378838
1.45300000 -0.03364931
1.45400000 -0.03351091
1.45500000 -0.03337318
1.45600000 -0.03323610
1.45700000 -0.03309968
1.45800000 -0.03296391
1.45900000 -0.03282879
1.46000000 -0.03269432
1.46100000 -0.03256048
1.46200000 -0.03242729
1.46300000 -0.03229473
1.46400000 -0.03216280
1.46500000 -0.03203150
1.46600000 -0.03190082
1.46700000 -0.03177076
1.46800000 -0.03164132
1.46900000 -0.03151250
1.47000000 -0.03138428
1.47100000 -0.03125668
1.47200000 -0.03112967
1.47300000 -0.03100327
1.47400000 -0.03087747
1.47500000 -0.03075226
1.47600000 -0.03062764
1.47700000 -0.03050361
1.47800000 -0.03038017
1.47900000 -0.03025730
1.48000000 -0.03013502
1.48100000 -0.03001331
1.48200000 -0.02989218
1.48300000 -0.02977161
1.48400000 -0.02965161
1.48500000 -0.02953217
1.48600000 -0.02941330
1.48700000 -0.02929498
1.48800000 -0.02917721
1.48900000 -0.02906000
1.49000000 -0.02894333
1.49100000 -0.02882721
1.49200000 -0.02871164
1.49300000 -0.02859660
1.49400000 -0.02848210
1.49500000 -0.02836813
1.49600000 -0.02825470
1.49700000 -0.02814179
1.49800000 -0.02802941
1.49900000 -0.02791755
1.50000000 -0.02780621
1.50100000 -0.02769539
1.50200000 -0.02758509
1.50300000 -0.02747529
1.50400000 -0.02736600
1.50500000 -0.02725722
1.50600000 -0.02714895
1.50700000 -0.02704117
1.50800000 -0.02693390
1.50900000 -0.02682712
1.51000000 -0.02672083
1.51100000 -0.02661503
1.51200000 -0.02650972
1.51300000 -0.02640490
1.51400000 -0.02630056
1.51500000 -0.02619670
1.51600000 -0.02609331
1.51700000 -0.02599041
1.51800000 -0.02588797
1.51900000 -0.02578601
1.52000000 -0.02568451
1.52100000 -0.02558348
1.52200000 -0.02548291
1.52300000 -0.02538280
1.52400000 -0.02528315
1.52500000 -0.02518396
1.52600000 -0.02508522
1.52700000 -0.02498693
1.52800000 -0.02488908
1.52900000 -0.02479169
1.53000000 -0.02469474
1.53100000 -0.02459823
1.53200000 -0.02450216
1.53300000 -0.02440653
1.53400000 -0.02431133
1.53500000 -0.02421656
1.53600000 -0.02412223
1.53700000 -0.02402832
1.53800000 -0.02393484
1.53900000 -0.02384178
1.54000000 -0.02374915
1.54100000 -0.02365693
1.54200000 -0.02356513
1.54300000 -0.02347375
1.54400000 -0.02338278
1.54500000 -0.02329221
1.54600000 -0.02320206
1.54700000 -0.02311232
1.54800000 -0.02302298
1.54900000 -0.02293404
1.55000000 -0.02284550
1.55100000 -0.02275736
1.55200000 -0.02266961
1.55300000 -0.02258226
1.55400000 -0.02249531
1.55500000 -0.02240874
1.55600000 -0.02232256
1.55700000 -0.02223676
1.55800000 -0.02215135
1.55900000 -0.02206633
1.56000000 -0.02198168
1.56100000 -0.02189741
1.56200000 -0.02181352
1.56300000 -0.02173000
1.56400000 -0.02164686
1.56500000 -0.02156408
1.56600000 -0.02148168
1.56700000 -0.02139964
1.56800000 -0.02131796
1.56900000 -0.02123665
1.57000000 -0.02115570
1.57100000 -0.02107511
1.57200000 -0.02099488
1.57300000 -0.02091500
1.57400000 -0.02083548
1.57500000 -0.02075631
1.57600000 -0.02067749
1.57700000 -0.02059902
1.57800000 -0.02052090
1.57900000 -0.02044312
1.58000000 -0.02036568
1.58100000 -0.02028859
1.58200000 -0.02021184
1.58300000 -0.02013542
1.58400000 -0.02005934
1.58500000 -0.01998360
1.58600000 -0.01990819
1.58700000 -0.01983311
1.58800000 -0.01975836
1.58900000 -0.01968394
1.59000000 -0.01960985
1.59100000 -0.01953608
1.59200000 -0.01946263
1.59300000 -0.01938951
1.59400000 -0.01931670
1.59500000 -0.01924422
1.59600000 -0.01917205
1.59700000 -0.01910020
1.59800000 -0.01902866
1.59900000 -0.01895743
1.60000000 -0.01888651
1.60100000 -0.01881591
1.60200000 -0.01874561
1.60300000 -0.01867561
1.60400000 -0.01860592
1.60500000 -0.01853654
1.60600000 -0.01846745
1.60700000 -0.01839867
1.60800000 -0.01833018
1.60900000 -0.01826199
1.61000000 -0.01819410
1.61100000 -0.01812650
1.61200000 -0.01805919
1.61300000 -0.01799218
1.61400000 -0.01792545
1.61500000 -0.01785902
1.61600000 -0.01779287
1.61700000 -0.01772700
1.61800000 -0.01766142
1.61900000 -0.01759612
1.62000000 -0.01753111
1.62100000 -0.01746637
1.62200000 -0.01740191
1.62300000 -0.01733773
1.62400000 -0.01727382
1.62500000 -0.01721019
1.62600000 -0.01714684
1.62700000 -0.01708375
1.62800000 -0.01702093
1.62900000 -0.01695839
1.63000000 -0.01689611
1.63100000 -0.01683410
1.63200000 -0.01677235
1.63300000 -0.01671087
1.63400000 -0.01664965
1.63500000 -0.01658869
1.63600000 -0.01652799
1.63700000 -0.01646755
1.63800000 -0.01640737
1.63900000 -0.01634744
1.64000000 -0.01628777
1.64100000 -0.01622836
1.64200000 -0.01616919
1.64300000 -0.01611028
1.64400000 -0.01605161
1.64500000 -0.01599320
1.64600000 -0.01593503
1.64700000 -0.01587711
1.64800000 -0.01581944
1.64900000 -0.01576201
1.65000000 -0.01570482
1.65100000 -0.01564788
1.65200000 -0.01559117
1.65300000 -0.01553471
1.65400000 -0.01547848
1.65500000 -0.01542249
1.65600000 -0.01536673
1.65700000 -0.01531122
1.65800000 -0.01525593
1.65900000 -0.01520088
1.66000000 -0.01514606
1.66100000 -0.01509147
1.66200000 -0.01503710
1.66300000 -0.01498297
1.66400000 -0.01492906
1.66500000 -0.01487538
1.66600000 -0.01482193
1.66700000 -0.01476870
1.66800000 -0.01471569
1.66900000 -0.01466290
1.67000000 -0.01461034
1.67100000 -0.01455799
1.67200000 -0.01450586
1.67300000 -0.01445395
1.67400000 -0.01440226
1.67500000 -0.01435078
1.67600000 -0.01429951
1.67700000 -0.01424846
1.67800000 -0.01419763
1.67900000 -0.01414700
1.68000000 -0.01409658
1.68100000 -0.01404637
1.68200000 -0.01399638
1.68300000 -0.01394658
1.68400000 -0.01389700
1.68500000 -0.01384762
1.68600000 -0.01379845
1.68700000 -0.01374947
1.68800000 -0.01370071
1.68900000 -0.01365214
1.69000000 -0.01360377
1.69100000 -0.01355560
1.69200000 -0.01350764
1.69300000 -0.01345987
1.69400000 -0.01341229
1.69500000 -0.01336492
1.69600000 -0.01331773
1.69700000 -0.01327075
1.69800000 -0.01322395
1.69900000 -0.01317735
1.70000000 -0.01313094
1.70100000 -0.01308472
1.70200000 -0.01303868
1.70300000 -0.01299284
1.70400000 -0.01294719
1.70500000 -0.01290172
1.70600000 -0.01285644
1.70700000 -0.01281134
1.70800000 -0.01276643
1.70900000 -0.01272170
1.71000000 -0.01267716
1.71100000 -0.01263279
1.71200000 -0.01258861
1.71300000 -0.01254461
1.71400000 -0.01250078
1.71500000 -0.01245714
1.71600000 -0.01241367
1.71700000 -0.01237038
1.71800000 -0.01232726
1.71900000 -0.01228432
1.72000000 -0.01224156
1.72100000 -0.01219897
1.72200000 -0.01215655
1.72300000 -0.01211430
1.72400000 -0.01207222
1.72500000 -0.01203032
1.72600000 -0.01198858
1.72700000 -0.01194701
1.72800000 -0.01190561
1.72900000 -0.01186438
1.73000000 -0.01182332
1.73100000 -0.01178242
1.73200000 -0.01174168
1.73300000 -0.01170111
1.73400000 -0.01166070
1.73500000 -0.01162046
1.73600000 -0.01158037
1.73700000 -0.01154045
1.73800000 -0.01150069
1.73900000 -0.01146109
1.74000000 -0.01142164
1.74100000 -0.01138236
1.74200000 -0.01134323
1.74300000 -0.01130426
1.74400000 -0.01126545
1.74500000 -0.01122679
1.74600000 -0.01118828
1.74700000 -0.01114993
1.74800000 -0.01111173
1.74900000 -0.01107369
1.75000000 -0.01103580
1.75100000 -0.01099805
1.75200000 -0.01096046
1.75300000 -0.01092302
1.75400000 -0.01088573
1.75500000 -0.01084858
1.75600000 -0.01081159
1.75700000 -0.01077474
1.75800000 -0.01073803
1.75900000 -0.01070148
1.76000000 -0.01066507
1.76100000 -0.01062880
1.76200000 -0.01059267
1.76300000 -0.01055669
1.76400000 -0.01052085
1.76500000 -0.01048516
1.76600000 -0.01044960
1.76700000 -0.01041419
1.76800000 -0.01037891
1.76900000 -0.01034378
1.77000000 -0.01030878
1.77100000 -0.01027392
1.77200000 -0.01023920
1.77300000 -0.01020461
1.77400000 -0.01017016
1.77500000 -0.01013585
1.77600000 -0.01010167
1.77700000 -0.01006763
1.77800000 -0.01003372
1.77900000 -0.00999994
1.78000000 -0.00996630
1.78100000 -0.00993278
1.78200000 -0.00989940
1.78300000 -0.00986615
1.78400000 -0.00983303
1.78500000 -0.00980004
1.78600000 -0.00976718
1.78700000 -0.00973445
1.78800000 -0.00970184
1.78900000 -0.00966936
1.79000000 -0.00963701
1.79100000 -0.00960478
1.79200000 -0.00957269
1.79300000 -0.00954071
1.79400000 -0.00950886
1.79500000 -0.00947713
1.79600000 -0.00944553
1.79700000 -0.00941405
1.79800000 -0.00938269
1.79900000 -0.00935146
1.80000000 -0.00932034
1.80100000 -0.00928935
1.80200000 -0.00925848
1.80300000 -0.00922772
1.80400000 -0.00919709
1.80500000 -0.00916657
1.80600000 -0.00913617
1.80700000 -0.00910589
1.80800000 -0.00907573
1.80900000 -0.00904568
1.81000000 -0.00901575
1.81100000 -0.00898593
1.81200000 -0.00895623
1.81300000 -0.00892664
1.81400000 -0.00889717
1.81500000 -0.00886781
1.81600000 -0.00883856
1.81700000 -0.00880943
1.81800000 -0.00878041
1.81900000 -0.00875150
1.82000000 -0.00872270
1.82100000 -0.00869401
1.82200000 -0.00866543
1.82300000 -0.00863696
1.82400000 -0.00860860
1.82500000 -0.00858035
1.82600000 -0.00855220
1.82700000 -0.00852417
1.82800000 -0.00849624
1.82900000 -0.00846841
1.83000000 -0.00844070
1.83100000 -0.00841309
1.83200000 -0.00838558
1.83300000 -0.00835818
1.83400000 -0.00833089
1.83500000 -0.00830369
1.83600000 -0.00827660
1.83700000 -0.00824962
1.83800000 -0.00822274
1.83900000 -0.00819595
1.84000000 -0.00816927
1.84100000 -0.00814270
1.84200000 -0.00811622
1.84300000 -0.00808984
1.84400000 -0.00806356
1.84500000 -0.00803739
1.84600000 -0.00801131
1.84700000 -0.00798533
1.84800000 -0.00795945
1.84900000 -0.00793366
1.85000000 -0.00790798
1.85100000 -0.00788239
1.85200000 -0.00785689
1.85300000 -0.00783150
1.85400000 -0.00780620
1.85500000 -0.00778099
1.85600000 -0.00775588
1.85700000 -0.00773086
1.85800000 -0.00770594
1.85900000 -0.00768111
1.86000000 -0.00765638
1.86100000 -0.00763173
1.86200000 -0.00760718
1.86300000 -0.00758272
1.86400000 -0.00755836
1.86500000 -0.00753408
1.86600000 -0.00750990
1.86700000 -0.00748580
1.86800000 -0.00746180
1.86900000 -0.00743789
1.87000000 -0.00741406
1.87100000 -0.00739033
1.87200000 -0.00736668
1.87300000 -0.00734312
1.87400000 -0.00731965
1.87500000 -0.00729627
1.87600000 -0.00727297
1.87700000 -0.00724976
1.87800000 -0.00722664
1.87900000 -0.00720360
1.88000000 -0.00718065
1.88100000 -0.00715778
1.88200000 -0.00713500
1.88300000 -0.00711230
1.88400000 -0.00708969
1.88500000 -0.00706716
1.88600000 -0.00704471
1.88700000 -0.00702235
1.88800000 -0.00700007
1.88900000 -0.00697787
1.89000000 -0.00695576
1.89100000 -0.00693372
1.89200000 -0.00691177
1.89300000 -0.00688990
1.89400000 -0.00686811
1.89500000 -0.00684640
1.89600000 -0.00682477
1.89700000 -0.00680322
1.89800000 -0.00678175
1.89900000 -0.00676035
1.90000000 -0.00673904
1.90100000 -0.00671780
1.90200000 -0.00669665
1.90300000 -0.00667557
1.90400000 -0.00665456
1.90500000 -0.00663364
1.90600000 -0.00661279
1.90700000 -0.00659202
1.90800000 -0.00657132
1.90900000 -0.00655070
1.91000000 -0.00653016
1.91100000 -0.00650969
1.91200000 -0.00648929
1.91300000 -0.00646897
1.91400000 -0.00644873
1.91500000 -0.00642855
1.91600000 -0.00640845
1.91700000 -0.00638843
1.91800000 -0.00636848
1.91900000 -0.00634860
1.92000000 -0.00632879
1.92100000 -0.00630905
1.92200000 -0.00628939
1.92300000 -0.00626980
1.92400000 -0.00625028
1.92500000 -0.00623083
1.92600000 -0.00621145
1.92700000 -0.00619214
1.92800000 -0.00617290
1.92900000 -0.00615373
1.93000000 -0.00613463
1.93100000 -0.00611559
1.93200000 -0.00609663
1.93300000 -0.00607774
1.93400000 -0.00605891
1.93500000 -0.00604015
1.93600000 -0.00602146
1.93700000 -0.00600284
1.93800000 -0.00598429
1.93900000 -0.00596580
1.94000000 -0.00594738
1.94100000 -0.00592902
1.94200000 -0.00591073
1.94300000 -0.00589251
1.94400000 -0.00587435
1.94500000 -0.00585625
1.94600000 -0.00583823
1.94700000 -0.00582026
1.94800000 -0.00580236
1.94900000 -0.00578453
1.95000000 -0.00576676
1.95100000 -0.00574905
1.95200000 -0.00573141
1.95300000 -0.00571383
1.95400000 -0.00569631
1.95500000 -0.00567885
1.95600000 -0.00566146
1.95700000 -0.00564413
1.95800000 -0.00562686
1.95900000 -0.00560965
1.96000000 -0.00559251
1.96100000 -0.00557542
1.96200000 -0.00555840
1.96300000 -0.00554143
1.96400000 -0.00552453
1.96500000 -0.00550769
1.96600000 -0.00549091
1.96700000 -0.00547418
1.96800000 -0.00545752
1.96900000 -0.00544091
1.97000000 -0.00542437
1.97100000 -0.00540788
1.97200000 -0.00539145
1.97300000 -0.00537508
1.97400000 -0.00535877
1.97500000 -0.00534251
1.97600000 -0.00532631
1.97700000 -0.00531017
1.97800000 -0.00529409
1.97900000 -0.00527806
1.98000000 -0.00526209
1.98100000 -0.00524618
1.98200000 -0.00523032
1.98300000 -0.00521452
1.98400000 -0.00519877
1.98500000 -0.00518308
1.98600000 -0.00516745
1.98700000 -0.00515187
1.98800000 -0.00513634
1.98900000 -0.00512087
1.99000000 -0.00510545
1.99100000 -0.00509009
1.99200000 -0.00507478
1.99300000 -0.00505953
1.99400000 -0.00504433
1.99500000 -0.00502918
1.99600000 -0.00501408
1.99700000 -0.00499904
1.99800000 -0.00498405
1.99900000 -0.00496911
2.00000000 -0.00495423
