0.10000000 2469303536.12567186
0.10100000 2191372446.60218525
0.10200000 1947012472.30963969
0.10300000 1731897223.65675020
0.10400000 1542292192.44344902
0.10500000 1374969167.13752842
0.10600000 1227133678.23657775
0.10700000 1096363392.01477528
0.10800000 980555718.89207053
0.10900000 877883189.92375672
0.11000000 786755392.50531173
0.11100000 705786453.25831723
0.11200000 633767219.47527659
0.11300000 569641426.37428045
0.11400000 512485250.58079362
0.11500000 461489744.66445363
0.11600000 415945726.45061493
0.11700000 375230762.85588497
0.11800000 338797943.34803921
0.11900000 306166184.60208368
0.12000000 276911846.99964052
0.12100000 250661476.52436930
0.12200000 227085513.35664245
0.12300000 205892831.90750772
0.12400000 186825996.85370085
0.12500000 169657136.52308697
0.12600000 154184349.21736965
0.12700000 140228570.14983943
0.12800000 127630836.95761643
0.12900000 116249900.50239715
0.13000000 105960135.13755003
0.13100000 96649708.99085094
0.13200000 88218980.25785761
0.13300000 80579090.16109534
0.13400000 73650727.22298346
0.13500000 67363040.92542247
0.13600000 61652685.77035269
0.13700000 56462979.28458083
0.13800000 51743159.68903665
0.13900000 47447730.82848999
0.14000000 43535883.57602584
0.14100000 39970984.32413115
0.14200000 36720122.38248281
0.14300000 33753709.14818904
0.14400000 31045122.82013970
0.14500000 28570393.21474765
0.14600000 26307921.92236970
0.14700000 24238233.63633783
0.14800000 22343755.00202311
0.14900000 20608617.78217386
0.15000000 19018483.52591136
0.15100000 17560387.26996413
0.15200000 16222598.09862837
0.15300000 14994494.64928857
0.15400000 13866453.87805957
0.15500000 12829751.59948466
0.15600000 11876473.48892480
0.15700000 10999435.38949235
0.15800000 10192111.89987020
0.15900000 9448572.33750809
0.16000000 8763423.27556998
0.16100000 8131756.94341996
0.16200000 7549104.86094039
0.16300000 7011396.14793343
0.16400000 6514920.01244793
0.16500000 6056291.97712756
0.16600000 5632423.45149077
0.16700000 5240494.30121216
0.16800000 4877928.10366190
0.16900000 4542369.81277324
0.17000000 4231665.58627056
0.17100000 3943844.55486008
0.17200000 3677102.33656262
0.17300000 3429786.12030597
0.17400000 3200381.16149997
0.17500000 2987498.54886368
0.17600000 2789864.11649745
0.17700000 2606308.38830395
0.17800000 2435757.45354505
0.17900000 2277224.68273884
0.18000000 2129803.20239565
0.18100000 1992659.05539076
0.18200000 1865024.98118512
0.18300000 1746194.75673326
0.18400000 1635518.04484614
0.18500000 1532395.70208328
0.18600000 1436275.50300103
0.18700000 1346648.24184290
0.18800000 1263044.17657728
0.18900000 1185029.78361408
0.19000000 1112204.79460836
0.19100000 1044199.48952231
0.19200000 980672.22260037
0.19300000 921307.16014589
0.19400000 865812.21099756
0.19500000 813917.13241300
0.19600000 765371.79569665
0.19700000 719944.59737838
0.19800000 677421.00307359
0.19900000 637602.21235069
0.20000000 600303.93401104
0.20100000 565355.26216056
0.20200000 532597.64433288
0.20300000 501883.93372017
0.20400000 473077.51828778
0.20500000 446051.52020057
0.20600000 420688.05957920
0.20700000 396877.57713905
0.20800000 374518.21074917
0.20900000 353515.22138791
0.21000000 333780.46437079
0.21100000 315231.90208779
0.21200000 297793.15481583
0.21300000 281393.08647091
0.21400000 265965.42243549
0.21500000 251448.39684356
0.21600000 237784.42693022
0.21700000 224919.81225696
0.21800000 212804.45680973
0.21900000 201391.61213654
0.22000000 190637.63984545
0.22100000 180501.79192495
0.22200000 170946.00747687
0.22300000 161934.72456932
0.22400000 153434.70602404
0.22500000 145414.87805028
0.22600000 137846.18072662
0.22700000 130701.42941364
0.22800000 123955.18625502
0.22900000 117583.64099284
0.23000000 111564.50038540
0.23100000 105876.88557284
0.23200000 100501.23678840
0.23300000 95419.22486111
0.23400000 90613.66899939
0.23500000 86068.46038578
0.23600000 81768.49114957
0.23700000 77699.58831841
0.23800000 73848.45238069
0.23900000 70202.60011945
0.24000000 66750.31140467
0.24100000 63480.57965483
0.24200000 60383.06570110
0.24300000 57448.05480755
0.24400000 54666.41661983
0.24500000 52029.56783184
0.24600000 49529.43737603
0.24700000 47158.43395723
0.24800000 44909.41576381
0.24900000 42775.66220216
0.25000000 40750.84751180
0.25100000 38829.01612942
0.25200000 37004.55967935
0.25300000 35272.19547742
0.25400000 33626.94644312
0.25500000 32064.12232276
0.25600000 30579.30213348
0.25700000 29168.31774428
0.25800000 27827.23851653
0.25900000 26552.35693176
0.26000000 25340.17513982
0.26100000 24187.39236527
0.26200000 23090.89311429
0.26300000 22047.73612830
0.26400000 21055.14403462
0.26500000 20110.49364757
0.26600000 19211.30687708
0.26700000 18355.24220457
0.26800000 17540.08668873
0.26900000 16763.74846663
0.27000000 16024.24971754
0.27100000 15319.72005955
0.27200000 14648.39035086
0.27300000 14008.58686946
0.27400000 13398.72584701
0.27500000 12817.30833412
0.27600000 12262.91537572
0.27700000 11734.20347695
0.27800000 11229.90034107
0.27900000 10748.80086200
0.28000000 10289.76335573
0.28100000 9851.70601532
0.28200000 9433.60357573
0.28300000 9034.48417508
0.28400000 8653.42640053
0.28500000 8289.55650691
0.28600000 7942.04579778
0.28700000 7610.10815869
0.28800000 7292.99773346
0.28900000 6990.00673459
0.29000000 6700.46337976
0.29100000 6423.72994674
0.29200000 6159.20093941
0.29300000 5906.30135838
0.29400000 5664.48506980
0.29500000 5433.23326650
0.29600000 5212.05301599
0.29700000 5000.47589009
0.29800000 4798.05667132
0.29900000 4604.37213172
0.30000000 4419.01987946
0.30100000 4241.61726966
0.30200000 4071.80037537
0.30300000 3909.22301530
0.30400000 3753.55583507
0.30500000 3604.48543870
0.30600000 3461.71356764
0.30700000 3324.95632440
0.30800000 3193.94343845
0.30900000 3068.41757168
0.31000000 2948.13366145
0.31100000 2832.85829888
0.31200000 2722.36914052
0.31300000 2616.45435139
0.31400000 2514.91207776
0.31500000 2417.54994784
0.31600000 2324.18459899
0.31700000 2234.64122981
0.31800000 2148.75317582
0.31900000 2066.36150742
0.32000000 1987.31464883
0.32100000 1911.46801691
0.32200000 1838.68367877
0.32300000 1768.83002710
0.32400000 1701.78147228
0.32500000 1637.41815037
0.32600000 1575.62564601
0.32700000 1516.29472967
0.32800000 1459.32110812
0.32900000 1404.60518774
0.33000000 1352.05184979
0.33100000 1301.57023705
0.33200000 1253.07355125
0.33300000 1206.47886062
0.33400000 1161.70691719
0.33500000 1118.68198315
0.33600000 1077.33166592
0.33700000 1037.58676135
0.33800000 999.38110481
0.33900000 962.65142950
0.34000000 927.33723186
0.34100000 893.38064353
0.34200000 860.72630964
0.34300000 829.32127296
0.34400000 799.11486380
0.34500000 770.05859521
0.34600000 742.10606320
0.34700000 715.21285195
0.34800000 689.33644338
0.34900000 664.43613123
0.35000000 640.47293916
0.35100000 617.40954284
0.35200000 595.21019568
0.35300000 573.84065811
0.35400000 553.26813028
0.35500000 533.46118783
0.35600000 514.38972080
0.35700000 496.02487529
0.35800000 478.33899799
0.35900000 461.30558318
0.36000000 444.89922231
0.36100000 429.09555583
0.36200000 413.87122730
0.36300000 399.20383967
0.36400000 385.07191345
0.36500000 371.45484697
0.36600000 358.33287828
0.36700000 345.68704898
0.36800000 333.49916957
0.36900000 321.75178639
0.37000000 310.42815015
0.37100000 299.51218580
0.37200000 288.98846378
0.37300000 278.84217259
0.37400000 269.05909255
0.37500000 259.62557081
0.37600000 250.52849736
0.37700000 241.75528227
0.37800000 233.29383377
0.37900000 225.13253742
0.38000000 217.26023620
0.38100000 209.66621138
0.38200000 202.34016436
0.38300000 195.27219920
0.38400000 188.45280600
0.38500000 181.87284495
0.38600000 175.52353110
0.38700000 169.39641978
0.38800000 163.48339267
0.38900000 157.77664446
0.39000000 152.26867009
0.39100000 146.95225252
0.39200000 141.82045108
0.39300000 136.86659024
0.39400000 132.08424895
0.39500000 127.46725034
0.39600000 123.00965194
0.39700000 118.70573627
0.39800000 114.55000184
0.39900000 110.53715452
0.40000000 106.66209931
0.40100000 102.91993239
0.40200000 99.30593358
0.40300000 95.81555907
0.40400000 92.44443444
0.40500000 89.18834802
0.40600000 86.04324449
0.40700000 83.00521872
0.40800000 80.07050998
0.40900000 77.23549621
0.41000000 74.49668869
0.41100000 71.85072686
0.41200000 69.29437329
0.41300000 66.82450902
0.41400000 64.43812890
0.41500000 62.13233726
0.41600000 59.90434369
0.41700000 57.75145902
0.41800000 55.67109141
0.41900000 53.66074270
0.42000000 51.71800478
0.42100000 49.84055621
0.42200000 48.02615893
0.42300000 46.27265508
0.42400000 44.57796401
0.42500000 42.94007934
0.42600000 41.35706618
0.42700000 39.82705847
0.42800000 38.34825637
0.42900000 36.91892380
0.43000000 35.53738608
0.43100000 34.20202762
0.43200000 32.91128974
0.43300000 31.66366857
0.43400000 30.45771301
0.43500000 29.29202279
0.43600000 28.16524660
0.43700000 27.07608028
0.43800000 26.02326512
0.43900000 25.00558616
0.44000000 24.02187062
0.44100000 23.07098635
0.44200000 22.15184036
0.44300000 21.26337740
0.44400000 20.40457857
0.44500000 19.57446004
0.44600000 18.77207177
0.44700000 17.99649627
0.44800000 17.24684748
0.44900000 16.52226959
0.45000000 15.82193599
0.45100000 15.14504823
0.45200000 14.49083499
0.45300000 13.85855113
0.45400000 13.24747676
0.45500000 12.65691634
0.45600000 12.08619782
0.45700000 11.53467180
0.45800000 11.00171078
0.45900000 10.48670830
0.46000000 9.98907829
0.46100000 9.50825429
0.46200000 9.04368882
0.46300000 8.59485266
0.46400000 8.16123424
0.46500000 7.74233905
0.46600000 7.33768901
0.46700000 6.94682191
0.46800000 6.56929085
0.46900000 6.20466376
0.47000000 5.85252282
0.47100000 5.51246402
0.47200000 5.18409666
0.47300000 4.86704289
0.47400000 4.56093730
0.47500000 4.26542647
0.47600000 3.98016854
0.47700000 3.70483287
0.47800000 3.43909963
0.47900000 3.18265940
0.48000000 2.93521287
0.48100000 2.69647049
0.48200000 2.46615210
0.48300000 2.24398665
0.48400000 2.02971188
0.48500000 1.82307404
0.48600000 1.62382756
0.48700000 1.43173485
0.48800000 1.24656594
0.48900000 1.06809832
0.49000000 0.89611661
0.49100000 0.73041239
0.49200000 0.57078391
0.49300000 0.41703591
0.49400000 0.26897938
0.49500000 0.12643138
0.49600000 -0.01078520
0.49700000 -0.14284180
0.49800000 -0.26990437
0.49900000 -0.39213360
0.50000000 -0.50968504
0.50100000 -0.62270928
0.50200000 -0.73135216
0.50300000 -0.83575485
0.50400000 -0.93605404
0.50500000 -1.03238212
0.50600000 -1.12486725
0.50700000 -1.21363355
0.50800000 -1.29880122
0.50900000 -1.38048664
0.51000000 -1.45880254
0.51100000 -1.53385808
0.51200000 -1.60575898
0.51300000 -1.67460764
0.51400000 -1.74050322
0.51500000 -1.80354178
0.51600000 -1.86381635
0.51700000 -1.92141704
0.51800000 -1.97643112
0.51900000 -2.02894315
0.52000000 -2.07903502
0.52100000 -2.12678605
0.52200000 -2.17227309
0.52300000 -2.21557058
0.52400000 -2.25675062
0.52500000 -2.29588309
0.52600000 -2.33303564
0.52700000 -2.36827384
0.52800000 -2.40166120
0.52900000 -2.43325926
0.53000000 -2.46312762
0.53100000 -2.49132405
0.53200000 -2.51790448
0.53300000 -2.54292314
0.53400000 -2.56643254
0.53500000 -2.58848356
0.53600000 -2.60912551
0.53700000 -2.62840615
0.53800000 -2.64637176
0.53900000 -2.66306718
0.54000000 -2.67853584
0.54100000 -2.69281985
0.54200000 -2.70595998
0.54300000 -2.71799574
0.54400000 -2.72896542
0.54500000 -2.73890610
0.54600000 -2.74785374
0.54700000 -2.75584313
0.54800000 -2.76290802
0.54900000 -2.76908110
0.55000000 -2.77439403
0.55100000 -2.77887749
0.55200000 -2.78256121
0.55300000 -2.78547399
0.55400000 -2.78764372
0.55500000 -2.78909744
0.55600000 -2.78986133
0.55700000 -2.78996078
0.55800000 -2.78942034
0.55900000 -2.78826384
0.56000000 -2.78651434
0.56100000 -2.78419419
0.56200000 -2.78132502
0.56300000 -2.77792781
0.56400000 -2.77402286
0.56500000 -2.76962985
0.56600000 -2.76476783
0.56700000 -2.75945526
0.56800000 -2.75371001
0.56900000 -2.74754939
0.57000000 -2.74099017
0.57100000 -2.73404859
0.57200000 -2.72674038
0.57300000 -2.71908075
0.57400000 -2.71108445
0.57500000 -2.70276577
0.57600000 -2.69413852
0.57700000 -2.68521609
0.57800000 -2.67601144
0.57900000 -2.66653711
0.58000000 -2.65680525
0.58100000 -2.64682761
0.58200000 -2.63661556
0.58300000 -2.62618013
0.58400000 -2.61553198
0.58500000 -2.60468141
0.58600000 -2.59363841
0.58700000 -2.58241263
0.58800000 -2.57101344
0.58900000 -2.55944985
0.59000000 -2.54773063
0.59100000 -2.53586424
0.59200000 -2.52385885
0.59300000 -2.51172239
0.59400000 -2.49946251
0.59500000 -2.48708662
0.59600000 -2.47460186
0.59700000 -2.46201516
0.59800000 -2.44933321
0.59900000 -2.43656248
0.60000000 -2.42370921
0.60100000 -2.41077945
0.60200000 -2.39777902
0.60300000 -2.38471357
0.60400000 -2.37158855
0.60500000 -2.35840921
0.60600000 -2.34518063
0.60700000 -2.33190772
0.60800000 -2.31859522
0.60900000 -2.30524769
0.61000000 -2.29186955
0.61100000 -2.27846506
0.61200000 -2.26503833
0.61300000 -2.25159331
0.61400000 -2.23813384
0.61500000 -2.22466359
0.61600000 -2.21118612
0.61700000 -2.19770485
0.61800000 -2.18422309
0.61900000 -2.17074402
0.62000000 -2.15727069
0.62100000 -2.14380606
0.62200000 -2.13035297
0.62300000 -2.11691414
0.62400000 -2.10349222
0.62500000 -2.09008973
0.62600000 -2.07670909
0.62700000 -2.06335266
0.62800000 -2.05002268
0.62900000 -2.03672131
0.63000000 -2.02345062
0.63100000 -2.01021259
0.63200000 -1.99700916
0.63300000 -1.98384213
0.63400000 -1.97071328
0.63500000 -1.95762428
0.63600000 -1.94457674
0.63700000 -1.93157222
0.63800000 -1.91861219
0.63900000 -1.90569806
0.64000000 -1.89283118
0.64100000 -1.88001284
0.64200000 -1.86724428
0.64300000 -1.85452666
0.64400000 -1.84186111
0.64500000 -1.82924870
0.64600000 -1.81669044
0.64700000 -1.80418729
0.64800000 -1.79174017
0.64900000 -1.77934996
0.65000000 -1.76701747
0.65100000 -1.75474350
0.65200000 -1.74252876
0.65300000 -1.73037398
0.65400000 -1.71827979
0.65500000 -1.70624683
0.65600000 -1.69427568
0.65700000 -1.68236687
0.65800000 -1.67052093
0.65900000 -1.65873832
0.66000000 -1.64701951
0.66100000 -1.63536489
0.66200000 -1.62377486
0.66300000 -1.61224977
0.66400000 -1.60078994
0.66500000 -1.58939568
0.66600000 -1.57806724
0.66700000 -1.56680489
0.66800000 -1.55560885
0.66900000 -1.54447930
0.67000000 -1.53341643
0.67100000 -1.52242038
0.67200000 -1.51149129
0.67300000 -1.50062927
0.67400000 -1.48983441
0.67500000 -1.47910677
0.67600000 -1.46844641
0.67700000 -1.45785337
0.67800000 -1.44732766
0.67900000 -1.43686927
0.68000000 -1.42647820
0.68100000 -1.41615441
0.68200000 -1.40589786
0.68300000 -1.39570848
0.68400000 -1.38558619
0.68500000 -1.37553092
0.68600000 -1.36554255
0.68700000 -1.35562098
0.68800000 -1.34576608
0.68900000 -1.33597771
0.69000000 -1.32625572
0.69100000 -1.31659996
0.69200000 -1.30701026
0.69300000 -1.29748643
0.69400000 -1.28802830
0.69500000 -1.27863566
0.69600000 -1.26930831
0.69700000 -1.26004603
0.69800000 -1.25084861
0.69900000 -1.24171581
0.70000000 -1.23264741
0.70100000 -1.22364315
0.70200000 -1.21470278
0.70300000 -1.20582606
0.70400000 -1.19701272
0.70500000 -1.18826249
0.70600000 -1.17957510
0.70700000 -1.17095027
0.70800000 -1.16238772
0.70900000 -1.15388716
0.71000000 -1.14544830
0.71100000 -1.13707084
0.71200000 -1.12875448
0.71300000 -1.12049892
0.71400000 -1.11230386
0.71500000 -1.10416897
0.71600000 -1.09609394
0.71700000 -1.08807847
0.71800000 -1.08012223
0.71900000 -1.07222489
0.72000000 -1.06438613
0.72100000 -1.05660563
0.72200000 -1.04888305
0.72300000 -1.04121807
0.72400000 -1.03361034
0.72500000 -1.02605955
0.72600000 -1.01856534
0.72700000 -1.01112739
0.72800000 -1.00374535
0.72900000 -0.99641889
0.73000000 -0.98914766
0.73100000 -0.98193132
0.73200000 -0.97476953
0.73300000 -0.96766194
0.73400000 -0.96060822
0.73500000 -0.95360802
0.73600000 -0.94666099
0.73700000 -0.93976679
0.73800000 -0.93292508
0.73900000 -0.92613551
0.74000000 -0.91939773
0.74100000 -0.91271140
0.74200000 -0.90607617
0.74300000 -0.89949171
0.74400000 -0.89295766
0.74500000 -0.88647369
0.74600000 -0.88003945
0.74700000 -0.87365460
0.74800000 -0.86731879
0.74900000 -0.86103169
0.75000000 -0.85479295
0.75100000 -0.84860224
0.75200000 -0.84245921
0.75300000 -0.83636353
0.75400000 -0.83031487
0.75500000 -0.82431287
0.75600000 -0.81835722
0.75700000 -0.81244757
0.75800000 -0.80658360
0.75900000 -0.80076497
0.76000000 -0.79499135
0.76100000 -0.78926241
0.76200000 -0.78357783
0.76300000 -0.77793727
0.76400000 -0.77234042
0.76500000 -0.76678694
0.76600000 -0.76127652
0.76700000 -0.75580884
0.76800000 -0.75038357
0.76900000 -0.74500039
0.77000000 -0.73965900
0.77100000 -0.73435908
0.77200000 -0.72910031
0.77300000 -0.72388237
0.77400000 -0.71870497
0.77500000 -0.71356779
0.77600000 -0.70847053
0.77700000 -0.70341287
0.77800000 -0.69839452
0.77900000 -0.69341517
0.78000000 -0.68847452
0.78100000 -0.68357228
0.78200000 -0.67870814
0.78300000 -0.67388182
0.78400000 -0.66909301
0.78500000 -0.66434144
0.78600000 -0.65962679
0.78700000 -0.65494880
0.78800000 -0.65030717
0.78900000 -0.64570161
0.79000000 -0.64113185
0.79100000 -0.63659760
0.79200000 -0.63209858
0.79300000 -0.62763452
0.79400000 -0.62320514
0.79500000 -0.61881017
0.79600000 -0.61444933
0.79700000 -0.61012235
0.79800000 -0.60582897
0.79900000 -0.60156891
0.80000000 -0.59734192
0.80100000 -0.59314773
0.80200000 -0.58898608
0.80300000 -0.58485670
0.80400000 -0.58075935
0.80500000 -0.57669376
0.80600000 -0.57265968
0.80700000 -0.56865686
0.80800000 -0.56468505
0.80900000 -0.56074399
0.81000000 -0.55683345
0.81100000 -0.55295318
0.81200000 -0.54910292
0.81300000 -0.54528245
0.81400000 -0.54149152
0.81500000 -0.53772989
0.81600000 -0.53399733
0.81700000 -0.53029360
0.81800000 -0.52661847
0.81900000 -0.52297171
0.82000000 -0.51935309
0.82100000 -0.51576237
0.82200000 -0.51219934
0.82300000 -0.50866377
0.82400000 -0.50515544
0.82500000 -0.50167412
0.82600000 -0.49821960
0.82700000 -0.49479166
0.82800000 -0.49139008
0.82900000 -0.48801465
0.83000000 -0.48466516
0.83100000 -0.48134139
0.83200000 -0.47804314
0.83300000 -0.47477020
0.83400000 -0.47152236
0.83500000 -0.46829942
0.83600000 -0.46510117
0.83700000 -0.46192742
0.83800000 -0.45877796
0.83900000 -0.45565260
0.84000000 -0.45255113
0.84100000 -0.44947338
0.84200000 -0.44641913
0.84300000 -0.44338820
0.84400000 -0.44038041
0.84500000 -0.43739555
0.84600000 -0.43443344
0.84700000 -0.43149391
0.84800000 -0.42857675
0.84900000 -0.42568180
0.85000000 -0.42280887
0.85100000 -0.41995777
0.85200000 -0.41712834
0.85300000 -0.41432039
0.85400000 -0.41153375
0.85500000 -0.40876824
0.85600000 -0.40602370
0.85700000 -0.40329994
0.85800000 -0.40059681
0.85900000 -0.39791413
0.86000000 -0.39525173
0.86100000 -0.39260946
0.86200000 -0.38998714
0.86300000 -0.38738461
0.86400000 -0.38480172
0.86500000 -0.38223829
0.86600000 -0.37969418
0.86700000 -0.37716922
0.86800000 -0.37466326
0.86900000 -0.37217614
0.87000000 -0.36970772
0.87100000 -0.36725783
0.87200000 -0.36482632
0.87300000 -0.36241305
0.87400000 -0.36001787
0.87500000 -0.35764063
0.87600000 -0.35528118
0.87700000 -0.35293938
0.87800000 -0.35061508
0.87900000 -0.34830815
0.88000000 -0.34601844
0.88100000 -0.34374581
0.88200000 -0.34149012
0.88300000 -0.33925124
0.88400000 -0.33702902
0.88500000 -0.33482334
0.88600000 -0.33263405
0.88700000 -0.33046103
0.88800000 -0.32830414
0.88900000 -0.32616325
0.89000000 -0.32403824
0.89100000 -0.32192896
0.89200000 -0.31983530
0.89300000 -0.31775713
0.89400000 -0.31569433
0.89500000 -0.31364676
0.89600000 -0.31161431
0.89700000 -0.30959684
0.89800000 -0.30759426
0.89900000 -0.30560642
0.90000000 -0.30363321
0.90100000 -0.30167452
0.90200000 -0.29973022
0.90300000 -0.29780020
0.90400000 -0.29588435
0.90500000 -0.29398255
0.90600000 -0.29209468
0.90700000 -0.29022064
0.90800000 -0.28836031
0.90900000 -0.28651359
0.91000000 -0.28468036
0.91100000 -0.28286051
0.91200000 -0.28105394
0.91300000 -0.27926054
0.91400000 -0.27748020
0.91500000 -0.27571282
0.91600000 -0.27395830
0.91700000 -0.27221653
0.91800000 -0.27048741
0.91900000 -0.26877083
0.92000000 -0.26706671
0.92100000 -0.26537493
0.92200000 -0.26369540
0.92300000 -0.26202802
0.92400000 -0.26037270
0.92500000 -0.25872933
0.92600000 -0.25709782
0.92700000 -0.25547808
0.92800000 -0.25387002
0.92900000 -0.25227353
0.93000000 -0.25068854
0.93100000 -0.24911493
0.93200000 -0.24755264
0.93300000 -0.24600156
0.93400000 -0.24446160
0.93500000 -0.24293268
0.93600000 -0.24141471
0.93700000 -0.23990761
0.93800000 -0.23841128
0.93900000 -0.23692564
0.94000000 -0.23545061
0.94100000 -0.23398610
0.94200000 -0.23253203
0.94300000 -0.23108832
0.94400000 -0.22965488
0.94500000 -0.22823163
0.94600000 -0.22681850
0.94700000 -0.22541540
0.94800000 -0.22402225
0.94900000 -0.22263898
0.95000000 -0.22126550
0.95100000 -0.21990175
0.95200000 -0.21854764
0.95300000 -0.21720309
0.95400000 -0.21586804
0.95500000 -0.21454240
0.95600000 -0.21322611
0.95700000 -0.21191909
0.95800000 -0.21062127
0.95900000 -0.20933257
0.96000000 -0.20805292
0.96100000 -0.20678226
0.96200000 -0.20552052
0.96300000 -0.20426761
0.96400000 -0.20302348
0.96500000 -0.20178805
0.96600000 -0.20056127
0.96700000 -0.19934305
0.96800000 -0.19813333
0.96900000 -0.19693205
0.97000000 -0.19573915
0.97100000 -0.19455455
0.97200000 -0.19337819
0.97300000 -0.19221001
0.97400000 -0.19104994
0.97500000 -0.18989793
0.97600000 -0.18875390
0.97700000 -0.18761780
0.97800000 -0.18648957
0.97900000 -0.18536914
0.98000000 -0.18425645
0.98100000 -0.18315145
0.98200000 -0.18205407
0.98300000 -0.18096426
0.98400000 -0.17988196
0.98500000 -0.17880711
0.98600000 -0.17773965
0.98700000 -0.17667952
0.98800000 -0.17562668
0.98900000 -0.17458106
0.99000000 -0.17354260
0.99100000 -0.17251126
0.99200000 -0.17148698
0.99300000 -0.17046970
0.99400000 -0.16945937
0.99500000 -0.16845594
0.99600000 -0.16745935
0.99700000 -0.16646956
0.99800000 -0.16548650
0.99900000 -0.16451014
1.00000000 -0.16354041
1.00100000 -0.16257727
1.00200000 -0.16162067
1.00300000 -0.16067055
1.00400000 -0.15972687
1.00500000 -0.15878958
1.00600000 -0.15785863
1.00700000 -0.15693398
1.00800000 -0.15601557
1.00900000 -0.15510335
1.01000000 -0.15419729
1.01100000 -0.15329733
1.01200000 -0.15240342
1.01300000 -0.15151553
1.01400000 -0.15063361
1.01500000 -0.14975761
1.01600000 -0.14888748
1.01700000 -0.14802319
1.01800000 -0.14716468
1.01900000 -0.14631192
1.02000000 -0.14546486
1.02100000 -0.14462346
1.02200000 -0.14378768
1.02300000 -0.14295747
1.02400000 -0.14213280
1.02500000 -0.14131361
1.02600000 -0.14049988
1.02700000 -0.13969155
1.02800000 -0.13888859
1.02900000 -0.13809096
1.03000000 -0.13729862
1.03100000 -0.13651153
1.03200000 -0.13572965
1.03300000 -0.13495295
1.03400000 -0.13418137
1.03500000 -0.13341489
1.03600000 -0.13265347
1.03700000 -0.13189706
1.03800000 -0.13114564
1.03900000 -0.13039916
1.04000000 -0.12965760
1.04100000 -0.12892090
1.04200000 -0.12818904
1.04300000 -0.12746198
1.04400000 -0.12673969
1.04500000 -0.12602212
1.04600000 -0.12530925
1.04700000 -0.12460104
1.04800000 -0.12389746
1.04900000 -0.12319847
1.05000000 -0.12250404
1.05100000 -0.12181413
1.05200000 -0.12112871
1.05300000 -0.12044775
1.05400000 -0.11977122
1.05500000 -0.11909908
1.05600000 -0.11843130
1.05700000 -0.11776785
1.05800000 -0.11710870
1.05900000 -0.11645381
1.06000000 -0.11580316
1.06100000 -0.11515672
1.06200000 -0.11451445
1.06300000 -0.11387632
1.06400000 -0.11324230
1.06500000 -0.11261237
1.06600000 -0.11198649
1.06700000 -0.11136463
1.06800000 -0.11074677
1.06900000 -0.11013288
1.07000000 -0.10952292
1.07100000 -0.10891687
1.07200000 -0.10831470
1.07300000 -0.10771638
1.07400000 -0.10712189
1.07500000 -0.10653120
1.07600000 -0.10594427
1.07700000 -0.10536109
1.07800000 -0.10478162
1.07900000 -0.10420584
1.08000000 -0.10363372
1.08100000 -0.10306524
1.08200000 -0.10250037
1.08300000 -0.10193908
1.08400000 -0.10138135
1.08500000 -0.10082716
1.08600000 -0.10027647
1.08700000 -0.09972926
1.08800000 -0.09918551
1.08900000 -0.09864519
1.09000000 -0.09810828
1.09100000 -0.09757476
1.09200000 -0.09704460
1.09300000 -0.09651777
1.09400000 -0.09599425
1.09500000 -0.09547402
1.09600000 -0.09495706
1.09700000 -0.09444334
1.09800000 -0.09393284
1.09900000 -0.09342553
1.10000000 -0.09292140
1.10100000 -0.09242042
1.10200000 -0.09192257
1.10300000 -0.09142782
1.10400000 -0.09093616
1.10500000 -0.09044757
1.10600000 -0.08996201
1.10700000 -0.08947948
1.10800000 -0.08899994
1.10900000 -0.08852339
1.11000000 -0.08804979
1.11100000 -0.08757912
1.11200000 -0.08711137
1.11300000 -0.08664652
1.11400000 -0.08618454
1.11500000 -0.08572541
1.11600000 -0.08526912
1.11700000 -0.08481565
1.11800000 -0.08436497
1.11900000 -0.08391707
1.12000000 -0.08347192
1.12100000 -0.08302951
1.12200000 -0.08258982
1.12300000 -0.08215283
1.12400000 -0.08171851
1.12500000 -0.08128686
1.12600000 -0.08085786
1.12700000 -0.08043148
1.12800000 -0.08000770
1.12900000 -0.07958651
1.13000000 -0.07916790
1.13100000 -0.07875184
1.13200000 -0.07833831
1.13300000 -0.07792730
1.13400000 -0.07751880
1.13500000 -0.07711277
1.13600000 -0.07670921
1.13700000 -0.07630810
1.13800000 -0.07590943
1.13900000 -0.07551317
1.14000000 -0.07511931
1.14100000 -0.07472783
1.14200000 -0.07433872
1.14300000 -0.07395195
1.14400000 -0.07356753
1.14500000 -0.07318542
1.14600000 -0.07280561
1.14700000 -0.07242809
1.14800000 -0.07205284
1.14900000 -0.07167984
1.15000000 -0.07130909
1.15100000 -0.07094056
1.15200000 -0.07057424
1.15300000 -0.07021012
1.15400000 -0.06984817
1.15500000 -0.06948839
1.15600000 -0.06913076
1.15700000 -0.06877527
1.15800000 -0.06842189
1.15900000 -0.06807063
1.16000000 -0.06772146
1.16100000 -0.06737436
1.16200000 -0.06702933
1.16300000 -0.06668635
1.16400000 -0.06634541
1.16500000 -0.06600649
1.16600000 -0.06566958
1.16700000 -0.06533466
1.16800000 -0.06500173
1.16900000 -0.06467077
1.17000000 -0.06434176
1.17100000 -0.06401470
1.17200000 -0.06368956
1.17300000 -0.06336635
1.17400000 -0.06304503
1.17500000 -0.06272561
1.17600000 -0.06240807
1.17700000 -0.06209239
1.17800000 -0.06177857
1.17900000 -0.06146659
1.18000000 -0.06115644
1.18100000 -0.06084810
1.18200000 -0.06054157
1.18300000 -0.06023683
1.18400000 -0.05993388
1.18500000 -0.05963269
1.18600000 -0.05933326
1.18700000 -0.05903557
1.18800000 -0.05873962
1.18900000 -0.05844540
1.19000000 -0.05815288
1.19100000 -0.05786207
1.19200000 -0.05757294
1.19300000 -0.05728549
1.19400000 -0.05699971
1.19500000 -0.05671558
1.19600000 -0.05643310
1.19700000 -0.05615225
1.19800000 -0.05587303
1.19900000 -0.05559542
1.20000000 -0.05531941
1.20100000 -0.05504499
1.20200000 -0.05477215
1.20300000 -0.05450088
1.20400000 -0.05423118
1.20500000 -0.05396302
1.20600000 -0.05369641
1.20700000 -0.05343132
1.20800000 -0.05316776
1.20900000 -0.05290570
1.21000000 -0.05264515
1.21100000 -0.05238609
1.21200000 -0.05212850
1.21300000 -0.05187239
1.21400000 -0.05161774
1.21500000 -0.05136455
1.21600000 -0.05111279
1.21700000 -0.05086247
1.21800000 -0.05061358
1.21900000 -0.05036610
1.22000000 -0.05012002
1.22100000 -0.04987534
1.22200000 -0.04963205
1.22300000 -0.04939014
1.22400000 -0.04914960
1.22500000 -0.04891042
1.22600000 -0.04867259
1.22700000 -0.04843611
1.22800000 -0.04820096
1.22900000 -0.04796714
1.23000000 -0.04773464
1.23100000 -0.04750344
1.23200000 -0.04727355
1.23300000 -0.04704495
1.23400000 -0.04681764
1.23500000 -0.04659160
1.23600000 -0.04636683
1.23700000 -0.04614332
1.23800000 -0.04592106
1.23900000 -0.04570005
1.24000000 -0.04548027
1.24100000 -0.04526172
1.24200000 -0.04504439
1.24300000 -0.04482828
1.24400000 -0.04461337
1.24500000 -0.04439966
1.24600000 -0.04418713
1.24700000 -0.04397579
1.24800000 -0.04376563
1.24900000 -0.04355663
1.25000000 -0.04334879
1.25100000 -0.04314211
1.25200000 -0.04293657
1.25300000 -0.04273217
1.25400000 -0.04252890
1.25500000 -0.04232675
1.25600000 -0.04212573
1.25700000 -0.04192581
1.25800000 -0.04172699
1.25900000 -0.04152927
1.26000000 -0.04133264
1.26100000 -0.04113710
1.26200000 -0.04094262
1.26300000 -0.04074922
1.26400000 -0.04055688
1.26500000 -0.04036559
1.26600000 -0.04017536
1.26700000 -0.03998616
1.26800000 -0.03979801
1.26900000 -0.03961088
1.27000000 -0.03942477
1.27100000 -0.03923968
1.27200000 -0.03905560
1.27300000 -0.03887253
1.27400000 -0.03869045
1.27500000 -0.03850937
1.27600000 -0.03832927
1.27700000 -0.03815015
1.27800000 -0.03797200
1.27900000 -0.03779483
1.28000000 -0.03761861
1.28100000 -0.03744335
1.28200000 -0.03726903
1.28300000 -0.03709566
1.28400000 -0.03692323
1.28500000 -0.03675174
1.28600000 -0.03658116
1.28700000 -0.03641151
1.28800000 -0.03624277
1.28900000 -0.03607495
1.29000000 -0.03590802
1.29100000 -0.03574200
1.29200000 -0.03557687
1.29300000 -0.03541262
1.29400000 -0.03524926
1.29500000 -0.03508677
1.29600000 -0.03492516
1.29700000 -0.03476441
1.29800000 -0.03460452
1.29900000 -0.03444549
1.30000000 -0.03428730
1.30100000 -0.03412997
1.30200000 -0.03397347
1.30300000 -0.03381780
1.30400000 -0.03366297
1.30500000 -0.03350896
1.30600000 -0.03335577
1.30700000 -0.03320339
1.30800000 -0.03305183
1.30900000 -0.03290107
1.31000000 -0.03275111
1.31100000 -0.03260194
1.31200000 -0.03245357
1.31300000 -0.03230598
1.31400000 -0.03215917
1.31500000 -0.03201314
1.31600000 -0.03186788
1.31700000 -0.03172338
1.31800000 -0.03157965
1.31900000 -0.03143667
1.32000000 -0.03129445
1.32100000 -0.03115298
1.32200000 -0.03101225
1.32300000 -0.03087226
1.32400000 -0.03073301
1.32500000 -0.03059448
1.32600000 -0.03045669
1.32700000 -0.03031961
1.32800000 -0.03018326
1.32900000 -0.03004761
1.33000000 -0.02991268
1.33100000 -0.02977845
1.33200000 -0.02964492
1.33300000 -0.02951209
1.33400000 -0.02937995
1.33500000 -0.02924850
1.33600000 -0.02911774
1.33700000 -0.02898765
1.33800000 -0.02885824
1.33900000 -0.02872950
1.34000000 -0.02860143
1.34100000 -0.02847403
1.34200000 -0.02834729
1.34300000 -0.02822120
1.34400000 -0.02809576
1.34500000 -0.02797098
1.34600000 -0.02784683
1.34700000 -0.02772333
1.34800000 -0.02760047
1.34900000 -0.02747824
1.35000000 -0.02735664
1.35100000 -0.02723567
1.35200000 -0.02711532
1.35300000 -0.02699559
1.35400000 -0.02687647
1.35500000 -0.02675797
1.35600000 -0.02664007
1.35700000 -0.02652278
1.35800000 -0.02640609
1.35900000 -0.02628999
1.36000000 -0.02617449
1.36100000 -0.02605959
1.36200000 -0.02594526
1.36300000 -0.02583153
1.36400000 -0.02571837
1.36500000 -0.02560579
1.36600000 -0.02549378
1.36700000 -0.02538234
1.36800000 -0.02527147
1.36900000 -0.02516117
1.37000000 -0.02505142
1.37100000 -0.02494223
1.37200000 -0.02483360
1.37300000 -0.02472551
1.37400000 -0.02461798
1.37500000 -0.02451098
1.37600000 -0.02440453
1.37700000 -0.02429862
1.37800000 -0.02419324
1.37900000 -0.02408840
1.38000000 -0.02398408
1.38100000 -0.02388029
1.38200000 -0.02377702
1.38300000 -0.02367427
1.38400000 -0.02357204
1.38500000 -0.02347032
1.38600000 -0.02336912
1.38700000 -0.02326842
1.38800000 -0.02316822
1.38900000 -0.02306853
1.39000000 -0.02296934
1.39100000 -0.02287064
1.39200000 -0.02277244
1.39300000 -0.02267473
1.39400000 -0.02257751
1.39500000 -0.02248077
1.39600000 -0.02238452
1.39700000 -0.02228874
1.39800000 -0.02219344
1.39900000 -0.02209862
1.40000000 -0.02200427
1.40100000 -0.02191038
1.40200000 -0.02181697
1.40300000 -0.02172401
1.40400000 -0.02163152
1.40500000 -0.02153949
1.40600000 -0.02144791
1.40700000 -0.02135678
1.40800000 -0.02126611
1.40900000 -0.02117588
1.41000000 -0.02108610
1.41100000 -0.02099677
1.41200000 -0.02090787
1.41300000 -0.02081941
1.41400000 -0.02073139
1.41500000 -0.02064380
1.41600000 -0.02055664
1.41700000 -0.02046992
1.41800000 -0.02038361
1.41900000 -0.02029773
1.42000000 -0.02021227
1.42100000 -0.02012723
1.42200000 -0.02004261
1.42300000 -0.01995840
1.42400000 -0.01987460
1.42500000 -0.01979122
1.42600000 -0.01970824
1.42700000 -0.01962566
1.42800000 -0.01954349
1.42900000 -0.01946172
1.43000000 -0.01938035
1.43100000 -0.01929937
1.43200000 -0.01921879
1.43300000 -0.01913860
1.43400000 -0.01905880
1.43500000 -0.01897938
1.43600000 -0.01890035
1.43700000 -0.01882171
1.43800000 -0.01874344
1.43900000 -0.01866556
1.44000000 -0.01858805
1.44100000 -0.01851092
1.44200000 -0.01843415
1.44300000 -0.01835776
1.44400000 -0.01828174
1.44500000 -0.01820609
1.44600000 -0.01813080
1.44700000 -0.01805587
1.44800000 -0.01798130
1.44900000 -0.01790709
1.45000000 -0.01783324
1.45100000 -0.01775974
1.45200000 -0.01768660
1.45300000 -0.01761380
1.45400000 -0.01754136
1.45500000 -0.01746926
1.45600000 -0.01739751
1.45700000 -0.01732610
1.45800000 -0.01725503
1.45900000 -0.01718430
1.46000000 -0.01711391
1.46100000 -0.01704386
1.46200000 -0.01697413
1.46300000 -0.01690475
1.46400000 -0.01683569
1.46500000 -0.01676696
1.46600000 -0.01669855
1.46700000 -0.01663047
1.46800000 -0.01656272
1.46900000 -0.01649528
1.47000000 -0.01642817
1.47100000 -0.01636137
1.47200000 -0.01629489
1.47300000 -0.01622873
1.47400000 -0.01616288
1.47500000 -0.01609734
1.47600000 -0.01603210
1.47700000 -0.01596718
1.47800000 -0.01590256
1.47900000 -0.01583825
1.48000000 -0.01577424
1.48100000 -0.01571053
1.48200000 -0.01564712
1.48300000 -0.01558401
1.48400000 -0.01552120
1.48500000 -0.01545868
1.48600000 -0.01539645
1.48700000 -0.01533452
1.48800000 -0.01527287
1.48900000 -0.01521152
1.49000000 -0.01515045
1.49100000 -0.01508967
1.49200000 -0.01502917
1.49300000 -0.01496895
1.49400000 -0.01490902
1.49500000 -0.01484936
1.49600000 -0.01478998
1.49700000 -0.01473088
1.49800000 -0.01467206
1.49900000 -0.01461350
1.50000000 -0.01455522
1.50100000 -0.01449721
1.50200000 -0.01443947
1.50300000 -0.01438200
1.50400000 -0.01432479
1.50500000 -0.01426785
1.50600000 -0.01421118
1.50700000 -0.01415476
1.50800000 -0.01409861
1.50900000 -0.01404271
1.51000000 -0.01398708
1.51100000 -0.01393170
1.51200000 -0.01387657
1.51300000 -0.01382170
1.51400000 -0.01376708
1.51500000 -0.01371272
1.51600000 -0.01365860
1.51700000 -0.01360473
1.51800000 -0.01355111
1.51900000 -0.01349774
1.52000000 -0.01344461
1.52100000 -0.01339173
1.52200000 -0.01333908
1.52300000 -0.01328668
1.52400000 -0.01323452
1.52500000 -0.01318260
1.52600000 -0.01313091
1.52700000 -0.01307946
1.52800000 -0.01302825
1.52900000 -0.01297726
1.53000000 -0.01292651
1.53100000 -0.01287600
1.53200000 -0.01282571
1.53300000 -0.01277565
1.53400000 -0.01272582
1.53500000 -0.01267621
1.53600000 -0.01262683
1.53700000 -0.01257768
1.53800000 -0.01252874
1.53900000 -0.01248003
1.54000000 -0.01243154
1.54100000 -0.01238327
1.54200000 -0.01233522
1.54300000 -0.01228738
1.54400000 -0.01223976
1.54500000 -0.01219236
1.54600000 -0.01214517
1.54700000 -0.01209819
1.54800000 -0.01205143
1.54900000 -0.01200487
1.55000000 -0.01195853
1.55100000 -0.01191239
1.55200000 -0.01186646
1.55300000 -0.01182073
1.55400000 -0.01177522
1.55500000 -0.01172990
1.55600000 -0.01168479
1.55700000 -0.01163988
1.55800000 -0.01159517
1.55900000 -0.01155067
1.56000000 -0.01150636
1.56100000 -0.01146225
1.56200000 -0.01141833
1.56300000 -0.01137462
1.56400000 -0.01133109
1.56500000 -0.01128776
1.56600000 -0.01124463
1.56700000 -0.01120169
1.56800000 -0.01115893
1.56900000 -0.01111637
1.57000000 -0.01107400
1.57100000 -0.01103181
1.57200000 -0.01098981
1.57300000 -0.01094800
1.57400000 -0.01090638
1.57500000 -0.01086494
1.57600000 -0.01082368
1.57700000 -0.01078260
1.57800000 -0.01074171
1.57900000 -0.01070099
1.58000000 -0.01066046
1.58100000 -0.01062011
1.58200000 -0.01057993
1.58300000 -0.01053993
1.58400000 -0.01050011
1.58500000 -0.01046046
1.58600000 -0.01042098
1.58700000 -0.01038168
1.58800000 -0.01034256
1.58900000 -0.01030360
1.59000000 -0.01026482
1.59100000 -0.01022620
1.59200000 -0.01018776
1.59300000 -0.01014948
1.59400000 -0.01011137
1.59500000 -0.01007343
1.59600000 -0.01003565
1.59700000 -0.00999804
1.59800000 -0.00996059
1.59900000 -0.00992331
1.60000000 -0.00988619
1.60100000 -0.00984923
1.60200000 -0.00981243
1.60300000 -0.00977579
1.60400000 -0.00973931
1.60500000 -0.00970299
1.60600000 -0.00966683
1.60700000 -0.00963082
1.60800000 -0.00959497
1.60900000 -0.00955928
1.61000000 -0.00952374
1.61100000 -0.00948836
1.61200000 -0.00945312
1.61300000 -0.00941804
1.61400000 -0.00938312
1.61500000 -0.00934834
1.61600000 -0.00931371
1.61700000 -0.00927924
1.61800000 -0.00924491
1.61900000 -0.00921073
1.62000000 -0.00917669
1.62100000 -0.00914281
1.62200000 -0.00910907
1.62300000 -0.00907547
1.62400000 -0.00904202
1.62500000 -0.00900871
1.62600000 -0.00897555
1.62700000 -0.00894253
1.62800000 -0.00890964
1.62900000 -0.00887690
1.63000000 -0.00884431
1.63100000 -0.00881184
1.63200000 -0.00877952
1.63300000 -0.00874734
1.63400000 -0.00871529
1.63500000 -0.00868339
1.63600000 -0.00865161
1.63700000 -0.00861998
1.63800000 -0.00858847
1.63900000 -0.00855710
1.64000000 -0.00852587
1.64100000 -0.00849477
1.64200000 -0.00846380
1.64300000 -0.00843296
1.64400000 -0.00840225
1.64500000 -0.00837168
1.64600000 -0.00834123
1.64700000 -0.00831091
1.64800000 -0.00828072
1.64900000 -0.00825066
1.65000000 -0.00822072
1.65100000 -0.00819091
1.65200000 -0.00816123
1.65300000 -0.00813168
1.65400000 -0.00810224
1.65500000 -0.00807293
1.65600000 -0.00804375
1.65700000 -0.00801469
1.65800000 -0.00798575
1.65900000 -0.00795693
1.66000000 -0.00792824
1.66100000 -0.00789966
1.66200000 -0.00787120
1.66300000 -0.00784287
1.66400000 -0.00781465
1.66500000 -0.00778655
1.66600000 -0.00775857
1.66700000 -0.00773071
1.66800000 -0.00770296
1.66900000 -0.00767533
1.67000000 -0.00764781
1.67100000 -0.00762041
1.67200000 -0.00759312
1.67300000 -0.00756595
1.67400000 -0.00753889
1.67500000 -0.00751195
1.67600000 -0.00748511
1.67700000 -0.00745839
1.67800000 -0.00743178
1.67900000 -0.00740528
1.68000000 -0.00737889
1.68100000 -0.00735261
1.68200000 -0.00732643
1.68300000 -0.00730037
1.68400000 -0.00727441
1.68500000 -0.00724857
1.68600000 -0.00722283
1.68700000 -0.00719719
1.68800000 -0.00717166
1.68900000 -0.00714624
1.69000000 -0.00712092
1.69100000 -0.00709571
1.69200000 -0.00707060
1.69300000 -0.00704560
1.69400000 -0.00702069
1.69500000 -0.00699589
1.69600000 -0.00697120
1.69700000 -0.00694660
1.69800000 -0.00692211
1.69900000 -0.00689771
1.70000000 -0.00687342
1.70100000 -0.00684922
1.70200000 -0.00682513
1.70300000 -0.00680113
1.70400000 -0.00677723
1.70500000 -0.00675343
1.70600000 -0.00672973
1.70700000 -0.00670612
1.70800000 -0.00668262
1.70900000 -0.00665920
1.71000000 -0.00663588
1.71100000 -0.00661266
1.71200000 -0.00658953
1.71300000 -0.00656650
1.71400000 -0.00654356
1.71500000 -0.00652071
1.71600000 -0.00649796
1.71700000 -0.00647530
1.71800000 -0.00645273
1.71900000 -0.00643026
1.72000000 -0.00640787
1.72100000 -0.00638557
1.72200000 -0.00636337
1.72300000 -0.00634126
1.72400000 -0.00631923
1.72500000 -0.00629730
1.72600000 -0.00627545
1.72700000 -0.00625369
1.72800000 -0.00623202
1.72900000 -0.00621044
1.73000000 -0.00618894
1.73100000 -0.00616753
1.73200000 -0.00614621
1.73300000 -0.00612497
1.73400000 -0.00610382
1.73500000 -0.00608275
1.73600000 -0.00606177
1.73700000 -0.00604087
1.73800000 -0.00602006
1.73900000 -0.00599933
1.74000000 -0.00597868
1.74100000 -0.00595812
1.74200000 -0.00593764
1.74300000 -0.00591724
1.74400000 -0.00589692
1.74500000 -0.00587669
1.74600000 -0.00585653
1.74700000 -0.00583646
1.74800000 -0.00581646
1.74900000 -0.00579655
1.75000000 -0.00577671
1.75100000 -0.00575696
1.75200000 -0.00573728
1.75300000 -0.00571768
1.75400000 -0.00569816
1.75500000 -0.00567871
1.75600000 -0.00565935
1.75700000 -0.00564006
1.75800000 -0.00562085
1.75900000 -0.00560171
1.76000000 -0.00558265
1.76100000 -0.00556367
1.76200000 -0.00554476
1.76300000 -0.00552592
1.76400000 -0.00550716
1.76500000 -0.00548848
1.76600000 -0.00546987
1.76700000 -0.00545133
1.76800000 -0.00543286
1.76900000 -0.00541447
1.77000000 -0.00539615
1.77100000 -0.00537791
1.77200000 -0.00535973
1.77300000 -0.00534163
1.77400000 -0.00532359
1.77500000 -0.00530563
1.77600000 -0.00528774
1.77700000 -0.00526992
1.77800000 -0.00525217
1.77900000 -0.00523449
1.78000000 -0.00521688
1.78100000 -0.00519934
1.78200000 -0.00518186
1.78300000 -0.00516446
1.78400000 -0.00514712
1.78500000 -0.00512985
1.78600000 -0.00511265
1.78700000 -0.00509552
1.78800000 -0.00507845
1.78900000 -0.00506145
1.79000000 -0.00504451
1.79100000 -0.00502765
1.79200000 -0.00501084
1.79300000 -0.00499411
1.79400000 -0.00497743
1.79500000 -0.00496083
1.79600000 -0.00494428
1.79700000 -0.00492781
1.79800000 -0.00491139
1.79900000 -0.00489504
1.80000000 -0.00487875
1.80100000 -0.00486253
1.80200000 -0.00484637
1.80300000 -0.00483027
1.80400000 -0.00481423
1.80500000 -0.00479826
1.80600000 -0.00478235
1.80700000 -0.00476650
1.80800000 -0.00475071
1.80900000 -0.00473498
1.81000000 -0.00471931
1.81100000 -0.00470370
1.81200000 -0.00468816
1.81300000 -0.00467267
1.81400000 -0.00465724
1.81500000 -0.00464187
1.81600000 -0.00462657
1.81700000 -0.00461132
1.81800000 -0.00459612
1.81900000 -0.00458099
1.82000000 -0.00456591
1.82100000 -0.00455090
1.82200000 -0.00453594
1.82300000 -0.00452104
1.82400000 -0.00450619
1.82500000 -0.00449140
1.82600000 -0.00447667
1.82700000 -0.00446199
1.82800000 -0.00444737
1.82900000 -0.00443281
1.83000000 -0.00441830
1.83100000 -0.00440385
1.83200000 -0.00438945
1.83300000 -0.00437511
1.83400000 -0.00436082
1.83500000 -0.00434659
1.83600000 -0.00433241
1.83700000 -0.00431828
1.83800000 -0.00430421
1.83900000 -0.00429019
1.84000000 -0.00427622
1.84100000 -0.00426231
1.84200000 -0.00424845
1.84300000 -0.00423465
1.84400000 -0.00422089
1.84500000 -0.00420719
1.84600000 -0.00419354
1.84700000 -0.00417994
1.84800000 -0.00416639
1.84900000 -0.00415289
1.85000000 -0.00413945
1.85100000 -0.00412605
1.85200000 -0.00411271
1.85300000 -0.00409941
1.85400000 -0.00408617
1.85500000 -0.00407298
1.85600000 -0.00405983
1.85700000 -0.00404674
1.85800000 -0.00403369
1.85900000 -0.00402069
1.86000000 -0.00400775
1.86100000 -0.00399485
1.86200000 -0.00398200
1.86300000 -0.00396919
1.86400000 -0.00395644
1.86500000 -0.00394373
1.86600000 -0.00393107
1.86700000 -0.00391846
1.86800000 -0.00390590
1.86900000 -0.00389338
1.87000000 -0.00388091
1.87100000 -0.00386848
1.87200000 -0.00385610
1.87300000 -0.00384377
1.87400000 -0.00383149
1.87500000 -0.00381925
1.87600000 -0.00380705
1.87700000 -0.00379490
1.87800000 -0.00378280
1.87900000 -0.00377074
1.88000000 -0.00375872
1.88100000 -0.00374675
1.88200000 -0.00373483
1.88300000 -0.00372295
1.88400000 -0.00371111
1.88500000 -0.00369932
1.88600000 -0.00368757
1.88700000 -0.00367586
1.88800000 -0.00366420
1.88900000 -0.00365258
1.89000000 -0.00364101
1.89100000 -0.00362947
1.89200000 -0.00361798
1.89300000 -0.00360653
1.89400000 -0.00359513
1.89500000 -0.00358376
1.89600000 -0.00357244
1.89700000 -0.00356116
1.89800000 -0.00354992
1.89900000 -0.00353872
1.90000000 -0.00352756
1.90100000 -0.00351645
1.90200000 -0.00350537
1.90300000 -0.00349434
1.90400000 -0.00348335
1.90500000 -0.00347239
1.90600000 -0.00346148
1.90700000 -0.00345061
1.90800000 -0.00343977
1.90900000 -0.00342898
1.91000000 -0.00341823
1.91100000 -0.00340751
1.91200000 -0.00339683
1.91300000 -0.00338620
1.91400000 -0.00337560
1.91500000 -0.00336504
1.91600000 -0.00335452
1.91700000 -0.00334404
1.91800000 -0.00333359
1.91900000 -0.00332319
1.92000000 -0.00331282
1.92100000 -0.00330249
1.92200000 -0.00329219
1.92300000 -0.00328194
1.92400000 -0.00327172
1.92500000 -0.00326154
1.92600000 -0.00325139
1.92700000 -0.00324129
1.92800000 -0.00323122
1.92900000 -0.00322118
1.93000000 -0.00321118
1.93100000 -0.00320122
1.93200000 -0.00319130
1.93300000 -0.00318140
1.93400000 -0.00317155
1.93500000 -0.00316173
1.93600000 -0.00315195
1.93700000 -0.00314220
1.93800000 -0.00313249
1.93900000 -0.00312281
1.94000000 -0.00311317
1.94100000 -0.00310356
1.94200000 -0.00309398
1.94300000 -0.00308445
1.94400000 -0.00307494
1.94500000 -0.00306547
1.94600000 -0.00305603
1.94700000 -0.00304663
1.94800000 -0.00303726
1.94900000 -0.00302792
1.95000000 -0.00301862
1.95100000 -0.00300935
1.95200000 -0.00300012
1.95300000 -0.00299091
1.95400000 -0.00298174
1.95500000 -0.00297261
1.95600000 -0.00296350
1.95700000 -0.00295443
1.95800000 -0.00294539
1.95900000 -0.00293639
1.96000000 -0.00292741
1.96100000 -0.00291847
1.96200000 -0.00290956
1.96300000 -0.00290068
1.96400000 -0.00289183
1.96500000 -0.00288301
1.96600000 -0.00287423
1.96700000 -0.00286547
1.96800000 -0.00285675
1.96900000 -0.00284806
1.97000000 -0.00283940
1.97100000 -0.00283077
1.97200000 -0.00282217
1.97300000 -0.00281360
1.97400000 -0.00280506
1.97500000 -0.00279655
1.97600000 -0.00278807
1.97700000 -0.00277962
1.97800000 -0.00277120
1.97900000 -0.00276281
1.98000000 -0.00275445
1.98100000 -0.00274612
1.98200000 -0.00273782
1.98300000 -0.00272955
1.98400000 -0.00272131
1.98500000 -0.00271310
1.98600000 -0.00270491
1.98700000 -0.00269676
1.98800000 -0.00268863
1.98900000 -0.00268053
1.99000000 -0.00267246
1.99100000 -0.00266442
1.99200000 -0.00265641
1.99300000 -0.00264842
1.99400000 -0.00264046
1.99500000 -0.00263253
1.99600000 -0.00262463
1.99700000 -0.00261676
1.99800000 -0.00260891
1.99900000 -0.00260109
2.00000000 -0.00259330
