0.10000000 885055030.86941636
0.10100000 785438152.90400910
0.10200000 697853932.72746944
0.10300000 620751693.06693554
0.10400000 552792900.51736522
0.10500000 492820490.01345104
0.10600000 439832859.58300281
0.10700000 392961789.25260758
0.10800000 351453662.68532991
0.10900000 314653473.09095222
0.11000000 281991180.10943073
0.11100000 252970054.93129650
0.11200000 227156709.48934644
0.11300000 204172554.25601450
0.11400000 183686469.74221992
0.11500000 165408510.63242066
0.11600000 149084489.76724550
0.11700000 134491312.85157168
0.11800000 121432954.60503198
0.11900000 109736983.72834539
0.12000000 99251558.06438728
0.12100000 89842823.12701409
0.12200000 81392657.11707614
0.12300000 73796713.94534327
0.12400000 66962722.88663112
0.12500000 60809009.50648279
0.12600000 55263207.60479198
0.12700000 50261136.25442274
0.12800000 45745819.69807041
0.12900000 41666631.00444342
0.13000000 37978543.06005377
0.13100000 34641472.75657739
0.13200000 31619706.18561205
0.13300000 28881394.32297324
0.13400000 26398110.11576468
0.13500000 24144459.11305465
0.13600000 22097736.83525186
0.13700000 20237626.98372073
0.13800000 18545935.37241457
0.13900000 17006355.13565949
0.14000000 15604259.34624582
0.14100000 14326517.67890005
0.14200000 13161334.18726982
0.14300000 12098103.63734374
0.14400000 11127284.16492462
0.14500000 10240284.30636116
0.14600000 9429362.69618986
0.14700000 8687538.93775550
0.14800000 8008514.33764269
0.14900000 7386601.35561787
0.15000000 6816660.76197540
0.15100000 6294045.61647460
0.15200000 5814551.28983096
0.15300000 5374370.84203891
0.15400000 4970055.15342637
0.15500000 4598477.27580095
0.15600000 4256800.53366480
0.15700000 3942449.96039152
0.15800000 3653086.70246244
0.15900000 3386585.06720720
0.16000000 3141011.92672759
0.16100000 2914608.22344801
0.16200000 2705772.35159154
0.16300000 2513045.21431306
0.16400000 2335096.77865517
0.16500000 2170713.97029662
0.16600000 2018789.76755941
0.16700000 1878313.36961009
0.16800000 1748361.32747738
0.16900000 1628089.53862840
0.17000000 1516726.01658443
0.17100000 1413564.35658067
0.17200000 1317957.82672495
0.17300000 1229314.02161504
0.17400000 1147090.02204300
0.17500000 1070788.01034541
0.17600000 999951.29623564
0.17700000 934160.71265375
0.17800000 873031.34535665
0.17900000 816209.56370568
0.18000000 763370.32343930
0.18100000 714214.71519382
0.18200000 668467.73519180
0.18300000 625876.25689364
0.18400000 586207.18453267
0.18500000 549245.77135602
0.18600000 514794.08709714
0.18700000 482669.62073222
0.18800000 452704.00594168
0.18900000 424741.85792619
0.19000000 398639.71132916
0.19100000 374265.05000800
0.19200000 351495.42028687
0.19300000 330217.62012397
0.19400000 310326.95734680
0.19500000 291726.57075735
0.19600000 274326.80849342
0.19700000 258044.65855856
0.19800000 242803.22690810
0.19900000 228531.25890706
0.20000000 215162.70036238
0.20100000 202636.29468120
0.20200000 190895.21302254
0.20300000 179886.71459504
0.20400000 169561.83451175
0.20500000 159875.09684608
0.20600000 150784.25074523
0.20700000 142250.02764841
0.20800000 134235.91783124
0.20900000 126707.96465517
0.21000000 119634.57504330
0.21100000 112986.34483433
0.21200000 106735.89778345
0.21300000 100857.73708635
0.21400000 95328.10839982
0.21500000 90124.87342063
0.21600000 85227.39316495
0.21700000 80616.42016379
0.21800000 76273.99885654
0.21900000 72183.37352564
0.22000000 68328.90317041
0.22100000 64695.98276880
0.22200000 61270.97042182
0.22300000 58041.11991732
0.22400000 54994.51828819
0.22500000 52120.02797501
0.22600000 49407.23323535
0.22700000 46846.39047084
0.22800000 44428.38217026
0.22900000 42144.67419098
0.23000000 39987.27612380
0.23100000 37948.70450639
0.23200000 36021.94866968
0.23300000 34200.43901832
0.23400000 32478.01756251
0.23500000 30848.91053254
0.23600000 29307.70292099
0.23700000 27849.31480947
0.23800000 26468.97934792
0.23900000 25162.22226504
0.24000000 23924.84279737
0.24100000 22752.89593363
0.24200000 21642.67587853
0.24300000 20590.70064787
0.24400000 19593.69771320
0.24500000 18648.59062073
0.24600000 17752.48651471
0.24700000 16902.66450080
0.24800000 16096.56478990
0.24900000 15331.77856708
0.25000000 14606.03853470
0.25100000 13917.21008223
0.25200000 13263.28303919
0.25300000 12642.36397040
0.25400000 12052.66897603
0.25500000 11492.51696156
0.25600000 10960.32334533
0.25700000 10454.59417358
0.25800000 9973.92061524
0.25900000 9516.97381067
0.26000000 9082.50005011
0.26100000 8669.31625995
0.26200000 8276.30577573
0.26300000 7902.41438290
0.26400000 7546.64660739
0.26500000 7208.06223927
0.26600000 6885.77307422
0.26700000 6578.93985827
0.26800000 6286.76942249
0.26900000 6008.51199521
0.27000000 5743.45868012
0.27100000 5490.93908945
0.27200000 5250.31912217
0.27300000 5020.99887794
0.27400000 4802.41069785
0.27500000 4594.01732406
0.27600000 4395.31017051
0.27700000 4205.80769783
0.27800000 4025.05388569
0.27900000 3852.61679642
0.28000000 3688.08722427
0.28100000 3531.07742485
0.28200000 3381.21991961
0.28300000 3238.16637100
0.28400000 3101.58652349
0.28500000 2971.16720678
0.28600000 2846.61139705
0.28700000 2727.63733287
0.28800000 2613.97768224
0.28900000 2505.37875792
0.29000000 2401.59977769
0.29100000 2302.41216729
0.29200000 2207.59890302
0.29300000 2116.95389189
0.29400000 2030.28138702
0.29500000 1947.39543602
0.29600000 1868.11936057
0.29700000 1792.28526526
0.29800000 1719.73357395
0.29900000 1650.31259201
0.30000000 1583.87809299
0.30100000 1520.29292819
0.30200000 1459.42665784
0.30300000 1401.15520262
0.30400000 1345.36051436
0.30500000 1291.93026477
0.30600000 1240.75755112
0.30700000 1191.74061807
0.30800000 1144.78259443
0.30900000 1099.79124433
0.31000000 1056.67873170
0.31100000 1015.36139745
0.31200000 975.75954857
0.31300000 937.79725856
0.31400000 901.40217841
0.31500000 866.50535765
0.31600000 833.04107491
0.31700000 800.94667735
0.31800000 770.16242861
0.31900000 740.63136467
0.32000000 712.29915729
0.32100000 685.11398455
0.32200000 659.02640816
0.32300000 633.98925702
0.32400000 609.95751695
0.32500000 586.88822594
0.32600000 564.74037492
0.32700000 543.47481350
0.32800000 523.05416062
0.32900000 503.44271962
0.33000000 484.60639777
0.33100000 466.51262977
0.33200000 449.13030511
0.33300000 432.42969915
0.33400000 416.38240759
0.33500000 400.96128428
0.33600000 386.14038205
0.33700000 371.89489654
0.33800000 358.20111283
0.33900000 345.03635466
0.34000000 332.37893615
0.34100000 320.20811596
0.34200000 308.50405363
0.34300000 297.24776809
0.34400000 286.42109814
0.34500000 276.00666495
0.34600000 265.98783627
0.34700000 256.34869246
0.34800000 247.07399404
0.34900000 238.14915098
0.35000000 229.56019325
0.35100000 221.29374295
0.35200000 213.33698770
0.35300000 205.67765524
0.35400000 198.30398935
0.35500000 191.20472682
0.35600000 184.36907555
0.35700000 177.78669365
0.35800000 171.44766953
0.35900000 165.34250293
0.36000000 159.46208685
0.36100000 153.79769026
0.36200000 148.34094168
0.36300000 143.08381350
0.36400000 138.01860697
0.36500000 133.13793798
0.36600000 128.43472340
0.36700000 123.90216809
0.36800000 119.53375253
0.36900000 115.32322093
0.37000000 111.26456995
0.37100000 107.35203792
0.37200000 103.58009455
0.37300000 99.94343104
0.37400000 96.43695074
0.37500000 93.05576015
0.37600000 89.79516035
0.37700000 86.65063881
0.37800000 83.61786157
0.37900000 80.69266574
0.38000000 77.87105240
0.38100000 75.14917971
0.38200000 72.52335640
0.38300000 69.99003555
0.38400000 67.54580860
0.38500000 65.18739962
0.38600000 62.91165989
0.38700000 60.71556264
0.38800000 58.59619809
0.38900000 56.55076862
0.39000000 54.57658426
0.39100000 52.67105825
0.39200000 50.83170290
0.39300000 49.05612553
0.39400000 47.34202471
0.39500000 45.68718650
0.39600000 44.08948098
0.39700000 42.54685888
0.39800000 41.05734833
0.39900000 39.61905180
0.40000000 38.23014312
0.40100000 36.88886465
0.40200000 35.59352458
0.40300000 34.34249429
0.40400000 33.13420589
0.40500000 31.96714983
0.40600000 30.83987258
0.40700000 29.75097445
0.40800000 28.69910752
0.40900000 27.68297355
0.41000000 26.70132211
0.41100000 25.75294869
0.41200000 24.83669294
0.41300000 23.95143693
0.41400000 23.09610355
0.41500000 22.26965493
0.41600000 21.47109093
0.41700000 20.69944768
0.41800000 19.95379620
0.41900000 19.23324111
0.42000000 18.53691928
0.42100000 17.86399864
0.42200000 17.21367704
0.42300000 16.58518103
0.42400000 15.97776488
0.42500000 15.39070944
0.42600000 14.82332121
0.42700000 14.27493135
0.42800000 13.74489475
0.42900000 13.23258918
0.43000000 12.73741436
0.43100000 12.25879126
0.43200000 11.79616120
0.43300000 11.34898515
0.43400000 10.91674302
0.43500000 10.49893290
0.43600000 10.09507047
0.43700000 9.70468827
0.43800000 9.32733517
0.43900000 8.96257568
0.44000000 8.60998947
0.44100000 8.26917074
0.44200000 7.93972773
0.44300000 7.62128222
0.44400000 7.31346902
0.44500000 7.01593550
0.44600000 6.72834114
0.44700000 6.45035709
0.44800000 6.18166576
0.44900000 5.92196043
0.45000000 5.67094480
0.45100000 5.42833270
0.45200000 5.19384767
0.45300000 4.96722263
0.45400000 4.74819956
0.45500000 4.53652915
0.45600000 4.33197054
0.45700000 4.13429097
0.45800000 3.94326551
0.45900000 3.75867681
0.46000000 3.58031480
0.46100000 3.40797645
0.46200000 3.24146553
0.46300000 3.08059235
0.46400000 2.92517356
0.46500000 2.77503192
0.46600000 2.62999606
0.46700000 2.48990033
0.46800000 2.35458454
0.46900000 2.22389382
0.47000000 2.09767843
0.47100000 1.97579356
0.47200000 1.85809916
0.47300000 1.74445982
0.47400000 1.63474455
0.47500000 1.52882669
0.47600000 1.42658371
0.47700000 1.32789709
0.47800000 1.23265220
0.47900000 1.14073814
0.48000000 1.05204763
0.48100000 0.96647688
0.48200000 0.88392548
0.48300000 0.80429629
0.48400000 0.72749530
0.48500000 0.65343156
0.48600000 0.58201705
0.48700000 0.51316661
0.48800000 0.44679783
0.48900000 0.38283094
0.49000000 0.32118875
0.49100000 0.26179655
0.49200000 0.20458205
0.49300000 0.14947524
0.49400000 0.09640838
0.49500000 0.04531591
0.49600000 -0.00386566
0.49700000 -0.05119778
0.49800000 -0.09673992
0.49900000 -0.14054968
0.50000000 -0.18268281
0.50100000 -0.22319329
0.50200000 -0.26213339
0.50300000 -0.29955371
0.50400000 -0.33550324
0.50500000 -0.37002943
0.50600000 -0.40317823
0.50700000 -0.43499411
0.50800000 -0.46552015
0.50900000 -0.49479808
0.51000000 -0.52286829
0.51100000 -0.54976992
0.51200000 -0.57554085
0.51300000 -0.60021779
0.51400000 -0.62383628
0.51500000 -0.64643075
0.51600000 -0.66803453
0.51700000 -0.68867994
0.51800000 -0.70839825
0.51900000 -0.72721977
0.52000000 -0.74517384
0.52100000 -0.76228891
0.52200000 -0.77859251
0.52300000 -0.79411132
0.52400000 -0.80887119
0.52500000 -0.82289716
0.52600000 -0.83621349
0.52700000 -0.84884367
0.52800000 -0.86081047
0.52900000 -0.87213594
0.53000000 -0.88284144
0.53100000 -0.89294769
0.53200000 -0.90247472
0.53300000 -0.91144199
0.53400000 -0.91986829
0.53500000 -0.92777189
0.53600000 -0.93517043
0.53700000 -0.94208106
0.53800000 -0.94852034
0.53900000 -0.95450436
0.54000000 -0.96004869
0.54100000 -0.96516841
0.54200000 -0.96987813
0.54300000 -0.97419202
0.54400000 -0.97812381
0.54500000 -0.98168678
0.54600000 -0.98489381
0.54700000 -0.98775739
0.54800000 -0.99028961
0.54900000 -0.99250219
0.55000000 -0.99440646
0.55100000 -0.99601344
0.55200000 -0.99733377
0.55300000 -0.99837777
0.55400000 -0.99915545
0.55500000 -0.99967650
0.55600000 -0.99995030
0.55700000 -0.99998594
0.55800000 -0.99979224
0.55900000 -0.99937772
0.56000000 -0.99875066
0.56100000 -0.99791906
0.56200000 -0.99689069
0.56300000 -0.99567305
0.56400000 -0.99427343
0.56500000 -0.99269887
0.56600000 -0.99095621
0.56700000 -0.98905206
0.56800000 -0.98699283
0.56900000 -0.98478473
0.57000000 -0.98243375
0.57100000 -0.97994573
0.57200000 -0.97732630
0.57300000 -0.97458091
0.57400000 -0.97171486
0.57500000 -0.96873325
0.57600000 -0.96564105
0.57700000 -0.96244304
0.57800000 -0.95914389
0.57900000 -0.95574807
0.58000000 -0.95225995
0.58100000 -0.94868373
0.58200000 -0.94502350
0.58300000 -0.94128320
0.58400000 -0.93746666
0.58500000 -0.93357756
0.58600000 -0.92961950
0.58700000 -0.92559593
0.58800000 -0.92151019
0.58900000 -0.91736554
0.59000000 -0.91316510
0.59100000 -0.90891191
0.59200000 -0.90460891
0.59300000 -0.90025892
0.59400000 -0.89586470
0.59500000 -0.89142889
0.59600000 -0.88695407
0.59700000 -0.88244271
0.59800000 -0.87789721
0.59900000 -0.87331988
0.60000000 -0.86871298
0.60100000 -0.86407865
0.60200000 -0.85941900
0.60300000 -0.85473605
0.60400000 -0.85003174
0.60500000 -0.84530796
0.60600000 -0.84056653
0.60700000 -0.83580922
0.60800000 -0.83103771
0.60900000 -0.82625365
0.61000000 -0.82145862
0.61100000 -0.81665414
0.61200000 -0.81184170
0.61300000 -0.80702269
0.61400000 -0.80219851
0.61500000 -0.79737046
0.61600000 -0.79253983
0.61700000 -0.78770783
0.61800000 -0.78287566
0.61900000 -0.77804445
0.62000000 -0.77321530
0.62100000 -0.76838927
0.62200000 -0.76356737
0.62300000 -0.75875059
0.62400000 -0.75393986
0.62500000 -0.74913610
0.62600000 -0.74434018
0.62700000 -0.73955293
0.62800000 -0.73477515
0.62900000 -0.73000764
0.63000000 -0.72525112
0.63100000 -0.72050631
0.63200000 -0.71577389
0.63300000 -0.71105453
0.63400000 -0.70634884
0.63500000 -0.70165745
0.63600000 -0.69698091
0.63700000 -0.69231979
0.63800000 -0.68767462
0.63900000 -0.68304590
0.64000000 -0.67843411
0.64100000 -0.67383973
0.64200000 -0.66926318
0.64300000 -0.66470490
0.64400000 -0.66016527
0.64500000 -0.65564470
0.64600000 -0.65114353
0.64700000 -0.64666211
0.64800000 -0.64220078
0.64900000 -0.63775984
0.65000000 -0.63333960
0.65100000 -0.62894032
0.65200000 -0.62456228
0.65300000 -0.62020573
0.65400000 -0.61587089
0.65500000 -0.61155800
0.65600000 -0.60726727
0.65700000 -0.60299888
0.65800000 -0.59875302
0.65900000 -0.59452987
0.66000000 -0.59032957
0.66100000 -0.58615229
0.66200000 -0.58199816
0.66300000 -0.57786730
0.66400000 -0.57375984
0.66500000 -0.56967587
0.66600000 -0.56561550
0.66700000 -0.56157882
0.66800000 -0.55756590
0.66900000 -0.55357681
0.67000000 -0.54961162
0.67100000 -0.54567039
0.67200000 -0.54175315
0.67300000 -0.53785995
0.67400000 -0.53399083
0.67500000 -0.53014580
0.67600000 -0.52632488
0.67700000 -0.52252809
0.67800000 -0.51875543
0.67900000 -0.51500691
0.68000000 -0.51128251
0.68100000 -0.50758223
0.68200000 -0.50390604
0.68300000 -0.50025393
0.68400000 -0.49662588
0.68500000 -0.49302183
0.68600000 -0.48944178
0.68700000 -0.48588566
0.68800000 -0.48235343
0.68900000 -0.47884506
0.69000000 -0.47536047
0.69100000 -0.47189963
0.69200000 -0.46846246
0.69300000 -0.46504890
0.69400000 -0.46165889
0.69500000 -0.45829235
0.69600000 -0.45494921
0.69700000 -0.45162940
0.69800000 -0.44833284
0.69900000 -0.44505943
0.70000000 -0.44180911
0.70100000 -0.43858177
0.70200000 -0.43537734
0.70300000 -0.43219572
0.70400000 -0.42903682
0.70500000 -0.42590053
0.70600000 -0.42278677
0.70700000 -0.41969544
0.70800000 -0.41662642
0.70900000 -0.41357963
0.71000000 -0.41055495
0.71100000 -0.40755227
0.71200000 -0.40457150
0.71300000 -0.40161252
0.71400000 -0.39867522
0.71500000 -0.39575949
0.71600000 -0.39286521
0.71700000 -0.38999228
0.71800000 -0.38714058
0.71900000 -0.38431000
0.72000000 -0.38150040
0.72100000 -0.37871169
0.72200000 -0.37594375
0.72300000 -0.37319644
0.72400000 -0.37046966
0.72500000 -0.36776328
0.72600000 -0.36507718
0.72700000 -0.36241125
0.72800000 -0.35976536
0.72900000 -0.35713939
0.73000000 -0.35453321
0.73100000 -0.35194671
0.73200000 -0.34937976
0.73300000 -0.34683224
0.73400000 -0.34430402
0.73500000 -0.34179499
0.73600000 -0.33930502
0.73700000 -0.33683398
0.73800000 -0.33438175
0.73900000 -0.33194821
0.74000000 -0.32953324
0.74100000 -0.32713670
0.74200000 -0.32475848
0.74300000 -0.32239846
0.74400000 -0.32005651
0.74500000 -0.31773251
0.74600000 -0.31542633
0.74700000 -0.31313785
0.74800000 -0.31086695
0.74900000 -0.30861351
0.75000000 -0.30637740
0.75100000 -0.30415851
0.75200000 -0.30195671
0.75300000 -0.29977188
0.75400000 -0.29760389
0.75500000 -0.29545264
0.75600000 -0.29331800
0.75700000 -0.29119985
0.75800000 -0.28909806
0.75900000 -0.28701253
0.76000000 -0.28494314
0.76100000 -0.28288975
0.76200000 -0.28085227
0.76300000 -0.27883056
0.76400000 -0.27682452
0.76500000 -0.27483403
0.76600000 -0.27285897
0.76700000 -0.27089922
0.76800000 -0.26895468
0.76900000 -0.26702523
0.77000000 -0.26511075
0.77100000 -0.26321114
0.77200000 -0.26132627
0.77300000 -0.25945605
0.77400000 -0.25760035
0.77500000 -0.25575907
0.77600000 -0.25393209
0.77700000 -0.25211931
0.77800000 -0.25032062
0.77900000 -0.24853590
0.78000000 -0.24676506
0.78100000 -0.24500799
0.78200000 -0.24326457
0.78300000 -0.24153470
0.78400000 -0.23981828
0.78500000 -0.23811521
0.78600000 -0.23642537
0.78700000 -0.23474867
0.78800000 -0.23308501
0.78900000 -0.23143427
0.79000000 -0.22979636
0.79100000 -0.22817118
0.79200000 -0.22655863
0.79300000 -0.22495861
0.79400000 -0.22337102
0.79500000 -0.22179576
0.79600000 -0.22023273
0.79700000 -0.21868185
0.79800000 -0.21714300
0.79900000 -0.21561610
0.80000000 -0.21410105
0.80100000 -0.21259775
0.80200000 -0.21110612
0.80300000 -0.20962606
0.80400000 -0.20815747
0.80500000 -0.20670027
0.80600000 -0.20525437
0.80700000 -0.20381966
0.80800000 -0.20239607
0.80900000 -0.20098351
0.81000000 -0.19958188
0.81100000 -0.19819110
0.81200000 -0.19681108
0.81300000 -0.19544174
0.81400000 -0.19408298
0.81500000 -0.19273473
0.81600000 -0.19139689
0.81700000 -0.19006939
0.81800000 -0.18875214
0.81900000 -0.18744506
0.82000000 -0.18614806
0.82100000 -0.18486106
0.82200000 -0.18358399
0.82300000 -0.18231676
0.82400000 -0.18105930
0.82500000 -0.17981151
0.82600000 -0.17857333
0.82700000 -0.17734468
0.82800000 -0.17612548
0.82900000 -0.17491565
0.83000000 -0.17371511
0.83100000 -0.17252380
0.83200000 -0.17134163
0.83300000 -0.17016853
0.83400000 -0.16900443
0.83500000 -0.16784925
0.83600000 -0.16670293
0.83700000 -0.16556538
0.83800000 -0.16443654
0.83900000 -0.16331634
0.84000000 -0.16220471
0.84100000 -0.16110157
0.84200000 -0.16000686
0.84300000 -0.15892050
0.84400000 -0.15784244
0.84500000 -0.15677260
0.84600000 -0.15571091
0.84700000 -0.15465731
0.84800000 -0.15361174
0.84900000 -0.15257412
0.85000000 -0.15154440
0.85100000 -0.15052250
0.85200000 -0.14950837
0.85300000 -0.14850193
0.85400000 -0.14750314
0.85500000 -0.14651191
0.85600000 -0.14552821
0.85700000 -0.14455195
0.85800000 -0.14358309
0.85900000 -0.14262155
0.86000000 -0.14166729
0.86100000 -0.14072024
0.86200000 -0.13978034
0.86300000 -0.13884753
0.86400000 -0.13792176
0.86500000 -0.13700297
0.86600000 -0.13609110
0.86700000 -0.13518610
0.86800000 -0.13428791
0.86900000 -0.13339647
0.87000000 -0.13251173
0.87100000 -0.13163363
0.87200000 -0.13076212
0.87300000 -0.12989715
0.87400000 -0.12903866
0.87500000 -0.12818660
0.87600000 -0.12734092
0.87700000 -0.12650157
0.87800000 -0.12566849
0.87900000 -0.12484163
0.88000000 -0.12402095
0.88100000 -0.12320638
0.88200000 -0.12239789
0.88300000 -0.12159543
0.88400000 -0.12079893
0.88500000 -0.12000836
0.88600000 -0.11922367
0.88700000 -0.11844481
0.88800000 -0.11767173
0.88900000 -0.11690439
0.89000000 -0.11614274
0.89100000 -0.11538672
0.89200000 -0.11463631
0.89300000 -0.11389145
0.89400000 -0.11315209
0.89500000 -0.11241819
0.89600000 -0.11168972
0.89700000 -0.11096661
0.89800000 -0.11024884
0.89900000 -0.10953635
0.90000000 -0.10882911
0.90100000 -0.10812707
0.90200000 -0.10743019
0.90300000 -0.10673842
0.90400000 -0.10605174
0.90500000 -0.10537009
0.90600000 -0.10469343
0.90700000 -0.10402174
0.90800000 -0.10335495
0.90900000 -0.10269304
0.91000000 -0.10203597
0.91100000 -0.10138369
0.91200000 -0.10073618
0.91300000 -0.10009338
0.91400000 -0.09945527
0.91500000 -0.09882180
0.91600000 -0.09819294
0.91700000 -0.09756865
0.91800000 -0.09694889
0.91900000 -0.09633363
0.92000000 -0.09572283
0.92100000 -0.09511646
0.92200000 -0.09451448
0.92300000 -0.09391685
0.92400000 -0.09332355
0.92500000 -0.09273453
0.92600000 -0.09214976
0.92700000 -0.09156921
0.92800000 -0.09099284
0.92900000 -0.09042062
0.93000000 -0.08985252
0.93100000 -0.08928851
0.93200000 -0.08872854
0.93300000 -0.08817260
0.93400000 -0.08762065
0.93500000 -0.08707265
0.93600000 -0.08652857
0.93700000 -0.08598839
0.93800000 -0.08545207
0.93900000 -0.08491959
0.94000000 -0.08439090
0.94100000 -0.08386599
0.94200000 -0.08334482
0.94300000 -0.08282735
0.94400000 -0.08231358
0.94500000 -0.08180345
0.94600000 -0.08129695
0.94700000 -0.08079405
0.94800000 -0.08029471
0.94900000 -0.07979892
0.95000000 -0.07930663
0.95100000 -0.07881783
0.95200000 -0.07833249
0.95300000 -0.07785057
0.95400000 -0.07737206
0.95500000 -0.07689692
0.95600000 -0.07642513
0.95700000 -0.07595666
0.95800000 -0.07549149
0.95900000 -0.07502959
0.96000000 -0.07457094
0.96100000 -0.07411551
0.96200000 -0.07366327
0.96300000 -0.07321420
0.96400000 -0.07276827
0.96500000 -0.07232547
0.96600000 -0.07188576
0.96700000 -0.07144912
0.96800000 -0.07101553
0.96900000 -0.07058497
0.97000000 -0.07015740
0.97100000 -0.06973281
0.97200000 -0.06931118
0.97300000 -0.06889248
0.97400000 -0.06847668
0.97500000 -0.06806377
0.97600000 -0.06765373
0.97700000 -0.06724652
0.97800000 -0.06684214
0.97900000 -0.06644055
0.98000000 -0.06604174
0.98100000 -0.06564568
0.98200000 -0.06525236
0.98300000 -0.06486174
0.98400000 -0.06447382
0.98500000 -0.06408857
0.98600000 -0.06370597
0.98700000 -0.06332599
0.98800000 -0.06294863
0.98900000 -0.06257386
0.99000000 -0.06220165
0.99100000 -0.06183199
0.99200000 -0.06146487
0.99300000 -0.06110025
0.99400000 -0.06073813
0.99500000 -0.06037847
0.99600000 -0.06002127
0.99700000 -0.05966651
0.99800000 -0.05931416
0.99900000 -0.05896421
1.00000000 -0.05861663
1.00100000 -0.05827142
1.00200000 -0.05792855
1.00300000 -0.05758801
1.00400000 -0.05724977
1.00500000 -0.05691383
1.00600000 -0.05658016
1.00700000 -0.05624874
1.00800000 -0.05591956
1.00900000 -0.05559260
1.01000000 -0.05526784
1.01100000 -0.05494528
1.01200000 -0.05462488
1.01300000 -0.05430664
1.01400000 -0.05399054
1.01500000 -0.05367656
1.01600000 -0.05336469
1.01700000 -0.05305491
1.01800000 -0.05274720
1.01900000 -0.05244155
1.02000000 -0.05213794
1.02100000 -0.05183637
1.02200000 -0.05153680
1.02300000 -0.05123924
1.02400000 -0.05094365
1.02500000 -0.05065004
1.02600000 -0.05035838
1.02700000 -0.05006866
1.02800000 -0.04978086
1.02900000 -0.04949497
1.03000000 -0.04921098
1.03100000 -0.04892887
1.03200000 -0.04864862
1.03300000 -0.04837023
1.03400000 -0.04809368
1.03500000 -0.04781896
1.03600000 -0.04754605
1.03700000 -0.04727493
1.03800000 -0.04700561
1.03900000 -0.04673805
1.04000000 -0.04647226
1.04100000 -0.04620821
1.04200000 -0.04594589
1.04300000 -0.04568530
1.04400000 -0.04542641
1.04500000 -0.04516922
1.04600000 -0.04491371
1.04700000 -0.04465987
1.04800000 -0.04440769
1.04900000 -0.04415716
1.05000000 -0.04390826
1.05100000 -0.04366098
1.05200000 -0.04341531
1.05300000 -0.04317124
1.05400000 -0.04292875
1.05500000 -0.04268784
1.05600000 -0.04244849
1.05700000 -0.04221070
1.05800000 -0.04197444
1.05900000 -0.04173972
1.06000000 -0.04150651
1.06100000 -0.04127481
1.06200000 -0.04104460
1.06300000 -0.04081588
1.06400000 -0.04058864
1.06500000 -0.04036286
1.06600000 -0.04013853
1.06700000 -0.03991564
1.06800000 -0.03969418
1.06900000 -0.03947415
1.07000000 -0.03925553
1.07100000 -0.03903830
1.07200000 -0.03882247
1.07300000 -0.03860802
1.07400000 -0.03839494
1.07500000 -0.03818322
1.07600000 -0.03797286
1.07700000 -0.03776383
1.07800000 -0.03755614
1.07900000 -0.03734976
1.08000000 -0.03714470
1.08100000 -0.03694095
1.08200000 -0.03673848
1.08300000 -0.03653731
1.08400000 -0.03633740
1.08500000 -0.03613877
1.08600000 -0.03594139
1.08700000 -0.03574525
1.08800000 -0.03555036
1.08900000 -0.03535670
1.09000000 -0.03516426
1.09100000 -0.03497303
1.09200000 -0.03478301
1.09300000 -0.03459418
1.09400000 -0.03440654
1.09500000 -0.03422008
1.09600000 -0.03403479
1.09700000 -0.03385066
1.09800000 -0.03366768
1.09900000 -0.03348585
1.10000000 -0.03330516
1.10100000 -0.03312560
1.10200000 -0.03294716
1.10300000 -0.03276983
1.10400000 -0.03259361
1.10500000 -0.03241848
1.10600000 -0.03224445
1.10700000 -0.03207150
1.10800000 -0.03189962
1.10900000 -0.03172881
1.11000000 -0.03155906
1.11100000 -0.03139037
1.11200000 -0.03122271
1.11300000 -0.03105610
1.11400000 -0.03089052
1.11500000 -0.03072596
1.11600000 -0.03056241
1.11700000 -0.03039987
1.11800000 -0.03023834
1.11900000 -0.03007780
1.12000000 -0.02991825
1.12100000 -0.02975968
1.12200000 -0.02960209
1.12300000 -0.02944546
1.12400000 -0.02928979
1.12500000 -0.02913508
1.12600000 -0.02898131
1.12700000 -0.02882849
1.12800000 -0.02867660
1.12900000 -0.02852563
1.13000000 -0.02837559
1.13100000 -0.02822647
1.13200000 -0.02807825
1.13300000 -0.02793093
1.13400000 -0.02778451
1.13500000 -0.02763899
1.13600000 -0.02749434
1.13700000 -0.02735058
1.13800000 -0.02720768
1.13900000 -0.02706565
1.14000000 -0.02692448
1.14100000 -0.02678417
1.14200000 -0.02664470
1.14300000 -0.02650608
1.14400000 -0.02636829
1.14500000 -0.02623133
1.14600000 -0.02609520
1.14700000 -0.02595989
1.14800000 -0.02582539
1.14900000 -0.02569170
1.15000000 -0.02555881
1.15100000 -0.02542672
1.15200000 -0.02529543
1.15300000 -0.02516492
1.15400000 -0.02503519
1.15500000 -0.02490623
1.15600000 -0.02477805
1.15700000 -0.02465063
1.15800000 -0.02452398
1.15900000 -0.02439807
1.16000000 -0.02427292
1.16100000 -0.02414852
1.16200000 -0.02402485
1.16300000 -0.02390192
1.16400000 -0.02377972
1.16500000 -0.02365824
1.16600000 -0.02353748
1.16700000 -0.02341744
1.16800000 -0.02329811
1.16900000 -0.02317949
1.17000000 -0.02306156
1.17100000 -0.02294434
1.17200000 -0.02282780
1.17300000 -0.02271195
1.17400000 -0.02259679
1.17500000 -0.02248230
1.17600000 -0.02236848
1.17700000 -0.02225534
1.17800000 -0.02214286
1.17900000 -0.02203104
1.18000000 -0.02191987
1.18100000 -0.02180935
1.18200000 -0.02169949
1.18300000 -0.02159026
1.18400000 -0.02148168
1.18500000 -0.02137372
1.18600000 -0.02126640
1.18700000 -0.02115970
1.18800000 -0.02105363
1.18900000 -0.02094817
1.19000000 -0.02084333
1.19100000 -0.02073909
1.19200000 -0.02063546
1.19300000 -0.02053243
1.19400000 -0.02043000
1.19500000 -0.02032817
1.19600000 -0.02022692
1.19700000 -0.02012625
1.19800000 -0.02002617
1.19900000 -0.01992667
1.20000000 -0.01982774
1.20100000 -0.01972939
1.20200000 -0.01963160
1.20300000 -0.01953437
1.20400000 -0.01943770
1.20500000 -0.01934159
1.20600000 -0.01924602
1.20700000 -0.01915101
1.20800000 -0.01905654
1.20900000 -0.01896262
1.21000000 -0.01886923
1.21100000 -0.01877637
1.21200000 -0.01868405
1.21300000 -0.01859226
1.21400000 -0.01850098
1.21500000 -0.01841023
1.21600000 -0.01832000
1.21700000 -0.01823028
1.21800000 -0.01814107
1.21900000 -0.01805236
1.22000000 -0.01796417
1.22100000 -0.01787647
1.22200000 -0.01778927
1.22300000 -0.01770256
1.22400000 -0.01761634
1.22500000 -0.01753062
1.22600000 -0.01744537
1.22700000 -0.01736061
1.22800000 -0.01727633
1.22900000 -0.01719252
1.23000000 -0.01710919
1.23100000 -0.01702632
1.23200000 -0.01694393
1.23300000 -0.01686199
1.23400000 -0.01678051
1.23500000 -0.01669950
1.23600000 -0.01661893
1.23700000 -0.01653882
1.23800000 -0.01645916
1.23900000 -0.01637994
1.24000000 -0.01630117
1.24100000 -0.01622284
1.24200000 -0.01614494
1.24300000 -0.01606748
1.24400000 -0.01599045
1.24500000 -0.01591385
1.24600000 -0.01583768
1.24700000 -0.01576193
1.24800000 -0.01568661
1.24900000 -0.01561170
1.25000000 -0.01553720
1.25100000 -0.01546312
1.25200000 -0.01538945
1.25300000 -0.01531619
1.25400000 -0.01524333
1.25500000 -0.01517088
1.25600000 -0.01509883
1.25700000 -0.01502717
1.25800000 -0.01495591
1.25900000 -0.01488504
1.26000000 -0.01481457
1.26100000 -0.01474448
1.26200000 -0.01467478
1.26300000 -0.01460546
1.26400000 -0.01453652
1.26500000 -0.01446795
1.26600000 -0.01439977
1.26700000 -0.01433196
1.26800000 -0.01426452
1.26900000 -0.01419745
1.27000000 -0.01413074
1.27100000 -0.01406440
1.27200000 -0.01399842
1.27300000 -0.01393281
1.27400000 -0.01386755
1.27500000 -0.01380264
1.27600000 -0.01373809
1.27700000 -0.01367389
1.27800000 -0.01361004
1.27900000 -0.01354653
1.28000000 -0.01348337
1.28100000 -0.01342055
1.28200000 -0.01335808
1.28300000 -0.01329594
1.28400000 -0.01323413
1.28500000 -0.01317266
1.28600000 -0.01311153
1.28700000 -0.01305072
1.28800000 -0.01299024
1.28900000 -0.01293009
1.29000000 -0.01287026
1.29100000 -0.01281075
1.29200000 -0.01275157
1.29300000 -0.01269270
1.29400000 -0.01263414
1.29500000 -0.01257590
1.29600000 -0.01251798
1.29700000 -0.01246036
1.29800000 -0.01240305
1.29900000 -0.01234605
1.30000000 -0.01228936
1.30100000 -0.01223296
1.30200000 -0.01217687
1.30300000 -0.01212108
1.30400000 -0.01206558
1.30500000 -0.01201038
1.30600000 -0.01195547
1.30700000 -0.01190086
1.30800000 -0.01184653
1.30900000 -0.01179250
1.31000000 -0.01173875
1.31100000 -0.01168528
1.31200000 -0.01163210
1.31300000 -0.01157920
1.31400000 -0.01152658
1.31500000 -0.01147424
1.31600000 -0.01142218
1.31700000 -0.01137039
1.31800000 -0.01131887
1.31900000 -0.01126763
1.32000000 -0.01121665
1.32100000 -0.01116594
1.32200000 -0.01111550
1.32300000 -0.01106533
1.32400000 -0.01101542
1.32500000 -0.01096577
1.32600000 -0.01091638
1.32700000 -0.01086725
1.32800000 -0.01081837
1.32900000 -0.01076975
1.33000000 -0.01072139
1.33100000 -0.01067328
1.33200000 -0.01062542
1.33300000 -0.01057781
1.33400000 -0.01053045
1.33500000 -0.01048333
1.33600000 -0.01043646
1.33700000 -0.01038984
1.33800000 -0.01034346
1.33900000 -0.01029731
1.34000000 -0.01025141
1.34100000 -0.01020575
1.34200000 -0.01016032
1.34300000 -0.01011512
1.34400000 -0.01007017
1.34500000 -0.01002544
1.34600000 -0.00998094
1.34700000 -0.00993668
1.34800000 -0.00989264
1.34900000 -0.00984883
1.35000000 -0.00980525
1.35100000 -0.00976189
1.35200000 -0.00971875
1.35300000 -0.00967584
1.35400000 -0.00963314
1.35500000 -0.00959067
1.35600000 -0.00954841
1.35700000 -0.00950637
1.35800000 -0.00946455
1.35900000 -0.00942294
1.36000000 -0.00938154
1.36100000 -0.00934035
1.36200000 -0.00929938
1.36300000 -0.00925861
1.36400000 -0.00921805
1.36500000 -0.00917770
1.36600000 -0.00913756
1.36700000 -0.00909761
1.36800000 -0.00905788
1.36900000 -0.00901834
1.37000000 -0.00897900
1.37100000 -0.00893987
1.37200000 -0.00890093
1.37300000 -0.00886219
1.37400000 -0.00882365
1.37500000 -0.00878530
1.37600000 -0.00874714
1.37700000 -0.00870918
1.37800000 -0.00867141
1.37900000 -0.00863383
1.38000000 -0.00859644
1.38100000 -0.00855924
1.38200000 -0.00852223
1.38300000 -0.00848540
1.38400000 -0.00844876
1.38500000 -0.00841230
1.38600000 -0.00837603
1.38700000 -0.00833993
1.38800000 -0.00830402
1.38900000 -0.00826829
1.39000000 -0.00823274
1.39100000 -0.00819736
1.39200000 -0.00816217
1.39300000 -0.00812714
1.39400000 -0.00809230
1.39500000 -0.00805762
1.39600000 -0.00802312
1.39700000 -0.00798880
1.39800000 -0.00795464
1.39900000 -0.00792065
1.40000000 -0.00788683
1.40100000 -0.00785318
1.40200000 -0.00781970
1.40300000 -0.00778638
1.40400000 -0.00775323
1.40500000 -0.00772025
1.40600000 -0.00768742
1.40700000 -0.00765476
1.40800000 -0.00762226
1.40900000 -0.00758992
1.41000000 -0.00755774
1.41100000 -0.00752572
1.41200000 -0.00749386
1.41300000 -0.00746216
1.41400000 -0.00743061
1.41500000 -0.00739921
1.41600000 -0.00736797
1.41700000 -0.00733689
1.41800000 -0.00730595
1.41900000 -0.00727517
1.42000000 -0.00724454
1.42100000 -0.00721406
1.42200000 -0.00718373
1.42300000 -0.00715355
1.42400000 -0.00712351
1.42500000 -0.00709363
1.42600000 -0.00706388
1.42700000 -0.00703429
1.42800000 -0.00700484
1.42900000 -0.00697553
1.43000000 -0.00694636
1.43100000 -0.00691734
1.43200000 -0.00688845
1.43300000 -0.00685971
1.43400000 -0.00683111
1.43500000 -0.00680265
1.43600000 -0.00677432
1.43700000 -0.00674613
1.43800000 -0.00671808
1.43900000 -0.00669016
1.44000000 -0.00666238
1.44100000 -0.00663474
1.44200000 -0.00660722
1.44300000 -0.00657984
1.44400000 -0.00655260
1.44500000 -0.00652548
1.44600000 -0.00649849
1.44700000 -0.00647164
1.44800000 -0.00644491
1.44900000 -0.00641831
1.45000000 -0.00639184
1.45100000 -0.00636550
1.45200000 -0.00633928
1.45300000 -0.00631319
1.45400000 -0.00628723
1.45500000 -0.00626138
1.45600000 -0.00623567
1.45700000 -0.00621007
1.45800000 -0.00618460
1.45900000 -0.00615925
1.46000000 -0.00613402
1.46100000 -0.00610891
1.46200000 -0.00608392
1.46300000 -0.00605905
1.46400000 -0.00603430
1.46500000 -0.00600966
1.46600000 -0.00598514
1.46700000 -0.00596074
1.46800000 -0.00593646
1.46900000 -0.00591229
1.47000000 -0.00588823
1.47100000 -0.00586429
1.47200000 -0.00584046
1.47300000 -0.00581675
1.47400000 -0.00579315
1.47500000 -0.00576965
1.47600000 -0.00574627
1.47700000 -0.00572300
1.47800000 -0.00569984
1.47900000 -0.00567679
1.48000000 -0.00565385
1.48100000 -0.00563102
1.48200000 -0.00560829
1.48300000 -0.00558567
1.48400000 -0.00556315
1.48500000 -0.00554075
1.48600000 -0.00551844
1.48700000 -0.00549624
1.48800000 -0.00547415
1.48900000 -0.00545216
1.49000000 -0.00543027
1.49100000 -0.00540848
1.49200000 -0.00538680
1.49300000 -0.00536522
1.49400000 -0.00534373
1.49500000 -0.00532235
1.49600000 -0.00530107
1.49700000 -0.00527989
1.49800000 -0.00525880
1.49900000 -0.00523781
1.50000000 -0.00521693
1.50100000 -0.00519613
1.50200000 -0.00517544
1.50300000 -0.00515484
1.50400000 -0.00513433
1.50500000 -0.00511393
1.50600000 -0.00509361
1.50700000 -0.00507339
1.50800000 -0.00505326
1.50900000 -0.00503323
1.51000000 -0.00501329
1.51100000 -0.00499344
1.51200000 -0.00497368
1.51300000 -0.00495401
1.51400000 -0.00493444
1.51500000 -0.00491495
1.51600000 -0.00489556
1.51700000 -0.00487625
1.51800000 -0.00485703
1.51900000 -0.00483790
1.52000000 -0.00481886
1.52100000 -0.00479990
1.52200000 -0.00478103
1.52300000 -0.00476225
1.52400000 -0.00474356
1.52500000 -0.00472494
1.52600000 -0.00470642
1.52700000 -0.00468798
1.52800000 -0.00466962
1.52900000 -0.00465135
1.53000000 -0.00463316
1.53100000 -0.00461505
1.53200000 -0.00459703
1.53300000 -0.00457909
1.53400000 -0.00456122
1.53500000 -0.00454345
1.53600000 -0.00452575
1.53700000 -0.00450813
1.53800000 -0.00449059
1.53900000 -0.00447313
1.54000000 -0.00445575
1.54100000 -0.00443845
1.54200000 -0.00442123
1.54300000 -0.00440408
1.54400000 -0.00438701
1.54500000 -0.00437002
1.54600000 -0.00435311
1.54700000 -0.00433627
1.54800000 -0.00431951
1.54900000 -0.00430282
1.55000000 -0.00428621
1.55100000 -0.00426967
1.55200000 -0.00425321
1.55300000 -0.00423682
1.55400000 -0.00422051
1.55500000 -0.00420427
1.55600000 -0.00418810
1.55700000 -0.00417200
1.55800000 -0.00415598
1.55900000 -0.00414002
1.56000000 -0.00412414
1.56100000 -0.00410833
1.56200000 -0.00409259
1.56300000 -0.00407692
1.56400000 -0.00406132
1.56500000 -0.00404579
1.56600000 -0.00403033
1.56700000 -0.00401494
1.56800000 -0.00399962
1.56900000 -0.00398436
1.57000000 -0.00396917
1.57100000 -0.00395405
1.57200000 -0.00393900
1.57300000 -0.00392402
1.57400000 -0.00390910
1.57500000 -0.00389424
1.57600000 -0.00387945
1.57700000 -0.00386473
1.57800000 -0.00385007
1.57900000 -0.00383548
1.58000000 -0.00382095
1.58100000 -0.00380649
1.58200000 -0.00379209
1.58300000 -0.00377775
1.58400000 -0.00376348
1.58500000 -0.00374927
1.58600000 -0.00373512
1.58700000 -0.00372103
1.58800000 -0.00370701
1.58900000 -0.00369305
1.59000000 -0.00367915
1.59100000 -0.00366531
1.59200000 -0.00365153
1.59300000 -0.00363781
1.59400000 -0.00362415
1.59500000 -0.00361055
1.59600000 -0.00359701
1.59700000 -0.00358353
1.59800000 -0.00357010
1.59900000 -0.00355674
1.60000000 -0.00354344
1.60100000 -0.00353019
1.60200000 -0.00351700
1.60300000 -0.00350387
1.60400000 -0.00349079
1.60500000 -0.00347777
1.60600000 -0.00346481
1.60700000 -0.00345191
1.60800000 -0.00343906
1.60900000 -0.00342627
1.61000000 -0.00341353
1.61100000 -0.00340084
1.61200000 -0.00338822
1.61300000 -0.00337564
1.61400000 -0.00336312
1.61500000 -0.00335066
1.61600000 -0.00333825
1.61700000 -0.00332589
1.61800000 -0.00331359
1.61900000 -0.00330134
1.62000000 -0.00328914
1.62100000 -0.00327699
1.62200000 -0.00326490
1.62300000 -0.00325286
1.62400000 -0.00324087
1.62500000 -0.00322893
1.62600000 -0.00321704
1.62700000 -0.00320521
1.62800000 -0.00319342
1.62900000 -0.00318169
1.63000000 -0.00317000
1.63100000 -0.00315837
1.63200000 -0.00314678
1.63300000 -0.00313525
1.63400000 -0.00312376
1.63500000 -0.00311232
1.63600000 -0.00310094
1.63700000 -0.00308960
1.63800000 -0.00307831
1.63900000 -0.00306706
1.64000000 -0.00305587
1.64100000 -0.00304472
1.64200000 -0.00303362
1.64300000 -0.00302257
1.64400000 -0.00301156
1.64500000 -0.00300060
1.64600000 -0.00298969
1.64700000 -0.00297882
1.64800000 -0.00296800
1.64900000 -0.00295722
1.65000000 -0.00294650
1.65100000 -0.00293581
1.65200000 -0.00292517
1.65300000 -0.00291458
1.65400000 -0.00290403
1.65500000 -0.00289353
1.65600000 -0.00288306
1.65700000 -0.00287265
1.65800000 -0.00286228
1.65900000 -0.00285195
1.66000000 -0.00284166
1.66100000 -0.00283142
1.66200000 -0.00282122
1.66300000 -0.00281106
1.66400000 -0.00280095
1.66500000 -0.00279088
1.66600000 -0.00278085
1.66700000 -0.00277086
1.66800000 -0.00276092
1.66900000 -0.00275101
1.67000000 -0.00274115
1.67100000 -0.00273133
1.67200000 -0.00272155
1.67300000 -0.00271181
1.67400000 -0.00270211
1.67500000 -0.00269245
1.67600000 -0.00268284
1.67700000 -0.00267326
1.67800000 -0.00266372
1.67900000 -0.00265422
1.68000000 -0.00264476
1.68100000 -0.00263534
1.68200000 -0.00262596
1.68300000 -0.00261662
1.68400000 -0.00260732
1.68500000 -0.00259805
1.68600000 -0.00258883
1.68700000 -0.00257964
1.68800000 -0.00257049
1.68900000 -0.00256138
1.69000000 -0.00255230
1.69100000 -0.00254327
1.69200000 -0.00253427
1.69300000 -0.00252530
1.69400000 -0.00251638
1.69500000 -0.00250749
1.69600000 -0.00249864
1.69700000 -0.00248982
1.69800000 -0.00248104
1.69900000 -0.00247230
1.70000000 -0.00246359
1.70100000 -0.00245492
1.70200000 -0.00244628
1.70300000 -0.00243768
1.70400000 -0.00242912
1.70500000 -0.00242059
1.70600000 -0.00241209
1.70700000 -0.00240363
1.70800000 -0.00239520
1.70900000 -0.00238681
1.71000000 -0.00237845
1.71100000 -0.00237013
1.71200000 -0.00236184
1.71300000 -0.00235358
1.71400000 -0.00234536
1.71500000 -0.00233717
1.71600000 -0.00232902
1.71700000 -0.00232090
1.71800000 -0.00231281
1.71900000 -0.00230475
1.72000000 -0.00229673
1.72100000 -0.00228874
1.72200000 -0.00228078
1.72300000 -0.00227285
1.72400000 -0.00226496
1.72500000 -0.00225710
1.72600000 -0.00224926
1.72700000 -0.00224147
1.72800000 -0.00223370
1.72900000 -0.00222596
1.73000000 -0.00221826
1.73100000 -0.00221058
1.73200000 -0.00220294
1.73300000 -0.00219533
1.73400000 -0.00218775
1.73500000 -0.00218020
1.73600000 -0.00217268
1.73700000 -0.00216519
1.73800000 -0.00215773
1.73900000 -0.00215030
1.74000000 -0.00214290
1.74100000 -0.00213553
1.74200000 -0.00212819
1.74300000 -0.00212087
1.74400000 -0.00211359
1.74500000 -0.00210634
1.74600000 -0.00209911
1.74700000 -0.00209192
1.74800000 -0.00208475
1.74900000 -0.00207762
1.75000000 -0.00207051
1.75100000 -0.00206342
1.75200000 -0.00205637
1.75300000 -0.00204935
1.75400000 -0.00204235
1.75500000 -0.00203538
1.75600000 -0.00202844
1.75700000 -0.00202153
1.75800000 -0.00201464
1.75900000 -0.00200778
1.76000000 -0.00200095
1.76100000 -0.00199415
1.76200000 -0.00198737
1.76300000 -0.00198062
1.76400000 -0.00197389
1.76500000 -0.00196720
1.76600000 -0.00196053
1.76700000 -0.00195388
1.76800000 -0.00194726
1.76900000 -0.00194067
1.77000000 -0.00193410
1.77100000 -0.00192756
1.77200000 -0.00192105
1.77300000 -0.00191456
1.77400000 -0.00190810
1.77500000 -0.00190166
1.77600000 -0.00189525
1.77700000 -0.00188886
1.77800000 -0.00188250
1.77900000 -0.00187616
1.78000000 -0.00186985
1.78100000 -0.00186356
1.78200000 -0.00185730
1.78300000 -0.00185106
1.78400000 -0.00184485
1.78500000 -0.00183866
1.78600000 -0.00183249
1.78700000 -0.00182635
1.78800000 -0.00182023
1.78900000 -0.00181414
1.79000000 -0.00180807
1.79100000 -0.00180202
1.79200000 -0.00179600
1.79300000 -0.00179000
1.79400000 -0.00178403
1.79500000 -0.00177807
1.79600000 -0.00177214
1.79700000 -0.00176624
1.79800000 -0.00176036
1.79900000 -0.00175449
1.80000000 -0.00174866
1.80100000 -0.00174284
1.80200000 -0.00173705
1.80300000 -0.00173128
1.80400000 -0.00172553
1.80500000 -0.00171981
1.80600000 -0.00171410
1.80700000 -0.00170842
1.80800000 -0.00170276
1.80900000 -0.00169713
1.81000000 -0.00169151
1.81100000 -0.00168592
1.81200000 -0.00168034
1.81300000 -0.00167479
1.81400000 -0.00166926
1.81500000 -0.00166375
1.81600000 -0.00165827
1.81700000 -0.00165280
1.81800000 -0.00164736
1.81900000 -0.00164193
1.82000000 -0.00163653
1.82100000 -0.00163115
1.82200000 -0.00162578
1.82300000 -0.00162044
1.82400000 -0.00161512
1.82500000 -0.00160982
1.82600000 -0.00160454
1.82700000 -0.00159928
1.82800000 -0.00159404
1.82900000 -0.00158882
1.83000000 -0.00158362
1.83100000 -0.00157844
1.83200000 -0.00157328
1.83300000 -0.00156814
1.83400000 -0.00156302
1.83500000 -0.00155792
1.83600000 -0.00155283
1.83700000 -0.00154777
1.83800000 -0.00154273
1.83900000 -0.00153770
1.84000000 -0.00153270
1.84100000 -0.00152771
1.84200000 -0.00152274
1.84300000 -0.00151779
1.84400000 -0.00151286
1.84500000 -0.00150795
1.84600000 -0.00150306
1.84700000 -0.00149819
1.84800000 -0.00149333
1.84900000 -0.00148849
1.85000000 -0.00148367
1.85100000 -0.00147887
1.85200000 -0.00147409
1.85300000 -0.00146932
1.85400000 -0.00146458
1.85500000 -0.00145985
1.85600000 -0.00145514
1.85700000 -0.00145044
1.85800000 -0.00144577
1.85900000 -0.00144111
1.86000000 -0.00143647
1.86100000 -0.00143184
1.86200000 -0.00142724
1.86300000 -0.00142265
1.86400000 -0.00141808
1.86500000 -0.00141352
1.86600000 -0.00140899
1.86700000 -0.00140447
1.86800000 -0.00139996
1.86900000 -0.00139548
1.87000000 -0.00139101
1.87100000 -0.00138655
1.87200000 -0.00138212
1.87300000 -0.00137770
1.87400000 -0.00137329
1.87500000 -0.00136891
1.87600000 -0.00136453
1.87700000 -0.00136018
1.87800000 -0.00135584
1.87900000 -0.00135152
1.88000000 -0.00134721
1.88100000 -0.00134292
1.88200000 -0.00133865
1.88300000 -0.00133439
1.88400000 -0.00133015
1.88500000 -0.00132592
1.88600000 -0.00132171
1.88700000 -0.00131751
1.88800000 -0.00131333
1.88900000 -0.00130917
1.89000000 -0.00130502
1.89100000 -0.00130089
1.89200000 -0.00129677
1.89300000 -0.00129266
1.89400000 -0.00128858
1.89500000 -0.00128450
1.89600000 -0.00128044
1.89700000 -0.00127640
1.89800000 -0.00127237
1.89900000 -0.00126836
1.90000000 -0.00126436
1.90100000 -0.00126038
1.90200000 -0.00125641
1.90300000 -0.00125245
1.90400000 -0.00124851
1.90500000 -0.00124459
1.90600000 -0.00124067
1.90700000 -0.00123678
1.90800000 -0.00123289
1.90900000 -0.00122902
1.91000000 -0.00122517
1.91100000 -0.00122133
1.91200000 -0.00121750
1.91300000 -0.00121369
1.91400000 -0.00120989
1.91500000 -0.00120611
1.91600000 -0.00120234
1.91700000 -0.00119858
1.91800000 -0.00119484
1.91900000 -0.00119111
1.92000000 -0.00118739
1.92100000 -0.00118369
1.92200000 -0.00118000
1.92300000 -0.00117632
1.92400000 -0.00117266
1.92500000 -0.00116901
1.92600000 -0.00116537
1.92700000 -0.00116175
1.92800000 -0.00115814
1.92900000 -0.00115455
1.93000000 -0.00115096
1.93100000 -0.00114739
1.93200000 -0.00114383
1.93300000 -0.00114029
1.93400000 -0.00113676
1.93500000 -0.00113324
1.93600000 -0.00112973
1.93700000 -0.00112624
1.93800000 -0.00112276
1.93900000 -0.00111929
1.94000000 -0.00111583
1.94100000 -0.00111239
1.94200000 -0.00110896
1.94300000 -0.00110554
1.94400000 -0.00110213
1.94500000 -0.00109873
1.94600000 -0.00109535
1.94700000 -0.00109198
1.94800000 -0.00108862
1.94900000 -0.00108528
1.95000000 -0.00108194
1.95100000 -0.00107862
1.95200000 -0.00107531
1.95300000 -0.00107201
1.95400000 -0.00106873
1.95500000 -0.00106545
1.95600000 -0.00106219
1.95700000 -0.00105894
1.95800000 -0.00105570
1.95900000 -0.00105247
1.96000000 -0.00104925
1.96100000 -0.00104605
1.96200000 -0.00104285
1.96300000 -0.00103967
1.96400000 -0.00103650
1.96500000 -0.00103334
1.96600000 -0.00103019
1.96700000 -0.00102705
1.96800000 -0.00102392
1.96900000 -0.00102081
1.97000000 -0.00101770
1.97100000 -0.00101461
1.97200000 -0.00101153
1.97300000 -0.00100846
1.97400000 -0.00100540
1.97500000 -0.00100235
1.97600000 -0.00099931
1.97700000 -0.00099628
1.97800000 -0.00099326
1.97900000 -0.00099026
1.98000000 -0.00098726
1.98100000 -0.00098427
1.98200000 -0.00098130
1.98300000 -0.00097833
1.98400000 -0.00097538
1.98500000 -0.00097244
1.98600000 -0.00096950
1.98700000 -0.00096658
1.98800000 -0.00096367
1.98900000 -0.00096076
1.99000000 -0.00095787
1.99100000 -0.00095499
1.99200000 -0.00095212
1.99300000 -0.00094925
1.99400000 -0.00094640
1.99500000 -0.00094356
1.99600000 -0.00094073
1.99700000 -0.00093791
1.99800000 -0.00093509
1.99900000 -0.00093229
2.00000000 -0.00092950
