0.10000000 2196984375.00000000
0.10100000 1949696726.38558817
0.10200000 1732279208.30142093
0.10300000 1540882358.36744428
0.10400000 1372183350.55833650
0.10500000 1223309844.59499741
0.10600000 1091775429.11387086
0.10700000 975424806.37811863
0.10800000 872387175.87982130
0.10900000 781036529.77846718
0.11000000 699957784.52778149
0.11100000 627917848.21297050
0.11200000 563840868.51975274
0.11300000 506787027.15240645
0.11400000 455934347.21022826
0.11500000 410563064.03552294
0.11600000 370042180.24191093
0.11700000 333817884.38284975
0.11800000 301403561.97003633
0.11900000 272371168.90025055
0.12000000 246343772.11728472
0.12100000 222989091.61399713
0.12200000 202013902.57107073
0.12300000 183159177.28243282
0.12400000 166195864.15405816
0.12500000 150921216.00000000
0.12600000 137155592.52752507
0.12700000 124739672.66139032
0.12800000 113532021.50560729
0.12900000 103406964.53057589
0.13000000 94252728.21455407
0.13100000 85969812.03754224
0.13200000 78469561.57107988
0.13300000 71672916.55392446
0.13400000 65509311.39621009
0.13500000 59915708.60213007
0.13600000 54835748.21833930
0.13700000 50218998.66548327
0.13800000 46020296.24716319
0.13900000 42199162.29972973
0.14000000 38719288.38618165
0.14100000 35548081.18094043
0.14200000 32656259.76732101
0.14300000 30017498.99991305
0.14400000 27608113.39012839
0.14500000 25406776.67219373
0.14600000 23394272.81369279
0.14700000 21553274.76207429
0.14800000 19868147.67720762
0.14900000 18324773.79941159
0.15000000 16910396.45040558
0.15100000 15613480.96821613
0.15200000 14423590.64214009
0.15300000 13331275.94551015
0.15400000 12327975.56663269
0.15500000 11405927.91566219
0.15600000 10558091.94061798
0.15700000 9778076.22207717
0.15800000 9060075.43573857
0.15900000 8398813.37717894
0.16000000 7789491.83555255
0.16100000 7227744.68432104
0.16200000 6709596.62873200
0.16300000 6231426.11289926
0.16400000 5789931.94502843
0.16500000 5382103.24849427
0.16600000 5005192.38990898
0.16700000 4656690.57372184
0.16800000 4334305.82686772
0.16900000 4035943.12706735
0.17000000 3759686.45504157
0.17100000 3503782.57454227
0.17200000 3266626.36508040
0.17300000 3046747.55086137
0.17400000 2842798.68599243
0.17500000 2653544.27074864
0.17600000 2477850.88678416
0.17700000 2314678.25084122
0.17800000 2163071.09690420
0.17900000 2022151.80601465
0.18000000 1891113.71123330
0.18100000 1769215.01261853
0.18200000 1655773.24368742
0.18300000 1550160.23672231
0.18400000 1451797.53956067
0.18500000 1360152.24122774
0.18600000 1274733.16799990
0.18700000 1195087.41527587
0.18800000 1120797.18403157
0.18900000 1051476.89368250
0.19000000 986770.54591501
0.19100000 926349.31650632
0.19200000 869909.35436278
0.19300000 817169.76899331
0.19400000 767870.78942270
0.19500000 721772.07915977
0.19600000 678651.19328489
0.19700000 638302.16502888
0.19800000 600534.21039342
0.19900000 565170.54042681
0.20000000 532047.27172852
0.20100000 501012.42662315
0.20200000 471925.01522789
0.20300000 444654.19234565
0.20400000 419078.48275716
0.20500000 395085.06906475
0.20600000 372569.13676619
0.20700000 351433.27171198
0.20800000 331586.90553114
0.20900000 312945.80500127
0.21000000 295431.60169332
0.21100000 278971.35854355
0.21200000 263497.17029735
0.21300000 248945.79503533
0.21400000 235258.31423337
0.21500000 222379.81902793
0.21600000 210259.12055749
0.21700000 198848.48243291
0.21800000 188103.37355477
0.21900000 177982.23964680
0.22000000 168446.29201163
0.22100000 159459.31214045
0.22200000 150987.47092249
0.22300000 142999.16130446
0.22400000 135464.84334507
0.22500000 128356.90069703
0.22600000 121649.50762804
0.22700000 115318.50576493
0.22800000 109341.28981163
0.22900000 103696.70155212
0.23000000 98364.93150524
0.23100000 93327.42764910
0.23200000 88566.81067920
0.23300000 84066.79530736
0.23400000 79812.11714733
0.23500000 75788.46476915
0.23600000 71982.41653692
0.23700000 68381.38187494
0.23800000 64973.54663499
0.23900000 61747.82226270
0.24000000 58693.79848461
0.24100000 55801.69925870
0.24200000 53062.34175115
0.24300000 50467.09812006
0.24400000 48007.85990374
0.24500000 45677.00482621
0.24600000 43467.36584710
0.24700000 41372.20229584
0.24800000 39385.17294218
0.24900000 37500.31086605
0.25000000 35712.00000000
0.25100000 34014.95322688
0.25200000 32404.19192394
0.25300000 30875.02685271
0.25400000 29423.04030128
0.25500000 28044.06939236
0.25600000 26734.19047701
0.25700000 25489.70453942
0.25800000 24307.12354376
0.25900000 23183.15765900
0.26000000 22114.70330208
0.26100000 21098.83194417
0.26200000 20132.77962875
0.26300000 19213.93715366
0.26400000 18339.84087280
0.26500000 17508.16407632
0.26600000 16716.70891078
0.26700000 15963.39880376
0.26800000 15246.27135959
0.26900000 14563.47169539
0.27000000 13913.24618856
0.27100000 13293.93660899
0.27200000 12703.97461103
0.27300000 12141.87656184
0.27400000 11606.23868468
0.27500000 11095.73249665
0.27600000 10609.10052226
0.27700000 10145.15226516
0.27800000 9702.76042156
0.27900000 9280.85732027
0.28000000 8878.43157474
0.28100000 8494.52493409
0.28200000 8128.22932044
0.28300000 7778.68404102
0.28400000 7445.07316417
0.28500000 7126.62304907
0.28600000 6822.60001965
0.28700000 6532.30817388
0.28800000 6255.08732011
0.28900000 5990.31103261
0.29000000 5737.38481919
0.29100000 5495.74439400
0.29200000 5264.85404906
0.29300000 5044.20511881
0.29400000 4833.31453180
0.29500000 4631.72344450
0.29600000 4438.99595223
0.29700000 4254.71787261
0.29800000 4078.49559734
0.29900000 3909.95500809
0.30000000 3748.74045284
0.30100000 3594.51377915
0.30200000 3446.95342082
0.30300000 3305.75353514
0.30400000 3170.62318747
0.30500000 3041.28558063
0.30600000 2917.47732636
0.30700000 2798.94775652
0.30800000 2685.45827172
0.30900000 2576.78172518
0.31000000 2472.70183993
0.31100000 2373.01265729
0.31200000 2277.51801501
0.31300000 2186.03105328
0.31400000 2098.37374709
0.31500000 2014.37646349
0.31600000 1933.87754224
0.31700000 1856.72289868
0.31800000 1782.76564747
0.31900000 1711.86574613
0.32000000 1643.88965721
0.32100000 1578.71002812
0.32200000 1516.20538758
0.32300000 1456.25985789
0.32400000 1398.76288200
0.32500000 1343.60896475
0.32600000 1290.69742728
0.32700000 1239.93217422
0.32800000 1191.22147259
0.32900000 1144.47774212
0.33000000 1099.61735611
0.33100000 1056.56045249
0.33200000 1015.23075432
0.33300000 975.55539942
0.33400000 937.46477851
0.33500000 900.89238148
0.33600000 865.77465129
0.33700000 832.05084526
0.33800000 799.66290310
0.33900000 768.55532159
0.34000000 738.67503540
0.34100000 709.97130378
0.34200000 682.39560285
0.34300000 655.90152308
0.34400000 630.44467189
0.34500000 605.98258089
0.34600000 582.47461772
0.34700000 559.88190204
0.34800000 538.16722571
0.34900000 517.29497670
0.35000000 497.23106674
0.35100000 477.94286238
0.35200000 459.39911936
0.35300000 441.56992013
0.35400000 424.42661429
0.35500000 407.94176190
0.35600000 392.08907944
0.35700000 376.84338833
0.35800000 362.18056585
0.35900000 348.07749839
0.36000000 334.51203688
0.36100000 321.46295426
0.36200000 308.90990499
0.36300000 296.83338637
0.36400000 285.21470174
0.36500000 274.03592526
0.36600000 263.27986842
0.36700000 252.93004803
0.36800000 242.97065566
0.36900000 233.38652857
0.37000000 224.16312183
0.37100000 215.28648179
0.37200000 206.74322078
0.37300000 198.52049286
0.37400000 190.60597073
0.37500000 182.98782367
0.37600000 175.65469647
0.37700000 168.59568926
0.37800000 161.80033833
0.37900000 155.25859769
0.38000000 148.96082157
0.38100000 142.89774758
0.38200000 137.06048072
0.38300000 131.44047799
0.38400000 126.02953377
0.38500000 120.81976582
0.38600000 115.80360181
0.38700000 110.97376656
0.38800000 106.32326977
0.38900000 101.84539427
0.39000000 97.53368484
0.39100000 93.38193744
0.39200000 89.38418895
0.39300000 85.53470738
0.39400000 81.82798239
0.39500000 78.25871635
0.39600000 74.82181572
0.39700000 71.51238275
0.39800000 68.32570764
0.39900000 65.25726092
0.40000000 62.30268627
0.40100000 59.45779353
0.40200000 56.71855205
0.40300000 54.08108440
0.40400000 51.54166017
0.40500000 49.09669019
0.40600000 46.74272093
0.40700000 44.47642912
0.40800000 42.29461658
0.40900000 40.19420535
0.41000000 38.17223292
0.41100000 36.22584772
0.41200000 34.35230476
0.41300000 32.54896150
0.41400000 30.81327380
0.41500000 29.14279216
0.41600000 27.53515797
0.41700000 25.98810006
0.41800000 24.49943126
0.41900000 23.06704519
0.42000000 21.68891315
0.42100000 20.36308111
0.42200000 19.08766687
0.42300000 17.86085727
0.42400000 16.68090562
0.42500000 15.54612909
0.42600000 14.45490633
0.42700000 13.40567510
0.42800000 12.39693006
0.42900000 11.42722058
0.43000000 10.49514871
0.43100000 9.59936716
0.43200000 8.73857742
0.43300000 7.91152791
0.43400000 7.11701222
0.43500000 6.35386743
0.43600000 5.62097248
0.43700000 4.91724659
0.43800000 4.24164780
0.43900000 3.59317149
0.44000000 2.97084900
0.44100000 2.37374633
0.44200000 1.80096282
0.44300000 1.25162993
0.44400000 0.72491007
0.44500000 0.21999544
0.44600000 -0.26389303
0.44700000 -0.72750679
0.44800000 -1.17157060
0.44900000 -1.59678360
0.45000000 -2.00382016
0.45100000 -2.39333084
0.45200000 -2.76594322
0.45300000 -3.12226275
0.45400000 -3.46287357
0.45500000 -3.78833922
0.45600000 -4.09920347
0.45700000 -4.39599096
0.45800000 -4.67920792
0.45900000 -4.94934285
0.46000000 -5.20686712
0.46100000 -5.45223559
0.46200000 -5.68588724
0.46300000 -5.90824569
0.46400000 -6.11971976
0.46500000 -6.32070402
0.46600000 -6.51157929
0.46700000 -6.69271310
0.46800000 -6.86446018
0.46900000 -7.02716294
0.47000000 -7.18115187
0.47100000 -7.32674596
0.47200000 -7.46425315
0.47300000 -7.59397064
0.47400000 -7.71618537
0.47500000 -7.83117430
0.47600000 -7.93920478
0.47700000 -8.04053492
0.47800000 -8.13541386
0.47900000 -8.22408213
0.48000000 -8.30677193
0.48100000 -8.38370742
0.48200000 -8.45510501
0.48300000 -8.52117360
0.48400000 -8.58211490
0.48500000 -8.63812362
0.48600000 -8.68938774
0.48700000 -8.73608875
0.48800000 -8.77840184
0.48900000 -8.81649617
0.49000000 -8.85053503
0.49100000 -8.88067609
0.49200000 -8.90707153
0.49300000 -8.92986829
0.49400000 -8.94920821
0.49500000 -8.96522825
0.49600000 -8.97806059
0.49700000 -8.98783285
0.49800000 -8.99466825
0.49900000 -8.99868569
0.50000000 -9.00000000
0.50100000 -8.99356997
0.50200000 -8.97478999
0.50300000 -8.94440367
0.50400000 -8.90312646
0.50500000 -8.85164646
0.50600000 -8.79062517
0.50700000 -8.72069820
0.50800000 -8.64247607
0.50900000 -8.55654485
0.51000000 -8.46346694
0.51100000 -8.36378166
0.51200000 -8.25800601
0.51300000 -8.14663527
0.51400000 -8.03014366
0.51500000 -7.90898499
0.51600000 -7.78359323
0.51700000 -7.65438315
0.51800000 -7.52175090
0.51900000 -7.38607457
0.52000000 -7.24771477
0.52100000 -7.10701517
0.52200000 -6.96430306
0.52300000 -6.81988982
0.52400000 -6.67407150
0.52500000 -6.52712928
0.52600000 -6.37932998
0.52700000 -6.23092653
0.52800000 -6.08215842
0.52900000 -5.93325218
0.53000000 -5.78442182
0.53100000 -5.63586927
0.53200000 -5.48778477
0.53300000 -5.34034733
0.53400000 -5.19372508
0.53500000 -5.04807573
0.53600000 -4.90354688
0.53700000 -4.76027645
0.53800000 -4.61839300
0.53900000 -4.47801612
0.54000000 -4.33925676
0.54100000 -4.20221754
0.54200000 -4.06699312
0.54300000 -3.93367049
0.54400000 -3.80232929
0.54500000 -3.67304211
0.54600000 -3.54587476
0.54700000 -3.42088661
0.54800000 -3.29813078
0.54900000 -3.17765451
0.55000000 -3.05949931
0.55100000 -2.94370133
0.55200000 -2.83029151
0.55300000 -2.71929586
0.55400000 -2.61073569
0.55500000 -2.50462782
0.55600000 -2.40098484
0.55700000 -2.29981524
0.55800000 -2.20112371
0.55900000 -2.10491125
0.56000000 -2.01117542
0.56100000 -1.91991052
0.56200000 -1.83110773
0.56300000 -1.74475532
0.56400000 -1.66083881
0.56500000 -1.57934114
0.56600000 -1.50024279
0.56700000 -1.42352198
0.56800000 -1.34915478
0.56900000 -1.27711527
0.57000000 -1.20737567
0.57100000 -1.13990647
0.57200000 -1.07467655
0.57300000 -1.01165332
0.57400000 -0.95080282
0.57500000 -0.89208984
0.57600000 -0.83547803
0.57700000 -0.78092998
0.57800000 -0.72840737
0.57900000 -0.67787101
0.58000000 -0.62928099
0.58100000 -0.58259671
0.58200000 -0.53777700
0.58300000 -0.49478020
0.58400000 -0.45356423
0.58500000 -0.41408665
0.58600000 -0.37630476
0.58700000 -0.34017567
0.58800000 -0.30565631
0.58900000 -0.27270357
0.59000000 -0.24127430
0.59100000 -0.21132540
0.59200000 -0.18281384
0.59300000 -0.15569675
0.59400000 -0.12993145
0.59500000 -0.10547548
0.59600000 -0.08228668
0.59700000 -0.06032319
0.59800000 -0.03954353
0.59900000 -0.01990660
0.60000000 -0.00137174
0.60100000 0.01610123
0.60200000 0.03255203
0.60300000 0.04801981
0.60400000 0.06254321
0.60500000 0.07616025
0.60600000 0.08890838
0.60700000 0.10082441
0.60800000 0.11194449
0.60900000 0.12230412
0.61000000 0.13193812
0.61100000 0.14088057
0.61200000 0.14916487
0.61300000 0.15682367
0.61400000 0.16388887
0.61500000 0.17039161
0.61600000 0.17636226
0.61700000 0.18183039
0.61800000 0.18682481
0.61900000 0.19137349
0.62000000 0.19550362
0.62100000 0.19924154
0.62200000 0.20261280
0.62300000 0.20564209
0.62400000 0.20835328
0.62500000 0.21076938
0.62600000 0.21291257
0.62700000 0.21480417
0.62800000 0.21646465
0.62900000 0.21791361
0.63000000 0.21916981
0.63100000 0.22025113
0.63200000 0.22117460
0.63300000 0.22195637
0.63400000 0.22261173
0.63500000 0.22315509
0.63600000 0.22360000
0.63700000 0.22395914
0.63800000 0.22424430
0.63900000 0.22446642
0.64000000 0.22463556
0.64100000 0.22476089
0.64200000 0.22485072
0.64300000 0.22491250
0.64400000 0.22495277
0.64500000 0.22497722
0.64600000 0.22499067
0.64700000 0.22499705
0.64800000 0.22499942
0.64900000 0.22499996
0.65000000 0.22500000
0.65100000 0.22498485
0.65200000 0.22493940
0.65300000 0.22486365
0.65400000 0.22475760
0.65500000 0.22462123
0.65600000 0.22445455
0.65700000 0.22425753
0.65800000 0.22403014
0.65900000 0.22377232
0.66000000 0.22348401
0.66100000 0.22316510
0.66200000 0.22281545
0.66300000 0.22243489
0.66400000 0.22202319
0.66500000 0.22158006
0.66600000 0.22110515
0.66700000 0.22059804
0.66800000 0.22005822
0.66900000 0.21948507
0.67000000 0.21887790
0.67100000 0.21823587
0.67200000 0.21755804
0.67300000 0.21684333
0.67400000 0.21609052
0.67500000 0.21529821
0.67600000 0.21446488
0.67700000 0.21358879
0.67800000 0.21266805
0.67900000 0.21170057
0.68000000 0.21068407
0.68100000 0.20961607
0.68200000 0.20849389
0.68300000 0.20731463
0.68400000 0.20607522
0.68500000 0.20477238
0.68600000 0.20340262
0.68700000 0.20196231
0.68800000 0.20044764
0.68900000 0.19885467
0.69000000 0.19717932
0.69100000 0.19541747
0.69200000 0.19356491
0.69300000 0.19161746
0.69400000 0.18957098
0.69500000 0.18742142
0.69600000 0.18516493
0.69700000 0.18279786
0.69800000 0.18031690
0.69900000 0.17771913
0.70000000 0.17500208
0.70100000 0.17216389
0.70200000 0.16920332
0.70300000 0.16611987
0.70400000 0.16291388
0.70500000 0.15958658
0.70600000 0.15614015
0.70700000 0.15257784
0.70800000 0.14890393
0.70900000 0.14512381
0.71000000 0.14124397
0.71100000 0.13727200
0.71200000 0.13321653
0.71300000 0.12908719
0.71400000 0.12489452
0.71500000 0.12064987
0.71600000 0.11636526
0.71700000 0.11205329
0.71800000 0.10772689
0.71900000 0.10339927
0.72000000 0.09908363
0.72100000 0.09479311
0.72200000 0.09054052
0.72300000 0.08633823
0.72400000 0.08219804
0.72500000 0.07813100
0.72600000 0.07414734
0.72700000 0.07025636
0.72800000 0.06646635
0.72900000 0.06278458
0.73000000 0.05921725
0.73100000 0.05576948
0.73200000 0.05244534
0.73300000 0.04924785
0.73400000 0.04617909
0.73500000 0.04324017
0.73600000 0.04043138
0.73700000 0.03775221
0.73800000 0.03520142
0.73900000 0.03277718
0.74000000 0.03047709
0.74100000 0.02829826
0.74200000 0.02623743
0.74300000 0.02429101
0.74400000 0.02245515
0.74500000 0.02072578
0.74600000 0.01909871
0.74700000 0.01756966
0.74800000 0.01613429
0.74900000 0.01478827
0.75000000 0.01352727
0.75100000 0.01234703
0.75200000 0.01124338
0.75300000 0.01021222
0.75400000 0.00924960
0.75500000 0.00835167
0.75600000 0.00751473
0.75700000 0.00673522
0.75800000 0.00600974
0.75900000 0.00533502
0.76000000 0.00470795
0.76100000 0.00412560
0.76200000 0.00358515
0.76300000 0.00308395
0.76400000 0.00261948
0.76500000 0.00218938
0.76600000 0.00179140
0.76700000 0.00142344
0.76800000 0.00108351
0.76900000 0.00076975
0.77000000 0.00048040
0.77100000 0.00021381
0.77200000 -0.00003154
0.77300000 -0.00025711
0.77400000 -0.00046425
0.77500000 -0.00065423
0.77600000 -0.00082823
0.77700000 -0.00098735
0.77800000 -0.00113264
0.77900000 -0.00126506
0.78000000 -0.00138552
0.78100000 -0.00149486
0.78200000 -0.00159386
0.78300000 -0.00168326
0.78400000 -0.00176374
0.78500000 -0.00183595
0.78600000 -0.00190048
0.78700000 -0.00195789
0.78800000 -0.00200869
0.78900000 -0.00205337
0.79000000 -0.00209238
0.79100000 -0.00212613
0.79200000 -0.00215502
0.79300000 -0.00217942
0.79400000 -0.00219965
0.79500000 -0.00221605
0.79600000 -0.00222889
0.79700000 -0.00223847
0.79800000 -0.00224502
0.79900000 -0.00224879
0.80000000 -0.00225000
0.80100000 -0.00224886
0.80200000 -0.00224555
0.80300000 -0.00224026
0.80400000 -0.00223315
0.80500000 -0.00222437
0.80600000 -0.00221408
0.80700000 -0.00220239
0.80800000 -0.00218945
0.80900000 -0.00217535
0.81000000 -0.00216022
0.81100000 -0.00214414
0.81200000 -0.00212722
0.81300000 -0.00210954
0.81400000 -0.00209117
0.81500000 -0.00207220
0.81600000 -0.00205268
0.81700000 -0.00203270
0.81800000 -0.00201229
0.81900000 -0.00199153
0.82000000 -0.00197045
0.82100000 -0.00194912
0.82200000 -0.00192756
0.82300000 -0.00190583
0.82400000 -0.00188395
0.82500000 -0.00186197
0.82600000 -0.00183991
0.82700000 -0.00181780
0.82800000 -0.00179568
0.82900000 -0.00177356
0.83000000 -0.00175147
0.83100000 -0.00172943
0.83200000 -0.00170746
0.83300000 -0.00168558
0.83400000 -0.00166380
0.83500000 -0.00164214
0.83600000 -0.00162061
0.83700000 -0.00159922
0.83800000 -0.00157799
0.83900000 -0.00155692
0.84000000 -0.00153603
0.84100000 -0.00151531
0.84200000 -0.00149479
0.84300000 -0.00147446
0.84400000 -0.00145434
0.84500000 -0.00143442
0.84600000 -0.00141471
0.84700000 -0.00139521
0.84800000 -0.00137594
0.84900000 -0.00135688
0.85000000 -0.00133805
0.85100000 -0.00131945
0.85200000 -0.00130107
0.85300000 -0.00128292
0.85400000 -0.00126500
0.85500000 -0.00124731
0.85600000 -0.00122985
0.85700000 -0.00121261
0.85800000 -0.00119561
0.85900000 -0.00117884
0.86000000 -0.00116229
0.86100000 -0.00114598
0.86200000 -0.00112989
0.86300000 -0.00111402
0.86400000 -0.00109838
0.86500000 -0.00108296
0.86600000 -0.00106775
0.86700000 -0.00105277
0.86800000 -0.00103801
0.86900000 -0.00102346
0.87000000 -0.00100912
0.87100000 -0.00099499
0.87200000 -0.00098107
0.87300000 -0.00096736
0.87400000 -0.00095385
0.87500000 -0.00094055
0.87600000 -0.00092744
0.87700000 -0.00091453
0.87800000 -0.00090181
0.87900000 -0.00088929
0.88000000 -0.00087696
0.88100000 -0.00086481
0.88200000 -0.00085285
0.88300000 -0.00084107
0.88400000 -0.00082947
0.88500000 -0.00081804
0.88600000 -0.00080680
0.88700000 -0.00079572
0.88800000 -0.00078481
0.88900000 -0.00077408
0.89000000 -0.00076350
0.89100000 -0.00075309
0.89200000 -0.00074284
0.89300000 -0.00073275
0.89400000 -0.00072281
0.89500000 -0.00071302
0.89600000 -0.00070339
0.89700000 -0.00069390
0.89800000 -0.00068456
0.89900000 -0.00067537
0.90000000 -0.00066631
0.90100000 -0.00065740
0.90200000 -0.00064862
0.90300000 -0.00063997
0.90400000 -0.00063146
0.90500000 -0.00062308
0.90600000 -0.00061483
0.90700000 -0.00060671
0.90800000 -0.00059871
0.90900000 -0.00059083
0.91000000 -0.00058307
0.91100000 -0.00057543
0.91200000 -0.00056791
0.91300000 -0.00056050
0.91400000 -0.00055321
0.91500000 -0.00054603
0.91600000 -0.00053895
0.91700000 -0.00053198
0.91800000 -0.00052512
0.91900000 -0.00051837
0.92000000 -0.00051171
0.92100000 -0.00050516
0.92200000 -0.00049870
0.92300000 -0.00049234
0.92400000 -0.00048608
0.92500000 -0.00047991
0.92600000 -0.00047383
0.92700000 -0.00046785
0.92800000 -0.00046195
0.92900000 -0.00045615
0.93000000 -0.00045043
0.93100000 -0.00044479
0.93200000 -0.00043924
0.93300000 -0.00043377
0.93400000 -0.00042838
0.93500000 -0.00042307
0.93600000 -0.00041784
0.93700000 -0.00041268
0.93800000 -0.00040761
0.93900000 -0.00040260
0.94000000 -0.00039767
0.94100000 -0.00039282
0.94200000 -0.00038803
0.94300000 -0.00038331
0.94400000 -0.00037866
0.94500000 -0.00037408
0.94600000 -0.00036957
0.94700000 -0.00036512
0.94800000 -0.00036073
0.94900000 -0.00035641
0.95000000 -0.00035215
0.95100000 -0.00034795
0.95200000 -0.00034381
0.95300000 -0.00033973
0.95400000 -0.00033571
0.95500000 -0.00033175
0.95600000 -0.00032784
0.95700000 -0.00032399
0.95800000 -0.00032019
0.95900000 -0.00031645
0.96000000 -0.00031275
0.96100000 -0.00030912
0.96200000 -0.00030553
0.96300000 -0.00030199
0.96400000 -0.00029850
0.96500000 -0.00029506
0.96600000 -0.00029167
0.96700000 -0.00028832
0.96800000 -0.00028503
0.96900000 -0.00028177
0.97000000 -0.00027856
0.97100000 -0.00027540
0.97200000 -0.00027228
0.97300000 -0.00026920
0.97400000 -0.00026617
0.97500000 -0.00026318
0.97600000 -0.00026022
0.97700000 -0.00025731
0.97800000 -0.00025444
0.97900000 -0.00025160
0.98000000 -0.00024881
0.98100000 -0.00024605
0.98200000 -0.00024333
0.98300000 -0.00024064
0.98400000 -0.00023799
0.98500000 -0.00023538
0.98600000 -0.00023280
0.98700000 -0.00023026
0.98800000 -0.00022775
0.98900000 -0.00022527
0.99000000 -0.00022283
0.99100000 -0.00022042
0.99200000 -0.00021804
0.99300000 -0.00021569
0.99400000 -0.00021337
0.99500000 -0.00021108
0.99600000 -0.00020883
0.99700000 -0.00020660
0.99800000 -0.00020440
0.99900000 -0.00020223
1.00000000 -0.00020009
1.00100000 -0.00019797
1.00200000 -0.00019588
1.00300000 -0.00019382
1.00400000 -0.00019179
1.00500000 -0.00018978
1.00600000 -0.00018780
1.00700000 -0.00018584
1.00800000 -0.00018391
1.00900000 -0.00018200
1.01000000 -0.00018012
1.01100000 -0.00017826
1.01200000 -0.00017642
1.01300000 -0.00017461
1.01400000 -0.00017282
1.01500000 -0.00017105
1.01600000 -0.00016930
1.01700000 -0.00016758
1.01800000 -0.00016588
1.01900000 -0.00016420
1.02000000 -0.00016254
1.02100000 -0.00016090
1.02200000 -0.00015928
1.02300000 -0.00015768
1.02400000 -0.00015610
1.02500000 -0.00015454
1.02600000 -0.00015300
1.02700000 -0.00015147
1.02800000 -0.00014997
1.02900000 -0.00014848
1.03000000 -0.00014702
1.03100000 -0.00014557
1.03200000 -0.00014413
1.03300000 -0.00014272
1.03400000 -0.00014132
1.03500000 -0.00013994
1.03600000 -0.00013858
1.03700000 -0.00013723
1.03800000 -0.00013590
1.03900000 -0.00013458
1.04000000 -0.00013328
1.04100000 -0.00013199
1.04200000 -0.00013072
1.04300000 -0.00012947
1.04400000 -0.00012823
1.04500000 -0.00012700
1.04600000 -0.00012579
1.04700000 -0.00012459
1.04800000 -0.00012341
1.04900000 -0.00012224
1.05000000 -0.00012109
1.05100000 -0.00011994
1.05200000 -0.00011882
1.05300000 -0.00011770
1.05400000 -0.00011660
1.05500000 -0.00011551
1.05600000 -0.00011443
1.05700000 -0.00011336
1.05800000 -0.00011231
1.05900000 -0.00011127
1.06000000 -0.00011024
1.06100000 -0.00010922
1.06200000 -0.00010822
1.06300000 -0.00010722
1.06400000 -0.00010624
1.06500000 -0.00010527
1.06600000 -0.00010431
1.06700000 -0.00010336
1.06800000 -0.00010242
1.06900000 -0.00010149
1.07000000 -0.00010057
1.07100000 -0.00009966
1.07200000 -0.00009876
1.07300000 -0.00009787
1.07400000 -0.00009699
1.07500000 -0.00009612
1.07600000 -0.00009527
1.07700000 -0.00009442
1.07800000 -0.00009357
1.07900000 -0.00009274
1.08000000 -0.00009192
1.08100000 -0.00009111
1.08200000 -0.00009030
1.08300000 -0.00008951
1.08400000 -0.00008872
1.08500000 -0.00008794
1.08600000 -0.00008717
1.08700000 -0.00008641
1.08800000 -0.00008566
1.08900000 -0.00008491
1.09000000 -0.00008417
1.09100000 -0.00008345
1.09200000 -0.00008272
1.09300000 -0.00008201
1.09400000 -0.00008130
1.09500000 -0.00008060
1.09600000 -0.00007991
1.09700000 -0.00007923
1.09800000 -0.00007855
1.09900000 -0.00007788
1.10000000 -0.00007722
1.10100000 -0.00007656
1.10200000 -0.00007591
1.10300000 -0.00007527
1.10400000 -0.00007464
1.10500000 -0.00007401
1.10600000 -0.00007339
1.10700000 -0.00007277
1.10800000 -0.00007216
1.10900000 -0.00007156
1.11000000 -0.00007096
1.11100000 -0.00007037
1.11200000 -0.00006979
1.11300000 -0.00006921
1.11400000 -0.00006863
1.11500000 -0.00006807
1.11600000 -0.00006751
1.11700000 -0.00006695
1.11800000 -0.00006640
1.11900000 -0.00006586
1.12000000 -0.00006532
1.12100000 -0.00006479
1.12200000 -0.00006426
1.12300000 -0.00006374
1.12400000 -0.00006322
1.12500000 -0.00006271
1.12600000 -0.00006220
1.12700000 -0.00006170
1.12800000 -0.00006120
1.12900000 -0.00006071
1.13000000 -0.00006022
1.13100000 -0.00005974
1.13200000 -0.00005926
1.13300000 -0.00005879
1.13400000 -0.00005832
1.13500000 -0.00005786
1.13600000 -0.00005740
1.13700000 -0.00005695
1.13800000 -0.00005650
1.13900000 -0.00005605
1.14000000 -0.00005561
1.14100000 -0.00005517
1.14200000 -0.00005474
1.14300000 -0.00005431
1.14400000 -0.00005389
1.14500000 -0.00005347
1.14600000 -0.00005305
1.14700000 -0.00005264
1.14800000 -0.00005223
1.14900000 -0.00005183
1.15000000 -0.00005143
1.15100000 -0.00005103
1.15200000 -0.00005064
1.15300000 -0.00005025
1.15400000 -0.00004986
1.15500000 -0.00004948
1.15600000 -0.00004910
1.15700000 -0.00004873
1.15800000 -0.00004836
1.15900000 -0.00004799
1.16000000 -0.00004763
1.16100000 -0.00004727
1.16200000 -0.00004691
1.16300000 -0.00004656
1.16400000 -0.00004620
1.16500000 -0.00004586
1.16600000 -0.00004551
1.16700000 -0.00004517
1.16800000 -0.00004483
1.16900000 -0.00004450
1.17000000 -0.00004417
1.17100000 -0.00004384
1.17200000 -0.00004352
1.17300000 -0.00004319
1.17400000 -0.00004287
1.17500000 -0.00004256
1.17600000 -0.00004224
1.17700000 -0.00004193
1.17800000 -0.00004162
1.17900000 -0.00004132
1.18000000 -0.00004102
1.18100000 -0.00004072
1.18200000 -0.00004042
1.18300000 -0.00004013
1.18400000 -0.00003984
1.18500000 -0.00003955
1.18600000 -0.00003926
1.18700000 -0.00003898
1.18800000 -0.00003870
1.18900000 -0.00003842
1.19000000 -0.00003814
1.19100000 -0.00003787
1.19200000 -0.00003760
1.19300000 -0.00003733
1.19400000 -0.00003706
1.19500000 -0.00003680
1.19600000 -0.00003653
1.19700000 -0.00003627
1.19800000 -0.00003602
1.19900000 -0.00003576
1.20000000 -0.00003551
1.20100000 -0.00003526
1.20200000 -0.00003501
1.20300000 -0.00003477
1.20400000 -0.00003452
1.20500000 -0.00003428
1.20600000 -0.00003404
1.20700000 -0.00003380
1.20800000 -0.00003357
1.20900000 -0.00003333
1.21000000 -0.00003310
1.21100000 -0.00003287
1.21200000 -0.00003264
1.21300000 -0.00003242
1.21400000 -0.00003219
1.21500000 -0.00003197
1.21600000 -0.00003175
1.21700000 -0.00003153
1.21800000 -0.00003132
1.21900000 -0.00003110
1.22000000 -0.00003089
1.22100000 -0.00003068
1.22200000 -0.00003047
1.22300000 -0.00003027
1.22400000 -0.00003006
1.22500000 -0.00002986
1.22600000 -0.00002965
1.22700000 -0.00002945
1.22800000 -0.00002926
1.22900000 -0.00002906
1.23000000 -0.00002886
1.23100000 -0.00002867
1.23200000 -0.00002848
1.23300000 -0.00002829
1.23400000 -0.00002810
1.23500000 -0.00002791
1.23600000 -0.00002773
1.23700000 -0.00002754
1.23800000 -0.00002736
1.23900000 -0.00002718
1.24000000 -0.00002700
1.24100000 -0.00002682
1.24200000 -0.00002664
1.24300000 -0.00002647
1.24400000 -0.00002629
1.24500000 -0.00002612
1.24600000 -0.00002595
1.24700000 -0.00002578
1.24800000 -0.00002561
1.24900000 -0.00002544
1.25000000 -0.00002528
1.25100000 -0.00002512
1.25200000 -0.00002495
1.25300000 -0.00002479
1.25400000 -0.00002463
1.25500000 -0.00002447
1.25600000 -0.00002431
1.25700000 -0.00002416
1.25800000 -0.00002400
1.25900000 -0.00002385
1.26000000 -0.00002370
1.26100000 -0.00002354
1.26200000 -0.00002339
1.26300000 -0.00002324
1.26400000 -0.00002310
1.26500000 -0.00002295
1.26600000 -0.00002280
1.26700000 -0.00002266
1.26800000 -0.00002252
1.26900000 -0.00002237
1.27000000 -0.00002223
1.27100000 -0.00002209
1.27200000 -0.00002195
1.27300000 -0.00002182
1.27400000 -0.00002168
1.27500000 -0.00002154
1.27600000 -0.00002141
1.27700000 -0.00002128
1.27800000 -0.00002114
1.27900000 -0.00002101
1.28000000 -0.00002088
1.28100000 -0.00002075
1.28200000 -0.00002062
1.28300000 -0.00002050
1.28400000 -0.00002037
1.28500000 -0.00002024
1.28600000 -0.00002012
1.28700000 -0.00001999
1.28800000 -0.00001987
1.28900000 -0.00001975
1.29000000 -0.00001963
1.29100000 -0.00001951
1.29200000 -0.00001939
1.29300000 -0.00001927
1.29400000 -0.00001916
1.29500000 -0.00001904
1.29600000 -0.00001892
1.29700000 -0.00001881
1.29800000 -0.00001870
1.29900000 -0.00001858
1.30000000 -0.00001847
1.30100000 -0.00001836
1.30200000 -0.00001825
1.30300000 -0.00001814
1.30400000 -0.00001803
1.30500000 -0.00001792
1.30600000 -0.00001782
1.30700000 -0.00001771
1.30800000 -0.00001760
1.30900000 -0.00001750
1.31000000 -0.00001740
1.31100000 -0.00001729
1.31200000 -0.00001719
1.31300000 -0.00001709
1.31400000 -0.00001699
1.31500000 -0.00001689
1.31600000 -0.00001679
1.31700000 -0.00001669
1.31800000 -0.00001659
1.31900000 -0.00001649
1.32000000 -0.00001640
1.32100000 -0.00001630
1.32200000 -0.00001621
1.32300000 -0.00001611
1.32400000 -0.00001602
1.32500000 -0.00001592
1.32600000 -0.00001583
1.32700000 -0.00001574
1.32800000 -0.00001565
1.32900000 -0.00001556
1.33000000 -0.00001547
1.33100000 -0.00001538
1.33200000 -0.00001529
1.33300000 -0.00001520
1.33400000 -0.00001512
1.33500000 -0.00001503
1.33600000 -0.00001494
1.33700000 -0.00001486
1.33800000 -0.00001477
1.33900000 -0.00001469
1.34000000 -0.00001461
1.34100000 -0.00001452
1.34200000 -0.00001444
1.34300000 -0.00001436
1.34400000 -0.00001428
1.34500000 -0.00001420
1.34600000 -0.00001412
1.34700000 -0.00001404
1.34800000 -0.00001396
1.34900000 -0.00001388
1.35000000 -0.00001380
1.35100000 -0.00001372
1.35200000 -0.00001365
1.35300000 -0.00001357
1.35400000 -0.00001349
1.35500000 -0.00001342
1.35600000 -0.00001334
1.35700000 -0.00001327
1.35800000 -0.00001320
1.35900000 -0.00001312
1.36000000 -0.00001305
1.36100000 -0.00001298
1.36200000 -0.00001291
1.36300000 -0.00001284
1.36400000 -0.00001277
1.36500000 -0.00001270
1.36600000 -0.00001263
1.36700000 -0.00001256
1.36800000 -0.00001249
1.36900000 -0.00001242
1.37000000 -0.00001235
1.37100000 -0.00001228
1.37200000 -0.00001222
1.37300000 -0.00001215
1.37400000 -0.00001208
1.37500000 -0.00001202
1.37600000 -0.00001195
1.37700000 -0.00001189
1.37800000 -0.00001182
1.37900000 -0.00001176
1.38000000 -0.00001170
1.38100000 -0.00001163
1.38200000 -0.00001157
1.38300000 -0.00001151
1.38400000 -0.00001145
1.38500000 -0.00001139
1.38600000 -0.00001133
1.38700000 -0.00001127
1.38800000 -0.00001121
1.38900000 -0.00001115
1.39000000 -0.00001109
1.39100000 -0.00001103
1.39200000 -0.00001097
1.39300000 -0.00001091
1.39400000 -0.00001085
1.39500000 -0.00001080
1.39600000 -0.00001074
1.39700000 -0.00001068
1.39800000 -0.00001063
1.39900000 -0.00001057
1.40000000 -0.00001051
1.40100000 -0.00001046
1.40200000 -0.00001040
1.40300000 -0.00001035
1.40400000 -0.00001030
1.40500000 -0.00001024
1.40600000 -0.00001019
1.40700000 -0.00001014
1.40800000 -0.00001008
1.40900000 -0.00001003
1.41000000 -0.00000998
1.41100000 -0.00000993
1.41200000 -0.00000988
1.41300000 -0.00000983
1.41400000 -0.00000977
1.41500000 -0.00000972
1.41600000 -0.00000967
1.41700000 -0.00000962
1.41800000 -0.00000958
1.41900000 -0.00000953
1.42000000 -0.00000948
1.42100000 -0.00000943
1.42200000 -0.00000938
1.42300000 -0.00000933
1.42400000 -0.00000929
1.42500000 -0.00000924
1.42600000 -0.00000919
1.42700000 -0.00000914
1.42800000 -0.00000910
1.42900000 -0.00000905
1.43000000 -0.00000901
1.43100000 -0.00000896
1.43200000 -0.00000892
1.43300000 -0.00000887
1.43400000 -0.00000883
1.43500000 -0.00000878
1.43600000 -0.00000874
1.43700000 -0.00000869
1.43800000 -0.00000865
1.43900000 -0.00000861
1.44000000 -0.00000856
1.44100000 -0.00000852
1.44200000 -0.00000848
1.44300000 -0.00000844
1.44400000 -0.00000840
1.44500000 -0.00000835
1.44600000 -0.00000831
1.44700000 -0.00000827
1.44800000 -0.00000823
1.44900000 -0.00000819
1.45000000 -0.00000815
1.45100000 -0.00000811
1.45200000 -0.00000807
1.45300000 -0.00000803
1.45400000 -0.00000799
1.45500000 -0.00000795
1.45600000 -0.00000791
1.45700000 -0.00000787
1.45800000 -0.00000783
1.45900000 -0.00000780
1.46000000 -0.00000776
1.46100000 -0.00000772
1.46200000 -0.00000768
1.46300000 -0.00000765
1.46400000 -0.00000761
1.46500000 -0.00000757
1.46600000 -0.00000754
1.46700000 -0.00000750
1.46800000 -0.00000746
1.46900000 -0.00000743
1.47000000 -0.00000739
1.47100000 -0.00000736
1.47200000 -0.00000732
1.47300000 -0.00000729
1.47400000 -0.00000725
1.47500000 -0.00000722
1.47600000 -0.00000718
1.47700000 -0.00000715
1.47800000 -0.00000711
1.47900000 -0.00000708
1.48000000 -0.00000705
1.48100000 -0.00000701
1.48200000 -0.00000698
1.48300000 -0.00000695
1.48400000 -0.00000691
1.48500000 -0.00000688
1.48600000 -0.00000685
1.48700000 -0.00000681
1.48800000 -0.00000678
1.48900000 -0.00000675
1.49000000 -0.00000672
1.49100000 -0.00000669
1.49200000 -0.00000666
1.49300000 -0.00000663
1.49400000 -0.00000659
1.49500000 -0.00000656
1.49600000 -0.00000653
1.49700000 -0.00000650
1.49800000 -0.00000647
1.49900000 -0.00000644
1.50000000 -0.00000641
1.50100000 -0.00000638
1.50200000 -0.00000635
1.50300000 -0.00000632
1.50400000 -0.00000629
1.50500000 -0.00000626
1.50600000 -0.00000624
1.50700000 -0.00000621
1.50800000 -0.00000618
1.50900000 -0.00000615
1.51000000 -0.00000612
1.51100000 -0.00000609
1.51200000 -0.00000607
1.51300000 -0.00000604
1.51400000 -0.00000601
1.51500000 -0.00000598
1.51600000 -0.00000596
1.51700000 -0.00000593
1.51800000 -0.00000590
1.51900000 -0.00000587
1.52000000 -0.00000585
1.52100000 -0.00000582
1.52200000 -0.00000579
1.52300000 -0.00000577
1.52400000 -0.00000574
1.52500000 -0.00000572
1.52600000 -0.00000569
1.52700000 -0.00000567
1.52800000 -0.00000564
1.52900000 -0.00000561
1.53000000 -0.00000559
1.53100000 -0.00000556
1.53200000 -0.00000554
1.53300000 -0.00000551
1.53400000 -0.00000549
1.53500000 -0.00000546
1.53600000 -0.00000544
1.53700000 -0.00000542
1.53800000 -0.00000539
1.53900000 -0.00000537
1.54000000 -0.00000534
1.54100000 -0.00000532
1.54200000 -0.00000530
1.54300000 -0.00000527
1.54400000 -0.00000525
1.54500000 -0.00000523
1.54600000 -0.00000520
1.54700000 -0.00000518
1.54800000 -0.00000516
1.54900000 -0.00000514
1.55000000 -0.00000511
1.55100000 -0.00000509
1.55200000 -0.00000507
1.55300000 -0.00000505
1.55400000 -0.00000502
1.55500000 -0.00000500
1.55600000 -0.00000498
1.55700000 -0.00000496
1.55800000 -0.00000494
1.55900000 -0.00000492
1.56000000 -0.00000489
1.56100000 -0.00000487
1.56200000 -0.00000485
1.56300000 -0.00000483
1.56400000 -0.00000481
1.56500000 -0.00000479
1.56600000 -0.00000477
1.56700000 -0.00000475
1.56800000 -0.00000473
1.56900000 -0.00000471
1.57000000 -0.00000469
1.57100000 -0.00000467
1.57200000 -0.00000465
1.57300000 -0.00000463
1.57400000 -0.00000461
1.57500000 -0.00000459
1.57600000 -0.00000457
1.57700000 -0.00000455
1.57800000 -0.00000453
1.57900000 -0.00000451
1.58000000 -0.00000449
1.58100000 -0.00000447
1.58200000 -0.00000445
1.58300000 -0.00000443
1.58400000 -0.00000441
1.58500000 -0.00000440
1.58600000 -0.00000438
1.58700000 -0.00000436
1.58800000 -0.00000434
1.58900000 -0.00000432
1.59000000 -0.00000430
1.59100000 -0.00000429
1.59200000 -0.00000427
1.59300000 -0.00000425
1.59400000 -0.00000423
1.59500000 -0.00000421
1.59600000 -0.00000420
1.59700000 -0.00000418
1.59800000 -0.00000416
1.59900000 -0.00000414
1.60000000 -0.00000413
1.60100000 -0.00000411
1.60200000 -0.00000409
1.60300000 -0.00000408
1.60400000 -0.00000406
1.60500000 -0.00000404
1.60600000 -0.00000402
1.60700000 -0.00000401
1.60800000 -0.00000399
1.60900000 -0.00000397
1.61000000 -0.00000396
1.61100000 -0.00000394
1.61200000 -0.00000393
1.61300000 -0.00000391
1.61400000 -0.00000389
1.61500000 -0.00000388
1.61600000 -0.00000386
1.61700000 -0.00000385
1.61800000 -0.00000383
1.61900000 -0.00000381
1.62000000 -0.00000380
1.62100000 -0.00000378
1.62200000 -0.00000377
1.62300000 -0.00000375
1.62400000 -0.00000374
1.62500000 -0.00000372
1.62600000 -0.00000371
1.62700000 -0.00000369
1.62800000 -0.00000368
1.62900000 -0.00000366
1.63000000 -0.00000365
1.63100000 -0.00000363
1.63200000 -0.00000362
1.63300000 -0.00000360
1.63400000 -0.00000359
1.63500000 -0.00000357
1.63600000 -0.00000356
1.63700000 -0.00000355
1.63800000 -0.00000353
1.63900000 -0.00000352
1.64000000 -0.00000350
1.64100000 -0.00000349
1.64200000 -0.00000348
1.64300000 -0.00000346
1.64400000 -0.00000345
1.64500000 -0.00000343
1.64600000 -0.00000342
1.64700000 -0.00000341
1.64800000 -0.00000339
1.64900000 -0.00000338
1.65000000 -0.00000337
1.65100000 -0.00000335
1.65200000 -0.00000334
1.65300000 -0.00000333
1.65400000 -0.00000331
1.65500000 -0.00000330
1.65600000 -0.00000329
1.65700000 -0.00000327
1.65800000 -0.00000326
1.65900000 -0.00000325
1.66000000 -0.00000324
1.66100000 -0.00000322
1.66200000 -0.00000321
1.66300000 -0.00000320
1.66400000 -0.00000319
1.66500000 -0.00000317
1.66600000 -0.00000316
1.66700000 -0.00000315
1.66800000 -0.00000314
1.66900000 -0.00000312
1.67000000 -0.00000311
1.67100000 -0.00000310
1.67200000 -0.00000309
1.67300000 -0.00000308
1.67400000 -0.00000306
1.67500000 -0.00000305
1.67600000 -0.00000304
1.67700000 -0.00000303
1.67800000 -0.00000302
1.67900000 -0.00000301
1.68000000 -0.00000299
1.68100000 -0.00000298
1.68200000 -0.00000297
1.68300000 -0.00000296
1.68400000 -0.00000295
1.68500000 -0.00000294
1.68600000 -0.00000293
1.68700000 -0.00000291
1.68800000 -0.00000290
1.68900000 -0.00000289
1.69000000 -0.00000288
1.69100000 -0.00000287
1.69200000 -0.00000286
1.69300000 -0.00000285
1.69400000 -0.00000284
1.69500000 -0.00000283
1.69600000 -0.00000282
1.69700000 -0.00000281
1.69800000 -0.00000279
1.69900000 -0.00000278
1.70000000 -0.00000277
1.70100000 -0.00000276
1.70200000 -0.00000275
1.70300000 -0.00000274
1.70400000 -0.00000273
1.70500000 -0.00000272
1.70600000 -0.00000271
1.70700000 -0.00000270
1.70800000 -0.00000269
1.70900000 -0.00000268
1.71000000 -0.00000267
1.71100000 -0.00000266
1.71200000 -0.00000265
1.71300000 -0.00000264
1.71400000 -0.00000263
1.71500000 -0.00000262
1.71600000 -0.00000261
1.71700000 -0.00000260
1.71800000 -0.00000259
1.71900000 -0.00000258
1.72000000 -0.00000257
1.72100000 -0.00000256
1.72200000 -0.00000255
1.72300000 -0.00000254
1.72400000 -0.00000254
1.72500000 -0.00000253
1.72600000 -0.00000252
1.72700000 -0.00000251
1.72800000 -0.00000250
1.72900000 -0.00000249
1.73000000 -0.00000248
1.73100000 -0.00000247
1.73200000 -0.00000246
1.73300000 -0.00000245
1.73400000 -0.00000244
1.73500000 -0.00000243
1.73600000 -0.00000243
1.73700000 -0.00000242
1.73800000 -0.00000241
1.73900000 -0.00000240
1.74000000 -0.00000239
1.74100000 -0.00000238
1.74200000 -0.00000237
1.74300000 -0.00000236
1.74400000 -0.00000236
1.74500000 -0.00000235
1.74600000 -0.00000234
1.74700000 -0.00000233
1.74800000 -0.00000232
1.74900000 -0.00000231
1.75000000 -0.00000231
1.75100000 -0.00000230
1.75200000 -0.00000229
1.75300000 -0.00000228
1.75400000 -0.00000227
1.75500000 -0.00000226
1.75600000 -0.00000226
1.75700000 -0.00000225
1.75800000 -0.00000224
1.75900000 -0.00000223
1.76000000 -0.00000222
1.76100000 -0.00000222
1.76200000 -0.00000221
1.76300000 -0.00000220
1.76400000 -0.00000219
1.76500000 -0.00000218
1.76600000 -0.00000218
1.76700000 -0.00000217
1.76800000 -0.00000216
1.76900000 -0.00000215
1.77000000 -0.00000215
1.77100000 -0.00000214
1.77200000 -0.00000213
1.77300000 -0.00000212
1.77400000 -0.00000212
1.77500000 -0.00000211
1.77600000 -0.00000210
1.77700000 -0.00000209
1.77800000 -0.00000209
1.77900000 -0.00000208
1.78000000 -0.00000207
1.78100000 -0.00000206
1.78200000 -0.00000206
1.78300000 -0.00000205
1.78400000 -0.00000204
1.78500000 -0.00000204
1.78600000 -0.00000203
1.78700000 -0.00000202
1.78800000 -0.00000201
1.78900000 -0.00000201
1.79000000 -0.00000200
1.79100000 -0.00000199
1.79200000 -0.00000199
1.79300000 -0.00000198
1.79400000 -0.00000197
1.79500000 -0.00000197
1.79600000 -0.00000196
1.79700000 -0.00000195
1.79800000 -0.00000195
1.79900000 -0.00000194
1.80000000 -0.00000193
1.80100000 -0.00000193
1.80200000 -0.00000192
1.80300000 -0.00000191
1.80400000 -0.00000191
1.80500000 -0.00000190
1.80600000 -0.00000189
1.80700000 -0.00000189
1.80800000 -0.00000188
1.80900000 -0.00000187
1.81000000 -0.00000187
1.81100000 -0.00000186
1.81200000 -0.00000185
1.81300000 -0.00000185
1.81400000 -0.00000184
1.81500000 -0.00000183
1.81600000 -0.00000183
1.81700000 -0.00000182
1.81800000 -0.00000182
1.81900000 -0.00000181
1.82000000 -0.00000180
1.82100000 -0.00000180
1.82200000 -0.00000179
1.82300000 -0.00000179
1.82400000 -0.00000178
1.82500000 -0.00000177
1.82600000 -0.00000177
1.82700000 -0.00000176
1.82800000 -0.00000176
1.82900000 -0.00000175
1.83000000 -0.00000174
1.83100000 -0.00000174
1.83200000 -0.00000173
1.83300000 -0.00000173
1.83400000 -0.00000172
1.83500000 -0.00000171
1.83600000 -0.00000171
1.83700000 -0.00000170
1.83800000 -0.00000170
1.83900000 -0.00000169
1.84000000 -0.00000169
1.84100000 -0.00000168
1.84200000 -0.00000167
1.84300000 -0.00000167
1.84400000 -0.00000166
1.84500000 -0.00000166
1.84600000 -0.00000165
1.84700000 -0.00000165
1.84800000 -0.00000164
1.84900000 -0.00000164
1.85000000 -0.00000163
1.85100000 -0.00000163
1.85200000 -0.00000162
1.85300000 -0.00000161
1.85400000 -0.00000161
1.85500000 -0.00000160
1.85600000 -0.00000160
1.85700000 -0.00000159
1.85800000 -0.00000159
1.85900000 -0.00000158
1.86000000 -0.00000158
1.86100000 -0.00000157
1.86200000 -0.00000157
1.86300000 -0.00000156
1.86400000 -0.00000156
1.86500000 -0.00000155
1.86600000 -0.00000155
1.86700000 -0.00000154
1.86800000 -0.00000154
1.86900000 -0.00000153
1.87000000 -0.00000153
1.87100000 -0.00000152
1.87200000 -0.00000152
1.87300000 -0.00000151
1.87400000 -0.00000151
1.87500000 -0.00000150
1.87600000 -0.00000150
1.87700000 -0.00000149
1.87800000 -0.00000149
1.87900000 -0.00000148
1.88000000 -0.00000148
1.88100000 -0.00000147
1.88200000 -0.00000147
1.88300000 -0.00000146
1.88400000 -0.00000146
1.88500000 -0.00000145
1.88600000 -0.00000145
1.88700000 -0.00000145
1.88800000 -0.00000144
1.88900000 -0.00000144
1.89000000 -0.00000143
1.89100000 -0.00000143
1.89200000 -0.00000142
1.89300000 -0.00000142
1.89400000 -0.00000141
1.89500000 -0.00000141
1.89600000 -0.00000140
1.89700000 -0.00000140
1.89800000 -0.00000140
1.89900000 -0.00000139
1.90000000 -0.00000139
1.90100000 -0.00000138
1.90200000 -0.00000138
1.90300000 -0.00000137
1.90400000 -0.00000137
1.90500000 -0.00000136
1.90600000 -0.00000136
1.90700000 -0.00000136
1.90800000 -0.00000135
1.90900000 -0.00000135
1.91000000 -0.00000134
1.91100000 -0.00000134
1.91200000 -0.00000133
1.91300000 -0.00000133
1.91400000 -0.00000133
1.91500000 -0.00000132
1.91600000 -0.00000132
1.91700000 -0.00000131
1.91800000 -0.00000131
1.91900000 -0.00000131
1.92000000 -0.00000130
1.92100000 -0.00000130
1.92200000 -0.00000129
1.92300000 -0.00000129
1.92400000 -0.00000129
1.92500000 -0.00000128
1.92600000 -0.00000128
1.92700000 -0.00000127
1.92800000 -0.00000127
1.92900000 -0.00000127
1.93000000 -0.00000126
1.93100000 -0.00000126
1.93200000 -0.00000125
1.93300000 -0.00000125
1.93400000 -0.00000125
1.93500000 -0.00000124
1.93600000 -0.00000124
1.93700000 -0.00000123
1.93800000 -0.00000123
1.93900000 -0.00000123
1.94000000 -0.00000122
1.94100000 -0.00000122
1.94200000 -0.00000122
1.94300000 -0.00000121
1.94400000 -0.00000121
1.94500000 -0.00000120
1.94600000 -0.00000120
1.94700000 -0.00000120
1.94800000 -0.00000119
1.94900000 -0.00000119
1.95000000 -0.00000119
1.95100000 -0.00000118
1.95200000 -0.00000118
1.95300000 -0.00000118
1.95400000 -0.00000117
1.95500000 -0.00000117
1.95600000 -0.00000116
1.95700000 -0.00000116
1.95800000 -0.00000116
1.95900000 -0.00000115
1.96000000 -0.00000115
1.96100000 -0.00000115
1.96200000 -0.00000114
1.96300000 -0.00000114
1.96400000 -0.00000114
1.96500000 -0.00000113
1.96600000 -0.00000113
1.96700000 -0.00000113
1.96800000 -0.00000112
1.96900000 -0.00000112
1.97000000 -0.00000112
1.97100000 -0.00000111
1.97200000 -0.00000111
1.97300000 -0.00000111
1.97400000 -0.00000110
1.97500000 -0.00000110
1.97600000 -0.00000110
1.97700000 -0.00000109
1.97800000 -0.00000109
1.97900000 -0.00000109
1.98000000 -0.00000108
1.98100000 -0.00000108
1.98200000 -0.00000108
1.98300000 -0.00000107
1.98400000 -0.00000107
1.98500000 -0.00000107
1.98600000 -0.00000106
1.98700000 -0.00000106
1.98800000 -0.00000106
1.98900000 -0.00000105
1.99000000 -0.00000105
1.99100000 -0.00000105
1.99200000 -0.00000104
1.99300000 -0.00000104
1.99400000 -0.00000104
1.99500000 -0.00000104
1.99600000 -0.00000103
1.99700000 -0.00000103
1.99800000 -0.00000103
1.99900000 -0.00000102
2.00000000 -0.00000102
