0.10000000 4381022402.80361080
0.10100000 3887918856.87484503
0.10200000 3454376967.00097370
0.10300000 3072720880.68133116
0.10400000 2736324857.56095791
0.10500000 2439461425.56658268
0.10600000 2177172654.93586397
0.10700000 1945160856.80040765
0.10800000 1739695630.29238319
0.10900000 1557534691.80021358
0.11000000 1395856341.54168224
0.11100000 1252201771.90991759
0.11200000 1124425711.97226501
0.11300000 1010654143.56727183
0.11400000 909248025.22398865
0.11500000 818772127.63048232
0.11600000 737968224.34786522
0.11700000 665731998.61527979
0.11800000 601093125.29490829
0.11900000 543198069.45530975
0.12000000 491295212.41871703
0.12100000 444721974.47871971
0.12200000 402893652.72952694
0.12300000 365293734.02944922
0.12400000 331465478.28882408
0.12500000 301004597.05708981
0.12600000 273552877.64372033
0.12700000 248792624.45939258
0.12800000 226441807.50544852
0.12900000 206249823.47199494
0.13000000 187993788.14726618
0.13100000 171475290.14505813
0.13200000 156517545.61877963
0.13300000 142962901.89871755
0.13400000 130670645.07303520
0.13500000 119515072.60962053
0.13600000 109383797.33449671
0.13700000 100176253.56941761
0.13800000 91802380.09345213
0.13900000 84181457.92151450
0.14000000 77241083.76391682
0.14100000 70916262.51055527
0.14200000 65148604.22698563
0.14300000 59885613.00485151
0.14400000 55080056.61637689
0.14500000 50689407.31648777
0.14600000 46675345.34613979
0.14700000 43003317.74188970
0.14800000 39642145.97133133
0.14900000 36563676.71030846
0.15000000 33742470.77177822
0.15100000 31155525.80154927
0.15200000 28782028.88466325
0.15300000 26603135.66809262
0.15400000 24601773.00946053
0.15500000 22762462.51521471
0.15600000 21071162.64164078
0.15700000 19515127.30393804
0.15800000 18082779.17718906
0.15900000 16763596.08267564
0.16000000 15548009.03730157
0.16100000 14427310.70606767
0.16200000 13393573.14037811
0.16300000 12439573.81084963
0.16400000 11558729.05434310
0.16500000 10745034.15296825
0.16600000 9993009.34941910
0.16700000 9297651.17956996
0.16800000 8654388.57101306
0.16900000 8059043.21621059
0.17000000 7507793.78209294
0.17100000 6997143.56507433
0.17200000 6523891.24228851
0.17300000 6085104.40699447
0.17400000 5678095.60911286
0.17500000 5300400.65120976
0.17600000 4949758.91636644
0.17700000 4624095.52763604
0.17800000 4321505.15951542
0.17900000 4040237.34034310
0.18000000 3778683.10102454
0.18100000 3535362.84020941
0.18200000 3308915.28919941
0.18300000 3098087.47162353
0.18400000 2901725.56343669
0.18500000 2718766.56821227
0.18600000 2548230.73113086
0.18700000 2389214.62262450
0.18800000 2240884.82941131
0.18900000 2102472.19673465
0.19000000 1973266.57107934
0.19100000 1852611.99753959
0.19200000 1739902.33042001
0.19300000 1634577.21961367
0.19400000 1536118.43886665
0.19500000 1444046.52524888
0.19600000 1357917.70204244
0.19700000 1277321.05986487
0.19800000 1201875.97319508
0.19900000 1131229.73158993
0.20000000 1065055.36679379
0.20100000 1003049.65867196
0.20200000 944931.30446155
0.20300000 890439.23724547
0.20400000 839331.08083316
0.20500000 791381.72938811
0.20600000 746382.04118890
0.20700000 704137.63685961
0.20800000 664467.79326466
0.20900000 627204.42504307
0.21000000 592191.14646431
0.21100000 559282.40692995
0.21200000 528342.69402808
0.21300000 499245.79857741
0.21400000 471874.13657909
0.21500000 446118.12343212
0.21600000 421875.59616653
0.21700000 399051.27981074
0.21800000 377556.29433985
0.21900000 357307.69895193
0.22000000 338228.07069354
0.22100000 320245.11470555
0.22200000 303291.30358799
0.22300000 287303.54359073
0.22400000 272222.86552652
0.22500000 257994.13847630
0.22600000 244565.80451497
0.22700000 231889.63283066
0.22800000 219920.49174278
0.22900000 208616.13724537
0.23000000 197937.01681281
0.23100000 187846.08730664
0.23200000 178308.64591491
0.23300000 169292.17314069
0.23400000 160766.18693441
0.23500000 152702.10713605
0.23600000 145073.12945891
0.23700000 137854.10830686
0.23800000 131021.44777220
0.23900000 124553.00021194
0.24000000 118427.97184699
0.24100000 112626.83487146
0.24200000 107131.24559872
0.24300000 101923.96820695
0.24400000 96988.80368034
0.24500000 92310.52357262
0.24600000 87874.80824779
0.24700000 83668.18927895
0.24800000 79677.99570999
0.24900000 75892.30390706
0.25000000 72299.89074675
0.25100000 68890.18990703
0.25200000 65653.25104400
0.25300000 62579.70165349
0.25400000 59660.71143134
0.25500000 56887.95895974
0.25600000 54253.60055939
0.25700000 51750.24115920
0.25800000 49370.90704546
0.25900000 47109.02036280
0.26000000 44958.37524806
0.26100000 42913.11548677
0.26200000 40967.71358986
0.26300000 39116.95119537
0.26400000 37355.90070658
0.26500000 35679.90808439
0.26600000 34084.57671740
0.26700000 32565.75229843
0.26800000 31119.50864130
0.26900000 29742.13437628
0.27000000 28430.12046660
0.27100000 27180.14849275
0.27200000 25989.07965475
0.27300000 24853.94444581
0.27400000 23771.93295438
0.27500000 22740.38575409
0.27600000 21756.78534401
0.27700000 20818.74810427
0.27800000 19924.01673416
0.27900000 19070.45314226
0.28000000 18256.03176016
0.28100000 17478.83325300
0.28200000 16737.03860209
0.28300000 16028.92353643
0.28400000 15352.85329126
0.28500000 14707.27767355
0.28600000 14090.72641542
0.28700000 13501.80479768
0.28800000 12939.18952711
0.28900000 12401.62485168
0.29000000 11887.91889958
0.29100000 11396.94022810
0.29200000 10927.61456993
0.29300000 10478.92176487
0.29400000 10049.89286577
0.29500000 9639.60740831
0.29600000 9247.19083483
0.29700000 8871.81206305
0.29800000 8512.68119106
0.29900000 8169.04733046
0.30000000 7840.19656033
0.30100000 7525.44999456
0.30200000 7224.16195630
0.30300000 6935.71825296
0.30400000 6659.53454610
0.30500000 6395.05481061
0.30600000 6141.74987807
0.30700000 5899.11605942
0.30800000 5666.67384241
0.30900000 5443.96665943
0.31000000 5230.55972192
0.31100000 5026.03891736
0.31200000 4830.00976543
0.31300000 4642.09642989
0.31400000 4461.94078312
0.31500000 4289.20152036
0.31600000 4123.55332079
0.31700000 3964.68605288
0.31800000 3812.30402161
0.31900000 3666.12525510
0.32000000 3525.88082857
0.32100000 3391.31422354
0.32200000 3262.18072039
0.32300000 3138.24682227
0.32400000 3019.28970889
0.32500000 2905.09671839
0.32600000 2795.46485583
0.32700000 2690.20032684
0.32800000 2589.11809505
0.32900000 2492.04146211
0.33000000 2398.80166898
0.33100000 2309.23751735
0.33200000 2223.19501028
0.33300000 2140.52701077
0.33400000 2061.09291759
0.33500000 1984.75835720
0.33600000 1911.39489114
0.33700000 1840.87973788
0.33800000 1773.09550853
0.33900000 1707.92995556
0.34000000 1645.27573394
0.34100000 1585.03017401
0.34200000 1527.09506549
0.34300000 1471.37645203
0.34400000 1417.78443578
0.34500000 1366.23299149
0.34600000 1316.63978956
0.34700000 1268.92602766
0.34800000 1223.01627052
0.34900000 1178.83829734
0.35000000 1136.32295658
0.35100000 1095.40402763
0.35200000 1056.01808910
0.35300000 1018.10439342
0.35400000 981.60474726
0.35500000 946.46339777
0.35600000 912.62692399
0.35700000 880.04413358
0.35800000 848.66596417
0.35900000 818.44538952
0.36000000 789.33732991
0.36100000 761.29856679
0.36200000 734.28766134
0.36300000 708.26487683
0.36400000 683.19210451
0.36500000 659.03279300
0.36600000 635.75188082
0.36700000 613.31573207
0.36800000 591.69207504
0.36900000 570.84994359
0.37000000 550.75962123
0.37100000 531.39258771
0.37200000 512.72146800
0.37300000 494.71998363
0.37400000 477.36290614
0.37500000 460.62601272
0.37600000 444.48604371
0.37700000 428.92066209
0.37800000 413.90841475
0.37900000 399.42869543
0.38000000 385.46170939
0.38100000 371.98843955
0.38200000 358.99061418
0.38300000 346.45067600
0.38400000 334.35175258
0.38500000 322.67762813
0.38600000 311.41271646
0.38700000 300.54203509
0.38800000 290.05118054
0.38900000 279.92630469
0.39000000 270.15409209
0.39100000 260.72173834
0.39200000 251.61692933
0.39300000 242.82782140
0.39400000 234.34302233
0.39500000 226.15157319
0.39600000 218.24293087
0.39700000 210.60695145
0.39800000 203.23387423
0.39900000 196.11430641
0.40000000 189.23920844
0.40100000 182.59988004
0.40200000 176.18794667
0.40300000 169.99534674
0.40400000 164.01431917
0.40500000 158.23739166
0.40600000 152.65736925
0.40700000 147.26732354
0.40800000 142.06058222
0.40900000 137.03071908
0.41000000 132.17154446
0.41100000 127.47709603
0.41200000 122.94163004
0.41300000 118.55961278
0.41400000 114.32571257
0.41500000 110.23479191
0.41600000 106.28190010
0.41700000 102.46226600
0.41800000 98.77129121
0.41900000 95.20454350
0.42000000 91.75775042
0.42100000 88.42679328
0.42200000 85.20770133
0.42300000 82.09664611
0.42400000 79.08993615
0.42500000 76.18401172
0.42600000 73.37544000
0.42700000 70.66091019
0.42800000 68.03722904
0.42900000 65.50131642
0.43000000 63.05020111
0.43100000 60.68101674
0.43200000 58.39099793
0.43300000 56.17747650
0.43400000 54.03787793
0.43500000 51.96971786
0.43600000 49.97059881
0.43700000 48.03820695
0.43800000 46.17030908
0.43900000 44.36474964
0.44000000 42.61944787
0.44100000 40.93239514
0.44200000 39.30165226
0.44300000 37.72534700
0.44400000 36.20167166
0.44500000 34.72888072
0.44600000 33.30528862
0.44700000 31.92926758
0.44800000 30.59924552
0.44900000 29.31370410
0.45000000 28.07117676
0.45100000 26.87024687
0.45200000 25.70954596
0.45300000 24.58775201
0.45400000 23.50358780
0.45500000 22.45581931
0.45600000 21.44325419
0.45700000 20.46474030
0.45800000 19.51916428
0.45900000 18.60545021
0.46000000 17.72255825
0.46100000 16.86948342
0.46200000 16.04525436
0.46300000 15.24893213
0.46400000 14.47960914
0.46500000 13.73640800
0.46600000 13.01848051
0.46700000 12.32500661
0.46800000 11.65519345
0.46900000 11.00827442
0.47000000 10.38350824
0.47100000 9.78017810
0.47200000 9.19759084
0.47300000 8.63507610
0.47400000 8.09198554
0.47500000 7.56769212
0.47600000 7.06158934
0.47700000 6.57309058
0.47800000 6.10162837
0.47900000 5.64665377
0.48000000 5.20763575
0.48100000 4.78406055
0.48200000 4.37543115
0.48300000 3.98126664
0.48400000 3.60110173
0.48500000 3.23448620
0.48600000 2.88098439
0.48700000 2.54017473
0.48800000 2.21164925
0.48900000 1.89501314
0.49000000 1.58988431
0.49100000 1.29589295
0.49200000 1.01268113
0.49300000 0.73990241
0.49400000 0.47722148
0.49500000 0.22431373
0.49600000 -0.01913504
0.49700000 -0.25342899
0.49800000 -0.47886259
0.49900000 -0.69572090
0.50000000 -0.90427990
0.50100000 -1.10480680
0.50200000 -1.29756028
0.50300000 -1.48279086
0.50400000 -1.66074105
0.50500000 -1.83164570
0.50600000 -1.99573222
0.50700000 -2.15322082
0.50800000 -2.30432474
0.50900000 -2.44925049
0.51000000 -2.58819805
0.51100000 -2.72136111
0.51200000 -2.84892722
0.51300000 -2.97107807
0.51400000 -3.08798959
0.51500000 -3.19983220
0.51600000 -3.30677095
0.51700000 -3.40896571
0.51800000 -3.50657135
0.51900000 -3.59973785
0.52000000 -3.68861052
0.52100000 -3.77333009
0.52200000 -3.85403290
0.52300000 -3.93085102
0.52400000 -4.00391240
0.52500000 -4.07334096
0.52600000 -4.13925677
0.52700000 -4.20177616
0.52800000 -4.26101181
0.52900000 -4.31707288
0.53000000 -4.37006514
0.53100000 -4.42009105
0.53200000 -4.46724989
0.53300000 -4.51163783
0.53400000 -4.55334805
0.53500000 -4.59247083
0.53600000 -4.62909365
0.53700000 -4.66330124
0.53800000 -4.69517571
0.53900000 -4.72479661
0.54000000 -4.75224101
0.54100000 -4.77758361
0.54200000 -4.80089674
0.54300000 -4.82225051
0.54400000 -4.84171284
0.54500000 -4.85934954
0.54600000 -4.87522437
0.54700000 -4.88939910
0.54800000 -4.90193359
0.54900000 -4.91288583
0.55000000 -4.92231199
0.55100000 -4.93026652
0.55200000 -4.93680215
0.55300000 -4.94196997
0.55400000 -4.94581950
0.55500000 -4.94839868
0.55600000 -4.94975398
0.55700000 -4.94993041
0.55800000 -4.94897158
0.55900000 -4.94691972
0.56000000 -4.94381577
0.56100000 -4.93969937
0.56200000 -4.93460891
0.56300000 -4.92858160
0.56400000 -4.92165346
0.56500000 -4.91385941
0.56600000 -4.90523325
0.56700000 -4.89580772
0.56800000 -4.88561453
0.56900000 -4.87468440
0.57000000 -4.86304708
0.57100000 -4.85073138
0.57200000 -4.83776519
0.57300000 -4.82417552
0.57400000 -4.80998855
0.57500000 -4.79522959
0.57600000 -4.77992319
0.57700000 -4.76409307
0.57800000 -4.74776224
0.57900000 -4.73095294
0.58000000 -4.71368673
0.58100000 -4.69598446
0.58200000 -4.67786632
0.58300000 -4.65935185
0.58400000 -4.64045996
0.58500000 -4.62120895
0.58600000 -4.60161653
0.58700000 -4.58169983
0.58800000 -4.56147545
0.58900000 -4.54095942
0.59000000 -4.52016725
0.59100000 -4.49911397
0.59200000 -4.47781410
0.59300000 -4.45628167
0.59400000 -4.43453027
0.59500000 -4.41257303
0.59600000 -4.39042265
0.59700000 -4.36809141
0.59800000 -4.34559118
0.59900000 -4.32293343
0.60000000 -4.30012925
0.60100000 -4.27718934
0.60200000 -4.25412407
0.60300000 -4.23094344
0.60400000 -4.20765710
0.60500000 -4.18427440
0.60600000 -4.16080434
0.60700000 -4.13725563
0.60800000 -4.11363668
0.60900000 -4.08995558
0.61000000 -4.06622018
0.61100000 -4.04243802
0.61200000 -4.01861639
0.61300000 -3.99476233
0.61400000 -3.97088262
0.61500000 -3.94698379
0.61600000 -3.92307215
0.61700000 -3.89915377
0.61800000 -3.87523452
0.61900000 -3.85132003
0.62000000 -3.82741574
0.62100000 -3.80352688
0.62200000 -3.77965849
0.62300000 -3.75581541
0.62400000 -3.73200232
0.62500000 -3.70822371
0.62600000 -3.68448388
0.62700000 -3.66078698
0.62800000 -3.63713702
0.62900000 -3.61353781
0.63000000 -3.58999303
0.63100000 -3.56650622
0.63200000 -3.54308076
0.63300000 -3.51971991
0.63400000 -3.49642678
0.63500000 -3.47320436
0.63600000 -3.45005551
0.63700000 -3.42698298
0.63800000 -3.40398937
0.63900000 -3.38107720
0.64000000 -3.35824887
0.64100000 -3.33550665
0.64200000 -3.31285275
0.64300000 -3.29028924
0.64400000 -3.26781810
0.64500000 -3.24544124
0.64600000 -3.22316045
0.64700000 -3.20097745
0.64800000 -3.17889386
0.64900000 -3.15691122
0.65000000 -3.13503100
0.65100000 -3.11325459
0.65200000 -3.09158329
0.65300000 -3.07001835
0.65400000 -3.04856093
0.65500000 -3.02721212
0.65600000 -3.00597297
0.65700000 -2.98484445
0.65800000 -2.96382745
0.65900000 -2.94292283
0.66000000 -2.92213139
0.66100000 -2.90145384
0.66200000 -2.88089088
0.66300000 -2.86044314
0.66400000 -2.84011119
0.66500000 -2.81989555
0.66600000 -2.79979672
0.66700000 -2.77981514
0.66800000 -2.75995118
0.66900000 -2.74020521
0.67000000 -2.72057753
0.67100000 -2.70106842
0.67200000 -2.68167810
0.67300000 -2.66240677
0.67400000 -2.64325459
0.67500000 -2.62422169
0.67600000 -2.60530815
0.67700000 -2.58651404
0.67800000 -2.56783939
0.67900000 -2.54928419
0.68000000 -2.53084842
0.68100000 -2.51253202
0.68200000 -2.49433491
0.68300000 -2.47625697
0.68400000 -2.45829808
0.68500000 -2.44045808
0.68600000 -2.42273679
0.68700000 -2.40513400
0.68800000 -2.38764950
0.68900000 -2.37028303
0.69000000 -2.35303435
0.69100000 -2.33590316
0.69200000 -2.31888917
0.69300000 -2.30199206
0.69400000 -2.28521150
0.69500000 -2.26854714
0.69600000 -2.25199861
0.69700000 -2.23556554
0.69800000 -2.21924753
0.69900000 -2.20304419
0.70000000 -2.18695508
0.70100000 -2.17097978
0.70200000 -2.15511784
0.70300000 -2.13936882
0.70400000 -2.12373225
0.70500000 -2.10820764
0.70600000 -2.09279453
0.70700000 -2.07749242
0.70800000 -2.06230079
0.70900000 -2.04721915
0.71000000 -2.03224698
0.71100000 -2.01738375
0.71200000 -2.00262892
0.71300000 -1.98798196
0.71400000 -1.97344232
0.71500000 -1.95900946
0.71600000 -1.94468281
0.71700000 -1.93046180
0.71800000 -1.91634588
0.71900000 -1.90233448
0.72000000 -1.88842700
0.72100000 -1.87462289
0.72200000 -1.86092154
0.72300000 -1.84732237
0.72400000 -1.83382480
0.72500000 -1.82042823
0.72600000 -1.80713206
0.72700000 -1.79393569
0.72800000 -1.78083853
0.72900000 -1.76783996
0.73000000 -1.75493939
0.73100000 -1.74213621
0.73200000 -1.72942981
0.73300000 -1.71681958
0.73400000 -1.70430491
0.73500000 -1.69188520
0.73600000 -1.67955983
0.73700000 -1.66732818
0.73800000 -1.65518966
0.73900000 -1.64314364
0.74000000 -1.63118951
0.74100000 -1.61932667
0.74200000 -1.60755450
0.74300000 -1.59587239
0.74400000 -1.58427973
0.74500000 -1.57277590
0.74600000 -1.56136031
0.74700000 -1.55003235
0.74800000 -1.53879140
0.74900000 -1.52763687
0.75000000 -1.51656814
0.75100000 -1.50558462
0.75200000 -1.49468570
0.75300000 -1.48387078
0.75400000 -1.47313928
0.75500000 -1.46249058
0.75600000 -1.45192410
0.75700000 -1.44143924
0.75800000 -1.43103542
0.75900000 -1.42071204
0.76000000 -1.41046852
0.76100000 -1.40030428
0.76200000 -1.39021872
0.76300000 -1.38021128
0.76400000 -1.37028138
0.76500000 -1.36042844
0.76600000 -1.35065189
0.76700000 -1.34095116
0.76800000 -1.33132568
0.76900000 -1.32177489
0.77000000 -1.31229823
0.77100000 -1.30289514
0.77200000 -1.29356506
0.77300000 -1.28430744
0.77400000 -1.27512173
0.77500000 -1.26600737
0.77600000 -1.25696384
0.77700000 -1.24799057
0.77800000 -1.23908705
0.77900000 -1.23025272
0.78000000 -1.22148705
0.78100000 -1.21278953
0.78200000 -1.20415961
0.78300000 -1.19559678
0.78400000 -1.18710051
0.78500000 -1.17867029
0.78600000 -1.17030560
0.78700000 -1.16200593
0.78800000 -1.15377078
0.78900000 -1.14559963
0.79000000 -1.13749199
0.79100000 -1.12944735
0.79200000 -1.12146523
0.79300000 -1.11354512
0.79400000 -1.10568654
0.79500000 -1.09788901
0.79600000 -1.09015203
0.79700000 -1.08247514
0.79800000 -1.07485785
0.79900000 -1.06729969
0.80000000 -1.05980018
0.80100000 -1.05235888
0.80200000 -1.04497530
0.80300000 -1.03764899
0.80400000 -1.03037949
0.80500000 -1.02316635
0.80600000 -1.01600911
0.80700000 -1.00890733
0.80800000 -1.00186057
0.80900000 -0.99486838
0.81000000 -0.98793032
0.81100000 -0.98104596
0.81200000 -0.97421486
0.81300000 -0.96743661
0.81400000 -0.96071076
0.81500000 -0.95403691
0.81600000 -0.94741462
0.81700000 -0.94084349
0.81800000 -0.93432310
0.81900000 -0.92785303
0.82000000 -0.92143289
0.82100000 -0.91506227
0.82200000 -0.90874077
0.82300000 -0.90246798
0.82400000 -0.89624352
0.82500000 -0.89006699
0.82600000 -0.88393800
0.82700000 -0.87785617
0.82800000 -0.87182111
0.82900000 -0.86583244
0.83000000 -0.85988980
0.83100000 -0.85399279
0.83200000 -0.84814106
0.83300000 -0.84233422
0.83400000 -0.83657193
0.83500000 -0.83085380
0.83600000 -0.82517950
0.83700000 -0.81954864
0.83800000 -0.81396089
0.83900000 -0.80841590
0.84000000 -0.80291330
0.84100000 -0.79745276
0.84200000 -0.79203394
0.84300000 -0.78665649
0.84400000 -0.78132007
0.84500000 -0.77602436
0.84600000 -0.77076901
0.84700000 -0.76555371
0.84800000 -0.76037811
0.84900000 -0.75524190
0.85000000 -0.75014476
0.85100000 -0.74508637
0.85200000 -0.74006641
0.85300000 -0.73508456
0.85400000 -0.73014052
0.85500000 -0.72523398
0.85600000 -0.72036462
0.85700000 -0.71553216
0.85800000 -0.71073628
0.85900000 -0.70597668
0.86000000 -0.70125308
0.86100000 -0.69656517
0.86200000 -0.69191267
0.86300000 -0.68729528
0.86400000 -0.68271273
0.86500000 -0.67816471
0.86600000 -0.67365097
0.86700000 -0.66917120
0.86800000 -0.66472514
0.86900000 -0.66031251
0.87000000 -0.65593305
0.87100000 -0.65158646
0.87200000 -0.64727250
0.87300000 -0.64299090
0.87400000 -0.63874138
0.87500000 -0.63452369
0.87600000 -0.63033757
0.87700000 -0.62618277
0.87800000 -0.62205902
0.87900000 -0.61796608
0.88000000 -0.61390368
0.88100000 -0.60987160
0.88200000 -0.60586957
0.88300000 -0.60189736
0.88400000 -0.59795472
0.88500000 -0.59404141
0.88600000 -0.59015719
0.88700000 -0.58630183
0.88800000 -0.58247509
0.88900000 -0.57867674
0.89000000 -0.57490655
0.89100000 -0.57116429
0.89200000 -0.56744973
0.89300000 -0.56376266
0.89400000 -0.56010284
0.89500000 -0.55647006
0.89600000 -0.55286409
0.89700000 -0.54928472
0.89800000 -0.54573174
0.89900000 -0.54220493
0.90000000 -0.53870408
0.90100000 -0.53522898
0.90200000 -0.53177942
0.90300000 -0.52835520
0.90400000 -0.52495611
0.90500000 -0.52158194
0.90600000 -0.51823250
0.90700000 -0.51490759
0.90800000 -0.51160701
0.90900000 -0.50833056
0.91000000 -0.50507805
0.91100000 -0.50184929
0.91200000 -0.49864408
0.91300000 -0.49546224
0.91400000 -0.49230358
0.91500000 -0.48916791
0.91600000 -0.48605505
0.91700000 -0.48296481
0.91800000 -0.47989701
0.91900000 -0.47685148
0.92000000 -0.47382803
0.92100000 -0.47082649
0.92200000 -0.46784668
0.92300000 -0.46488842
0.92400000 -0.46195156
0.92500000 -0.45903591
0.92600000 -0.45614130
0.92700000 -0.45326757
0.92800000 -0.45041455
0.92900000 -0.44758208
0.93000000 -0.44476998
0.93100000 -0.44197811
0.93200000 -0.43920629
0.93300000 -0.43645437
0.93400000 -0.43372219
0.93500000 -0.43100960
0.93600000 -0.42831643
0.93700000 -0.42564253
0.93800000 -0.42298776
0.93900000 -0.42035195
0.94000000 -0.41773496
0.94100000 -0.41513664
0.94200000 -0.41255683
0.94300000 -0.40999541
0.94400000 -0.40745221
0.94500000 -0.40492709
0.94600000 -0.40241992
0.94700000 -0.39993055
0.94800000 -0.39745883
0.94900000 -0.39500464
0.95000000 -0.39256783
0.95100000 -0.39014826
0.95200000 -0.38774580
0.95300000 -0.38536032
0.95400000 -0.38299168
0.95500000 -0.38063975
0.95600000 -0.37830439
0.95700000 -0.37598548
0.95800000 -0.37368289
0.95900000 -0.37139649
0.96000000 -0.36912616
0.96100000 -0.36687176
0.96200000 -0.36463317
0.96300000 -0.36241028
0.96400000 -0.36020295
0.96500000 -0.35801106
0.96600000 -0.35583450
0.96700000 -0.35367315
0.96800000 -0.35152688
0.96900000 -0.34939558
0.97000000 -0.34727913
0.97100000 -0.34517742
0.97200000 -0.34309034
0.97300000 -0.34101776
0.97400000 -0.33895957
0.97500000 -0.33691568
0.97600000 -0.33488595
0.97700000 -0.33287029
0.97800000 -0.33086858
0.97900000 -0.32888072
0.98000000 -0.32690660
0.98100000 -0.32494612
0.98200000 -0.32299916
0.98300000 -0.32106563
0.98400000 -0.31914541
0.98500000 -0.31723842
0.98600000 -0.31534453
0.98700000 -0.31346367
0.98800000 -0.31159572
0.98900000 -0.30974058
0.99000000 -0.30789816
0.99100000 -0.30606837
0.99200000 -0.30425109
0.99300000 -0.30244624
0.99400000 -0.30065372
0.99500000 -0.29887344
0.99600000 -0.29710530
0.99700000 -0.29534921
0.99800000 -0.29360509
0.99900000 -0.29187282
1.00000000 -0.29015234
1.00100000 -0.28844354
1.00200000 -0.28674634
1.00300000 -0.28506065
1.00400000 -0.28338639
1.00500000 -0.28172345
1.00600000 -0.28007177
1.00700000 -0.27843125
1.00800000 -0.27680181
1.00900000 -0.27518337
1.01000000 -0.27357583
1.01100000 -0.27197913
1.01200000 -0.27039317
1.01300000 -0.26881788
1.01400000 -0.26725318
1.01500000 -0.26569898
1.01600000 -0.26415521
1.01700000 -0.26262178
1.01800000 -0.26109863
1.01900000 -0.25958567
1.02000000 -0.25808282
1.02100000 -0.25659001
1.02200000 -0.25510717
1.02300000 -0.25363422
1.02400000 -0.25217109
1.02500000 -0.25071770
1.02600000 -0.24927397
1.02700000 -0.24783985
1.02800000 -0.24641524
1.02900000 -0.24500010
1.03000000 -0.24359433
1.03100000 -0.24219788
1.03200000 -0.24081068
1.03300000 -0.23943265
1.03400000 -0.23806372
1.03500000 -0.23670384
1.03600000 -0.23535292
1.03700000 -0.23401092
1.03800000 -0.23267775
1.03900000 -0.23135336
1.04000000 -0.23003767
1.04100000 -0.22873063
1.04200000 -0.22743217
1.04300000 -0.22614222
1.04400000 -0.22486073
1.04500000 -0.22358764
1.04600000 -0.22232287
1.04700000 -0.22106637
1.04800000 -0.21981807
1.04900000 -0.21857793
1.05000000 -0.21734587
1.05100000 -0.21612184
1.05200000 -0.21490577
1.05300000 -0.21369762
1.05400000 -0.21249732
1.05500000 -0.21130482
1.05600000 -0.21012005
1.05700000 -0.20894296
1.05800000 -0.20777350
1.05900000 -0.20661161
1.06000000 -0.20545723
1.06100000 -0.20431031
1.06200000 -0.20317079
1.06300000 -0.20203863
1.06400000 -0.20091376
1.06500000 -0.19979614
1.06600000 -0.19868570
1.06700000 -0.19758241
1.06800000 -0.19648621
1.06900000 -0.19539704
1.07000000 -0.19431486
1.07100000 -0.19323961
1.07200000 -0.19217124
1.07300000 -0.19110971
1.07400000 -0.19005497
1.07500000 -0.18900696
1.07600000 -0.18796564
1.07700000 -0.18693096
1.07800000 -0.18590287
1.07900000 -0.18488133
1.08000000 -0.18386628
1.08100000 -0.18285769
1.08200000 -0.18185550
1.08300000 -0.18085966
1.08400000 -0.17987014
1.08500000 -0.17888689
1.08600000 -0.17790986
1.08700000 -0.17693901
1.08800000 -0.17597429
1.08900000 -0.17501567
1.09000000 -0.17406309
1.09100000 -0.17311651
1.09200000 -0.17217590
1.09300000 -0.17124120
1.09400000 -0.17031238
1.09500000 -0.16938939
1.09600000 -0.16847220
1.09700000 -0.16756076
1.09800000 -0.16665503
1.09900000 -0.16575498
1.10000000 -0.16486055
1.10100000 -0.16397171
1.10200000 -0.16308843
1.10300000 -0.16221066
1.10400000 -0.16133836
1.10500000 -0.16047149
1.10600000 -0.15961002
1.10700000 -0.15875392
1.10800000 -0.15790313
1.10900000 -0.15705762
1.11000000 -0.15621736
1.11100000 -0.15538231
1.11200000 -0.15455243
1.11300000 -0.15372769
1.11400000 -0.15290805
1.11500000 -0.15209348
1.11600000 -0.15128393
1.11700000 -0.15047938
1.11800000 -0.14967979
1.11900000 -0.14888512
1.12000000 -0.14809534
1.12100000 -0.14731042
1.12200000 -0.14653032
1.12300000 -0.14575501
1.12400000 -0.14498446
1.12500000 -0.14421863
1.12600000 -0.14345749
1.12700000 -0.14270100
1.12800000 -0.14194915
1.12900000 -0.14120188
1.13000000 -0.14045918
1.13100000 -0.13972100
1.13200000 -0.13898733
1.13300000 -0.13825812
1.13400000 -0.13753335
1.13500000 -0.13681298
1.13600000 -0.13609699
1.13700000 -0.13538535
1.13800000 -0.13467802
1.13900000 -0.13397498
1.14000000 -0.13327619
1.14100000 -0.13258163
1.14200000 -0.13189127
1.14300000 -0.13120508
1.14400000 -0.13052303
1.14500000 -0.12984510
1.14600000 -0.12917124
1.14700000 -0.12850145
1.14800000 -0.12783568
1.14900000 -0.12717392
1.15000000 -0.12651613
1.15100000 -0.12586229
1.15200000 -0.12521236
1.15300000 -0.12456634
1.15400000 -0.12392418
1.15500000 -0.12328586
1.15600000 -0.12265135
1.15700000 -0.12202064
1.15800000 -0.12139368
1.15900000 -0.12077047
1.16000000 -0.12015097
1.16100000 -0.11953516
1.16200000 -0.11892301
1.16300000 -0.11831449
1.16400000 -0.11770960
1.16500000 -0.11710829
1.16600000 -0.11651054
1.16700000 -0.11591634
1.16800000 -0.11532565
1.16900000 -0.11473846
1.17000000 -0.11415474
1.17100000 -0.11357446
1.17200000 -0.11299761
1.17300000 -0.11242416
1.17400000 -0.11185409
1.17500000 -0.11128738
1.17600000 -0.11072399
1.17700000 -0.11016392
1.17800000 -0.10960714
1.17900000 -0.10905362
1.18000000 -0.10850335
1.18100000 -0.10795631
1.18200000 -0.10741246
1.18300000 -0.10687180
1.18400000 -0.10633430
1.18500000 -0.10579993
1.18600000 -0.10526868
1.18700000 -0.10474053
1.18800000 -0.10421546
1.18900000 -0.10369345
1.19000000 -0.10317447
1.19100000 -0.10265850
1.19200000 -0.10214554
1.19300000 -0.10163555
1.19400000 -0.10112851
1.19500000 -0.10062442
1.19600000 -0.10012324
1.19700000 -0.09962496
1.19800000 -0.09912956
1.19900000 -0.09863703
1.20000000 -0.09814733
1.20100000 -0.09766046
1.20200000 -0.09717640
1.20300000 -0.09669512
1.20400000 -0.09621661
1.20500000 -0.09574085
1.20600000 -0.09526782
1.20700000 -0.09479751
1.20800000 -0.09432989
1.20900000 -0.09386496
1.21000000 -0.09340268
1.21100000 -0.09294306
1.21200000 -0.09248605
1.21300000 -0.09203166
1.21400000 -0.09157987
1.21500000 -0.09113065
1.21600000 -0.09068399
1.21700000 -0.09023987
1.21800000 -0.08979828
1.21900000 -0.08935920
1.22000000 -0.08892262
1.22100000 -0.08848851
1.22200000 -0.08805687
1.22300000 -0.08762767
1.22400000 -0.08720091
1.22500000 -0.08677655
1.22600000 -0.08635460
1.22700000 -0.08593504
1.22800000 -0.08551784
1.22900000 -0.08510299
1.23000000 -0.08469049
1.23100000 -0.08428030
1.23200000 -0.08387243
1.23300000 -0.08346685
1.23400000 -0.08306355
1.23500000 -0.08266251
1.23600000 -0.08226373
1.23700000 -0.08186718
1.23800000 -0.08147285
1.23900000 -0.08108073
1.24000000 -0.08069080
1.24100000 -0.08030305
1.24200000 -0.07991747
1.24300000 -0.07953404
1.24400000 -0.07915275
1.24500000 -0.07877358
1.24600000 -0.07839653
1.24700000 -0.07802157
1.24800000 -0.07764869
1.24900000 -0.07727789
1.25000000 -0.07690915
1.25100000 -0.07654245
1.25200000 -0.07617779
1.25300000 -0.07581514
1.25400000 -0.07545450
1.25500000 -0.07509586
1.25600000 -0.07473919
1.25700000 -0.07438450
1.25800000 -0.07403176
1.25900000 -0.07368097
1.26000000 -0.07333211
1.26100000 -0.07298517
1.26200000 -0.07264014
1.26300000 -0.07229700
1.26400000 -0.07195575
1.26500000 -0.07161638
1.26600000 -0.07127886
1.26700000 -0.07094319
1.26800000 -0.07060937
1.26900000 -0.07027736
1.27000000 -0.06994718
1.27100000 -0.06961879
1.27200000 -0.06929220
1.27300000 -0.06896739
1.27400000 -0.06864435
1.27500000 -0.06832307
1.27600000 -0.06800354
1.27700000 -0.06768575
1.27800000 -0.06736969
1.27900000 -0.06705534
1.28000000 -0.06674269
1.28100000 -0.06643174
1.28200000 -0.06612248
1.28300000 -0.06581489
1.28400000 -0.06550896
1.28500000 -0.06520469
1.28600000 -0.06490206
1.28700000 -0.06460107
1.28800000 -0.06430170
1.28900000 -0.06400394
1.29000000 -0.06370778
1.29100000 -0.06341322
1.29200000 -0.06312025
1.29300000 -0.06282885
1.29400000 -0.06253901
1.29500000 -0.06225073
1.29600000 -0.06196399
1.29700000 -0.06167879
1.29800000 -0.06139512
1.29900000 -0.06111296
1.30000000 -0.06083231
1.30100000 -0.06055316
1.30200000 -0.06027551
1.30300000 -0.05999933
1.30400000 -0.05972462
1.30500000 -0.05945138
1.30600000 -0.05917959
1.30700000 -0.05890925
1.30800000 -0.05864034
1.30900000 -0.05837286
1.31000000 -0.05810680
1.31100000 -0.05784216
1.31200000 -0.05757891
1.31300000 -0.05731706
1.31400000 -0.05705659
1.31500000 -0.05679750
1.31600000 -0.05653978
1.31700000 -0.05628342
1.31800000 -0.05602841
1.31900000 -0.05577474
1.32000000 -0.05552242
1.32100000 -0.05527142
1.32200000 -0.05502174
1.32300000 -0.05477337
1.32400000 -0.05452630
1.32500000 -0.05428054
1.32600000 -0.05403606
1.32700000 -0.05379286
1.32800000 -0.05355094
1.32900000 -0.05331028
1.33000000 -0.05307088
1.33100000 -0.05283274
1.33200000 -0.05259583
1.33300000 -0.05236016
1.33400000 -0.05212572
1.33500000 -0.05189250
1.33600000 -0.05166050
1.33700000 -0.05142970
1.33800000 -0.05120010
1.33900000 -0.05097170
1.34000000 -0.05074448
1.34100000 -0.05051844
1.34200000 -0.05029357
1.34300000 -0.05006987
1.34400000 -0.04984732
1.34500000 -0.04962592
1.34600000 -0.04940567
1.34700000 -0.04918656
1.34800000 -0.04896858
1.34900000 -0.04875172
1.35000000 -0.04853598
1.35100000 -0.04832135
1.35200000 -0.04810782
1.35300000 -0.04789540
1.35400000 -0.04768406
1.35500000 -0.04747381
1.35600000 -0.04726464
1.35700000 -0.04705654
1.35800000 -0.04684951
1.35900000 -0.04664354
1.36000000 -0.04643862
1.36100000 -0.04623475
1.36200000 -0.04603192
1.36300000 -0.04583013
1.36400000 -0.04562936
1.36500000 -0.04542962
1.36600000 -0.04523090
1.36700000 -0.04503319
1.36800000 -0.04483648
1.36900000 -0.04464078
1.37000000 -0.04444607
1.37100000 -0.04425235
1.37200000 -0.04405961
1.37300000 -0.04386784
1.37400000 -0.04367705
1.37500000 -0.04348723
1.37600000 -0.04329836
1.37700000 -0.04311045
1.37800000 -0.04292349
1.37900000 -0.04273748
1.38000000 -0.04255240
1.38100000 -0.04236825
1.38200000 -0.04218503
1.38300000 -0.04200274
1.38400000 -0.04182136
1.38500000 -0.04164089
1.38600000 -0.04146133
1.38700000 -0.04128267
1.38800000 -0.04110491
1.38900000 -0.04092804
1.39000000 -0.04075205
1.39100000 -0.04057695
1.39200000 -0.04040272
1.39300000 -0.04022936
1.39400000 -0.04005687
1.39500000 -0.03988524
1.39600000 -0.03971446
1.39700000 -0.03954454
1.39800000 -0.03937546
1.39900000 -0.03920722
1.40000000 -0.03903983
1.40100000 -0.03887326
1.40200000 -0.03870752
1.40300000 -0.03854260
1.40400000 -0.03837850
1.40500000 -0.03821522
1.40600000 -0.03805274
1.40700000 -0.03789107
1.40800000 -0.03773019
1.40900000 -0.03757012
1.41000000 -0.03741083
1.41100000 -0.03725233
1.41200000 -0.03709461
1.41300000 -0.03693767
1.41400000 -0.03678150
1.41500000 -0.03662610
1.41600000 -0.03647147
1.41700000 -0.03631759
1.41800000 -0.03616447
1.41900000 -0.03601210
1.42000000 -0.03586048
1.42100000 -0.03570961
1.42200000 -0.03555947
1.42300000 -0.03541007
1.42400000 -0.03526140
1.42500000 -0.03511345
1.42600000 -0.03496623
1.42700000 -0.03481972
1.42800000 -0.03467394
1.42900000 -0.03452886
1.43000000 -0.03438449
1.43100000 -0.03424082
1.43200000 -0.03409785
1.43300000 -0.03395557
1.43400000 -0.03381399
1.43500000 -0.03367310
1.43600000 -0.03353288
1.43700000 -0.03339335
1.43800000 -0.03325450
1.43900000 -0.03311631
1.44000000 -0.03297880
1.44100000 -0.03284195
1.44200000 -0.03270576
1.44300000 -0.03257023
1.44400000 -0.03243535
1.44500000 -0.03230112
1.44600000 -0.03216754
1.44700000 -0.03203461
1.44800000 -0.03190231
1.44900000 -0.03177065
1.45000000 -0.03163962
1.45100000 -0.03150922
1.45200000 -0.03137945
1.45300000 -0.03125030
1.45400000 -0.03112177
1.45500000 -0.03099385
1.45600000 -0.03086655
1.45700000 -0.03073985
1.45800000 -0.03061376
1.45900000 -0.03048828
1.46000000 -0.03036339
1.46100000 -0.03023910
1.46200000 -0.03011540
1.46300000 -0.02999229
1.46400000 -0.02986977
1.46500000 -0.02974782
1.46600000 -0.02962646
1.46700000 -0.02950568
1.46800000 -0.02938547
1.46900000 -0.02926583
1.47000000 -0.02914675
1.47100000 -0.02902825
1.47200000 -0.02891030
1.47300000 -0.02879291
1.47400000 -0.02867607
1.47500000 -0.02855979
1.47600000 -0.02844406
1.47700000 -0.02832887
1.47800000 -0.02821423
1.47900000 -0.02810012
1.48000000 -0.02798656
1.48100000 -0.02787353
1.48200000 -0.02776103
1.48300000 -0.02764906
1.48400000 -0.02753761
1.48500000 -0.02742669
1.48600000 -0.02731629
1.48700000 -0.02720640
1.48800000 -0.02709703
1.48900000 -0.02698818
1.49000000 -0.02687983
1.49100000 -0.02677199
1.49200000 -0.02666465
1.49300000 -0.02655782
1.49400000 -0.02645148
1.49500000 -0.02634564
1.49600000 -0.02624029
1.49700000 -0.02613544
1.49800000 -0.02603107
1.49900000 -0.02592718
1.50000000 -0.02582378
1.50100000 -0.02572086
1.50200000 -0.02561842
1.50300000 -0.02551645
1.50400000 -0.02541496
1.50500000 -0.02531393
1.50600000 -0.02521338
1.50700000 -0.02511329
1.50800000 -0.02501366
1.50900000 -0.02491449
1.51000000 -0.02481578
1.51100000 -0.02471752
1.51200000 -0.02461972
1.51300000 -0.02452237
1.51400000 -0.02442547
1.51500000 -0.02432901
1.51600000 -0.02423300
1.51700000 -0.02413743
1.51800000 -0.02404230
1.51900000 -0.02394760
1.52000000 -0.02385334
1.52100000 -0.02375951
1.52200000 -0.02366612
1.52300000 -0.02357315
1.52400000 -0.02348060
1.52500000 -0.02338848
1.52600000 -0.02329678
1.52700000 -0.02320549
1.52800000 -0.02311463
1.52900000 -0.02302418
1.53000000 -0.02293414
1.53100000 -0.02284451
1.53200000 -0.02275529
1.53300000 -0.02266647
1.53400000 -0.02257806
1.53500000 -0.02249005
1.53600000 -0.02240245
1.53700000 -0.02231523
1.53800000 -0.02222842
1.53900000 -0.02214199
1.54000000 -0.02205596
1.54100000 -0.02197032
1.54200000 -0.02188507
1.54300000 -0.02180020
1.54400000 -0.02171571
1.54500000 -0.02163161
1.54600000 -0.02154788
1.54700000 -0.02146453
1.54800000 -0.02138156
1.54900000 -0.02129896
1.55000000 -0.02121674
1.55100000 -0.02113488
1.55200000 -0.02105339
1.55300000 -0.02097227
1.55400000 -0.02089151
1.55500000 -0.02081112
1.55600000 -0.02073108
1.55700000 -0.02065140
1.55800000 -0.02057208
1.55900000 -0.02049312
1.56000000 -0.02041451
1.56100000 -0.02033625
1.56200000 -0.02025833
1.56300000 -0.02018077
1.56400000 -0.02010355
1.56500000 -0.02002668
1.56600000 -0.01995015
1.56700000 -0.01987396
1.56800000 -0.01979811
1.56900000 -0.01972259
1.57000000 -0.01964742
1.57100000 -0.01957257
1.57200000 -0.01949806
1.57300000 -0.01942388
1.57400000 -0.01935002
1.57500000 -0.01927650
1.57600000 -0.01920330
1.57700000 -0.01913042
1.57800000 -0.01905787
1.57900000 -0.01898563
1.58000000 -0.01891372
1.58100000 -0.01884212
1.58200000 -0.01877084
1.58300000 -0.01869987
1.58400000 -0.01862922
1.58500000 -0.01855888
1.58600000 -0.01848884
1.58700000 -0.01841912
1.58800000 -0.01834970
1.58900000 -0.01828058
1.59000000 -0.01821177
1.59100000 -0.01814326
1.59200000 -0.01807505
1.59300000 -0.01800714
1.59400000 -0.01793953
1.59500000 -0.01787221
1.59600000 -0.01780519
1.59700000 -0.01773846
1.59800000 -0.01767202
1.59900000 -0.01760587
1.60000000 -0.01754001
1.60100000 -0.01747444
1.60200000 -0.01740915
1.60300000 -0.01734414
1.60400000 -0.01727942
1.60500000 -0.01721498
1.60600000 -0.01715082
1.60700000 -0.01708694
1.60800000 -0.01702334
1.60900000 -0.01696001
1.61000000 -0.01689696
1.61100000 -0.01683418
1.61200000 -0.01677167
1.61300000 -0.01670943
1.61400000 -0.01664747
1.61500000 -0.01658577
1.61600000 -0.01652433
1.61700000 -0.01646316
1.61800000 -0.01640226
1.61900000 -0.01634161
1.62000000 -0.01628123
1.62100000 -0.01622111
1.62200000 -0.01616125
1.62300000 -0.01610164
1.62400000 -0.01604229
1.62500000 -0.01598320
1.62600000 -0.01592436
1.62700000 -0.01586577
1.62800000 -0.01580743
1.62900000 -0.01574935
1.63000000 -0.01569151
1.63100000 -0.01563392
1.63200000 -0.01557657
1.63300000 -0.01551947
1.63400000 -0.01546262
1.63500000 -0.01540601
1.63600000 -0.01534964
1.63700000 -0.01529350
1.63800000 -0.01523761
1.63900000 -0.01518196
1.64000000 -0.01512654
1.64100000 -0.01507136
1.64200000 -0.01501642
1.64300000 -0.01496170
1.64400000 -0.01490722
1.64500000 -0.01485297
1.64600000 -0.01479895
1.64700000 -0.01474516
1.64800000 -0.01469160
1.64900000 -0.01463826
1.65000000 -0.01458515
1.65100000 -0.01453227
1.65200000 -0.01447961
1.65300000 -0.01442717
1.65400000 -0.01437495
1.65500000 -0.01432295
1.65600000 -0.01427117
1.65700000 -0.01421961
1.65800000 -0.01416827
1.65900000 -0.01411714
1.66000000 -0.01406622
1.66100000 -0.01401553
1.66200000 -0.01396504
1.66300000 -0.01391477
1.66400000 -0.01386470
1.66500000 -0.01381485
1.66600000 -0.01376521
1.66700000 -0.01371577
1.66800000 -0.01366654
1.66900000 -0.01361752
1.67000000 -0.01356870
1.67100000 -0.01352008
1.67200000 -0.01347167
1.67300000 -0.01342346
1.67400000 -0.01337545
1.67500000 -0.01332765
1.67600000 -0.01328004
1.67700000 -0.01323263
1.67800000 -0.01318541
1.67900000 -0.01313839
1.68000000 -0.01309157
1.68100000 -0.01304494
1.68200000 -0.01299851
1.68300000 -0.01295227
1.68400000 -0.01290622
1.68500000 -0.01286036
1.68600000 -0.01281469
1.68700000 -0.01276921
1.68800000 -0.01272392
1.68900000 -0.01267882
1.69000000 -0.01263390
1.69100000 -0.01258916
1.69200000 -0.01254462
1.69300000 -0.01250025
1.69400000 -0.01245607
1.69500000 -0.01241207
1.69600000 -0.01236825
1.69700000 -0.01232461
1.69800000 -0.01228115
1.69900000 -0.01223787
1.70000000 -0.01219477
1.70100000 -0.01215185
1.70200000 -0.01210910
1.70300000 -0.01206652
1.70400000 -0.01202412
1.70500000 -0.01198190
1.70600000 -0.01193984
1.70700000 -0.01189796
1.70800000 -0.01185625
1.70900000 -0.01181471
1.71000000 -0.01177334
1.71100000 -0.01173214
1.71200000 -0.01169111
1.71300000 -0.01165024
1.71400000 -0.01160954
1.71500000 -0.01156901
1.71600000 -0.01152864
1.71700000 -0.01148844
1.71800000 -0.01144840
1.71900000 -0.01140852
1.72000000 -0.01136880
1.72100000 -0.01132925
1.72200000 -0.01128985
1.72300000 -0.01125062
1.72400000 -0.01121154
1.72500000 -0.01117262
1.72600000 -0.01113386
1.72700000 -0.01109526
1.72800000 -0.01105681
1.72900000 -0.01101852
1.73000000 -0.01098038
1.73100000 -0.01094239
1.73200000 -0.01090456
1.73300000 -0.01086688
1.73400000 -0.01082936
1.73500000 -0.01079198
1.73600000 -0.01075475
1.73700000 -0.01071768
1.73800000 -0.01068075
1.73900000 -0.01064397
1.74000000 -0.01060734
1.74100000 -0.01057086
1.74200000 -0.01053452
1.74300000 -0.01049833
1.74400000 -0.01046228
1.74500000 -0.01042638
1.74600000 -0.01039062
1.74700000 -0.01035500
1.74800000 -0.01031953
1.74900000 -0.01028420
1.75000000 -0.01024900
1.75100000 -0.01021395
1.75200000 -0.01017904
1.75300000 -0.01014427
1.75400000 -0.01010964
1.75500000 -0.01007514
1.75600000 -0.01004078
1.75700000 -0.01000656
1.75800000 -0.00997247
1.75900000 -0.00993852
1.76000000 -0.00990470
1.76100000 -0.00987102
1.76200000 -0.00983747
1.76300000 -0.00980406
1.76400000 -0.00977077
1.76500000 -0.00973762
1.76600000 -0.00970460
1.76700000 -0.00967171
1.76800000 -0.00963895
1.76900000 -0.00960632
1.77000000 -0.00957382
1.77100000 -0.00954144
1.77200000 -0.00950920
1.77300000 -0.00947708
1.77400000 -0.00944509
1.77500000 -0.00941322
1.77600000 -0.00938148
1.77700000 -0.00934986
1.77800000 -0.00931837
1.77900000 -0.00928700
1.78000000 -0.00925575
1.78100000 -0.00922463
1.78200000 -0.00919363
1.78300000 -0.00916275
1.78400000 -0.00913199
1.78500000 -0.00910135
1.78600000 -0.00907083
1.78700000 -0.00904043
1.78800000 -0.00901015
1.78900000 -0.00897999
1.79000000 -0.00894994
1.79100000 -0.00892002
1.79200000 -0.00889020
1.79300000 -0.00886051
1.79400000 -0.00883093
1.79500000 -0.00880147
1.79600000 -0.00877212
1.79700000 -0.00874288
1.79800000 -0.00871376
1.79900000 -0.00868475
1.80000000 -0.00865585
1.80100000 -0.00862707
1.80200000 -0.00859840
1.80300000 -0.00856984
1.80400000 -0.00854138
1.80500000 -0.00851304
1.80600000 -0.00848481
1.80700000 -0.00845669
1.80800000 -0.00842868
1.80900000 -0.00840077
1.81000000 -0.00837297
1.81100000 -0.00834528
1.81200000 -0.00831770
1.81300000 -0.00829022
1.81400000 -0.00826285
1.81500000 -0.00823558
1.81600000 -0.00820842
1.81700000 -0.00818137
1.81800000 -0.00815441
1.81900000 -0.00812756
1.82000000 -0.00810082
1.82100000 -0.00807417
1.82200000 -0.00804763
1.82300000 -0.00802119
1.82400000 -0.00799485
1.82500000 -0.00796861
1.82600000 -0.00794248
1.82700000 -0.00791644
1.82800000 -0.00789050
1.82900000 -0.00786466
1.83000000 -0.00783892
1.83100000 -0.00781328
1.83200000 -0.00778774
1.83300000 -0.00776229
1.83400000 -0.00773694
1.83500000 -0.00771168
1.83600000 -0.00768653
1.83700000 -0.00766147
1.83800000 -0.00763650
1.83900000 -0.00761163
1.84000000 -0.00758685
1.84100000 -0.00756217
1.84200000 -0.00753758
1.84300000 -0.00751308
1.84400000 -0.00748868
1.84500000 -0.00746437
1.84600000 -0.00744015
1.84700000 -0.00741602
1.84800000 -0.00739198
1.84900000 -0.00736804
1.85000000 -0.00734418
1.85100000 -0.00732042
1.85200000 -0.00729674
1.85300000 -0.00727315
1.85400000 -0.00724966
1.85500000 -0.00722625
1.85600000 -0.00720293
1.85700000 -0.00717969
1.85800000 -0.00715655
1.85900000 -0.00713349
1.86000000 -0.00711052
1.86100000 -0.00708763
1.86200000 -0.00706483
1.86300000 -0.00704212
1.86400000 -0.00701949
1.86500000 -0.00699694
1.86600000 -0.00697448
1.86700000 -0.00695211
1.86800000 -0.00692981
1.86900000 -0.00690761
1.87000000 -0.00688548
1.87100000 -0.00686344
1.87200000 -0.00684147
1.87300000 -0.00681960
1.87400000 -0.00679780
1.87500000 -0.00677608
1.87600000 -0.00675445
1.87700000 -0.00673289
1.87800000 -0.00671142
1.87900000 -0.00669002
1.88000000 -0.00666870
1.88100000 -0.00664747
1.88200000 -0.00662631
1.88300000 -0.00660523
1.88400000 -0.00658423
1.88500000 -0.00656331
1.88600000 -0.00654246
1.88700000 -0.00652169
1.88800000 -0.00650100
1.88900000 -0.00648039
1.89000000 -0.00645985
1.89100000 -0.00643939
1.89200000 -0.00641900
1.89300000 -0.00639869
1.89400000 -0.00637845
1.89500000 -0.00635829
1.89600000 -0.00633820
1.89700000 -0.00631818
1.89800000 -0.00629824
1.89900000 -0.00627838
1.90000000 -0.00625858
1.90100000 -0.00623886
1.90200000 -0.00621921
1.90300000 -0.00619964
1.90400000 -0.00618013
1.90500000 -0.00616070
1.90600000 -0.00614133
1.90700000 -0.00612204
1.90800000 -0.00610282
1.90900000 -0.00608367
1.91000000 -0.00606459
1.91100000 -0.00604558
1.91200000 -0.00602664
1.91300000 -0.00600777
1.91400000 -0.00598897
1.91500000 -0.00597023
1.91600000 -0.00595157
1.91700000 -0.00593297
1.91800000 -0.00591444
1.91900000 -0.00589598
1.92000000 -0.00587758
1.92100000 -0.00585925
1.92200000 -0.00584099
1.92300000 -0.00582279
1.92400000 -0.00580466
1.92500000 -0.00578660
1.92600000 -0.00576860
1.92700000 -0.00575067
1.92800000 -0.00573280
1.92900000 -0.00571500
1.93000000 -0.00569726
1.93100000 -0.00567959
1.93200000 -0.00566198
1.93300000 -0.00564443
1.93400000 -0.00562694
1.93500000 -0.00560952
1.93600000 -0.00559217
1.93700000 -0.00557487
1.93800000 -0.00555764
1.93900000 -0.00554047
1.94000000 -0.00552336
1.94100000 -0.00550631
1.94200000 -0.00548933
1.94300000 -0.00547240
1.94400000 -0.00545554
1.94500000 -0.00543874
1.94600000 -0.00542199
1.94700000 -0.00540531
1.94800000 -0.00538869
1.94900000 -0.00537212
1.95000000 -0.00535562
1.95100000 -0.00533918
1.95200000 -0.00532279
1.95300000 -0.00530646
1.95400000 -0.00529019
1.95500000 -0.00527398
1.95600000 -0.00525783
1.95700000 -0.00524173
1.95800000 -0.00522570
1.95900000 -0.00520972
1.96000000 -0.00519379
1.96100000 -0.00517792
1.96200000 -0.00516211
1.96300000 -0.00514636
1.96400000 -0.00513066
1.96500000 -0.00511502
1.96600000 -0.00509943
1.96700000 -0.00508390
1.96800000 -0.00506843
1.96900000 -0.00505301
1.97000000 -0.00503764
1.97100000 -0.00502233
1.97200000 -0.00500707
1.97300000 -0.00499187
1.97400000 -0.00497672
1.97500000 -0.00496162
1.97600000 -0.00494658
1.97700000 -0.00493159
1.97800000 -0.00491665
1.97900000 -0.00490177
1.98000000 -0.00488693
1.98100000 -0.00487216
1.98200000 -0.00485743
1.98300000 -0.00484275
1.98400000 -0.00482813
1.98500000 -0.00481356
1.98600000 -0.00479904
1.98700000 -0.00478457
1.98800000 -0.00477015
1.98900000 -0.00475578
1.99000000 -0.00474146
1.99100000 -0.00472720
1.99200000 -0.00471298
1.99300000 -0.00469881
1.99400000 -0.00468469
1.99500000 -0.00467063
1.99600000 -0.00465661
1.99700000 -0.00464264
1.99800000 -0.00462872
1.99900000 -0.00461484
2.00000000 -0.00460102
