0.10000000 7965495277.82474709
0.10100000 7068943376.13608170
0.10200000 6280685394.54722500
0.10300000 5586765237.60241985
0.10400000 4975136104.65628719
0.10500000 4435384410.12105942
0.10600000 3958495736.24702549
0.10700000 3536656103.27346802
0.10800000 3163082964.16796923
0.10900000 2831881257.81857014
0.11000000 2537920620.98487663
0.11100000 2276730494.38166857
0.11200000 2044410385.40411806
0.11300000 1837552988.30413055
0.11400000 1653178227.67997932
0.11500000 1488676595.69178581
0.11600000 1341760407.90520954
0.11700000 1210421815.66414499
0.11800000 1092896591.44528794
0.11900000 987632853.55510855
0.12000000 893264022.57948554
0.12100000 808585408.14312673
0.12200000 732533914.05368531
0.12300000 664170425.50808942
0.12400000 602664505.97968006
0.12500000 547281085.55834508
0.12600000 497368868.44312787
0.12700000 452350226.28980464
0.12800000 411712377.28263366
0.12900000 374999679.03999078
0.13000000 341806887.54048395
0.13100000 311773254.80919653
0.13200000 284577355.67050838
0.13300000 259932548.90675917
0.13400000 237582991.04188216
0.13500000 217300132.01749188
0.13600000 198879631.51726675
0.13700000 182138642.85348654
0.13800000 166913418.35173112
0.13900000 153057196.22093543
0.14000000 140438334.11621240
0.14100000 128938659.11010048
0.14200000 118452007.68542841
0.14300000 108882932.73609366
0.14400000 100145557.48432161
0.14500000 92162558.75725049
0.14600000 84864264.26570870
0.14700000 78187850.43979946
0.14800000 72076629.03878424
0.14900000 66479412.20056085
0.15000000 61349946.85777858
0.15100000 56646410.54827140
0.15200000 52330961.60847863
0.15300000 48369337.57835022
0.15400000 44730496.38083733
0.15500000 41386295.48220856
0.15600000 38311204.80298324
0.15700000 35482049.64352371
0.15800000 32877780.32216192
0.15900000 30479265.60486479
0.16000000 28269107.34054831
0.16100000 26231474.01103213
0.16200000 24351951.16432384
0.16300000 22617406.92881751
0.16400000 21015871.00789655
0.16500000 19536425.73266954
0.16600000 18169107.90803473
0.16700000 16904820.32649084
0.16800000 15735251.94729646
0.16900000 14652805.84765561
0.17000000 13650534.14925989
0.17100000 12722079.20922605
0.17200000 11861620.44052457
0.17300000 11063826.19453540
0.17400000 10323810.19838701
0.17500000 9637092.09310865
0.17600000 8999561.66612080
0.17700000 8407446.41388371
0.17800000 7857282.10820985
0.17900000 7345886.07335109
0.18000000 6870332.91095370
0.18100000 6427932.43674439
0.18200000 6016209.61672621
0.18300000 5632886.31204277
0.18400000 5275864.66079399
0.18500000 4943211.94220414
0.18600000 4633146.78387428
0.18700000 4344026.58659001
0.18800000 4074336.05347511
0.18900000 3822676.72133573
0.19000000 3587757.40196244
0.19100000 3368385.45007198
0.19200000 3163458.78258184
0.19300000 2971958.58111576
0.19400000 2792942.61612118
0.19500000 2625539.13681614
0.19600000 2468941.27644080
0.19700000 2322401.92702704
0.19800000 2185229.04217287
0.19900000 2056781.33016351
0.20000000 1936464.30326143
0.20100000 1823726.65213084
0.20200000 1718056.91720283
0.20300000 1618980.43135540
0.20400000 1526056.51060575
0.20500000 1438875.87161474
0.20600000 1357058.25670708
0.20700000 1280250.24883566
0.20800000 1208123.26048120
0.20900000 1140371.68189649
0.21000000 1076711.17538966
0.21100000 1016877.10350901
0.21200000 960623.08005106
0.21300000 907719.63377711
0.21400000 857952.97559834
0.21500000 811123.86078567
0.21600000 767046.53848459
0.21700000 725547.78147407
0.21800000 686465.98970882
0.21900000 649650.36173078
0.22000000 614960.12853371
0.22100000 582263.84491919
0.22200000 551438.73379635
0.22300000 522370.07925588
0.22400000 494950.66459368
0.22500000 469080.25177510
0.22600000 444665.09911813
0.22700000 421617.51423756
0.22800000 399855.43953232
0.22900000 379302.06771885
0.23000000 359885.48511420
0.23100000 341538.34055754
0.23200000 324197.53802711
0.23300000 307803.95116488
0.23400000 292302.15806256
0.23500000 277640.19479282
0.23600000 263769.32628893
0.23700000 250643.83328520
0.23800000 238220.81413127
0.23900000 226460.00038534
0.24000000 215323.58517634
0.24100000 204776.06340266
0.24200000 194784.08290677
0.24300000 185316.30583081
0.24400000 176343.27941880
0.24500000 167837.31558659
0.24600000 159772.37863235
0.24700000 152123.98050718
0.24800000 144869.08310908
0.24900000 137986.00710375
0.25000000 131454.34681227
0.25100000 125254.89074006
0.25200000 119369.54735273
0.25300000 113781.27573361
0.25400000 108474.02078426
0.25500000 103432.65265407
0.25600000 98642.91010799
0.25700000 94091.34756218
0.25800000 89765.28553720
0.25900000 85652.76429601
0.26000000 81742.50045102
0.26100000 78023.84633958
0.26200000 74486.75198157
0.26300000 71121.72944613
0.26400000 67919.81946650
0.26500000 64872.56015344
0.26600000 61971.95766800
0.26700000 59210.45872441
0.26800000 56580.92480237
0.26900000 54076.60795688
0.27000000 51691.12812109
0.27100000 49418.45180501
0.27200000 47252.87209954
0.27300000 45188.98990147
0.27400000 43221.69628069
0.27500000 41346.15591652
0.27600000 39557.79153457
0.27700000 37852.26928050
0.27800000 36225.48497120
0.27900000 34673.55116775
0.28000000 33192.78501847
0.28100000 31779.69682363
0.28200000 30430.97927653
0.28300000 29143.49733897
0.28400000 27914.27871138
0.28500000 26740.50486100
0.28600000 25619.50257348
0.28700000 24548.73599579
0.28800000 23525.79914020
0.28900000 22548.40882124
0.29000000 21614.39799924
0.29100000 20721.70950563
0.29200000 19868.39012714
0.29300000 19052.58502704
0.29400000 18272.53248322
0.29500000 17526.55892419
0.29600000 16813.07424514
0.29700000 16130.56738737
0.29800000 15477.60216556
0.29900000 14852.81332811
0.30000000 14254.90283695
0.30100000 13682.63635374
0.30200000 13134.83992054
0.30300000 12610.39682356
0.30400000 12108.24462927
0.30500000 11627.37238292
0.30600000 11166.81796012
0.30700000 10725.66556259
0.30800000 10303.04334984
0.30900000 9898.12119896
0.31000000 9510.10858531
0.31100000 9138.25257703
0.31200000 8781.83593715
0.31300000 8440.17532707
0.31400000 8112.61960567
0.31500000 7798.54821883
0.31600000 7497.36967415
0.31700000 7208.52009615
0.31800000 6931.46185748
0.31900000 6665.68228200
0.32000000 6410.69241557
0.32100000 6166.02586099
0.32200000 5931.23767344
0.32300000 5705.90331321
0.32400000 5489.61765252
0.32500000 5281.99403344
0.32600000 5082.66337424
0.32700000 4891.27332152
0.32800000 4707.48744554
0.32900000 4530.98447657
0.33000000 4361.45757995
0.33100000 4198.61366791
0.33200000 4042.17274596
0.33300000 3891.86729231
0.33400000 3747.44166834
0.33500000 3608.65155855
0.33600000 3475.26343844
0.33700000 3347.05406888
0.33800000 3223.81001551
0.33900000 3105.32719193
0.34000000 2991.41042534
0.34100000 2881.87304365
0.34200000 2776.53648270
0.34300000 2675.22991277
0.34400000 2577.78988324
0.34500000 2484.05998453
0.34600000 2393.89052647
0.34700000 2307.13823210
0.34800000 2223.66594639
0.34900000 2143.34235880
0.35000000 2066.04173924
0.35100000 1991.64368659
0.35200000 1920.03288928
0.35300000 1851.09889712
0.35400000 1784.73590411
0.35500000 1720.84254139
0.35600000 1659.32167999
0.35700000 1600.08024287
0.35800000 1543.02902577
0.35900000 1488.08252640
0.36000000 1435.15878165
0.36100000 1384.17921234
0.36200000 1335.06847516
0.36300000 1287.75432150
0.36400000 1242.16746275
0.36500000 1198.24144182
0.36600000 1155.91251058
0.36700000 1115.11951285
0.36800000 1075.80377279
0.36900000 1037.90898834
0.37000000 1001.38112951
0.37100000 966.16834129
0.37200000 932.22085091
0.37300000 899.49087932
0.37400000 867.93255662
0.37500000 837.50184131
0.37600000 808.15644311
0.37700000 779.85574926
0.37800000 752.56075409
0.37900000 726.23399169
0.38000000 700.83947162
0.38100000 676.34261736
0.38200000 652.71020761
0.38300000 629.91031999
0.38400000 607.91227741
0.38500000 586.68659661
0.38600000 566.20493902
0.38700000 546.44006379
0.38800000 527.36578280
0.38900000 508.95691761
0.39000000 491.18925834
0.39100000 474.03952425
0.39200000 457.48532606
0.39300000 441.50512981
0.39400000 426.07822242
0.39500000 411.18467852
0.39600000 396.80532885
0.39700000 382.92172991
0.39800000 369.51613497
0.39900000 356.57146620
0.40000000 344.07128808
0.40100000 331.99978189
0.40200000 320.34172123
0.40300000 309.08244861
0.40400000 298.20785304
0.40500000 287.70434846
0.40600000 277.55885318
0.40700000 267.75877008
0.40800000 258.29196767
0.40900000 249.14676196
0.41000000 240.31189901
0.41100000 231.77653824
0.41200000 223.53023643
0.41300000 215.56293233
0.41400000 207.86493194
0.41500000 200.42689439
0.41600000 193.23981837
0.41700000 186.29502909
0.41800000 179.58416584
0.41900000 173.09917000
0.42000000 166.83227348
0.42100000 160.77598779
0.42200000 154.92309333
0.42300000 149.26662930
0.42400000 143.79988390
0.42500000 138.51638495
0.42600000 133.40989090
0.42700000 128.47438216
0.42800000 123.70405279
0.42900000 119.09330258
0.43000000 114.63672928
0.43100000 110.32912135
0.43200000 106.16545077
0.43300000 102.14086636
0.43400000 98.25068714
0.43500000 94.49039611
0.43600000 90.85563419
0.43700000 87.34219446
0.43800000 83.94601652
0.43900000 80.66318116
0.44000000 77.48990523
0.44100000 74.42253662
0.44200000 71.45754956
0.44300000 68.59154000
0.44400000 65.82122120
0.44500000 63.14341950
0.44600000 60.55507022
0.44700000 58.05321378
0.44800000 55.63499186
0.44900000 53.29764383
0.45000000 51.03850320
0.45100000 48.85499430
0.45200000 46.74462901
0.45300000 44.70500365
0.45400000 42.73379600
0.45500000 40.82876238
0.45600000 38.98773489
0.45700000 37.20861872
0.45800000 35.48938961
0.45900000 33.82809129
0.46000000 32.22283319
0.46100000 30.67178804
0.46200000 29.17318974
0.46300000 27.72533115
0.46400000 26.32656207
0.46500000 24.97528727
0.46600000 23.66996456
0.46700000 22.40910293
0.46800000 21.19126082
0.46900000 20.01504439
0.47000000 18.87910588
0.47100000 17.78214201
0.47200000 16.72289244
0.47300000 15.70013836
0.47400000 14.71270098
0.47500000 13.75944021
0.47600000 12.83925335
0.47700000 11.95107379
0.47800000 11.09386976
0.47900000 10.26664322
0.48000000 9.46842863
0.48100000 8.69829191
0.48200000 7.95532936
0.48300000 7.23866662
0.48400000 6.54745769
0.48500000 5.88088400
0.48600000 5.23815343
0.48700000 4.61849950
0.48800000 4.02118045
0.48900000 3.44547844
0.49000000 2.89069875
0.49100000 2.35616899
0.49200000 1.84123841
0.49300000 1.34527712
0.49400000 0.86767542
0.49500000 0.40784315
0.49600000 -0.03479098
0.49700000 -0.46077999
0.49800000 -0.87065926
0.49900000 -1.26494709
0.50000000 -1.64414528
0.50100000 -2.00873963
0.50200000 -2.35920052
0.50300000 -2.69598338
0.50400000 -3.01952917
0.50500000 -3.33026491
0.50600000 -3.62860404
0.50700000 -3.91494695
0.50800000 -4.18968135
0.50900000 -4.45318271
0.51000000 -4.70581464
0.51100000 -4.94792929
0.51200000 -5.17986768
0.51300000 -5.40196013
0.51400000 -5.61452653
0.51500000 -5.81787672
0.51600000 -6.01231081
0.51700000 -6.19811948
0.51800000 -6.37558427
0.51900000 -6.54497791
0.52000000 -6.70656458
0.52100000 -6.86060016
0.52200000 -7.00733255
0.52300000 -7.14700186
0.52400000 -7.27984072
0.52500000 -7.40607447
0.52600000 -7.52592141
0.52700000 -7.63959302
0.52800000 -7.74729420
0.52900000 -7.84922342
0.53000000 -7.94557298
0.53100000 -8.03652918
0.53200000 -8.12227252
0.53300000 -8.20297787
0.53400000 -8.27881463
0.53500000 -8.34994697
0.53600000 -8.41653391
0.53700000 -8.47872952
0.53800000 -8.53668310
0.53900000 -8.59053928
0.54000000 -8.64043821
0.54100000 -8.68651565
0.54200000 -8.72890316
0.54300000 -8.76772820
0.54400000 -8.80311425
0.54500000 -8.83518098
0.54600000 -8.86404431
0.54700000 -8.88981655
0.54800000 -8.91260653
0.54900000 -8.93251968
0.55000000 -8.94965816
0.55100000 -8.96412094
0.55200000 -8.97600391
0.55300000 -8.98539995
0.55400000 -8.99239909
0.55500000 -8.99708851
0.55600000 -8.99955269
0.55700000 -8.99987347
0.55800000 -8.99813014
0.55900000 -8.99439950
0.56000000 -8.98875595
0.56100000 -8.98127158
0.56200000 -8.97201620
0.56300000 -8.96105745
0.56400000 -8.94846084
0.56500000 -8.93428984
0.56600000 -8.91860591
0.56700000 -8.90146858
0.56800000 -8.88293551
0.56900000 -8.86306255
0.57000000 -8.84190379
0.57100000 -8.81951159
0.57200000 -8.79593670
0.57300000 -8.77122822
0.57400000 -8.74543372
0.57500000 -8.71859926
0.57600000 -8.69076943
0.57700000 -8.66198740
0.57800000 -8.63229497
0.57900000 -8.60173262
0.58000000 -8.57033951
0.58100000 -8.53815357
0.58200000 -8.50521149
0.58300000 -8.47154882
0.58400000 -8.43719992
0.58500000 -8.40219808
0.58600000 -8.36657550
0.58700000 -8.33036333
0.58800000 -8.29359173
0.58900000 -8.25628985
0.59000000 -8.21848592
0.59100000 -8.18020722
0.59200000 -8.14148017
0.59300000 -8.10233030
0.59400000 -8.06278230
0.59500000 -8.02286005
0.59600000 -7.98258664
0.59700000 -7.94198439
0.59800000 -7.90107488
0.59900000 -7.85987896
0.60000000 -7.81841681
0.60100000 -7.77670789
0.60200000 -7.73477104
0.60300000 -7.69262443
0.60400000 -7.65028564
0.60500000 -7.60777164
0.60600000 -7.56509880
0.60700000 -7.52228297
0.60800000 -7.47933941
0.60900000 -7.43628287
0.61000000 -7.39312759
0.61100000 -7.34988730
0.61200000 -7.30657526
0.61300000 -7.26320424
0.61400000 -7.21978658
0.61500000 -7.17633416
0.61600000 -7.13285845
0.61700000 -7.08937050
0.61800000 -7.04588095
0.61900000 -7.00240006
0.62000000 -6.95893771
0.62100000 -6.91550342
0.62200000 -6.87210634
0.62300000 -6.82875530
0.62400000 -6.78545877
0.62500000 -6.74222492
0.62600000 -6.69906159
0.62700000 -6.65597634
0.62800000 -6.61297639
0.62900000 -6.57006874
0.63000000 -6.52726005
0.63100000 -6.48455676
0.63200000 -6.44196502
0.63300000 -6.39949074
0.63400000 -6.35713960
0.63500000 -6.31491702
0.63600000 -6.27282821
0.63700000 -6.23087814
0.63800000 -6.18907158
0.63900000 -6.14741309
0.64000000 -6.10590703
0.64100000 -6.06455755
0.64200000 -6.02336863
0.64300000 -5.98234407
0.64400000 -5.94148746
0.64500000 -5.90080226
0.64600000 -5.86029174
0.64700000 -5.81995900
0.64800000 -5.77980701
0.64900000 -5.73983858
0.65000000 -5.70005637
0.65100000 -5.66046289
0.65200000 -5.62106053
0.65300000 -5.58185154
0.65400000 -5.54283805
0.65500000 -5.50402204
0.65600000 -5.46540540
0.65700000 -5.42698990
0.65800000 -5.38877718
0.65900000 -5.35076879
0.66000000 -5.31296616
0.66100000 -5.27537062
0.66200000 -5.23798343
0.66300000 -5.20080571
0.66400000 -5.16383852
0.66500000 -5.12708282
0.66600000 -5.09053950
0.66700000 -5.05420934
0.66800000 -5.01809306
0.66900000 -4.98219129
0.67000000 -4.94650460
0.67100000 -4.91103349
0.67200000 -4.87577836
0.67300000 -4.84073959
0.67400000 -4.80591744
0.67500000 -4.77131216
0.67600000 -4.73692392
0.67700000 -4.70275281
0.67800000 -4.66879889
0.67900000 -4.63506217
0.68000000 -4.60154259
0.68100000 -4.56824004
0.68200000 -4.53515438
0.68300000 -4.50228541
0.68400000 -4.46963288
0.68500000 -4.43719651
0.68600000 -4.40497598
0.68700000 -4.37297091
0.68800000 -4.34118090
0.68900000 -4.30960551
0.69000000 -4.27824427
0.69100000 -4.24709665
0.69200000 -4.21616213
0.69300000 -4.18544011
0.69400000 -4.15493000
0.69500000 -4.12463116
0.69600000 -4.09454293
0.69700000 -4.06466462
0.69800000 -4.03499552
0.69900000 -4.00553488
0.70000000 -3.97628196
0.70100000 -3.94723596
0.70200000 -3.91839608
0.70300000 -3.88976149
0.70400000 -3.86133136
0.70500000 -3.83310481
0.70600000 -3.80508097
0.70700000 -3.77725894
0.70800000 -3.74963781
0.70900000 -3.72221664
0.71000000 -3.69499451
0.71100000 -3.66797045
0.71200000 -3.64114349
0.71300000 -3.61451266
0.71400000 -3.58807695
0.71500000 -3.56183538
0.71600000 -3.53578692
0.71700000 -3.50993055
0.71800000 -3.48426524
0.71900000 -3.45878996
0.72000000 -3.43350364
0.72100000 -3.40840525
0.72200000 -3.38349371
0.72300000 -3.35876795
0.72400000 -3.33422691
0.72500000 -3.30986951
0.72600000 -3.28569465
0.72700000 -3.26170126
0.72800000 -3.23788823
0.72900000 -3.21425447
0.73000000 -3.19079889
0.73100000 -3.16752038
0.73200000 -3.14441783
0.73300000 -3.12149014
0.73400000 -3.09873621
0.73500000 -3.07615491
0.73600000 -3.05374514
0.73700000 -3.03150579
0.73800000 -3.00943574
0.73900000 -2.98753389
0.74000000 -2.96579912
0.74100000 -2.94423031
0.74200000 -2.92282636
0.74300000 -2.90158616
0.74400000 -2.88050859
0.74500000 -2.85959255
0.74600000 -2.83883693
0.74700000 -2.81824063
0.74800000 -2.79780255
0.74900000 -2.77752157
0.75000000 -2.75739661
0.75100000 -2.73742657
0.75200000 -2.71761036
0.75300000 -2.69794688
0.75400000 -2.67843505
0.75500000 -2.65907378
0.75600000 -2.63986200
0.75700000 -2.62079862
0.75800000 -2.60188258
0.75900000 -2.58311280
0.76000000 -2.56448822
0.76100000 -2.54600777
0.76200000 -2.52767041
0.76300000 -2.50947506
0.76400000 -2.49142069
0.76500000 -2.47350626
0.76600000 -2.45573071
0.76700000 -2.43809302
0.76800000 -2.42059215
0.76900000 -2.40322708
0.77000000 -2.38599679
0.77100000 -2.36890026
0.77200000 -2.35193647
0.77300000 -2.33510443
0.77400000 -2.31840314
0.77500000 -2.30183159
0.77600000 -2.28538879
0.77700000 -2.26907377
0.77800000 -2.25288554
0.77900000 -2.23682312
0.78000000 -2.22088555
0.78100000 -2.20507187
0.78200000 -2.18938111
0.78300000 -2.17381232
0.78400000 -2.15836456
0.78500000 -2.14303689
0.78600000 -2.12782837
0.78700000 -2.11273806
0.78800000 -2.09776505
0.78900000 -2.08290842
0.79000000 -2.06816725
0.79100000 -2.05354064
0.79200000 -2.03902769
0.79300000 -2.02462749
0.79400000 -2.01033917
0.79500000 -1.99616183
0.79600000 -1.98209461
0.79700000 -1.96813662
0.79800000 -1.95428700
0.79900000 -1.94054488
0.80000000 -1.92690943
0.80100000 -1.91337978
0.80200000 -1.89995509
0.80300000 -1.88663452
0.80400000 -1.87341725
0.80500000 -1.86030245
0.80600000 -1.84728929
0.80700000 -1.83437697
0.80800000 -1.82156467
0.80900000 -1.80885159
0.81000000 -1.79623694
0.81100000 -1.78371992
0.81200000 -1.77129975
0.81300000 -1.75897565
0.81400000 -1.74674684
0.81500000 -1.73461256
0.81600000 -1.72257204
0.81700000 -1.71062453
0.81800000 -1.69876927
0.81900000 -1.68700552
0.82000000 -1.67533253
0.82100000 -1.66374958
0.82200000 -1.65225594
0.82300000 -1.64085087
0.82400000 -1.62953367
0.82500000 -1.61830361
0.82600000 -1.60715999
0.82700000 -1.59610212
0.82800000 -1.58512929
0.82900000 -1.57424081
0.83000000 -1.56343599
0.83100000 -1.55271416
0.83200000 -1.54207465
0.83300000 -1.53151677
0.83400000 -1.52103987
0.83500000 -1.51064328
0.83600000 -1.50032635
0.83700000 -1.49008844
0.83800000 -1.47992890
0.83900000 -1.46984709
0.84000000 -1.45984237
0.84100000 -1.44991412
0.84200000 -1.44006171
0.84300000 -1.43028453
0.84400000 -1.42058195
0.84500000 -1.41095338
0.84600000 -1.40139821
0.84700000 -1.39191583
0.84800000 -1.38250566
0.84900000 -1.37316710
0.85000000 -1.36389957
0.85100000 -1.35470249
0.85200000 -1.34557529
0.85300000 -1.33651738
0.85400000 -1.32752822
0.85500000 -1.31860723
0.85600000 -1.30975386
0.85700000 -1.30096756
0.85800000 -1.29224777
0.85900000 -1.28359397
0.86000000 -1.27500560
0.86100000 -1.26648213
0.86200000 -1.25802303
0.86300000 -1.24962779
0.86400000 -1.24129587
0.86500000 -1.23302675
0.86600000 -1.22481994
0.86700000 -1.21667491
0.86800000 -1.20859117
0.86900000 -1.20056821
0.87000000 -1.19260554
0.87100000 -1.18470266
0.87200000 -1.17685910
0.87300000 -1.16907436
0.87400000 -1.16134796
0.87500000 -1.15367944
0.87600000 -1.14606832
0.87700000 -1.13851412
0.87800000 -1.13101640
0.87900000 -1.12357468
0.88000000 -1.11618852
0.88100000 -1.10885745
0.88200000 -1.10158104
0.88300000 -1.09435883
0.88400000 -1.08719039
0.88500000 -1.08007528
0.88600000 -1.07301307
0.88700000 -1.06600332
0.88800000 -1.05904561
0.88900000 -1.05213952
0.89000000 -1.04528463
0.89100000 -1.03848052
0.89200000 -1.03172679
0.89300000 -1.02502301
0.89400000 -1.01836880
0.89500000 -1.01176374
0.89600000 -1.00520744
0.89700000 -0.99869950
0.89800000 -0.99223953
0.89900000 -0.98582715
0.90000000 -0.97946197
0.90100000 -0.97314360
0.90200000 -0.96687168
0.90300000 -0.96064582
0.90400000 -0.95446565
0.90500000 -0.94833080
0.90600000 -0.94224091
0.90700000 -0.93619562
0.90800000 -0.93019456
0.90900000 -0.92423738
0.91000000 -0.91832373
0.91100000 -0.91245325
0.91200000 -0.90662560
0.91300000 -0.90084044
0.91400000 -0.89509742
0.91500000 -0.88939620
0.91600000 -0.88373645
0.91700000 -0.87811783
0.91800000 -0.87254002
0.91900000 -0.86700269
0.92000000 -0.86150550
0.92100000 -0.85604816
0.92200000 -0.85063032
0.92300000 -0.84525168
0.92400000 -0.83991192
0.92500000 -0.83461074
0.92600000 -0.82934782
0.92700000 -0.82412285
0.92800000 -0.81893555
0.92900000 -0.81378559
0.93000000 -0.80867270
0.93100000 -0.80359656
0.93200000 -0.79855689
0.93300000 -0.79355341
0.93400000 -0.78858581
0.93500000 -0.78365382
0.93600000 -0.77875715
0.93700000 -0.77389552
0.93800000 -0.76906865
0.93900000 -0.76427627
0.94000000 -0.75951811
0.94100000 -0.75479388
0.94200000 -0.75010334
0.94300000 -0.74544619
0.94400000 -0.74082220
0.94500000 -0.73623108
0.94600000 -0.73167258
0.94700000 -0.72714645
0.94800000 -0.72265242
0.94900000 -0.71819025
0.95000000 -0.71375969
0.95100000 -0.70936048
0.95200000 -0.70499237
0.95300000 -0.70065513
0.95400000 -0.69634851
0.95500000 -0.69207227
0.95600000 -0.68782616
0.95700000 -0.68360997
0.95800000 -0.67942344
0.95900000 -0.67526635
0.96000000 -0.67113847
0.96100000 -0.66703956
0.96200000 -0.66296940
0.96300000 -0.65892778
0.96400000 -0.65491445
0.96500000 -0.65092920
0.96600000 -0.64697182
0.96700000 -0.64304209
0.96800000 -0.63913978
0.96900000 -0.63526469
0.97000000 -0.63141661
0.97100000 -0.62759532
0.97200000 -0.62380061
0.97300000 -0.62003229
0.97400000 -0.61629014
0.97500000 -0.61257396
0.97600000 -0.60888355
0.97700000 -0.60521871
0.97800000 -0.60157924
0.97900000 -0.59796495
0.98000000 -0.59437564
0.98100000 -0.59081112
0.98200000 -0.58727120
0.98300000 -0.58375568
0.98400000 -0.58026438
0.98500000 -0.57679712
0.98600000 -0.57335370
0.98700000 -0.56993394
0.98800000 -0.56653767
0.98900000 -0.56316470
0.99000000 -0.55981484
0.99100000 -0.55648794
0.99200000 -0.55318380
0.99300000 -0.54990225
0.99400000 -0.54664313
0.99500000 -0.54340625
0.99600000 -0.54019146
0.99700000 -0.53699857
0.99800000 -0.53382743
0.99900000 -0.53067786
1.00000000 -0.52754971
1.00100000 -0.52444281
1.00200000 -0.52135699
1.00300000 -0.51829210
1.00400000 -0.51524797
1.00500000 -0.51222446
1.00600000 -0.50922140
1.00700000 -0.50623864
1.00800000 -0.50327602
1.00900000 -0.50033339
1.01000000 -0.49741060
1.01100000 -0.49450751
1.01200000 -0.49162395
1.01300000 -0.48875979
1.01400000 -0.48591487
1.01500000 -0.48308905
1.01600000 -0.48028219
1.01700000 -0.47749415
1.01800000 -0.47472478
1.01900000 -0.47197394
1.02000000 -0.46924149
1.02100000 -0.46652730
1.02200000 -0.46383123
1.02300000 -0.46115313
1.02400000 -0.45849289
1.02500000 -0.45585036
1.02600000 -0.45322540
1.02700000 -0.45061790
1.02800000 -0.44802772
1.02900000 -0.44545472
1.03000000 -0.44289879
1.03100000 -0.44035979
1.03200000 -0.43783760
1.03300000 -0.43533208
1.03400000 -0.43284313
1.03500000 -0.43037061
1.03600000 -0.42791441
1.03700000 -0.42547440
1.03800000 -0.42305045
1.03900000 -0.42064246
1.04000000 -0.41825031
1.04100000 -0.41587387
1.04200000 -0.41351303
1.04300000 -0.41116768
1.04400000 -0.40883770
1.04500000 -0.40652297
1.04600000 -0.40422340
1.04700000 -0.40193885
1.04800000 -0.39966923
1.04900000 -0.39741441
1.05000000 -0.39517431
1.05100000 -0.39294880
1.05200000 -0.39073777
1.05300000 -0.38854113
1.05400000 -0.38635877
1.05500000 -0.38419057
1.05600000 -0.38203645
1.05700000 -0.37989629
1.05800000 -0.37777000
1.05900000 -0.37565746
1.06000000 -0.37355859
1.06100000 -0.37147328
1.06200000 -0.36940144
1.06300000 -0.36734296
1.06400000 -0.36529774
1.06500000 -0.36326570
1.06600000 -0.36124673
1.06700000 -0.35924075
1.06800000 -0.35724765
1.06900000 -0.35526734
1.07000000 -0.35329974
1.07100000 -0.35134474
1.07200000 -0.34940226
1.07300000 -0.34747221
1.07400000 -0.34555449
1.07500000 -0.34364902
1.07600000 -0.34175571
1.07700000 -0.33987448
1.07800000 -0.33800523
1.07900000 -0.33614787
1.08000000 -0.33430233
1.08100000 -0.33246852
1.08200000 -0.33064636
1.08300000 -0.32883575
1.08400000 -0.32703662
1.08500000 -0.32524889
1.08600000 -0.32347248
1.08700000 -0.32170729
1.08800000 -0.31995326
1.08900000 -0.31821030
1.09000000 -0.31647834
1.09100000 -0.31475729
1.09200000 -0.31304708
1.09300000 -0.31134763
1.09400000 -0.30965887
1.09500000 -0.30798071
1.09600000 -0.30631309
1.09700000 -0.30465593
1.09800000 -0.30300915
1.09900000 -0.30137268
1.10000000 -0.29974645
1.10100000 -0.29813039
1.10200000 -0.29652442
1.10300000 -0.29492847
1.10400000 -0.29334247
1.10500000 -0.29176635
1.10600000 -0.29020005
1.10700000 -0.28864348
1.10800000 -0.28709659
1.10900000 -0.28555931
1.11000000 -0.28403157
1.11100000 -0.28251329
1.11200000 -0.28100443
1.11300000 -0.27950490
1.11400000 -0.27801464
1.11500000 -0.27653360
1.11600000 -0.27506169
1.11700000 -0.27359887
1.11800000 -0.27214507
1.11900000 -0.27070022
1.12000000 -0.26926426
1.12100000 -0.26783713
1.12200000 -0.26641877
1.12300000 -0.26500912
1.12400000 -0.26360811
1.12500000 -0.26221569
1.12600000 -0.26083180
1.12700000 -0.25945637
1.12800000 -0.25808936
1.12900000 -0.25673069
1.13000000 -0.25538032
1.13100000 -0.25403819
1.13200000 -0.25270423
1.13300000 -0.25137840
1.13400000 -0.25006063
1.13500000 -0.24875088
1.13600000 -0.24744908
1.13700000 -0.24615518
1.13800000 -0.24486912
1.13900000 -0.24359087
1.14000000 -0.24232035
1.14100000 -0.24105751
1.14200000 -0.23980231
1.14300000 -0.23855469
1.14400000 -0.23731460
1.14500000 -0.23608199
1.14600000 -0.23485681
1.14700000 -0.23363900
1.14800000 -0.23242851
1.14900000 -0.23122531
1.15000000 -0.23002932
1.15100000 -0.22884052
1.15200000 -0.22765884
1.15300000 -0.22648425
1.15400000 -0.22531668
1.15500000 -0.22415610
1.15600000 -0.22300246
1.15700000 -0.22185570
1.15800000 -0.22071579
1.15900000 -0.21958267
1.16000000 -0.21845631
1.16100000 -0.21733665
1.16200000 -0.21622365
1.16300000 -0.21511726
1.16400000 -0.21401745
1.16500000 -0.21292416
1.16600000 -0.21183735
1.16700000 -0.21075698
1.16800000 -0.20968301
1.16900000 -0.20861538
1.17000000 -0.20755407
1.17100000 -0.20649903
1.17200000 -0.20545021
1.17300000 -0.20440757
1.17400000 -0.20337108
1.17500000 -0.20234069
1.17600000 -0.20131635
1.17700000 -0.20029804
1.17800000 -0.19928571
1.17900000 -0.19827932
1.18000000 -0.19727883
1.18100000 -0.19628419
1.18200000 -0.19529539
1.18300000 -0.19431236
1.18400000 -0.19333508
1.18500000 -0.19236351
1.18600000 -0.19139761
1.18700000 -0.19043733
1.18800000 -0.18948266
1.18900000 -0.18853354
1.19000000 -0.18758994
1.19100000 -0.18665182
1.19200000 -0.18571916
1.19300000 -0.18479190
1.19400000 -0.18387002
1.19500000 -0.18295349
1.19600000 -0.18204225
1.19700000 -0.18113629
1.19800000 -0.18023557
1.19900000 -0.17934005
1.20000000 -0.17844969
1.20100000 -0.17756447
1.20200000 -0.17668436
1.20300000 -0.17580930
1.20400000 -0.17493928
1.20500000 -0.17407427
1.20600000 -0.17321422
1.20700000 -0.17235911
1.20800000 -0.17150890
1.20900000 -0.17066356
1.21000000 -0.16982306
1.21100000 -0.16898737
1.21200000 -0.16815646
1.21300000 -0.16733030
1.21400000 -0.16650885
1.21500000 -0.16569209
1.21600000 -0.16487998
1.21700000 -0.16407249
1.21800000 -0.16326960
1.21900000 -0.16247128
1.22000000 -0.16167749
1.22100000 -0.16088820
1.22200000 -0.16010340
1.22300000 -0.15932304
1.22400000 -0.15854710
1.22500000 -0.15777555
1.22600000 -0.15700837
1.22700000 -0.15624552
1.22800000 -0.15548698
1.22900000 -0.15473271
1.23000000 -0.15398270
1.23100000 -0.15323691
1.23200000 -0.15249533
1.23300000 -0.15175791
1.23400000 -0.15102463
1.23500000 -0.15029548
1.23600000 -0.14957041
1.23700000 -0.14884941
1.23800000 -0.14813245
1.23900000 -0.14741950
1.24000000 -0.14671055
1.24100000 -0.14600555
1.24200000 -0.14530449
1.24300000 -0.14460735
1.24400000 -0.14391409
1.24500000 -0.14322469
1.24600000 -0.14253914
1.24700000 -0.14185740
1.24800000 -0.14117945
1.24900000 -0.14050526
1.25000000 -0.13983482
1.25100000 -0.13916809
1.25200000 -0.13850506
1.25300000 -0.13784571
1.25400000 -0.13719000
1.25500000 -0.13653792
1.25600000 -0.13588944
1.25700000 -0.13524454
1.25800000 -0.13460320
1.25900000 -0.13396540
1.26000000 -0.13333111
1.26100000 -0.13270031
1.26200000 -0.13207298
1.26300000 -0.13144910
1.26400000 -0.13082864
1.26500000 -0.13021159
1.26600000 -0.12959793
1.26700000 -0.12898763
1.26800000 -0.12838066
1.26900000 -0.12777702
1.27000000 -0.12717668
1.27100000 -0.12657962
1.27200000 -0.12598582
1.27300000 -0.12539526
1.27400000 -0.12480792
1.27500000 -0.12422377
1.27600000 -0.12364281
1.27700000 -0.12306500
1.27800000 -0.12249034
1.27900000 -0.12191879
1.28000000 -0.12135035
1.28100000 -0.12078499
1.28200000 -0.12022269
1.28300000 -0.11966343
1.28400000 -0.11910721
1.28500000 -0.11855398
1.28600000 -0.11800375
1.28700000 -0.11745649
1.28800000 -0.11691218
1.28900000 -0.11637080
1.29000000 -0.11583234
1.29100000 -0.11529677
1.29200000 -0.11476409
1.29300000 -0.11423427
1.29400000 -0.11370729
1.29500000 -0.11318314
1.29600000 -0.11266180
1.29700000 -0.11214325
1.29800000 -0.11162748
1.29900000 -0.11111447
1.30000000 -0.11060420
1.30100000 -0.11009666
1.30200000 -0.10959183
1.30300000 -0.10908969
1.30400000 -0.10859022
1.30500000 -0.10809342
1.30600000 -0.10759926
1.30700000 -0.10710772
1.30800000 -0.10661880
1.30900000 -0.10613248
1.31000000 -0.10564873
1.31100000 -0.10516756
1.31200000 -0.10468893
1.31300000 -0.10421283
1.31400000 -0.10373925
1.31500000 -0.10326818
1.31600000 -0.10279960
1.31700000 -0.10233349
1.31800000 -0.10186983
1.31900000 -0.10140863
1.32000000 -0.10094985
1.32100000 -0.10049348
1.32200000 -0.10003952
1.32300000 -0.09958794
1.32400000 -0.09913874
1.32500000 -0.09869189
1.32600000 -0.09824738
1.32700000 -0.09780521
1.32800000 -0.09736534
1.32900000 -0.09692779
1.33000000 -0.09649252
1.33100000 -0.09605952
1.33200000 -0.09562878
1.33300000 -0.09520029
1.33400000 -0.09477404
1.33500000 -0.09435001
1.33600000 -0.09392818
1.33700000 -0.09350855
1.33800000 -0.09309110
1.33900000 -0.09267582
1.34000000 -0.09226269
1.34100000 -0.09185171
1.34200000 -0.09144285
1.34300000 -0.09103612
1.34400000 -0.09063149
1.34500000 -0.09022895
1.34600000 -0.08982850
1.34700000 -0.08943011
1.34800000 -0.08903378
1.34900000 -0.08863949
1.35000000 -0.08824723
1.35100000 -0.08785700
1.35200000 -0.08746877
1.35300000 -0.08708254
1.35400000 -0.08669829
1.35500000 -0.08631602
1.35600000 -0.08593571
1.35700000 -0.08555735
1.35800000 -0.08518093
1.35900000 -0.08480643
1.36000000 -0.08443385
1.36100000 -0.08406318
1.36200000 -0.08369440
1.36300000 -0.08332750
1.36400000 -0.08296248
1.36500000 -0.08259931
1.36600000 -0.08223800
1.36700000 -0.08187852
1.36800000 -0.08152088
1.36900000 -0.08116505
1.37000000 -0.08081103
1.37100000 -0.08045881
1.37200000 -0.08010838
1.37300000 -0.07975972
1.37400000 -0.07941282
1.37500000 -0.07906769
1.37600000 -0.07872430
1.37700000 -0.07838264
1.37800000 -0.07804272
1.37900000 -0.07770450
1.38000000 -0.07736800
1.38100000 -0.07703319
1.38200000 -0.07670006
1.38300000 -0.07636862
1.38400000 -0.07603884
1.38500000 -0.07571072
1.38600000 -0.07538424
1.38700000 -0.07505941
1.38800000 -0.07473620
1.38900000 -0.07441462
1.39000000 -0.07409464
1.39100000 -0.07377627
1.39200000 -0.07345949
1.39300000 -0.07314429
1.39400000 -0.07283067
1.39500000 -0.07251861
1.39600000 -0.07220811
1.39700000 -0.07189916
1.39800000 -0.07159175
1.39900000 -0.07128586
1.40000000 -0.07098150
1.40100000 -0.07067865
1.40200000 -0.07037731
1.40300000 -0.07007746
1.40400000 -0.06977910
1.40500000 -0.06948221
1.40600000 -0.06918680
1.40700000 -0.06889285
1.40800000 -0.06860035
1.40900000 -0.06830930
1.41000000 -0.06801969
1.41100000 -0.06773151
1.41200000 -0.06744475
1.41300000 -0.06715940
1.41400000 -0.06687546
1.41500000 -0.06659291
1.41600000 -0.06631176
1.41700000 -0.06603198
1.41800000 -0.06575359
1.41900000 -0.06547655
1.42000000 -0.06520088
1.42100000 -0.06492656
1.42200000 -0.06465358
1.42300000 -0.06438194
1.42400000 -0.06411163
1.42500000 -0.06384264
1.42600000 -0.06357496
1.42700000 -0.06330859
1.42800000 -0.06304352
1.42900000 -0.06277974
1.43000000 -0.06251725
1.43100000 -0.06225603
1.43200000 -0.06199609
1.43300000 -0.06173741
1.43400000 -0.06147998
1.43500000 -0.06122381
1.43600000 -0.06096888
1.43700000 -0.06071518
1.43800000 -0.06046272
1.43900000 -0.06021148
1.44000000 -0.05996145
1.44100000 -0.05971263
1.44200000 -0.05946501
1.44300000 -0.05921859
1.44400000 -0.05897336
1.44500000 -0.05872931
1.44600000 -0.05848644
1.44700000 -0.05824474
1.44800000 -0.05800420
1.44900000 -0.05776481
1.45000000 -0.05752658
1.45100000 -0.05728949
1.45200000 -0.05705354
1.45300000 -0.05681872
1.45400000 -0.05658503
1.45500000 -0.05635246
1.45600000 -0.05612100
1.45700000 -0.05589064
1.45800000 -0.05566139
1.45900000 -0.05543323
1.46000000 -0.05520616
1.46100000 -0.05498018
1.46200000 -0.05475527
1.46300000 -0.05453144
1.46400000 -0.05430867
1.46500000 -0.05408695
1.46600000 -0.05386630
1.46700000 -0.05364669
1.46800000 -0.05342812
1.46900000 -0.05321060
1.47000000 -0.05299410
1.47100000 -0.05277863
1.47200000 -0.05256418
1.47300000 -0.05235074
1.47400000 -0.05213831
1.47500000 -0.05192689
1.47600000 -0.05171647
1.47700000 -0.05150704
1.47800000 -0.05129859
1.47900000 -0.05109113
1.48000000 -0.05088465
1.48100000 -0.05067914
1.48200000 -0.05047459
1.48300000 -0.05027101
1.48400000 -0.05006838
1.48500000 -0.04986671
1.48600000 -0.04966598
1.48700000 -0.04946619
1.48800000 -0.04926734
1.48900000 -0.04906941
1.49000000 -0.04887242
1.49100000 -0.04867635
1.49200000 -0.04848119
1.49300000 -0.04828694
1.49400000 -0.04809360
1.49500000 -0.04790116
1.49600000 -0.04770962
1.49700000 -0.04751897
1.49800000 -0.04732921
1.49900000 -0.04714033
1.50000000 -0.04695233
1.50100000 -0.04676520
1.50200000 -0.04657894
1.50300000 -0.04639355
1.50400000 -0.04620901
1.50500000 -0.04602533
1.50600000 -0.04584250
1.50700000 -0.04566052
1.50800000 -0.04547938
1.50900000 -0.04529907
1.51000000 -0.04511960
1.51100000 -0.04494095
1.51200000 -0.04476313
1.51300000 -0.04458613
1.51400000 -0.04440995
1.51500000 -0.04423457
1.51600000 -0.04406000
1.51700000 -0.04388624
1.51800000 -0.04371327
1.51900000 -0.04354110
1.52000000 -0.04336971
1.52100000 -0.04319912
1.52200000 -0.04302930
1.52300000 -0.04286026
1.52400000 -0.04269200
1.52500000 -0.04252450
1.52600000 -0.04235778
1.52700000 -0.04219181
1.52800000 -0.04202660
1.52900000 -0.04186214
1.53000000 -0.04169843
1.53100000 -0.04153547
1.53200000 -0.04137325
1.53300000 -0.04121177
1.53400000 -0.04105102
1.53500000 -0.04089101
1.53600000 -0.04073172
1.53700000 -0.04057315
1.53800000 -0.04041530
1.53900000 -0.04025817
1.54000000 -0.04010175
1.54100000 -0.03994604
1.54200000 -0.03979103
1.54300000 -0.03963672
1.54400000 -0.03948311
1.54500000 -0.03933019
1.54600000 -0.03917797
1.54700000 -0.03902643
1.54800000 -0.03887557
1.54900000 -0.03872539
1.55000000 -0.03857589
1.55100000 -0.03842706
1.55200000 -0.03827890
1.55300000 -0.03813140
1.55400000 -0.03798457
1.55500000 -0.03783839
1.55600000 -0.03769287
1.55700000 -0.03754801
1.55800000 -0.03740379
1.55900000 -0.03726021
1.56000000 -0.03711728
1.56100000 -0.03697499
1.56200000 -0.03683333
1.56300000 -0.03669231
1.56400000 -0.03655191
1.56500000 -0.03641214
1.56600000 -0.03627300
1.56700000 -0.03613447
1.56800000 -0.03599656
1.56900000 -0.03585926
1.57000000 -0.03572257
1.57100000 -0.03558649
1.57200000 -0.03545102
1.57300000 -0.03531614
1.57400000 -0.03518186
1.57500000 -0.03504818
1.57600000 -0.03491509
1.57700000 -0.03478259
1.57800000 -0.03465067
1.57900000 -0.03451934
1.58000000 -0.03438858
1.58100000 -0.03425841
1.58200000 -0.03412880
1.58300000 -0.03399977
1.58400000 -0.03387131
1.58500000 -0.03374341
1.58600000 -0.03361608
1.58700000 -0.03348930
1.58800000 -0.03336309
1.58900000 -0.03323742
1.59000000 -0.03311231
1.59100000 -0.03298775
1.59200000 -0.03286373
1.59300000 -0.03274026
1.59400000 -0.03261732
1.59500000 -0.03249493
1.59600000 -0.03237307
1.59700000 -0.03225174
1.59800000 -0.03213094
1.59900000 -0.03201067
1.60000000 -0.03189092
1.60100000 -0.03177170
1.60200000 -0.03165300
1.60300000 -0.03153481
1.60400000 -0.03141713
1.60500000 -0.03129997
1.60600000 -0.03118332
1.60700000 -0.03106717
1.60800000 -0.03095153
1.60900000 -0.03083639
1.61000000 -0.03072175
1.61100000 -0.03060760
1.61200000 -0.03049395
1.61300000 -0.03038079
1.61400000 -0.03026812
1.61500000 -0.03015594
1.61600000 -0.03004424
1.61700000 -0.02993302
1.61800000 -0.02982229
1.61900000 -0.02971203
1.62000000 -0.02960224
1.62100000 -0.02949293
1.62200000 -0.02938409
1.62300000 -0.02927572
1.62400000 -0.02916781
1.62500000 -0.02906036
1.62600000 -0.02895338
1.62700000 -0.02884686
1.62800000 -0.02874079
1.62900000 -0.02863518
1.63000000 -0.02853002
1.63100000 -0.02842531
1.63200000 -0.02832104
1.63300000 -0.02821723
1.63400000 -0.02811385
1.63500000 -0.02801092
1.63600000 -0.02790843
1.63700000 -0.02780637
1.63800000 -0.02770475
1.63900000 -0.02760356
1.64000000 -0.02750280
1.64100000 -0.02740248
1.64200000 -0.02730257
1.64300000 -0.02720309
1.64400000 -0.02710404
1.64500000 -0.02700540
1.64600000 -0.02690719
1.64700000 -0.02680939
1.64800000 -0.02671200
1.64900000 -0.02661502
1.65000000 -0.02651846
1.65100000 -0.02642230
1.65200000 -0.02632656
1.65300000 -0.02623121
1.65400000 -0.02613627
1.65500000 -0.02604173
1.65600000 -0.02594758
1.65700000 -0.02585383
1.65800000 -0.02576048
1.65900000 -0.02566752
1.66000000 -0.02557495
1.66100000 -0.02548277
1.66200000 -0.02539098
1.66300000 -0.02529957
1.66400000 -0.02520855
1.66500000 -0.02511791
1.66600000 -0.02502765
1.66700000 -0.02493776
1.66800000 -0.02484825
1.66900000 -0.02475912
1.67000000 -0.02467036
1.67100000 -0.02458197
1.67200000 -0.02449395
1.67300000 -0.02440630
1.67400000 -0.02431901
1.67500000 -0.02423208
1.67600000 -0.02414552
1.67700000 -0.02405932
1.67800000 -0.02397348
1.67900000 -0.02388799
1.68000000 -0.02380286
1.68100000 -0.02371808
1.68200000 -0.02363366
1.68300000 -0.02354958
1.68400000 -0.02346585
1.68500000 -0.02338247
1.68600000 -0.02329944
1.68700000 -0.02321675
1.68800000 -0.02313440
1.68900000 -0.02305239
1.69000000 -0.02297072
1.69100000 -0.02288939
1.69200000 -0.02280839
1.69300000 -0.02272773
1.69400000 -0.02264740
1.69500000 -0.02256740
1.69600000 -0.02248773
1.69700000 -0.02240839
1.69800000 -0.02232937
1.69900000 -0.02225068
1.70000000 -0.02217231
1.70100000 -0.02209427
1.70200000 -0.02201654
1.70300000 -0.02193913
1.70400000 -0.02186204
1.70500000 -0.02178527
1.70600000 -0.02170881
1.70700000 -0.02163266
1.70800000 -0.02155682
1.70900000 -0.02148130
1.71000000 -0.02140608
1.71100000 -0.02133117
1.71200000 -0.02125656
1.71300000 -0.02118226
1.71400000 -0.02110826
1.71500000 -0.02103456
1.71600000 -0.02096117
1.71700000 -0.02088807
1.71800000 -0.02081527
1.71900000 -0.02074276
1.72000000 -0.02067055
1.72100000 -0.02059863
1.72200000 -0.02052700
1.72300000 -0.02045566
1.72400000 -0.02038462
1.72500000 -0.02031386
1.72600000 -0.02024338
1.72700000 -0.02017319
1.72800000 -0.02010329
1.72900000 -0.02003366
1.73000000 -0.01996432
1.73100000 -0.01989526
1.73200000 -0.01982648
1.73300000 -0.01975797
1.73400000 -0.01968974
1.73500000 -0.01962178
1.73600000 -0.01955410
1.73700000 -0.01948669
1.73800000 -0.01941955
1.73900000 -0.01935268
1.74000000 -0.01928608
1.74100000 -0.01921974
1.74200000 -0.01915367
1.74300000 -0.01908787
1.74400000 -0.01902233
1.74500000 -0.01895705
1.74600000 -0.01889203
1.74700000 -0.01882728
1.74800000 -0.01876278
1.74900000 -0.01869854
1.75000000 -0.01863455
1.75100000 -0.01857082
1.75200000 -0.01850735
1.75300000 -0.01844413
1.75400000 -0.01838115
1.75500000 -0.01831843
1.75600000 -0.01825596
1.75700000 -0.01819374
1.75800000 -0.01813177
1.75900000 -0.01807004
1.76000000 -0.01800855
1.76100000 -0.01794731
1.76200000 -0.01788632
1.76300000 -0.01782556
1.76400000 -0.01776504
1.76500000 -0.01770477
1.76600000 -0.01764473
1.76700000 -0.01758493
1.76800000 -0.01752537
1.76900000 -0.01746604
1.77000000 -0.01740694
1.77100000 -0.01734808
1.77200000 -0.01728945
1.77300000 -0.01723105
1.77400000 -0.01717288
1.77500000 -0.01711494
1.77600000 -0.01705723
1.77700000 -0.01699975
1.77800000 -0.01694249
1.77900000 -0.01688545
1.78000000 -0.01682864
1.78100000 -0.01677205
1.78200000 -0.01671569
1.78300000 -0.01665954
1.78400000 -0.01660362
1.78500000 -0.01654791
1.78600000 -0.01649242
1.78700000 -0.01643715
1.78800000 -0.01638209
1.78900000 -0.01632725
1.79000000 -0.01627262
1.79100000 -0.01621821
1.79200000 -0.01616401
1.79300000 -0.01611002
1.79400000 -0.01605624
1.79500000 -0.01600267
1.79600000 -0.01594930
1.79700000 -0.01589615
1.79800000 -0.01584320
1.79900000 -0.01579045
1.80000000 -0.01573792
1.80100000 -0.01568558
1.80200000 -0.01563345
1.80300000 -0.01558152
1.80400000 -0.01552979
1.80500000 -0.01547826
1.80600000 -0.01542693
1.80700000 -0.01537580
1.80800000 -0.01532487
1.80900000 -0.01527413
1.81000000 -0.01522359
1.81100000 -0.01517324
1.81200000 -0.01512309
1.81300000 -0.01507313
1.81400000 -0.01502336
1.81500000 -0.01497379
1.81600000 -0.01492440
1.81700000 -0.01487521
1.81800000 -0.01482620
1.81900000 -0.01477739
1.82000000 -0.01472876
1.82100000 -0.01468031
1.82200000 -0.01463206
1.82300000 -0.01458398
1.82400000 -0.01453610
1.82500000 -0.01448839
1.82600000 -0.01444087
1.82700000 -0.01439353
1.82800000 -0.01434637
1.82900000 -0.01429939
1.83000000 -0.01425259
1.83100000 -0.01420596
1.83200000 -0.01415952
1.83300000 -0.01411325
1.83400000 -0.01406716
1.83500000 -0.01402125
1.83600000 -0.01397550
1.83700000 -0.01392994
1.83800000 -0.01388454
1.83900000 -0.01383932
1.84000000 -0.01379427
1.84100000 -0.01374939
1.84200000 -0.01370469
1.84300000 -0.01366015
1.84400000 -0.01361578
1.84500000 -0.01357157
1.84600000 -0.01352754
1.84700000 -0.01348367
1.84800000 -0.01343997
1.84900000 -0.01339643
1.85000000 -0.01335306
1.85100000 -0.01330985
1.85200000 -0.01326680
1.85300000 -0.01322392
1.85400000 -0.01318119
1.85500000 -0.01313863
1.85600000 -0.01309623
1.85700000 -0.01305399
1.85800000 -0.01301191
1.85900000 -0.01296998
1.86000000 -0.01292821
1.86100000 -0.01288660
1.86200000 -0.01284515
1.86300000 -0.01280385
1.86400000 -0.01276271
1.86500000 -0.01272172
1.86600000 -0.01268088
1.86700000 -0.01264019
1.86800000 -0.01259966
1.86900000 -0.01255928
1.87000000 -0.01251905
1.87100000 -0.01247897
1.87200000 -0.01243904
1.87300000 -0.01239926
1.87400000 -0.01235963
1.87500000 -0.01232015
1.87600000 -0.01228081
1.87700000 -0.01224162
1.87800000 -0.01220257
1.87900000 -0.01216367
1.88000000 -0.01212492
1.88100000 -0.01208631
1.88200000 -0.01204784
1.88300000 -0.01200951
1.88400000 -0.01197133
1.88500000 -0.01193329
1.88600000 -0.01189539
1.88700000 -0.01185763
1.88800000 -0.01182000
1.88900000 -0.01178252
1.89000000 -0.01174518
1.89100000 -0.01170797
1.89200000 -0.01167091
1.89300000 -0.01163398
1.89400000 -0.01159718
1.89500000 -0.01156052
1.89600000 -0.01152400
1.89700000 -0.01148761
1.89800000 -0.01145135
1.89900000 -0.01141523
1.90000000 -0.01137924
1.90100000 -0.01134338
1.90200000 -0.01130766
1.90300000 -0.01127206
1.90400000 -0.01123660
1.90500000 -0.01120127
1.90600000 -0.01116606
1.90700000 -0.01113099
1.90800000 -0.01109604
1.90900000 -0.01106122
1.91000000 -0.01102653
1.91100000 -0.01099197
1.91200000 -0.01095753
1.91300000 -0.01092322
1.91400000 -0.01088903
1.91500000 -0.01085497
1.91600000 -0.01082103
1.91700000 -0.01078722
1.91800000 -0.01075352
1.91900000 -0.01071996
1.92000000 -0.01068651
1.92100000 -0.01065319
1.92200000 -0.01061998
1.92300000 -0.01058690
1.92400000 -0.01055394
1.92500000 -0.01052109
1.92600000 -0.01048837
1.92700000 -0.01045576
1.92800000 -0.01042328
1.92900000 -0.01039091
1.93000000 -0.01035865
1.93100000 -0.01032652
1.93200000 -0.01029450
1.93300000 -0.01026260
1.93400000 -0.01023081
1.93500000 -0.01019913
1.93600000 -0.01016758
1.93700000 -0.01013613
1.93800000 -0.01010480
1.93900000 -0.01007358
1.94000000 -0.01004247
1.94100000 -0.01001148
1.94200000 -0.00998060
1.94300000 -0.00994982
1.94400000 -0.00991916
1.94500000 -0.00988861
1.94600000 -0.00985817
1.94700000 -0.00982784
1.94800000 -0.00979761
1.94900000 -0.00976750
1.95000000 -0.00973749
1.95100000 -0.00970759
1.95200000 -0.00967780
1.95300000 -0.00964811
1.95400000 -0.00961853
1.95500000 -0.00958906
1.95600000 -0.00955969
1.95700000 -0.00953043
1.95800000 -0.00950127
1.95900000 -0.00947221
1.96000000 -0.00944326
1.96100000 -0.00941441
1.96200000 -0.00938566
1.96300000 -0.00935702
1.96400000 -0.00932848
1.96500000 -0.00930004
1.96600000 -0.00927170
1.96700000 -0.00924346
1.96800000 -0.00921532
1.96900000 -0.00918728
1.97000000 -0.00915934
1.97100000 -0.00913150
1.97200000 -0.00910376
1.97300000 -0.00907612
1.97400000 -0.00904857
1.97500000 -0.00902113
1.97600000 -0.00899378
1.97700000 -0.00896652
1.97800000 -0.00893936
1.97900000 -0.00891230
1.98000000 -0.00888534
1.98100000 -0.00885847
1.98200000 -0.00883169
1.98300000 -0.00880501
1.98400000 -0.00877842
1.98500000 -0.00875192
1.98600000 -0.00872552
1.98700000 -0.00869921
1.98800000 -0.00867300
1.98900000 -0.00864688
1.99000000 -0.00862084
1.99100000 -0.00859490
1.99200000 -0.00856905
1.99300000 -0.00854329
1.99400000 -0.00851763
1.99500000 -0.00849205
1.99600000 -0.00846656
1.99700000 -0.00844116
1.99800000 -0.00841585
1.99900000 -0.00839062
2.00000000 -0.00836549
