0.10000000 1952875000.00000000
0.10100000 1733063756.78718972
0.10200000 1539803740.71237421
0.10300000 1369673207.43772817
0.10400000 1219718533.82963228
0.10500000 1087386528.52888680
0.10600000 970467048.10121834
0.10700000 867044272.33610535
0.10800000 775455267.44872999
0.10900000 694254693.13641524
0.11000000 622184697.35802794
0.11100000 558149198.41152930
0.11200000 501191883.12866908
0.11300000 450477357.46880573
0.11400000 405274975.29798067
0.11500000 364944945.80935371
0.11600000 328926382.43725419
0.11700000 296727008.34031093
0.11800000 267914277.30669895
0.11900000 242107705.68911159
0.12000000 218972241.88203084
0.12100000 198212525.87910855
0.12200000 179567913.39650729
0.12300000 162808157.58438474
0.12400000 147729657.02582946
0.12500000 134152192.00000000
0.12600000 121916082.24668896
0.12700000 110879709.03234695
0.12800000 100917352.44942871
0.12900000 91917301.80495636
0.13000000 83780202.85738140
0.13100000 76417610.70003755
0.13200000 69750721.39651546
0.13300000 63709259.15904397
0.13400000 58230499.01885341
0.13500000 53258407.64633784
0.13600000 48742887.30519050
0.13700000 44639109.92487402
0.13800000 40906929.99747839
0.13900000 37510366.48864865
0.14000000 34417145.23216146
0.14100000 31598294.38305816
0.14200000 29027786.45984090
0.14300000 26682221.33325604
0.14400000 24540545.23566968
0.14500000 22583801.48639443
0.14600000 20794909.16772692
0.14700000 19158466.45517715
0.14800000 17660575.71307344
0.14900000 16288687.82169920
0.15000000 15031463.51147162
0.15100000 13878649.74952545
0.15200000 12820969.45968008
0.15300000 11850023.06267569
0.15400000 10958200.50367351
0.15500000 10138602.59169972
0.15600000 9384970.61388265
0.15700000 8691623.30851305
0.15800000 8053400.38732317
0.15900000 7465611.89082573
0.16000000 6923992.74271338
0.16100000 6424661.94161870
0.16200000 5964085.89220622
0.16300000 5539045.43368823
0.16400000 5146606.17335861
0.16500000 4784091.77643935
0.16600000 4449059.90214131
0.16700000 4139280.50997497
0.16800000 3852716.29054909
0.16900000 3587505.00183764
0.17000000 3341943.51559251
0.17100000 3114473.39959313
0.17200000 2903667.88007147
0.17300000 2708220.04521011
0.17400000 2526932.16532660
0.17500000 2358706.01844323
0.17600000 2202534.12158592
0.17700000 2057491.77852553
0.17800000 1922729.86391484
0.17900000 1797468.27201302
0.18000000 1680989.96554071
0.18100000 1572635.56677202
0.18200000 1471798.43883327
0.18300000 1377920.21041983
0.18400000 1290486.70183170
0.18500000 1209024.21442466
0.18600000 1133096.14933324
0.18700000 1062299.92468966
0.18800000 996264.16358362
0.18900000 934646.12771778
0.19000000 877129.37414668
0.19100000 823421.61467228
0.19200000 773252.75943358
0.19300000 726373.12799405
0.19400000 682551.81282018
0.19500000 641575.18147535
0.19600000 603245.50514213
0.19700000 567379.70224789
0.19800000 533808.18701637
0.19900000 502373.81371272
0.20000000 472930.90820312
0.20100000 445344.37922058
0.20200000 419488.90242479
0.20300000 395248.17097391
0.20400000 372514.20689525
0.20500000 351186.72805756
0.20600000 331172.56601439
0.20700000 312385.13041065
0.20800000 294743.91602768
0.20900000 278174.04889002
0.21000000 262605.86817184
0.21100000 247974.54092760
0.21200000 234219.70693098
0.21300000 221285.15114251
0.21400000 209118.50154077
0.21500000 197670.95024705
0.21600000 186896.99605110
0.21700000 176754.20660703
0.21800000 167202.99871535
0.21900000 158206.43524160
0.22000000 149730.03734367
0.22100000 141741.61079151
0.22200000 134211.08526444
0.22300000 127110.36560396
0.22400000 120413.19408450
0.22500000 114095.02284180
0.22600000 108132.89566937
0.22700000 102505.33845772
0.22800000 97192.25761034
0.22900000 92174.84582410
0.23000000 87435.49467132
0.23100000 82957.71346587
0.23200000 78726.05393707
0.23300000 74726.04027321
0.23400000 70944.10413096
0.23500000 67367.52423925
0.23600000 63984.37025504
0.23700000 60783.45055550
0.23800000 57754.26367554
0.23900000 54886.95312240
0.24000000 52172.26531966
0.24100000 49601.51045218
0.24200000 47166.52600102
0.24300000 44859.64277339
0.24400000 42673.65324777
0.24500000 40601.78206775
0.24600000 38637.65853076
0.24700000 36775.29092964
0.24800000 35009.04261527
0.24900000 33333.60965871
0.25000000 31744.00000000
0.25100000 30235.51397945
0.25200000 28803.72615461
0.25300000 27444.46831352
0.25400000 26153.81360114
0.25500000 24928.06168210
0.25600000 23763.72486846
0.25700000 22657.51514615
0.25800000 21606.33203890
0.25900000 20607.25125245
0.26000000 19657.51404629
0.26100000 18754.51728371
0.26200000 17895.80411445
0.26300000 17079.05524769
0.26400000 16302.08077582
0.26500000 15562.81251228
0.26600000 14859.29680958
0.26700000 14189.68782556
0.26800000 13552.24120852
0.26900000 12945.30817368
0.27000000 12367.32994538
0.27100000 11816.83254133
0.27200000 11292.42187647
0.27300000 10792.77916608
0.27400000 10316.65660861
0.27500000 9862.87333036
0.27600000 9430.31157535
0.27700000 9017.91312458
0.27800000 8624.67593028
0.27900000 8249.65095135
0.28000000 7891.93917755
0.28100000 7550.68883031
0.28200000 7225.09272928
0.28300000 6914.38581424
0.28400000 6617.84281260
0.28500000 6334.77604362
0.28600000 6064.53335080
0.28700000 5806.49615456
0.28800000 5560.07761787
0.28900000 5324.72091787
0.29000000 5099.89761706
0.29100000 4885.10612800
0.29200000 4679.87026583
0.29300000 4483.73788339
0.29400000 4296.27958383
0.29500000 4117.08750623
0.29600000 3945.77417976
0.29700000 3781.97144232
0.29800000 3625.32941986
0.29900000 3475.51556274
0.30000000 3332.21373586
0.30100000 3195.12335924
0.30200000 3063.95859628
0.30300000 2938.44758679
0.30400000 2818.33172220
0.30500000 2703.36496056
0.30600000 2593.31317899
0.30700000 2487.95356135
0.30800000 2387.07401930
0.30900000 2290.47264460
0.31000000 2197.95719105
0.31100000 2109.34458426
0.31200000 2024.46045779
0.31300000 1943.13871402
0.31400000 1865.22110852
0.31500000 1790.55685644
0.31600000 1719.00225977
0.31700000 1650.42035438
0.31800000 1584.68057553
0.31900000 1521.65844101
0.32000000 1461.23525085
0.32100000 1403.29780277
0.32200000 1347.73812229
0.32300000 1294.45320701
0.32400000 1243.34478400
0.32500000 1194.31907977
0.32600000 1147.28660203
0.32700000 1102.16193264
0.32800000 1058.86353119
0.32900000 1017.31354855
0.33000000 977.43764988
0.33100000 939.16484666
0.33200000 902.42733717
0.33300000 867.16035504
0.33400000 833.30202535
0.33500000 800.79322798
0.33600000 769.57746782
0.33700000 739.60075134
0.33800000 710.81146942
0.33900000 683.16028586
0.34000000 656.60003146
0.34100000 631.08560336
0.34200000 606.57386920
0.34300000 583.02357607
0.34400000 560.39526390
0.34500000 538.65118302
0.34600000 517.75521575
0.34700000 497.67280182
0.34800000 478.37086730
0.34900000 459.81775707
0.35000000 441.98317044
0.35100000 424.83809989
0.35200000 408.35477276
0.35300000 392.50659567
0.35400000 377.26810159
0.35500000 362.61489947
0.35600000 348.52362617
0.35700000 334.97190074
0.35800000 321.93828075
0.35900000 309.40222079
0.36000000 297.34403278
0.36100000 285.74484823
0.36200000 274.58658221
0.36300000 263.85189900
0.36400000 253.52417933
0.36500000 243.58748912
0.36600000 234.02654971
0.36700000 224.82670936
0.36800000 215.97391615
0.36900000 207.45469206
0.37000000 199.25610829
0.37100000 191.36576159
0.37200000 183.77175181
0.37300000 176.46266032
0.37400000 169.42752954
0.37500000 162.65584326
0.37600000 156.13750797
0.37700000 149.86283490
0.37800000 143.82252296
0.37900000 138.00764239
0.38000000 132.40961917
0.38100000 127.02022008
0.38200000 121.83153842
0.38300000 116.83598043
0.38400000 112.02625224
0.38500000 107.39534739
0.38600000 102.93653494
0.38700000 98.64334805
0.38800000 94.50957313
0.38900000 90.52923935
0.39000000 86.69660875
0.39100000 83.00616661
0.39200000 79.45261240
0.39300000 76.03085100
0.39400000 72.73598434
0.39500000 69.56330342
0.39600000 66.50828064
0.39700000 63.56656245
0.39800000 60.73396234
0.39900000 58.00645415
0.40000000 55.38016558
0.40100000 52.85137202
0.40200000 50.41649072
0.40300000 48.07207502
0.40400000 45.81480904
0.40500000 43.64150239
0.40600000 41.54908527
0.40700000 39.53460366
0.40800000 37.59521474
0.40900000 35.72818253
0.41000000 33.93087371
0.41100000 32.20075353
0.41200000 30.53538201
0.41300000 28.93241022
0.41400000 27.38957672
0.41500000 25.90470414
0.41600000 24.47569597
0.41700000 23.10053338
0.41800000 21.77727223
0.41900000 20.50404017
0.42000000 19.27903391
0.42100000 18.10051654
0.42200000 16.96681499
0.42300000 15.87631758
0.42400000 14.82747166
0.42500000 13.81878142
0.42600000 12.84880563
0.42700000 11.91615564
0.42800000 11.01949338
0.42900000 10.15752940
0.43000000 9.32902107
0.43100000 8.53277081
0.43200000 7.76762437
0.43300000 7.03246925
0.43400000 6.32623309
0.43500000 5.64788216
0.43600000 4.99641998
0.43700000 4.37088586
0.43800000 3.77035360
0.43900000 3.19393021
0.44000000 2.64075467
0.44100000 2.10999674
0.44200000 1.60085584
0.44300000 1.11255994
0.44400000 0.64436450
0.44500000 0.19555150
0.44600000 -0.23457159
0.44700000 -0.64667270
0.44800000 -1.04139609
0.44900000 -1.41936320
0.45000000 -1.78117348
0.45100000 -2.12740519
0.45200000 -2.45861620
0.45300000 -2.77534467
0.45400000 -3.07810984
0.45500000 -3.36741264
0.45600000 -3.64373642
0.45700000 -3.90754752
0.45800000 -4.15929593
0.45900000 -4.39941587
0.46000000 -4.62832633
0.46100000 -4.84643164
0.46200000 -5.05412199
0.46300000 -5.25177394
0.46400000 -5.43975090
0.46500000 -5.61840358
0.46600000 -5.78807048
0.46700000 -5.94907831
0.46800000 -6.10174238
0.46900000 -6.24636706
0.47000000 -6.38324611
0.47100000 -6.51266308
0.47200000 -6.63489168
0.47300000 -6.75019613
0.47400000 -6.85883144
0.47500000 -6.96104382
0.47600000 -7.05707092
0.47700000 -7.14714215
0.47800000 -7.23147899
0.47900000 -7.31029523
0.48000000 -7.38379727
0.48100000 -7.45218438
0.48200000 -7.51564889
0.48300000 -7.57437654
0.48400000 -7.62854658
0.48500000 -7.67833211
0.48600000 -7.72390022
0.48700000 -7.76541222
0.48800000 -7.80302386
0.48900000 -7.83688548
0.49000000 -7.86714225
0.49100000 -7.89393430
0.49200000 -7.91739691
0.49300000 -7.93766070
0.49400000 -7.95485174
0.49500000 -7.96909177
0.49600000 -7.98049830
0.49700000 -7.98918476
0.49800000 -7.99526066
0.49900000 -7.99883173
0.50000000 -8.00000000
0.50100000 -7.99275097
0.50200000 -7.97157896
0.50300000 -7.93732229
0.50400000 -7.89078756
0.50500000 -7.83275048
0.50600000 -7.76395683
0.50700000 -7.68512317
0.50800000 -7.59693779
0.50900000 -7.50006141
0.51000000 -7.39512804
0.51100000 -7.28274572
0.51200000 -7.16349729
0.51300000 -7.03794111
0.51400000 -6.90661182
0.51500000 -6.77002102
0.51600000 -6.62865795
0.51700000 -6.48299022
0.51800000 -6.33346443
0.51900000 -6.18050683
0.52000000 -6.02452397
0.52100000 -5.86590329
0.52200000 -5.70501374
0.52300000 -5.54220640
0.52400000 -5.37781502
0.52500000 -5.21215659
0.52600000 -5.04553191
0.52700000 -4.87822611
0.52800000 -4.71050922
0.52900000 -4.54263660
0.53000000 -4.37484954
0.53100000 -4.20737565
0.53200000 -4.04042944
0.53300000 -3.87421270
0.53400000 -3.70891500
0.53500000 -3.54471410
0.53600000 -3.38177643
0.53700000 -3.22025746
0.53800000 -3.06030214
0.53900000 -2.90204528
0.54000000 -2.74561195
0.54100000 -2.59111787
0.54200000 -2.43866975
0.54300000 -2.28836565
0.54400000 -2.14029535
0.54500000 -1.99454070
0.54600000 -1.85117589
0.54700000 -1.71026783
0.54800000 -1.57187644
0.54900000 -1.43605494
0.55000000 -1.30285018
0.55100000 -1.17230286
0.55200000 -1.04444788
0.55300000 -0.91931457
0.55400000 -0.79692695
0.55500000 -0.67730400
0.55600000 -0.56045987
0.55700000 -0.44640418
0.55800000 -0.33514218
0.55900000 -0.22667501
0.56000000 -0.12099994
0.56100000 -0.01811050
0.56200000 0.08200321
0.56300000 0.17935444
0.56400000 0.27395949
0.56500000 0.36583763
0.56600000 0.45501084
0.56700000 0.54150367
0.56800000 0.62534312
0.56900000 0.70655839
0.57000000 0.78518081
0.57100000 0.86124365
0.57200000 0.93478199
0.57300000 1.00583257
0.57400000 1.07443367
0.57500000 1.14062500
0.57600000 1.20444754
0.57700000 1.26594344
0.57800000 1.32515592
0.57900000 1.38212916
0.58000000 1.43690815
0.58100000 1.48953867
0.58200000 1.54006712
0.58300000 1.58854048
0.58400000 1.63500618
0.58500000 1.67951207
0.58600000 1.72210628
0.58700000 1.76283719
0.58800000 1.80175332
0.58900000 1.83890329
0.59000000 1.87433574
0.59100000 1.90809928
0.59200000 1.94024239
0.59300000 1.97081342
0.59400000 1.99986048
0.59500000 2.02743143
0.59600000 2.05357383
0.59700000 2.07833483
0.59800000 2.10176123
0.59900000 2.12389934
0.60000000 2.14479500
0.60100000 2.16449353
0.60200000 2.18303968
0.60300000 2.20047762
0.60400000 2.21685088
0.60500000 2.23220234
0.60600000 2.24657422
0.60700000 2.26000800
0.60800000 2.27254447
0.60900000 2.28422362
0.61000000 2.29508471
0.61100000 2.30516617
0.61200000 2.31450566
0.61300000 2.32313997
0.61400000 2.33110507
0.61500000 2.33843607
0.61600000 2.34516720
0.61700000 2.35133182
0.61800000 2.35696238
0.61900000 2.36209044
0.62000000 2.36674662
0.62100000 2.37096066
0.62200000 2.37476132
0.62300000 2.37817645
0.62400000 2.38123297
0.62500000 2.38395681
0.62600000 2.38637298
0.62700000 2.38850551
0.62800000 2.39037749
0.62900000 2.39201101
0.63000000 2.39342721
0.63100000 2.39464627
0.63200000 2.39568736
0.63300000 2.39656870
0.63400000 2.39730753
0.63500000 2.39792010
0.63600000 2.39842168
0.63700000 2.39882656
0.63800000 2.39914805
0.63900000 2.39939846
0.64000000 2.39958914
0.64100000 2.39973043
0.64200000 2.39983171
0.64300000 2.39990135
0.64400000 2.39994675
0.64500000 2.39997432
0.64600000 2.39998948
0.64700000 2.39999667
0.64800000 2.39999934
0.64900000 2.39999996
0.65000000 2.40000000
0.65100000 2.39983840
0.65200000 2.39935360
0.65300000 2.39854559
0.65400000 2.39741436
0.65500000 2.39595983
0.65600000 2.39418190
0.65700000 2.39208035
0.65800000 2.38965482
0.65900000 2.38690478
0.66000000 2.38382943
0.66100000 2.38042770
0.66200000 2.37669814
0.66300000 2.37263883
0.66400000 2.36824734
0.66500000 2.36352064
0.66600000 2.35845498
0.66700000 2.35304579
0.66800000 2.34728765
0.66900000 2.34117409
0.67000000 2.33469755
0.67100000 2.32784925
0.67200000 2.32061910
0.67300000 2.31299555
0.67400000 2.30496552
0.67500000 2.29651428
0.67600000 2.28762534
0.67700000 2.27828039
0.67800000 2.26845916
0.67900000 2.25813939
0.68000000 2.24729674
0.68100000 2.23590474
0.68200000 2.22393477
0.68300000 2.21135607
0.68400000 2.19813571
0.68500000 2.18423868
0.68600000 2.16962797
0.68700000 2.15426468
0.68800000 2.13810821
0.68900000 2.12111646
0.69000000 2.10324611
0.69100000 2.08445297
0.69200000 2.06469236
0.69300000 2.04391958
0.69400000 2.02209043
0.69500000 1.99916186
0.69600000 1.97509258
0.69700000 1.94984386
0.69800000 1.92338030
0.69900000 1.89567068
0.70000000 1.86668890
0.70100000 1.83641486
0.70200000 1.80483542
0.70300000 1.77194532
0.70400000 1.73774808
0.70500000 1.70225682
0.70600000 1.66549499
0.70700000 1.62749696
0.70800000 1.58830856
0.70900000 1.54798726
0.71000000 1.50660232
0.71100000 1.46423462
0.71200000 1.42097627
0.71300000 1.37692998
0.71400000 1.33220817
0.71500000 1.28693189
0.71600000 1.24122949
0.71700000 1.19523507
0.71800000 1.14908687
0.71900000 1.10292550
0.72000000 1.05689209
0.72100000 1.01112651
0.72200000 0.96576553
0.72300000 0.92094117
0.72400000 0.87677913
0.72500000 0.83339738
0.72600000 0.79090498
0.72700000 0.74940112
0.72800000 0.70897438
0.72900000 0.66970222
0.73000000 0.63165070
0.73100000 0.59487448
0.73200000 0.55941691
0.73300000 0.52531041
0.73400000 0.49257691
0.73500000 0.46122849
0.73600000 0.43126807
0.73700000 0.40269019
0.73800000 0.37548184
0.73900000 0.34962328
0.74000000 0.32508891
0.74100000 0.30184810
0.74200000 0.27986596
0.74300000 0.25910416
0.74400000 0.23952156
0.74500000 0.22107494
0.74600000 0.20371956
0.74700000 0.18740969
0.74800000 0.17209911
0.74900000 0.15774150
0.75000000 0.14429084
0.75100000 0.13170166
0.75200000 0.11992936
0.75300000 0.10893039
0.75400000 0.09866242
0.75500000 0.08908450
0.75600000 0.08015714
0.75700000 0.07184238
0.75800000 0.06410386
0.75900000 0.05690683
0.76000000 0.05021818
0.76100000 0.04400641
0.76200000 0.03824162
0.76300000 0.03289547
0.76400000 0.02794117
0.76500000 0.02335341
0.76600000 0.01910831
0.76700000 0.01518338
0.76800000 0.01155745
0.76900000 0.00821063
0.77000000 0.00512422
0.77100000 0.00228068
0.77200000 -0.00033642
0.77300000 -0.00274251
0.77400000 -0.00495201
0.77500000 -0.00697843
0.77600000 -0.00883440
0.77700000 -0.01053176
0.77800000 -0.01208152
0.77900000 -0.01349402
0.78000000 -0.01477889
0.78100000 -0.01594513
0.78200000 -0.01700112
0.78300000 -0.01795472
0.78400000 -0.01881323
0.78500000 -0.01958346
0.78600000 -0.02027179
0.78700000 -0.02088413
0.78800000 -0.02142601
0.78900000 -0.02190259
0.79000000 -0.02231867
0.79100000 -0.02267872
0.79200000 -0.02298691
0.79300000 -0.02324713
0.79400000 -0.02346298
0.79500000 -0.02363786
0.79600000 -0.02377488
0.79700000 -0.02387697
0.79800000 -0.02394687
0.79900000 -0.02398709
0.80000000 -0.02400000
0.80100000 -0.02398780
0.80200000 -0.02395252
0.80300000 -0.02389607
0.80400000 -0.02382022
0.80500000 -0.02372662
0.80600000 -0.02361680
0.80700000 -0.02349218
0.80800000 -0.02335409
0.80900000 -0.02320375
0.81000000 -0.02304232
0.81100000 -0.02287086
0.81200000 -0.02269035
0.81300000 -0.02250172
0.81400000 -0.02230581
0.81500000 -0.02210342
0.81600000 -0.02189528
0.81700000 -0.02168208
0.81800000 -0.02146445
0.81900000 -0.02124296
0.82000000 -0.02101817
0.82100000 -0.02079058
0.82200000 -0.02056065
0.82300000 -0.02032881
0.82400000 -0.02009547
0.82500000 -0.01986098
0.82600000 -0.01962568
0.82700000 -0.01938990
0.82800000 -0.01915392
0.82900000 -0.01891800
0.83000000 -0.01868238
0.83100000 -0.01844730
0.83200000 -0.01821296
0.83300000 -0.01797954
0.83400000 -0.01774722
0.83500000 -0.01751616
0.83600000 -0.01728650
0.83700000 -0.01705837
0.83800000 -0.01683188
0.83900000 -0.01660715
0.84000000 -0.01638428
0.84100000 -0.01616334
0.84200000 -0.01594442
0.84300000 -0.01572759
0.84400000 -0.01551291
0.84500000 -0.01530043
0.84600000 -0.01509021
0.84700000 -0.01488227
0.84800000 -0.01467667
0.84900000 -0.01447342
0.85000000 -0.01427256
0.85100000 -0.01407411
0.85200000 -0.01387808
0.85300000 -0.01368448
0.85400000 -0.01349332
0.85500000 -0.01330462
0.85600000 -0.01311836
0.85700000 -0.01293456
0.85800000 -0.01275320
0.85900000 -0.01257429
0.86000000 -0.01239781
0.86100000 -0.01222375
0.86200000 -0.01205211
0.86300000 -0.01188287
0.86400000 -0.01171601
0.86500000 -0.01155152
0.86600000 -0.01138939
0.86700000 -0.01122958
0.86800000 -0.01107209
0.86900000 -0.01091688
0.87000000 -0.01076395
0.87100000 -0.01061326
0.87200000 -0.01046480
0.87300000 -0.01031854
0.87400000 -0.01017445
0.87500000 -0.01003251
0.87600000 -0.00989270
0.87700000 -0.00975499
0.87800000 -0.00961936
0.87900000 -0.00948577
0.88000000 -0.00935421
0.88100000 -0.00922464
0.88200000 -0.00909704
0.88300000 -0.00897139
0.88400000 -0.00884765
0.88500000 -0.00872581
0.88600000 -0.00860583
0.88700000 -0.00848768
0.88800000 -0.00837135
0.88900000 -0.00825681
0.89000000 -0.00814402
0.89100000 -0.00803297
0.89200000 -0.00792362
0.89300000 -0.00781596
0.89400000 -0.00770995
0.89500000 -0.00760558
0.89600000 -0.00750281
0.89700000 -0.00740162
0.89800000 -0.00730200
0.89900000 -0.00720390
0.90000000 -0.00710732
0.90100000 -0.00701222
0.90200000 -0.00691858
0.90300000 -0.00682639
0.90400000 -0.00673561
0.90500000 -0.00664622
0.90600000 -0.00655821
0.90700000 -0.00647154
0.90800000 -0.00638621
0.90900000 -0.00630218
0.91000000 -0.00621943
0.91100000 -0.00613795
0.91200000 -0.00605772
0.91300000 -0.00597870
0.91400000 -0.00590090
0.91500000 -0.00582427
0.91600000 -0.00574881
0.91700000 -0.00567450
0.91800000 -0.00560131
0.91900000 -0.00552924
0.92000000 -0.00545825
0.92100000 -0.00538833
0.92200000 -0.00531947
0.92300000 -0.00525165
0.92400000 -0.00518485
0.92500000 -0.00511905
0.92600000 -0.00505424
0.92700000 -0.00499040
0.92800000 -0.00492751
0.92900000 -0.00486556
0.93000000 -0.00480454
0.93100000 -0.00474442
0.93200000 -0.00468520
0.93300000 -0.00462685
0.93400000 -0.00456937
0.93500000 -0.00451274
0.93600000 -0.00445695
0.93700000 -0.00440197
0.93800000 -0.00434781
0.93900000 -0.00429444
0.94000000 -0.00424185
0.94100000 -0.00419003
0.94200000 -0.00413897
0.94300000 -0.00408865
0.94400000 -0.00403907
0.94500000 -0.00399020
0.94600000 -0.00394204
0.94700000 -0.00389458
0.94800000 -0.00384780
0.94900000 -0.00380170
0.95000000 -0.00375626
0.95100000 -0.00371148
0.95200000 -0.00366733
0.95300000 -0.00362382
0.95400000 -0.00358092
0.95500000 -0.00353864
0.95600000 -0.00349696
0.95700000 -0.00345587
0.95800000 -0.00341536
0.95900000 -0.00337542
0.96000000 -0.00333605
0.96100000 -0.00329723
0.96200000 -0.00325895
0.96300000 -0.00322122
0.96400000 -0.00318401
0.96500000 -0.00314731
0.96600000 -0.00311113
0.96700000 -0.00307546
0.96800000 -0.00304027
0.96900000 -0.00300558
0.97000000 -0.00297136
0.97100000 -0.00293761
0.97200000 -0.00290433
0.97300000 -0.00287151
0.97400000 -0.00283913
0.97500000 -0.00280720
0.97600000 -0.00277570
0.97700000 -0.00274463
0.97800000 -0.00271399
0.97900000 -0.00268376
0.98000000 -0.00265393
0.98100000 -0.00262451
0.98200000 -0.00259549
0.98300000 -0.00256685
0.98400000 -0.00253860
0.98500000 -0.00251073
0.98600000 -0.00248323
0.98700000 -0.00245610
0.98800000 -0.00242932
0.98900000 -0.00240290
0.99000000 -0.00237684
0.99100000 -0.00235111
0.99200000 -0.00232573
0.99300000 -0.00230068
0.99400000 -0.00227595
0.99500000 -0.00225155
0.99600000 -0.00222747
0.99700000 -0.00220371
0.99800000 -0.00218025
0.99900000 -0.00215710
1.00000000 -0.00213424
1.00100000 -0.00211169
1.00200000 -0.00208942
1.00300000 -0.00206744
1.00400000 -0.00204574
1.00500000 -0.00202432
1.00600000 -0.00200318
1.00700000 -0.00198230
1.00800000 -0.00196169
1.00900000 -0.00194134
1.01000000 -0.00192125
1.01100000 -0.00190142
1.01200000 -0.00188183
1.01300000 -0.00186249
1.01400000 -0.00184340
1.01500000 -0.00182454
1.01600000 -0.00180592
1.01700000 -0.00178753
1.01800000 -0.00176937
1.01900000 -0.00175144
1.02000000 -0.00173373
1.02100000 -0.00171624
1.02200000 -0.00169896
1.02300000 -0.00168190
1.02400000 -0.00166505
1.02500000 -0.00164840
1.02600000 -0.00163196
1.02700000 -0.00161572
1.02800000 -0.00159968
1.02900000 -0.00158383
1.03000000 -0.00156818
1.03100000 -0.00155272
1.03200000 -0.00153744
1.03300000 -0.00152234
1.03400000 -0.00150743
1.03500000 -0.00149270
1.03600000 -0.00147814
1.03700000 -0.00146376
1.03800000 -0.00144955
1.03900000 -0.00143551
1.04000000 -0.00142164
1.04100000 -0.00140793
1.04200000 -0.00139439
1.04300000 -0.00138100
1.04400000 -0.00136777
1.04500000 -0.00135470
1.04600000 -0.00134178
1.04700000 -0.00132901
1.04800000 -0.00131639
1.04900000 -0.00130392
1.05000000 -0.00129159
1.05100000 -0.00127941
1.05200000 -0.00126737
1.05300000 -0.00125547
1.05400000 -0.00124370
1.05500000 -0.00123207
1.05600000 -0.00122058
1.05700000 -0.00120922
1.05800000 -0.00119798
1.05900000 -0.00118688
1.06000000 -0.00117590
1.06100000 -0.00116505
1.06200000 -0.00115432
1.06300000 -0.00114371
1.06400000 -0.00113322
1.06500000 -0.00112285
1.06600000 -0.00111260
1.06700000 -0.00110246
1.06800000 -0.00109243
1.06900000 -0.00108252
1.07000000 -0.00107272
1.07100000 -0.00106303
1.07200000 -0.00105345
1.07300000 -0.00104397
1.07400000 -0.00103460
1.07500000 -0.00102533
1.07600000 -0.00101616
1.07700000 -0.00100710
1.07800000 -0.00099813
1.07900000 -0.00098926
1.08000000 -0.00098049
1.08100000 -0.00097182
1.08200000 -0.00096324
1.08300000 -0.00095475
1.08400000 -0.00094636
1.08500000 -0.00093805
1.08600000 -0.00092984
1.08700000 -0.00092172
1.08800000 -0.00091368
1.08900000 -0.00090573
1.09000000 -0.00089786
1.09100000 -0.00089008
1.09200000 -0.00088238
1.09300000 -0.00087477
1.09400000 -0.00086723
1.09500000 -0.00085978
1.09600000 -0.00085241
1.09700000 -0.00084511
1.09800000 -0.00083789
1.09900000 -0.00083074
1.10000000 -0.00082367
1.10100000 -0.00081668
1.10200000 -0.00080976
1.10300000 -0.00080291
1.10400000 -0.00079613
1.10500000 -0.00078943
1.10600000 -0.00078279
1.10700000 -0.00077622
1.10800000 -0.00076972
1.10900000 -0.00076329
1.11000000 -0.00075692
1.11100000 -0.00075062
1.11200000 -0.00074439
1.11300000 -0.00073821
1.11400000 -0.00073211
1.11500000 -0.00072606
1.11600000 -0.00072008
1.11700000 -0.00071415
1.11800000 -0.00070829
1.11900000 -0.00070249
1.12000000 -0.00069674
1.12100000 -0.00069105
1.12200000 -0.00068542
1.12300000 -0.00067985
1.12400000 -0.00067433
1.12500000 -0.00066887
1.12600000 -0.00066347
1.12700000 -0.00065811
1.12800000 -0.00065281
1.12900000 -0.00064757
1.13000000 -0.00064237
1.13100000 -0.00063723
1.13200000 -0.00063214
1.13300000 -0.00062710
1.13400000 -0.00062210
1.13500000 -0.00061716
1.13600000 -0.00061227
1.13700000 -0.00060742
1.13800000 -0.00060262
1.13900000 -0.00059787
1.14000000 -0.00059317
1.14100000 -0.00058851
1.14200000 -0.00058389
1.14300000 -0.00057932
1.14400000 -0.00057480
1.14500000 -0.00057032
1.14600000 -0.00056588
1.14700000 -0.00056148
1.14800000 -0.00055713
1.14900000 -0.00055282
1.15000000 -0.00054855
1.15100000 -0.00054432
1.15200000 -0.00054013
1.15300000 -0.00053598
1.15400000 -0.00053187
1.15500000 -0.00052780
1.15600000 -0.00052377
1.15700000 -0.00051977
1.15800000 -0.00051582
1.15900000 -0.00051190
1.16000000 -0.00050802
1.16100000 -0.00050417
1.16200000 -0.00050036
1.16300000 -0.00049659
1.16400000 -0.00049285
1.16500000 -0.00048914
1.16600000 -0.00048548
1.16700000 -0.00048184
1.16800000 -0.00047824
1.16900000 -0.00047467
1.17000000 -0.00047114
1.17100000 -0.00046763
1.17200000 -0.00046416
1.17300000 -0.00046072
1.17400000 -0.00045732
1.17500000 -0.00045394
1.17600000 -0.00045060
1.17700000 -0.00044728
1.17800000 -0.00044400
1.17900000 -0.00044075
1.18000000 -0.00043752
1.18100000 -0.00043433
1.18200000 -0.00043116
1.18300000 -0.00042802
1.18400000 -0.00042491
1.18500000 -0.00042183
1.18600000 -0.00041878
1.18700000 -0.00041575
1.18800000 -0.00041275
1.18900000 -0.00040978
1.19000000 -0.00040683
1.19100000 -0.00040391
1.19200000 -0.00040102
1.19300000 -0.00039815
1.19400000 -0.00039531
1.19500000 -0.00039249
1.19600000 -0.00038970
1.19700000 -0.00038693
1.19800000 -0.00038419
1.19900000 -0.00038147
1.20000000 -0.00037877
1.20100000 -0.00037610
1.20200000 -0.00037345
1.20300000 -0.00037083
1.20400000 -0.00036823
1.20500000 -0.00036565
1.20600000 -0.00036309
1.20700000 -0.00036055
1.20800000 -0.00035804
1.20900000 -0.00035555
1.21000000 -0.00035308
1.21100000 -0.00035063
1.21200000 -0.00034820
1.21300000 -0.00034580
1.21400000 -0.00034341
1.21500000 -0.00034104
1.21600000 -0.00033870
1.21700000 -0.00033637
1.21800000 -0.00033407
1.21900000 -0.00033178
1.22000000 -0.00032952
1.22100000 -0.00032727
1.22200000 -0.00032504
1.22300000 -0.00032283
1.22400000 -0.00032064
1.22500000 -0.00031847
1.22600000 -0.00031631
1.22700000 -0.00031418
1.22800000 -0.00031206
1.22900000 -0.00030996
1.23000000 -0.00030787
1.23100000 -0.00030581
1.23200000 -0.00030376
1.23300000 -0.00030173
1.23400000 -0.00029971
1.23500000 -0.00029772
1.23600000 -0.00029574
1.23700000 -0.00029377
1.23800000 -0.00029182
1.23900000 -0.00028989
1.24000000 -0.00028797
1.24100000 -0.00028607
1.24200000 -0.00028419
1.24300000 -0.00028232
1.24400000 -0.00028046
1.24500000 -0.00027862
1.24600000 -0.00027680
1.24700000 -0.00027499
1.24800000 -0.00027319
1.24900000 -0.00027141
1.25000000 -0.00026965
1.25100000 -0.00026789
1.25200000 -0.00026616
1.25300000 -0.00026443
1.25400000 -0.00026272
1.25500000 -0.00026103
1.25600000 -0.00025934
1.25700000 -0.00025768
1.25800000 -0.00025602
1.25900000 -0.00025438
1.26000000 -0.00025275
1.26100000 -0.00025113
1.26200000 -0.00024953
1.26300000 -0.00024794
1.26400000 -0.00024636
1.26500000 -0.00024479
1.26600000 -0.00024324
1.26700000 -0.00024170
1.26800000 -0.00024017
1.26900000 -0.00023865
1.27000000 -0.00023715
1.27100000 -0.00023565
1.27200000 -0.00023417
1.27300000 -0.00023270
1.27400000 -0.00023124
1.27500000 -0.00022980
1.27600000 -0.00022836
1.27700000 -0.00022693
1.27800000 -0.00022552
1.27900000 -0.00022412
1.28000000 -0.00022273
1.28100000 -0.00022134
1.28200000 -0.00021997
1.28300000 -0.00021861
1.28400000 -0.00021726
1.28500000 -0.00021593
1.28600000 -0.00021460
1.28700000 -0.00021328
1.28800000 -0.00021197
1.28900000 -0.00021067
1.29000000 -0.00020938
1.29100000 -0.00020810
1.29200000 -0.00020683
1.29300000 -0.00020557
1.29400000 -0.00020432
1.29500000 -0.00020308
1.29600000 -0.00020185
1.29700000 -0.00020063
1.29800000 -0.00019941
1.29900000 -0.00019821
1.30000000 -0.00019702
1.30100000 -0.00019583
1.30200000 -0.00019465
1.30300000 -0.00019349
1.30400000 -0.00019233
1.30500000 -0.00019117
1.30600000 -0.00019003
1.30700000 -0.00018890
1.30800000 -0.00018777
1.30900000 -0.00018666
1.31000000 -0.00018555
1.31100000 -0.00018445
1.31200000 -0.00018335
1.31300000 -0.00018227
1.31400000 -0.00018119
1.31500000 -0.00018013
1.31600000 -0.00017906
1.31700000 -0.00017801
1.31800000 -0.00017697
1.31900000 -0.00017593
1.32000000 -0.00017490
1.32100000 -0.00017388
1.32200000 -0.00017286
1.32300000 -0.00017185
1.32400000 -0.00017085
1.32500000 -0.00016986
1.32600000 -0.00016887
1.32700000 -0.00016789
1.32800000 -0.00016692
1.32900000 -0.00016596
1.33000000 -0.00016500
1.33100000 -0.00016405
1.33200000 -0.00016310
1.33300000 -0.00016217
1.33400000 -0.00016124
1.33500000 -0.00016031
1.33600000 -0.00015939
1.33700000 -0.00015848
1.33800000 -0.00015758
1.33900000 -0.00015668
1.34000000 -0.00015579
1.34100000 -0.00015490
1.34200000 -0.00015402
1.34300000 -0.00015315
1.34400000 -0.00015228
1.34500000 -0.00015142
1.34600000 -0.00015057
1.34700000 -0.00014972
1.34800000 -0.00014888
1.34900000 -0.00014804
1.35000000 -0.00014721
1.35100000 -0.00014639
1.35200000 -0.00014557
1.35300000 -0.00014475
1.35400000 -0.00014394
1.35500000 -0.00014314
1.35600000 -0.00014234
1.35700000 -0.00014155
1.35800000 -0.00014077
1.35900000 -0.00013999
1.36000000 -0.00013921
1.36100000 -0.00013844
1.36200000 -0.00013768
1.36300000 -0.00013692
1.36400000 -0.00013616
1.36500000 -0.00013542
1.36600000 -0.00013467
1.36700000 -0.00013393
1.36800000 -0.00013320
1.36900000 -0.00013247
1.37000000 -0.00013175
1.37100000 -0.00013103
1.37200000 -0.00013032
1.37300000 -0.00012961
1.37400000 -0.00012890
1.37500000 -0.00012820
1.37600000 -0.00012751
1.37700000 -0.00012682
1.37800000 -0.00012613
1.37900000 -0.00012545
1.38000000 -0.00012478
1.38100000 -0.00012410
1.38200000 -0.00012344
1.38300000 -0.00012277
1.38400000 -0.00012212
1.38500000 -0.00012146
1.38600000 -0.00012081
1.38700000 -0.00012017
1.38800000 -0.00011953
1.38900000 -0.00011889
1.39000000 -0.00011826
1.39100000 -0.00011763
1.39200000 -0.00011701
1.39300000 -0.00011639
1.39400000 -0.00011577
1.39500000 -0.00011516
1.39600000 -0.00011455
1.39700000 -0.00011395
1.39800000 -0.00011335
1.39900000 -0.00011275
1.40000000 -0.00011216
1.40100000 -0.00011157
1.40200000 -0.00011099
1.40300000 -0.00011041
1.40400000 -0.00010983
1.40500000 -0.00010926
1.40600000 -0.00010869
1.40700000 -0.00010812
1.40800000 -0.00010756
1.40900000 -0.00010700
1.41000000 -0.00010645
1.41100000 -0.00010590
1.41200000 -0.00010535
1.41300000 -0.00010480
1.41400000 -0.00010426
1.41500000 -0.00010373
1.41600000 -0.00010319
1.41700000 -0.00010266
1.41800000 -0.00010214
1.41900000 -0.00010161
1.42000000 -0.00010109
1.42100000 -0.00010058
1.42200000 -0.00010006
1.42300000 -0.00009955
1.42400000 -0.00009904
1.42500000 -0.00009854
1.42600000 -0.00009804
1.42700000 -0.00009754
1.42800000 -0.00009705
1.42900000 -0.00009656
1.43000000 -0.00009607
1.43100000 -0.00009558
1.43200000 -0.00009510
1.43300000 -0.00009462
1.43400000 -0.00009415
1.43500000 -0.00009367
1.43600000 -0.00009320
1.43700000 -0.00009274
1.43800000 -0.00009227
1.43900000 -0.00009181
1.44000000 -0.00009135
1.44100000 -0.00009090
1.44200000 -0.00009045
1.44300000 -0.00009000
1.44400000 -0.00008955
1.44500000 -0.00008910
1.44600000 -0.00008866
1.44700000 -0.00008822
1.44800000 -0.00008779
1.44900000 -0.00008735
1.45000000 -0.00008692
1.45100000 -0.00008650
1.45200000 -0.00008607
1.45300000 -0.00008565
1.45400000 -0.00008523
1.45500000 -0.00008481
1.45600000 -0.00008439
1.45700000 -0.00008398
1.45800000 -0.00008357
1.45900000 -0.00008316
1.46000000 -0.00008276
1.46100000 -0.00008236
1.46200000 -0.00008196
1.46300000 -0.00008156
1.46400000 -0.00008116
1.46500000 -0.00008077
1.46600000 -0.00008038
1.46700000 -0.00007999
1.46800000 -0.00007960
1.46900000 -0.00007922
1.47000000 -0.00007884
1.47100000 -0.00007846
1.47200000 -0.00007808
1.47300000 -0.00007771
1.47400000 -0.00007734
1.47500000 -0.00007697
1.47600000 -0.00007660
1.47700000 -0.00007623
1.47800000 -0.00007587
1.47900000 -0.00007551
1.48000000 -0.00007515
1.48100000 -0.00007479
1.48200000 -0.00007444
1.48300000 -0.00007408
1.48400000 -0.00007373
1.48500000 -0.00007338
1.48600000 -0.00007304
1.48700000 -0.00007269
1.48800000 -0.00007235
1.48900000 -0.00007201
1.49000000 -0.00007167
1.49100000 -0.00007133
1.49200000 -0.00007100
1.49300000 -0.00007067
1.49400000 -0.00007034
1.49500000 -0.00007001
1.49600000 -0.00006968
1.49700000 -0.00006936
1.49800000 -0.00006903
1.49900000 -0.00006871
1.50000000 -0.00006839
1.50100000 -0.00006807
1.50200000 -0.00006776
1.50300000 -0.00006744
1.50400000 -0.00006713
1.50500000 -0.00006682
1.50600000 -0.00006651
1.50700000 -0.00006621
1.50800000 -0.00006590
1.50900000 -0.00006560
1.51000000 -0.00006530
1.51100000 -0.00006500
1.51200000 -0.00006470
1.51300000 -0.00006440
1.51400000 -0.00006411
1.51500000 -0.00006382
1.51600000 -0.00006352
1.51700000 -0.00006323
1.51800000 -0.00006295
1.51900000 -0.00006266
1.52000000 -0.00006238
1.52100000 -0.00006209
1.52200000 -0.00006181
1.52300000 -0.00006153
1.52400000 -0.00006125
1.52500000 -0.00006098
1.52600000 -0.00006070
1.52700000 -0.00006043
1.52800000 -0.00006015
1.52900000 -0.00005988
1.53000000 -0.00005962
1.53100000 -0.00005935
1.53200000 -0.00005908
1.53300000 -0.00005882
1.53400000 -0.00005855
1.53500000 -0.00005829
1.53600000 -0.00005803
1.53700000 -0.00005777
1.53800000 -0.00005752
1.53900000 -0.00005726
1.54000000 -0.00005701
1.54100000 -0.00005675
1.54200000 -0.00005650
1.54300000 -0.00005625
1.54400000 -0.00005600
1.54500000 -0.00005575
1.54600000 -0.00005551
1.54700000 -0.00005526
1.54800000 -0.00005502
1.54900000 -0.00005478
1.55000000 -0.00005454
1.55100000 -0.00005430
1.55200000 -0.00005406
1.55300000 -0.00005382
1.55400000 -0.00005359
1.55500000 -0.00005335
1.55600000 -0.00005312
1.55700000 -0.00005289
1.55800000 -0.00005266
1.55900000 -0.00005243
1.56000000 -0.00005220
1.56100000 -0.00005197
1.56200000 -0.00005175
1.56300000 -0.00005152
1.56400000 -0.00005130
1.56500000 -0.00005108
1.56600000 -0.00005086
1.56700000 -0.00005064
1.56800000 -0.00005042
1.56900000 -0.00005020
1.57000000 -0.00004999
1.57100000 -0.00004977
1.57200000 -0.00004956
1.57300000 -0.00004935
1.57400000 -0.00004913
1.57500000 -0.00004892
1.57600000 -0.00004872
1.57700000 -0.00004851
1.57800000 -0.00004830
1.57900000 -0.00004809
1.58000000 -0.00004789
1.58100000 -0.00004769
1.58200000 -0.00004748
1.58300000 -0.00004728
1.58400000 -0.00004708
1.58500000 -0.00004688
1.58600000 -0.00004668
1.58700000 -0.00004649
1.58800000 -0.00004629
1.58900000 -0.00004610
1.59000000 -0.00004590
1.59100000 -0.00004571
1.59200000 -0.00004552
1.59300000 -0.00004532
1.59400000 -0.00004513
1.59500000 -0.00004495
1.59600000 -0.00004476
1.59700000 -0.00004457
1.59800000 -0.00004438
1.59900000 -0.00004420
1.60000000 -0.00004401
1.60100000 -0.00004383
1.60200000 -0.00004365
1.60300000 -0.00004347
1.60400000 -0.00004329
1.60500000 -0.00004311
1.60600000 -0.00004293
1.60700000 -0.00004275
1.60800000 -0.00004257
1.60900000 -0.00004240
1.61000000 -0.00004222
1.61100000 -0.00004205
1.61200000 -0.00004188
1.61300000 -0.00004170
1.61400000 -0.00004153
1.61500000 -0.00004136
1.61600000 -0.00004119
1.61700000 -0.00004102
1.61800000 -0.00004086
1.61900000 -0.00004069
1.62000000 -0.00004052
1.62100000 -0.00004036
1.62200000 -0.00004019
1.62300000 -0.00004003
1.62400000 -0.00003987
1.62500000 -0.00003970
1.62600000 -0.00003954
1.62700000 -0.00003938
1.62800000 -0.00003922
1.62900000 -0.00003906
1.63000000 -0.00003891
1.63100000 -0.00003875
1.63200000 -0.00003859
1.63300000 -0.00003844
1.63400000 -0.00003828
1.63500000 -0.00003813
1.63600000 -0.00003798
1.63700000 -0.00003782
1.63800000 -0.00003767
1.63900000 -0.00003752
1.64000000 -0.00003737
1.64100000 -0.00003722
1.64200000 -0.00003707
1.64300000 -0.00003692
1.64400000 -0.00003678
1.64500000 -0.00003663
1.64600000 -0.00003648
1.64700000 -0.00003634
1.64800000 -0.00003620
1.64900000 -0.00003605
1.65000000 -0.00003591
1.65100000 -0.00003577
1.65200000 -0.00003562
1.65300000 -0.00003548
1.65400000 -0.00003534
1.65500000 -0.00003520
1.65600000 -0.00003507
1.65700000 -0.00003493
1.65800000 -0.00003479
1.65900000 -0.00003465
1.66000000 -0.00003452
1.66100000 -0.00003438
1.66200000 -0.00003425
1.66300000 -0.00003411
1.66400000 -0.00003398
1.66500000 -0.00003385
1.66600000 -0.00003372
1.66700000 -0.00003358
1.66800000 -0.00003345
1.66900000 -0.00003332
1.67000000 -0.00003319
1.67100000 -0.00003306
1.67200000 -0.00003294
1.67300000 -0.00003281
1.67400000 -0.00003268
1.67500000 -0.00003256
1.67600000 -0.00003243
1.67700000 -0.00003230
1.67800000 -0.00003218
1.67900000 -0.00003206
1.68000000 -0.00003193
1.68100000 -0.00003181
1.68200000 -0.00003169
1.68300000 -0.00003157
1.68400000 -0.00003144
1.68500000 -0.00003132
1.68600000 -0.00003120
1.68700000 -0.00003108
1.68800000 -0.00003097
1.68900000 -0.00003085
1.69000000 -0.00003073
1.69100000 -0.00003061
1.69200000 -0.00003050
1.69300000 -0.00003038
1.69400000 -0.00003026
1.69500000 -0.00003015
1.69600000 -0.00003004
1.69700000 -0.00002992
1.69800000 -0.00002981
1.69900000 -0.00002970
1.70000000 -0.00002958
1.70100000 -0.00002947
1.70200000 -0.00002936
1.70300000 -0.00002925
1.70400000 -0.00002914
1.70500000 -0.00002903
1.70600000 -0.00002892
1.70700000 -0.00002881
1.70800000 -0.00002870
1.70900000 -0.00002860
1.71000000 -0.00002849
1.71100000 -0.00002838
1.71200000 -0.00002828
1.71300000 -0.00002817
1.71400000 -0.00002807
1.71500000 -0.00002796
1.71600000 -0.00002786
1.71700000 -0.00002775
1.71800000 -0.00002765
1.71900000 -0.00002755
1.72000000 -0.00002745
1.72100000 -0.00002735
1.72200000 -0.00002724
1.72300000 -0.00002714
1.72400000 -0.00002704
1.72500000 -0.00002694
1.72600000 -0.00002684
1.72700000 -0.00002674
1.72800000 -0.00002665
1.72900000 -0.00002655
1.73000000 -0.00002645
1.73100000 -0.00002635
1.73200000 -0.00002626
1.73300000 -0.00002616
1.73400000 -0.00002606
1.73500000 -0.00002597
1.73600000 -0.00002587
1.73700000 -0.00002578
1.73800000 -0.00002569
1.73900000 -0.00002559
1.74000000 -0.00002550
1.74100000 -0.00002541
1.74200000 -0.00002531
1.74300000 -0.00002522
1.74400000 -0.00002513
1.74500000 -0.00002504
1.74600000 -0.00002495
1.74700000 -0.00002486
1.74800000 -0.00002477
1.74900000 -0.00002468
1.75000000 -0.00002459
1.75100000 -0.00002450
1.75200000 -0.00002441
1.75300000 -0.00002433
1.75400000 -0.00002424
1.75500000 -0.00002415
1.75600000 -0.00002406
1.75700000 -0.00002398
1.75800000 -0.00002389
1.75900000 -0.00002381
1.76000000 -0.00002372
1.76100000 -0.00002364
1.76200000 -0.00002355
1.76300000 -0.00002347
1.76400000 -0.00002338
1.76500000 -0.00002330
1.76600000 -0.00002322
1.76700000 -0.00002314
1.76800000 -0.00002305
1.76900000 -0.00002297
1.77000000 -0.00002289
1.77100000 -0.00002281
1.77200000 -0.00002273
1.77300000 -0.00002265
1.77400000 -0.00002257
1.77500000 -0.00002249
1.77600000 -0.00002241
1.77700000 -0.00002233
1.77800000 -0.00002225
1.77900000 -0.00002217
1.78000000 -0.00002210
1.78100000 -0.00002202
1.78200000 -0.00002194
1.78300000 -0.00002186
1.78400000 -0.00002179
1.78500000 -0.00002171
1.78600000 -0.00002164
1.78700000 -0.00002156
1.78800000 -0.00002148
1.78900000 -0.00002141
1.79000000 -0.00002133
1.79100000 -0.00002126
1.79200000 -0.00002119
1.79300000 -0.00002111
1.79400000 -0.00002104
1.79500000 -0.00002097
1.79600000 -0.00002089
1.79700000 -0.00002082
1.79800000 -0.00002075
1.79900000 -0.00002068
1.80000000 -0.00002061
1.80100000 -0.00002054
1.80200000 -0.00002046
1.80300000 -0.00002039
1.80400000 -0.00002032
1.80500000 -0.00002025
1.80600000 -0.00002018
1.80700000 -0.00002011
1.80800000 -0.00002005
1.80900000 -0.00001998
1.81000000 -0.00001991
1.81100000 -0.00001984
1.81200000 -0.00001977
1.81300000 -0.00001971
1.81400000 -0.00001964
1.81500000 -0.00001957
1.81600000 -0.00001950
1.81700000 -0.00001944
1.81800000 -0.00001937
1.81900000 -0.00001931
1.82000000 -0.00001924
1.82100000 -0.00001918
1.82200000 -0.00001911
1.82300000 -0.00001905
1.82400000 -0.00001898
1.82500000 -0.00001892
1.82600000 -0.00001885
1.82700000 -0.00001879
1.82800000 -0.00001873
1.82900000 -0.00001866
1.83000000 -0.00001860
1.83100000 -0.00001854
1.83200000 -0.00001848
1.83300000 -0.00001841
1.83400000 -0.00001835
1.83500000 -0.00001829
1.83600000 -0.00001823
1.83700000 -0.00001817
1.83800000 -0.00001811
1.83900000 -0.00001805
1.84000000 -0.00001799
1.84100000 -0.00001793
1.84200000 -0.00001787
1.84300000 -0.00001781
1.84400000 -0.00001775
1.84500000 -0.00001769
1.84600000 -0.00001763
1.84700000 -0.00001757
1.84800000 -0.00001751
1.84900000 -0.00001745
1.85000000 -0.00001740
1.85100000 -0.00001734
1.85200000 -0.00001728
1.85300000 -0.00001722
1.85400000 -0.00001717
1.85500000 -0.00001711
1.85600000 -0.00001705
1.85700000 -0.00001700
1.85800000 -0.00001694
1.85900000 -0.00001689
1.86000000 -0.00001683
1.86100000 -0.00001678
1.86200000 -0.00001672
1.86300000 -0.00001667
1.86400000 -0.00001661
1.86500000 -0.00001656
1.86600000 -0.00001650
1.86700000 -0.00001645
1.86800000 -0.00001640
1.86900000 -0.00001634
1.87000000 -0.00001629
1.87100000 -0.00001624
1.87200000 -0.00001618
1.87300000 -0.00001613
1.87400000 -0.00001608
1.87500000 -0.00001603
1.87600000 -0.00001597
1.87700000 -0.00001592
1.87800000 -0.00001587
1.87900000 -0.00001582
1.88000000 -0.00001577
1.88100000 -0.00001572
1.88200000 -0.00001567
1.88300000 -0.00001562
1.88400000 -0.00001557
1.88500000 -0.00001552
1.88600000 -0.00001547
1.88700000 -0.00001542
1.88800000 -0.00001537
1.88900000 -0.00001532
1.89000000 -0.00001527
1.89100000 -0.00001522
1.89200000 -0.00001517
1.89300000 -0.00001512
1.89400000 -0.00001507
1.89500000 -0.00001503
1.89600000 -0.00001498
1.89700000 -0.00001493
1.89800000 -0.00001488
1.89900000 -0.00001484
1.90000000 -0.00001479
1.90100000 -0.00001474
1.90200000 -0.00001469
1.90300000 -0.00001465
1.90400000 -0.00001460
1.90500000 -0.00001455
1.90600000 -0.00001451
1.90700000 -0.00001446
1.90800000 -0.00001442
1.90900000 -0.00001437
1.91000000 -0.00001433
1.91100000 -0.00001428
1.91200000 -0.00001424
1.91300000 -0.00001419
1.91400000 -0.00001415
1.91500000 -0.00001410
1.91600000 -0.00001406
1.91700000 -0.00001401
1.91800000 -0.00001397
1.91900000 -0.00001393
1.92000000 -0.00001388
1.92100000 -0.00001384
1.92200000 -0.00001380
1.92300000 -0.00001375
1.92400000 -0.00001371
1.92500000 -0.00001367
1.92600000 -0.00001362
1.92700000 -0.00001358
1.92800000 -0.00001354
1.92900000 -0.00001350
1.93000000 -0.00001346
1.93100000 -0.00001341
1.93200000 -0.00001337
1.93300000 -0.00001333
1.93400000 -0.00001329
1.93500000 -0.00001325
1.93600000 -0.00001321
1.93700000 -0.00001317
1.93800000 -0.00001313
1.93900000 -0.00001309
1.94000000 -0.00001305
1.94100000 -0.00001300
1.94200000 -0.00001296
1.94300000 -0.00001292
1.94400000 -0.00001289
1.94500000 -0.00001285
1.94600000 -0.00001281
1.94700000 -0.00001277
1.94800000 -0.00001273
1.94900000 -0.00001269
1.95000000 -0.00001265
1.95100000 -0.00001261
1.95200000 -0.00001257
1.95300000 -0.00001253
1.95400000 -0.00001250
1.95500000 -0.00001246
1.95600000 -0.00001242
1.95700000 -0.00001238
1.95800000 -0.00001234
1.95900000 -0.00001231
1.96000000 -0.00001227
1.96100000 -0.00001223
1.96200000 -0.00001220
1.96300000 -0.00001216
1.96400000 -0.00001212
1.96500000 -0.00001209
1.96600000 -0.00001205
1.96700000 -0.00001201
1.96800000 -0.00001198
1.96900000 -0.00001194
1.97000000 -0.00001190
1.97100000 -0.00001187
1.97200000 -0.00001183
1.97300000 -0.00001180
1.97400000 -0.00001176
1.97500000 -0.00001173
1.97600000 -0.00001169
1.97700000 -0.00001166
1.97800000 -0.00001162
1.97900000 -0.00001159
1.98000000 -0.00001155
1.98100000 -0.00001152
1.98200000 -0.00001148
1.98300000 -0.00001145
1.98400000 -0.00001141
1.98500000 -0.00001138
1.98600000 -0.00001135
1.98700000 -0.00001131
1.98800000 -0.00001128
1.98900000 -0.00001125
1.99000000 -0.00001121
1.99100000 -0.00001118
1.99200000 -0.00001115
1.99300000 -0.00001111
1.99400000 -0.00001108
1.99500000 -0.00001105
1.99600000 -0.00001101
1.99700000 -0.00001098
1.99800000 -0.00001095
1.99900000 -0.00001092
2.00000000 -0.00001088
