0.10000000 3929644337.06020880
0.10100000 3487345398.89380074
0.10200000 3098471461.30996466
0.10300000 2756137517.21719408
0.10400000 2454400478.29710197
0.10500000 2188122975.65972281
0.10600000 1952857896.54853272
0.10700000 1744750344.28157783
0.10800000 1560454262.32286501
0.10900000 1397061420.52382803
0.11000000 1252040839.68587255
0.11100000 1123187043.89495659
0.11200000 1008575790.13269830
0.11300000 906526140.89670444
0.11400000 815567925.65545654
0.11500000 734413787.20794785
0.11600000 661935134.56657004
0.11700000 597141429.06097829
0.11800000 539162318.44634199
0.11900000 487232207.75385362
0.12000000 440676917.80587953
0.12100000 398902134.68394256
0.12200000 361383397.59981811
0.12300000 327657409.91732413
0.12400000 297314489.61664224
0.12500000 269992002.20878363
0.12600000 245368641.76527643
0.12700000 223159444.96963698
0.12800000 203111439.45943263
0.12900000 184999841.65972880
0.13000000 168624731.18663877
0.13100000 153808139.03920364
0.13200000 140391495.46411750
0.13300000 128233390.79400119
0.13400000 117207608.91399521
0.13500000 107201398.46196267
0.13600000 98113951.54851827
0.13700000 89855063.80772004
0.13800000 82343953.05352069
0.13900000 75508216.80232815
0.14000000 69282911.49733146
0.14100000 63609738.49431624
0.14200000 58436323.79147802
0.14300000 53715580.14980621
0.14400000 49405141.69226533
0.14500000 45466862.32024357
0.14600000 41866370.37108296
0.14700000 38572672.88363440
0.14800000 35557803.65913356
0.14900000 32796510.01894335
0.15000000 30265973.78317077
0.15100000 27945562.53714722
0.15200000 25816607.72684946
0.15300000 23862206.53865278
0.15400000 22067044.88121308
0.15500000 20417239.10455623
0.15600000 18900194.36947173
0.15700000 17504477.82413836
0.15800000 16219704.95893322
0.15900000 15036437.69839997
0.16000000 13946092.95467050
0.16100000 12940860.51210918
0.16200000 12013629.24106643
0.16300000 11157920.75154998
0.16400000 10367829.69722896
0.16500000 9637970.02811697
0.16600000 8963426.56796380
0.16700000 8339711.36106881
0.16800000 7762724.29399959
0.16900000 7228717.55151010
0.17000000 6734263.51363488
0.17100000 6276225.74321819
0.17200000 5851732.75065879
0.17300000 5458154.25597080
0.17400000 5093079.69787093
0.17500000 4754298.76593360
0.17600000 4439783.75528626
0.17700000 4147673.56418263
0.17800000 3876259.17338353
0.17900000 3623970.46285321
0.18000000 3389364.23607049
0.18100000 3171113.33546057
0.18200000 2967996.74425160
0.18300000 2778890.58060777
0.18400000 2602759.89932503
0.18500000 2438651.22482071
0.18600000 2285685.74671131
0.18700000 2143053.11605107
0.18800000 2010005.78638105
0.18900000 1885853.84919229
0.19000000 1769960.31830147
0.19100000 1661736.82203551
0.19200000 1560639.66607371
0.19300000 1466166.23335044
0.19400000 1377851.69061978
0.19500000 1295265.97416263
0.19600000 1218011.02971079
0.19700000 1145718.28400001
0.19800000 1078046.32747195
0.19900000 1014678.78954733
0.20000000 955322.38960897
0.20100000 899705.14838455
0.20200000 847574.74582006
0.20300000 798697.01280200
0.20400000 752854.54523217
0.20500000 709845.42999660
0.20600000 669482.07330883
0.20700000 631590.12275892
0.20800000 596007.47517073
0.20900000 562583.36306893
0.21000000 531177.51319223
0.21100000 501659.37106444
0.21200000 473907.38615852
0.21300000 447808.35266338
0.21400000 423256.80129518
0.21500000 400154.43798760
0.21600000 378409.62565240
0.21700000 357936.90552721
0.21800000 338656.55492302
0.21900000 320494.17845385
0.22000000 303380.33007663
0.22100000 287250.16349346
0.22200000 272043.10867287
0.22300000 257702.57243290
0.22400000 244175.66119955
0.22500000 231412.92420905
0.22600000 219368.11556495
0.22700000 207997.97369053
0.22800000 197262.01683594
0.22900000 187122.35340796
0.23000000 177543.50598967
0.23100000 168492.24800838
0.23200000 159937.45209337
0.23300000 151849.94924134
0.23400000 144202.39797753
0.23500000 136969.16276446
0.23600000 130126.20096921
0.23700000 123650.95775403
0.23800000 117522.26830476
0.23900000 111720.26685677
0.24000000 106226.30202033
0.24100000 101022.85794531
0.24200000 96093.48090067
0.24300000 91422.71087653
0.24400000 86996.01784661
0.24500000 82799.74235605
0.24600000 78821.04012529
0.24700000 75047.83038354
0.24800000 71468.74766715
0.24900000 68073.09683785
0.25000000 64850.81109406
0.25100000 61792.41276510
0.25200000 58888.97669401
0.25300000 56132.09602858
0.25400000 53513.85025357
0.25500000 51026.77530934
0.25600000 48663.83565327
0.25700000 46418.39813068
0.25800000 44284.20753168
0.25900000 42255.36371936
0.26000000 40326.30022250
0.26100000 38491.76419419
0.26200000 36746.79764424
0.26300000 35086.71986009
0.26400000 33507.11093681
0.26500000 32003.79634236
0.26600000 30572.83244955
0.26700000 29210.49297071
0.26800000 27913.25623584
0.26900000 26677.79325873
0.27000000 25500.95653974
0.27100000 24379.76955714
0.27200000 23311.41690244
0.27300000 22293.23501806
0.27400000 21322.70349847
0.27500000 20397.43691882
0.27600000 19515.17715705
0.27700000 18673.78617838
0.27800000 17871.23925246
0.27900000 17105.61857609
0.28000000 16375.10727578
0.28100000 15677.98376632
0.28200000 15012.61644309
0.28300000 14377.45868723
0.28400000 13771.04416428
0.28500000 13191.98239809
0.28600000 12638.95460292
0.28700000 12110.70975792
0.28800000 11606.06090916
0.28900000 11123.88168515
0.29000000 10663.10301296
0.29100000 10222.71002278
0.29200000 9801.73912939
0.29300000 9399.27528001
0.29400000 9014.44935839
0.29500000 8646.43573594
0.29600000 8294.44996094
0.29700000 7957.74657777
0.29800000 7635.61706834
0.29900000 7327.38790854
0.30000000 7032.41873290
0.30100000 6750.10060118
0.30200000 6479.85436080
0.30300000 6221.12909962
0.30400000 5973.40068377
0.30500000 5736.17037557
0.30600000 5508.96352699
0.30700000 5291.32834421
0.30800000 5082.83471925
0.30900000 4883.07312482
0.31000000 4691.65356875
0.31100000 4508.20460467
0.31200000 4332.37239566
0.31300000 4163.81982802
0.31400000 4002.22567213
0.31500000 3847.28378796
0.31600000 3698.70237258
0.31700000 3556.20324743
0.31800000 3419.52118302
0.31900000 3288.40325912
0.32000000 3162.60825835
0.32100000 3041.90609142
0.32200000 2926.07725223
0.32300000 2814.91230119
0.32400000 2708.21137524
0.32500000 2605.78372316
0.32600000 2507.44726463
0.32700000 2413.02817195
0.32800000 2322.36047313
0.32900000 2235.28567511
0.33000000 2151.65240611
0.33100000 2071.31607617
0.33200000 1994.13855467
0.33300000 1919.98786421
0.33400000 1848.73788972
0.33500000 1780.26810222
0.33600000 1714.46329630
0.33700000 1651.21334065
0.33800000 1590.41294099
0.33900000 1531.96141468
0.34000000 1475.76247650
0.34100000 1421.72403487
0.34200000 1369.75799813
0.34300000 1319.78009030
0.34400000 1271.70967573
0.34500000 1225.46959237
0.34600000 1180.98599306
0.34700000 1138.18819450
0.34800000 1097.00853355
0.34900000 1057.38223034
0.35000000 1019.24725802
0.35100000 982.54421872
0.35200000 947.21622538
0.35300000 913.20878925
0.35400000 880.46971270
0.35500000 848.94898709
0.35600000 818.59869546
0.35700000 789.37291982
0.35800000 761.22765271
0.35900000 734.12071302
0.36000000 708.01166561
0.36100000 682.86174475
0.36200000 658.63378108
0.36300000 635.29213194
0.36400000 612.80261496
0.36500000 591.13244463
0.36600000 570.25017189
0.36700000 550.12562634
0.36800000 530.72986124
0.36900000 512.03510091
0.37000000 494.01469056
0.37100000 476.64304837
0.37200000 459.89561978
0.37300000 443.74883380
0.37400000 428.18006127
0.37500000 413.16757505
0.37600000 398.69051193
0.37700000 384.72883630
0.37800000 371.26330535
0.37900000 358.27543590
0.38000000 345.74747266
0.38100000 333.66235790
0.38200000 322.00370242
0.38300000 310.75575786
0.38400000 299.90339019
0.38500000 289.43205433
0.38600000 279.32776992
0.38700000 269.57709814
0.38800000 260.16711951
0.38900000 251.08541269
0.39000000 242.32003412
0.39100000 233.85949863
0.39200000 225.69276085
0.39300000 217.80919737
0.39400000 210.19858973
0.39500000 202.85110807
0.39600000 195.75729557
0.39700000 188.90805342
0.39800000 182.29462658
0.39900000 175.90858999
0.40000000 169.74183545
0.40100000 163.78655907
0.40200000 158.03524914
0.40300000 152.48067465
0.40400000 147.11587417
0.40500000 141.93414524
0.40600000 136.92903424
0.40700000 132.09432657
0.40800000 127.42403738
0.40900000 122.91240257
0.41000000 118.55387018
0.41100000 114.34309220
0.41200000 110.27491664
0.41300000 106.34437995
0.41400000 102.54669976
0.41500000 98.87726790
0.41600000 95.33164373
0.41700000 91.90554768
0.41800000 88.59485515
0.41900000 85.39559053
0.42000000 82.30392158
0.42100000 79.31615397
0.42200000 76.42872604
0.42300000 73.63820379
0.42400000 70.94127606
0.42500000 68.33474991
0.42600000 65.81554618
0.42700000 63.38069520
0.42800000 61.02733271
0.42900000 58.75269594
0.43000000 56.55411978
0.43100000 54.42903320
0.43200000 52.37495572
0.43300000 50.38949407
0.43400000 48.47033899
0.43500000 46.61526208
0.43600000 44.82211287
0.43700000 43.08881593
0.43800000 41.41336815
0.43900000 39.79383604
0.44000000 38.22835324
0.44100000 36.71511807
0.44200000 35.25239112
0.44300000 33.83849307
0.44400000 32.47180246
0.44500000 31.15075362
0.44600000 29.87383464
0.44700000 28.63958546
0.44800000 27.44659598
0.44900000 26.29350429
0.45000000 25.17899491
0.45100000 24.10179719
0.45200000 23.06068365
0.45300000 22.05446847
0.45400000 21.08200603
0.45500000 20.14218944
0.45600000 19.23394921
0.45700000 18.35625190
0.45800000 17.50809887
0.45900000 16.68852504
0.46000000 15.89659771
0.46100000 15.13141544
0.46200000 14.39210694
0.46300000 13.67783003
0.46400000 12.98777062
0.46500000 12.32114172
0.46600000 11.67718251
0.46700000 11.05515744
0.46800000 10.45435534
0.46900000 9.87408857
0.47000000 9.31369224
0.47100000 8.77252339
0.47200000 8.24996027
0.47300000 7.74540159
0.47400000 7.25826581
0.47500000 6.78799050
0.47600000 6.33403165
0.47700000 5.89586307
0.47800000 5.47297575
0.47900000 5.06487732
0.48000000 4.67109146
0.48100000 4.29115734
0.48200000 3.92462915
0.48300000 3.57107553
0.48400000 3.23007913
0.48500000 2.90123610
0.48600000 2.58415569
0.48700000 2.27845975
0.48800000 1.98378236
0.48900000 1.69976936
0.49000000 1.42607805
0.49100000 1.16237670
0.49200000 0.90834428
0.49300000 0.66367004
0.49400000 0.42805321
0.49500000 0.20120262
0.49600000 -0.01716355
0.49700000 -0.22731813
0.49800000 -0.42952523
0.49900000 -0.62404057
0.50000000 -0.81111167
0.50100000 -0.99097822
0.50200000 -1.16387226
0.50300000 -1.33001847
0.50400000 -1.48963439
0.50500000 -1.64293069
0.50600000 -1.79011133
0.50700000 -1.93137383
0.50800000 -2.06690947
0.50900000 -2.19690347
0.51000000 -2.32153522
0.51100000 -2.44097845
0.51200000 -2.55540139
0.51300000 -2.66496700
0.51400000 -2.76983309
0.51500000 -2.87015252
0.51600000 -2.96607333
0.51700000 -3.05773894
0.51800000 -3.14528824
0.51900000 -3.22885577
0.52000000 -3.30857186
0.52100000 -3.38456275
0.52200000 -3.45695072
0.52300000 -3.52585425
0.52400000 -3.59138809
0.52500000 -3.65366340
0.52600000 -3.71278789
0.52700000 -3.76886589
0.52800000 -3.82199847
0.52900000 -3.87228355
0.53000000 -3.91981600
0.53100000 -3.96468773
0.53200000 -4.00698778
0.53300000 -4.04680241
0.53400000 -4.08421522
0.53500000 -4.11930717
0.53600000 -4.15215673
0.53700000 -4.18283990
0.53800000 -4.21143033
0.53900000 -4.23799938
0.54000000 -4.26261618
0.54100000 -4.28534772
0.54200000 -4.30625889
0.54300000 -4.32541258
0.54400000 -4.34286970
0.54500000 -4.35868928
0.54600000 -4.37292852
0.54700000 -4.38564283
0.54800000 -4.39688589
0.54900000 -4.40670971
0.55000000 -4.41516469
0.55100000 -4.42229966
0.55200000 -4.42816193
0.55300000 -4.43279731
0.55400000 -4.43625022
0.55500000 -4.43856367
0.55600000 -4.43977933
0.55700000 -4.43993758
0.55800000 -4.43907754
0.55900000 -4.43723708
0.56000000 -4.43445293
0.56100000 -4.43076064
0.56200000 -4.42619466
0.56300000 -4.42078834
0.56400000 -4.41457402
0.56500000 -4.40758299
0.56600000 -4.39984558
0.56700000 -4.39139116
0.56800000 -4.38224818
0.56900000 -4.37244419
0.57000000 -4.36200587
0.57100000 -4.35095905
0.57200000 -4.33932877
0.57300000 -4.32713926
0.57400000 -4.31441397
0.57500000 -4.30117564
0.57600000 -4.28744625
0.57700000 -4.27324712
0.57800000 -4.25859885
0.57900000 -4.24352143
0.58000000 -4.22803416
0.58100000 -4.21215576
0.58200000 -4.19590434
0.58300000 -4.17929742
0.58400000 -4.16235196
0.58500000 -4.14508439
0.58600000 -4.12751058
0.58700000 -4.10964591
0.58800000 -4.09150525
0.58900000 -4.07310299
0.59000000 -4.05445305
0.59100000 -4.03556890
0.59200000 -4.01646355
0.59300000 -3.99714962
0.59400000 -3.97763927
0.59500000 -3.95794429
0.59600000 -3.93807608
0.59700000 -3.91804563
0.59800000 -3.89786361
0.59900000 -3.87754029
0.60000000 -3.85708563
0.60100000 -3.83650923
0.60200000 -3.81582038
0.60300000 -3.79502805
0.60400000 -3.77414092
0.60500000 -3.75316734
0.60600000 -3.73211541
0.60700000 -3.71099293
0.60800000 -3.68980744
0.60900000 -3.66856622
0.61000000 -3.64727628
0.61100000 -3.62594440
0.61200000 -3.60457713
0.61300000 -3.58318076
0.61400000 -3.56176138
0.61500000 -3.54032485
0.61600000 -3.51887684
0.61700000 -3.49742278
0.61800000 -3.47596793
0.61900000 -3.45451736
0.62000000 -3.43307594
0.62100000 -3.41164835
0.62200000 -3.39023913
0.62300000 -3.36885261
0.62400000 -3.34749299
0.62500000 -3.32616429
0.62600000 -3.30487039
0.62700000 -3.28361499
0.62800000 -3.26240169
0.62900000 -3.24123391
0.63000000 -3.22011496
0.63100000 -3.19904800
0.63200000 -3.17803608
0.63300000 -3.15708210
0.63400000 -3.13618887
0.63500000 -3.11535906
0.63600000 -3.09459525
0.63700000 -3.07389988
0.63800000 -3.05327531
0.63900000 -3.03272379
0.64000000 -3.01224747
0.64100000 -2.99184839
0.64200000 -2.97152853
0.64300000 -2.95128974
0.64400000 -2.93113382
0.64500000 -2.91106245
0.64600000 -2.89107726
0.64700000 -2.87117977
0.64800000 -2.85137146
0.64900000 -2.83165370
0.65000000 -2.81202781
0.65100000 -2.79249503
0.65200000 -2.77305653
0.65300000 -2.75371343
0.65400000 -2.73446677
0.65500000 -2.71531754
0.65600000 -2.69626667
0.65700000 -2.67731502
0.65800000 -2.65846341
0.65900000 -2.63971260
0.66000000 -2.62106330
0.66100000 -2.60251617
0.66200000 -2.58407182
0.66300000 -2.56573082
0.66400000 -2.54749367
0.66500000 -2.52936086
0.66600000 -2.51133282
0.66700000 -2.49340994
0.66800000 -2.47559257
0.66900000 -2.45788104
0.67000000 -2.44027560
0.67100000 -2.42277652
0.67200000 -2.40538399
0.67300000 -2.38809820
0.67400000 -2.37091927
0.67500000 -2.35384733
0.67600000 -2.33688247
0.67700000 -2.32002472
0.67800000 -2.30327412
0.67900000 -2.28663067
0.68000000 -2.27009434
0.68100000 -2.25366509
0.68200000 -2.23734283
0.68300000 -2.22112747
0.68400000 -2.20501889
0.68500000 -2.18901695
0.68600000 -2.17312148
0.68700000 -2.15733231
0.68800000 -2.14164924
0.68900000 -2.12607205
0.69000000 -2.11060051
0.69100000 -2.09523435
0.69200000 -2.07997332
0.69300000 -2.06481712
0.69400000 -2.04976547
0.69500000 -2.03481804
0.69600000 -2.01997451
0.69700000 -2.00523455
0.69800000 -1.99059779
0.69900000 -1.97606388
0.70000000 -1.96163243
0.70100000 -1.94730307
0.70200000 -1.93307540
0.70300000 -1.91894900
0.70400000 -1.90492347
0.70500000 -1.89099837
0.70600000 -1.87717328
0.70700000 -1.86344774
0.70800000 -1.84982132
0.70900000 -1.83629354
0.71000000 -1.82286396
0.71100000 -1.80953209
0.71200000 -1.79629746
0.71300000 -1.78315958
0.71400000 -1.77011796
0.71500000 -1.75717212
0.71600000 -1.74432155
0.71700000 -1.73156574
0.71800000 -1.71890419
0.71900000 -1.70633638
0.72000000 -1.69386180
0.72100000 -1.68147992
0.72200000 -1.66919023
0.72300000 -1.65699219
0.72400000 -1.64488528
0.72500000 -1.63286896
0.72600000 -1.62094269
0.72700000 -1.60910595
0.72800000 -1.59735819
0.72900000 -1.58569887
0.73000000 -1.57412745
0.73100000 -1.56264339
0.73200000 -1.55124613
0.73300000 -1.53993514
0.73400000 -1.52870986
0.73500000 -1.51756975
0.73600000 -1.50651427
0.73700000 -1.49554286
0.73800000 -1.48465497
0.73900000 -1.47385005
0.74000000 -1.46312756
0.74100000 -1.45248695
0.74200000 -1.44192767
0.74300000 -1.43144917
0.74400000 -1.42105090
0.74500000 -1.41073233
0.74600000 -1.40049289
0.74700000 -1.39033205
0.74800000 -1.38024926
0.74900000 -1.37024398
0.75000000 -1.36031566
0.75100000 -1.35046378
0.75200000 -1.34068778
0.75300000 -1.33098713
0.75400000 -1.32136129
0.75500000 -1.31180973
0.75600000 -1.30233192
0.75700000 -1.29292732
0.75800000 -1.28359541
0.75900000 -1.27433565
0.76000000 -1.26514752
0.76100000 -1.25603050
0.76200000 -1.24698407
0.76300000 -1.23800770
0.76400000 -1.22910088
0.76500000 -1.22026309
0.76600000 -1.21149382
0.76700000 -1.20279256
0.76800000 -1.19415879
0.76900000 -1.18559203
0.77000000 -1.17709175
0.77100000 -1.16865746
0.77200000 -1.16028866
0.77300000 -1.15198485
0.77400000 -1.14374555
0.77500000 -1.13557025
0.77600000 -1.12745847
0.77700000 -1.11940973
0.77800000 -1.11142353
0.77900000 -1.10349941
0.78000000 -1.09563687
0.78100000 -1.08783545
0.78200000 -1.08009468
0.78300000 -1.07241408
0.78400000 -1.06479318
0.78500000 -1.05723153
0.78600000 -1.04972866
0.78700000 -1.04228411
0.78800000 -1.03489743
0.78900000 -1.02756815
0.79000000 -1.02029584
0.79100000 -1.01308005
0.79200000 -1.00592033
0.79300000 -0.99881623
0.79400000 -0.99176732
0.79500000 -0.98477317
0.79600000 -0.97783334
0.79700000 -0.97094740
0.79800000 -0.96411492
0.79900000 -0.95733548
0.80000000 -0.95060865
0.80100000 -0.94393402
0.80200000 -0.93731118
0.80300000 -0.93073970
0.80400000 -0.92421918
0.80500000 -0.91774921
0.80600000 -0.91132938
0.80700000 -0.90495930
0.80800000 -0.89863857
0.80900000 -0.89236679
0.81000000 -0.88614356
0.81100000 -0.87996849
0.81200000 -0.87384121
0.81300000 -0.86776132
0.81400000 -0.86172844
0.81500000 -0.85574220
0.81600000 -0.84980221
0.81700000 -0.84390810
0.81800000 -0.83805951
0.81900000 -0.83225606
0.82000000 -0.82649738
0.82100000 -0.82078313
0.82200000 -0.81511293
0.82300000 -0.80948643
0.82400000 -0.80390327
0.82500000 -0.79836311
0.82600000 -0.79286560
0.82700000 -0.78741038
0.82800000 -0.78199712
0.82900000 -0.77662547
0.83000000 -0.77129509
0.83100000 -0.76600565
0.83200000 -0.76075683
0.83300000 -0.75554827
0.83400000 -0.75037967
0.83500000 -0.74525068
0.83600000 -0.74016100
0.83700000 -0.73511030
0.83800000 -0.73009826
0.83900000 -0.72512456
0.84000000 -0.72018890
0.84100000 -0.71529096
0.84200000 -0.71043044
0.84300000 -0.70560703
0.84400000 -0.70082043
0.84500000 -0.69607033
0.84600000 -0.69135645
0.84700000 -0.68667848
0.84800000 -0.68203612
0.84900000 -0.67742910
0.85000000 -0.67285712
0.85100000 -0.66831990
0.85200000 -0.66381714
0.85300000 -0.65934858
0.85400000 -0.65491392
0.85500000 -0.65051290
0.85600000 -0.64614524
0.85700000 -0.64181066
0.85800000 -0.63750890
0.85900000 -0.63323969
0.86000000 -0.62900276
0.86100000 -0.62479785
0.86200000 -0.62062470
0.86300000 -0.61648304
0.86400000 -0.61237263
0.86500000 -0.60829320
0.86600000 -0.60424450
0.86700000 -0.60022629
0.86800000 -0.59623831
0.86900000 -0.59228032
0.87000000 -0.58835207
0.87100000 -0.58445331
0.87200000 -0.58058382
0.87300000 -0.57674335
0.87400000 -0.57293166
0.87500000 -0.56914852
0.87600000 -0.56539370
0.87700000 -0.56166697
0.87800000 -0.55796809
0.87900000 -0.55429684
0.88000000 -0.55065300
0.88100000 -0.54703634
0.88200000 -0.54344665
0.88300000 -0.53988369
0.88400000 -0.53634726
0.88500000 -0.53283714
0.88600000 -0.52935311
0.88700000 -0.52589497
0.88800000 -0.52246250
0.88900000 -0.51905550
0.89000000 -0.51567375
0.89100000 -0.51231706
0.89200000 -0.50898522
0.89300000 -0.50567802
0.89400000 -0.50239527
0.89500000 -0.49913678
0.89600000 -0.49590234
0.89700000 -0.49269175
0.89800000 -0.48950484
0.89900000 -0.48634139
0.90000000 -0.48320124
0.90100000 -0.48008418
0.90200000 -0.47699003
0.90300000 -0.47391860
0.90400000 -0.47086972
0.90500000 -0.46784319
0.90600000 -0.46483885
0.90700000 -0.46185650
0.90800000 -0.45889598
0.90900000 -0.45595711
0.91000000 -0.45303971
0.91100000 -0.45014360
0.91200000 -0.44726863
0.91300000 -0.44441462
0.91400000 -0.44158139
0.91500000 -0.43876879
0.91600000 -0.43597665
0.91700000 -0.43320480
0.91800000 -0.43045308
0.91900000 -0.42772132
0.92000000 -0.42500938
0.92100000 -0.42231709
0.92200000 -0.41964429
0.92300000 -0.41699083
0.92400000 -0.41435655
0.92500000 -0.41174130
0.92600000 -0.40914492
0.92700000 -0.40656727
0.92800000 -0.40400820
0.92900000 -0.40146756
0.93000000 -0.39894520
0.93100000 -0.39644097
0.93200000 -0.39395473
0.93300000 -0.39148635
0.93400000 -0.38903567
0.93500000 -0.38660255
0.93600000 -0.38418686
0.93700000 -0.38178845
0.93800000 -0.37940720
0.93900000 -0.37704296
0.94000000 -0.37469560
0.94100000 -0.37236498
0.94200000 -0.37005098
0.94300000 -0.36775346
0.94400000 -0.36547228
0.94500000 -0.36320733
0.94600000 -0.36095847
0.94700000 -0.35872558
0.94800000 -0.35650853
0.94900000 -0.35430719
0.95000000 -0.35212145
0.95100000 -0.34995117
0.95200000 -0.34779624
0.95300000 -0.34565653
0.95400000 -0.34353193
0.95500000 -0.34142232
0.95600000 -0.33932757
0.95700000 -0.33724758
0.95800000 -0.33518223
0.95900000 -0.33313140
0.96000000 -0.33109498
0.96100000 -0.32907285
0.96200000 -0.32706491
0.96300000 -0.32507104
0.96400000 -0.32309113
0.96500000 -0.32112507
0.96600000 -0.31917277
0.96700000 -0.31723410
0.96800000 -0.31530896
0.96900000 -0.31339725
0.97000000 -0.31149886
0.97100000 -0.30961369
0.97200000 -0.30774164
0.97300000 -0.30588259
0.97400000 -0.30403647
0.97500000 -0.30220315
0.97600000 -0.30038255
0.97700000 -0.29857456
0.97800000 -0.29677909
0.97900000 -0.29499604
0.98000000 -0.29322532
0.98100000 -0.29146682
0.98200000 -0.28972046
0.98300000 -0.28798614
0.98400000 -0.28626376
0.98500000 -0.28455325
0.98600000 -0.28285449
0.98700000 -0.28116741
0.98800000 -0.27949192
0.98900000 -0.27782792
0.99000000 -0.27617532
0.99100000 -0.27453405
0.99200000 -0.27290401
0.99300000 -0.27128511
0.99400000 -0.26967728
0.99500000 -0.26808042
0.99600000 -0.26649445
0.99700000 -0.26491930
0.99800000 -0.26335487
0.99900000 -0.26180108
1.00000000 -0.26025786
1.00100000 -0.25872512
1.00200000 -0.25720278
1.00300000 -0.25569077
1.00400000 -0.25418900
1.00500000 -0.25269740
1.00600000 -0.25121589
1.00700000 -0.24974439
1.00800000 -0.24828284
1.00900000 -0.24683114
1.01000000 -0.24538923
1.01100000 -0.24395704
1.01200000 -0.24253448
1.01300000 -0.24112149
1.01400000 -0.23971800
1.01500000 -0.23832393
1.01600000 -0.23693922
1.01700000 -0.23556378
1.01800000 -0.23419756
1.01900000 -0.23284048
1.02000000 -0.23149247
1.02100000 -0.23015347
1.02200000 -0.22882340
1.02300000 -0.22750221
1.02400000 -0.22618982
1.02500000 -0.22488618
1.02600000 -0.22359120
1.02700000 -0.22230483
1.02800000 -0.22102701
1.02900000 -0.21975766
1.03000000 -0.21849674
1.03100000 -0.21724416
1.03200000 -0.21599988
1.03300000 -0.21476383
1.03400000 -0.21353594
1.03500000 -0.21231617
1.03600000 -0.21110444
1.03700000 -0.20990070
1.03800000 -0.20870489
1.03900000 -0.20751695
1.04000000 -0.20633682
1.04100000 -0.20516444
1.04200000 -0.20399976
1.04300000 -0.20284272
1.04400000 -0.20169326
1.04500000 -0.20055133
1.04600000 -0.19941687
1.04700000 -0.19828983
1.04800000 -0.19717015
1.04900000 -0.19605778
1.05000000 -0.19495266
1.05100000 -0.19385474
1.05200000 -0.19276397
1.05300000 -0.19168029
1.05400000 -0.19060366
1.05500000 -0.18953402
1.05600000 -0.18847132
1.05700000 -0.18741550
1.05800000 -0.18636653
1.05900000 -0.18532435
1.06000000 -0.18428891
1.06100000 -0.18326015
1.06200000 -0.18223804
1.06300000 -0.18122252
1.06400000 -0.18021355
1.06500000 -0.17921108
1.06600000 -0.17821506
1.06700000 -0.17722544
1.06800000 -0.17624217
1.06900000 -0.17526522
1.07000000 -0.17429454
1.07100000 -0.17333007
1.07200000 -0.17237178
1.07300000 -0.17141962
1.07400000 -0.17047355
1.07500000 -0.16953352
1.07600000 -0.16859949
1.07700000 -0.16767141
1.07800000 -0.16674924
1.07900000 -0.16583295
1.08000000 -0.16492248
1.08100000 -0.16401780
1.08200000 -0.16311887
1.08300000 -0.16222564
1.08400000 -0.16133807
1.08500000 -0.16045612
1.08600000 -0.15957975
1.08700000 -0.15870893
1.08800000 -0.15784361
1.08900000 -0.15698375
1.09000000 -0.15612931
1.09100000 -0.15528026
1.09200000 -0.15443656
1.09300000 -0.15359817
1.09400000 -0.15276504
1.09500000 -0.15193715
1.09600000 -0.15111446
1.09700000 -0.15029693
1.09800000 -0.14948451
1.09900000 -0.14867719
1.10000000 -0.14787492
1.10100000 -0.14707766
1.10200000 -0.14628538
1.10300000 -0.14549804
1.10400000 -0.14471562
1.10500000 -0.14393807
1.10600000 -0.14316536
1.10700000 -0.14239745
1.10800000 -0.14163432
1.10900000 -0.14087593
1.11000000 -0.14012224
1.11100000 -0.13937322
1.11200000 -0.13862885
1.11300000 -0.13788908
1.11400000 -0.13715389
1.11500000 -0.13642324
1.11600000 -0.13569710
1.11700000 -0.13497544
1.11800000 -0.13425823
1.11900000 -0.13354544
1.12000000 -0.13283703
1.12100000 -0.13213298
1.12200000 -0.13143326
1.12300000 -0.13073783
1.12400000 -0.13004667
1.12500000 -0.12935974
1.12600000 -0.12867702
1.12700000 -0.12799848
1.12800000 -0.12732408
1.12900000 -0.12665381
1.13000000 -0.12598763
1.13100000 -0.12532551
1.13200000 -0.12466742
1.13300000 -0.12401334
1.13400000 -0.12336324
1.13500000 -0.12271710
1.13600000 -0.12207488
1.13700000 -0.12143655
1.13800000 -0.12080210
1.13900000 -0.12017149
1.14000000 -0.11954470
1.14100000 -0.11892171
1.14200000 -0.11830247
1.14300000 -0.11768698
1.14400000 -0.11707520
1.14500000 -0.11646712
1.14600000 -0.11586269
1.14700000 -0.11526191
1.14800000 -0.11466473
1.14900000 -0.11407115
1.15000000 -0.11348113
1.15100000 -0.11289466
1.15200000 -0.11231170
1.15300000 -0.11173223
1.15400000 -0.11115623
1.15500000 -0.11058368
1.15600000 -0.11001455
1.15700000 -0.10944881
1.15800000 -0.10888646
1.15900000 -0.10832745
1.16000000 -0.10777178
1.16100000 -0.10721941
1.16200000 -0.10667033
1.16300000 -0.10612452
1.16400000 -0.10558194
1.16500000 -0.10504258
1.16600000 -0.10450643
1.16700000 -0.10397344
1.16800000 -0.10344362
1.16900000 -0.10291692
1.17000000 -0.10239334
1.17100000 -0.10187285
1.17200000 -0.10135544
1.17300000 -0.10084107
1.17400000 -0.10032973
1.17500000 -0.09982140
1.17600000 -0.09931607
1.17700000 -0.09881370
1.17800000 -0.09831428
1.17900000 -0.09781780
1.18000000 -0.09732422
1.18100000 -0.09683354
1.18200000 -0.09634572
1.18300000 -0.09586077
1.18400000 -0.09537864
1.18500000 -0.09489933
1.18600000 -0.09442282
1.18700000 -0.09394909
1.18800000 -0.09347811
1.18900000 -0.09300988
1.19000000 -0.09254437
1.19100000 -0.09208157
1.19200000 -0.09162145
1.19300000 -0.09116400
1.19400000 -0.09070921
1.19500000 -0.09025705
1.19600000 -0.08980751
1.19700000 -0.08936057
1.19800000 -0.08891621
1.19900000 -0.08847442
1.20000000 -0.08803518
1.20100000 -0.08759847
1.20200000 -0.08716428
1.20300000 -0.08673259
1.20400000 -0.08630338
1.20500000 -0.08587664
1.20600000 -0.08545235
1.20700000 -0.08503049
1.20800000 -0.08461106
1.20900000 -0.08419402
1.21000000 -0.08377938
1.21100000 -0.08336710
1.21200000 -0.08295719
1.21300000 -0.08254961
1.21400000 -0.08214437
1.21500000 -0.08174143
1.21600000 -0.08134079
1.21700000 -0.08094243
1.21800000 -0.08054634
1.21900000 -0.08015250
1.22000000 -0.07976089
1.22100000 -0.07937151
1.22200000 -0.07898434
1.22300000 -0.07859937
1.22400000 -0.07821657
1.22500000 -0.07783594
1.22600000 -0.07745746
1.22700000 -0.07708112
1.22800000 -0.07670691
1.22900000 -0.07633480
1.23000000 -0.07596480
1.23100000 -0.07559688
1.23200000 -0.07523103
1.23300000 -0.07486723
1.23400000 -0.07450549
1.23500000 -0.07414577
1.23600000 -0.07378807
1.23700000 -0.07343238
1.23800000 -0.07307868
1.23900000 -0.07272696
1.24000000 -0.07237720
1.24100000 -0.07202940
1.24200000 -0.07168355
1.24300000 -0.07133962
1.24400000 -0.07099762
1.24500000 -0.07065752
1.24600000 -0.07031931
1.24700000 -0.06998298
1.24800000 -0.06964853
1.24900000 -0.06931593
1.25000000 -0.06898518
1.25100000 -0.06865626
1.25200000 -0.06832917
1.25300000 -0.06800388
1.25400000 -0.06768040
1.25500000 -0.06735871
1.25600000 -0.06703879
1.25700000 -0.06672064
1.25800000 -0.06640425
1.25900000 -0.06608960
1.26000000 -0.06577668
1.26100000 -0.06546549
1.26200000 -0.06515600
1.26300000 -0.06484822
1.26400000 -0.06454213
1.26500000 -0.06423772
1.26600000 -0.06393498
1.26700000 -0.06363390
1.26800000 -0.06333446
1.26900000 -0.06303667
1.27000000 -0.06274050
1.27100000 -0.06244595
1.27200000 -0.06215301
1.27300000 -0.06186166
1.27400000 -0.06157191
1.27500000 -0.06128373
1.27600000 -0.06099712
1.27700000 -0.06071207
1.27800000 -0.06042857
1.27900000 -0.06014660
1.28000000 -0.05986617
1.28100000 -0.05958726
1.28200000 -0.05930986
1.28300000 -0.05903396
1.28400000 -0.05875955
1.28500000 -0.05848663
1.28600000 -0.05821518
1.28700000 -0.05794520
1.28800000 -0.05767667
1.28900000 -0.05740959
1.29000000 -0.05714395
1.29100000 -0.05687974
1.29200000 -0.05661695
1.29300000 -0.05635557
1.29400000 -0.05609560
1.29500000 -0.05583702
1.29600000 -0.05557982
1.29700000 -0.05532401
1.29800000 -0.05506956
1.29900000 -0.05481647
1.30000000 -0.05456474
1.30100000 -0.05431435
1.30200000 -0.05406530
1.30300000 -0.05381758
1.30400000 -0.05357118
1.30500000 -0.05332609
1.30600000 -0.05308230
1.30700000 -0.05283981
1.30800000 -0.05259861
1.30900000 -0.05235869
1.31000000 -0.05212004
1.31100000 -0.05188266
1.31200000 -0.05164654
1.31300000 -0.05141166
1.31400000 -0.05117803
1.31500000 -0.05094564
1.31600000 -0.05071447
1.31700000 -0.05048452
1.31800000 -0.05025578
1.31900000 -0.05002826
1.32000000 -0.04980192
1.32100000 -0.04957679
1.32200000 -0.04935283
1.32300000 -0.04913005
1.32400000 -0.04890844
1.32500000 -0.04868800
1.32600000 -0.04846871
1.32700000 -0.04825057
1.32800000 -0.04803357
1.32900000 -0.04781771
1.33000000 -0.04760297
1.33100000 -0.04738936
1.33200000 -0.04717687
1.33300000 -0.04696548
1.33400000 -0.04675519
1.33500000 -0.04654600
1.33600000 -0.04633790
1.33700000 -0.04613088
1.33800000 -0.04592494
1.33900000 -0.04572007
1.34000000 -0.04551626
1.34100000 -0.04531351
1.34200000 -0.04511181
1.34300000 -0.04491115
1.34400000 -0.04471154
1.34500000 -0.04451295
1.34600000 -0.04431539
1.34700000 -0.04411885
1.34800000 -0.04392333
1.34900000 -0.04372882
1.35000000 -0.04353530
1.35100000 -0.04334279
1.35200000 -0.04315126
1.35300000 -0.04296072
1.35400000 -0.04277116
1.35500000 -0.04258257
1.35600000 -0.04239495
1.35700000 -0.04220829
1.35800000 -0.04202259
1.35900000 -0.04183784
1.36000000 -0.04165403
1.36100000 -0.04147117
1.36200000 -0.04128924
1.36300000 -0.04110823
1.36400000 -0.04092815
1.36500000 -0.04074899
1.36600000 -0.04057075
1.36700000 -0.04039341
1.36800000 -0.04021697
1.36900000 -0.04004143
1.37000000 -0.03986678
1.37100000 -0.03969301
1.37200000 -0.03952013
1.37300000 -0.03934813
1.37400000 -0.03917699
1.37500000 -0.03900673
1.37600000 -0.03883732
1.37700000 -0.03866877
1.37800000 -0.03850107
1.37900000 -0.03833422
1.38000000 -0.03816821
1.38100000 -0.03800304
1.38200000 -0.03783870
1.38300000 -0.03767518
1.38400000 -0.03751249
1.38500000 -0.03735062
1.38600000 -0.03718956
1.38700000 -0.03702931
1.38800000 -0.03686986
1.38900000 -0.03671121
1.39000000 -0.03655336
1.39100000 -0.03639629
1.39200000 -0.03624002
1.39300000 -0.03608452
1.39400000 -0.03592980
1.39500000 -0.03577585
1.39600000 -0.03562267
1.39700000 -0.03547025
1.39800000 -0.03531860
1.39900000 -0.03516769
1.40000000 -0.03501754
1.40100000 -0.03486814
1.40200000 -0.03471947
1.40300000 -0.03457155
1.40400000 -0.03442435
1.40500000 -0.03427789
1.40600000 -0.03413216
1.40700000 -0.03398714
1.40800000 -0.03384284
1.40900000 -0.03369926
1.41000000 -0.03355638
1.41100000 -0.03341421
1.41200000 -0.03327274
1.41300000 -0.03313197
1.41400000 -0.03299189
1.41500000 -0.03285250
1.41600000 -0.03271380
1.41700000 -0.03257578
1.41800000 -0.03243844
1.41900000 -0.03230177
1.42000000 -0.03216577
1.42100000 -0.03203044
1.42200000 -0.03189577
1.42300000 -0.03176176
1.42400000 -0.03162840
1.42500000 -0.03149570
1.42600000 -0.03136365
1.42700000 -0.03123224
1.42800000 -0.03110147
1.42900000 -0.03097134
1.43000000 -0.03084184
1.43100000 -0.03071298
1.43200000 -0.03058474
1.43300000 -0.03045712
1.43400000 -0.03033013
1.43500000 -0.03020375
1.43600000 -0.03007798
1.43700000 -0.02995282
1.43800000 -0.02982827
1.43900000 -0.02970433
1.44000000 -0.02958098
1.44100000 -0.02945823
1.44200000 -0.02933607
1.44300000 -0.02921451
1.44400000 -0.02909353
1.44500000 -0.02897313
1.44600000 -0.02885331
1.44700000 -0.02873407
1.44800000 -0.02861540
1.44900000 -0.02849731
1.45000000 -0.02837978
1.45100000 -0.02826282
1.45200000 -0.02814641
1.45300000 -0.02803057
1.45400000 -0.02791528
1.45500000 -0.02780055
1.45600000 -0.02768636
1.45700000 -0.02757272
1.45800000 -0.02745962
1.45900000 -0.02734706
1.46000000 -0.02723504
1.46100000 -0.02712356
1.46200000 -0.02701260
1.46300000 -0.02690217
1.46400000 -0.02679227
1.46500000 -0.02668290
1.46600000 -0.02657404
1.46700000 -0.02646570
1.46800000 -0.02635787
1.46900000 -0.02625056
1.47000000 -0.02614376
1.47100000 -0.02603746
1.47200000 -0.02593166
1.47300000 -0.02582637
1.47400000 -0.02572157
1.47500000 -0.02561727
1.47600000 -0.02551346
1.47700000 -0.02541014
1.47800000 -0.02530731
1.47900000 -0.02520496
1.48000000 -0.02510309
1.48100000 -0.02500171
1.48200000 -0.02490080
1.48300000 -0.02480036
1.48400000 -0.02470040
1.48500000 -0.02460091
1.48600000 -0.02450188
1.48700000 -0.02440332
1.48800000 -0.02430522
1.48900000 -0.02420758
1.49000000 -0.02411039
1.49100000 -0.02401366
1.49200000 -0.02391739
1.49300000 -0.02382156
1.49400000 -0.02372618
1.49500000 -0.02363124
1.49600000 -0.02353675
1.49700000 -0.02344269
1.49800000 -0.02334908
1.49900000 -0.02325590
1.50000000 -0.02316315
1.50100000 -0.02307083
1.50200000 -0.02297895
1.50300000 -0.02288748
1.50400000 -0.02279645
1.50500000 -0.02270583
1.50600000 -0.02261563
1.50700000 -0.02252586
1.50800000 -0.02243649
1.50900000 -0.02234754
1.51000000 -0.02225900
1.51100000 -0.02217087
1.51200000 -0.02208315
1.51300000 -0.02199583
1.51400000 -0.02190891
1.51500000 -0.02182239
1.51600000 -0.02173627
1.51700000 -0.02165054
1.51800000 -0.02156521
1.51900000 -0.02148027
1.52000000 -0.02139573
1.52100000 -0.02131156
1.52200000 -0.02122779
1.52300000 -0.02114440
1.52400000 -0.02106139
1.52500000 -0.02097876
1.52600000 -0.02089650
1.52700000 -0.02081463
1.52800000 -0.02073312
1.52900000 -0.02065199
1.53000000 -0.02057123
1.53100000 -0.02049083
1.53200000 -0.02041080
1.53300000 -0.02033114
1.53400000 -0.02025184
1.53500000 -0.02017290
1.53600000 -0.02009431
1.53700000 -0.02001609
1.53800000 -0.01993822
1.53900000 -0.01986070
1.54000000 -0.01978353
1.54100000 -0.01970671
1.54200000 -0.01963024
1.54300000 -0.01955412
1.54400000 -0.01947833
1.54500000 -0.01940290
1.54600000 -0.01932780
1.54700000 -0.01925304
1.54800000 -0.01917861
1.54900000 -0.01910453
1.55000000 -0.01903077
1.55100000 -0.01895735
1.55200000 -0.01888426
1.55300000 -0.01881149
1.55400000 -0.01873905
1.55500000 -0.01866694
1.55600000 -0.01859515
1.55700000 -0.01852368
1.55800000 -0.01845254
1.55900000 -0.01838171
1.56000000 -0.01831119
1.56100000 -0.01824100
1.56200000 -0.01817111
1.56300000 -0.01810154
1.56400000 -0.01803228
1.56500000 -0.01796332
1.56600000 -0.01789468
1.56700000 -0.01782634
1.56800000 -0.01775830
1.56900000 -0.01769057
1.57000000 -0.01762314
1.57100000 -0.01755600
1.57200000 -0.01748917
1.57300000 -0.01742263
1.57400000 -0.01735639
1.57500000 -0.01729044
1.57600000 -0.01722478
1.57700000 -0.01715941
1.57800000 -0.01709433
1.57900000 -0.01702954
1.58000000 -0.01696503
1.58100000 -0.01690081
1.58200000 -0.01683688
1.58300000 -0.01677322
1.58400000 -0.01670985
1.58500000 -0.01664675
1.58600000 -0.01658393
1.58700000 -0.01652139
1.58800000 -0.01645912
1.58900000 -0.01639713
1.59000000 -0.01633541
1.59100000 -0.01627396
1.59200000 -0.01621277
1.59300000 -0.01615186
1.59400000 -0.01609121
1.59500000 -0.01603083
1.59600000 -0.01597071
1.59700000 -0.01591086
1.59800000 -0.01585126
1.59900000 -0.01579193
1.60000000 -0.01573286
1.60100000 -0.01567404
1.60200000 -0.01561548
1.60300000 -0.01555717
1.60400000 -0.01549912
1.60500000 -0.01544132
1.60600000 -0.01538377
1.60700000 -0.01532647
1.60800000 -0.01526942
1.60900000 -0.01521262
1.61000000 -0.01515606
1.61100000 -0.01509975
1.61200000 -0.01504368
1.61300000 -0.01498786
1.61400000 -0.01493227
1.61500000 -0.01487693
1.61600000 -0.01482182
1.61700000 -0.01476696
1.61800000 -0.01471233
1.61900000 -0.01465793
1.62000000 -0.01460377
1.62100000 -0.01454985
1.62200000 -0.01449615
1.62300000 -0.01444269
1.62400000 -0.01438945
1.62500000 -0.01433645
1.62600000 -0.01428367
1.62700000 -0.01423112
1.62800000 -0.01417879
1.62900000 -0.01412669
1.63000000 -0.01407481
1.63100000 -0.01402315
1.63200000 -0.01397171
1.63300000 -0.01392050
1.63400000 -0.01386950
1.63500000 -0.01381872
1.63600000 -0.01376816
1.63700000 -0.01371781
1.63800000 -0.01366768
1.63900000 -0.01361776
1.64000000 -0.01356805
1.64100000 -0.01351855
1.64200000 -0.01346927
1.64300000 -0.01342019
1.64400000 -0.01337133
1.64500000 -0.01332267
1.64600000 -0.01327421
1.64700000 -0.01322596
1.64800000 -0.01317792
1.64900000 -0.01313008
1.65000000 -0.01308244
1.65100000 -0.01303500
1.65200000 -0.01298777
1.65300000 -0.01294073
1.65400000 -0.01289389
1.65500000 -0.01284725
1.65600000 -0.01280081
1.65700000 -0.01275456
1.65800000 -0.01270850
1.65900000 -0.01266264
1.66000000 -0.01261698
1.66100000 -0.01257150
1.66200000 -0.01252622
1.66300000 -0.01248112
1.66400000 -0.01243622
1.66500000 -0.01239150
1.66600000 -0.01234697
1.66700000 -0.01230263
1.66800000 -0.01225847
1.66900000 -0.01221450
1.67000000 -0.01217071
1.67100000 -0.01212711
1.67200000 -0.01208368
1.67300000 -0.01204044
1.67400000 -0.01199738
1.67500000 -0.01195449
1.67600000 -0.01191179
1.67700000 -0.01186926
1.67800000 -0.01182691
1.67900000 -0.01178474
1.68000000 -0.01174274
1.68100000 -0.01170092
1.68200000 -0.01165927
1.68300000 -0.01161779
1.68400000 -0.01157649
1.68500000 -0.01153535
1.68600000 -0.01149439
1.68700000 -0.01145360
1.68800000 -0.01141297
1.68900000 -0.01137251
1.69000000 -0.01133222
1.69100000 -0.01129210
1.69200000 -0.01125214
1.69300000 -0.01121235
1.69400000 -0.01117272
1.69500000 -0.01113325
1.69600000 -0.01109395
1.69700000 -0.01105480
1.69800000 -0.01101582
1.69900000 -0.01097700
1.70000000 -0.01093834
1.70100000 -0.01089984
1.70200000 -0.01086149
1.70300000 -0.01082331
1.70400000 -0.01078527
1.70500000 -0.01074740
1.70600000 -0.01070968
1.70700000 -0.01067211
1.70800000 -0.01063470
1.70900000 -0.01059744
1.71000000 -0.01056033
1.71100000 -0.01052338
1.71200000 -0.01048657
1.71300000 -0.01044992
1.71400000 -0.01041341
1.71500000 -0.01037705
1.71600000 -0.01034084
1.71700000 -0.01030478
1.71800000 -0.01026886
1.71900000 -0.01023309
1.72000000 -0.01019747
1.72100000 -0.01016199
1.72200000 -0.01012665
1.72300000 -0.01009146
1.72400000 -0.01005641
1.72500000 -0.01002150
1.72600000 -0.00998674
1.72700000 -0.00995211
1.72800000 -0.00991762
1.72900000 -0.00988327
1.73000000 -0.00984907
1.73100000 -0.00981500
1.73200000 -0.00978106
1.73300000 -0.00974727
1.73400000 -0.00971360
1.73500000 -0.00968008
1.73600000 -0.00964669
1.73700000 -0.00961343
1.73800000 -0.00958031
1.73900000 -0.00954732
1.74000000 -0.00951446
1.74100000 -0.00948174
1.74200000 -0.00944915
1.74300000 -0.00941668
1.74400000 -0.00938435
1.74500000 -0.00935215
1.74600000 -0.00932007
1.74700000 -0.00928812
1.74800000 -0.00925630
1.74900000 -0.00922461
1.75000000 -0.00919305
1.75100000 -0.00916161
1.75200000 -0.00913029
1.75300000 -0.00909910
1.75400000 -0.00906804
1.75500000 -0.00903709
1.75600000 -0.00900628
1.75700000 -0.00897558
1.75800000 -0.00894500
1.75900000 -0.00891455
1.76000000 -0.00888422
1.76100000 -0.00885401
1.76200000 -0.00882392
1.76300000 -0.00879394
1.76400000 -0.00876409
1.76500000 -0.00873435
1.76600000 -0.00870473
1.76700000 -0.00867523
1.76800000 -0.00864585
1.76900000 -0.00861658
1.77000000 -0.00858743
1.77100000 -0.00855839
1.77200000 -0.00852946
1.77300000 -0.00850065
1.77400000 -0.00847196
1.77500000 -0.00844337
1.77600000 -0.00841490
1.77700000 -0.00838654
1.77800000 -0.00835829
1.77900000 -0.00833016
1.78000000 -0.00830213
1.78100000 -0.00827421
1.78200000 -0.00824641
1.78300000 -0.00821871
1.78400000 -0.00819112
1.78500000 -0.00816364
1.78600000 -0.00813626
1.78700000 -0.00810899
1.78800000 -0.00808183
1.78900000 -0.00805478
1.79000000 -0.00802783
1.79100000 -0.00800098
1.79200000 -0.00797424
1.79300000 -0.00794761
1.79400000 -0.00792108
1.79500000 -0.00789465
1.79600000 -0.00786832
1.79700000 -0.00784210
1.79800000 -0.00781598
1.79900000 -0.00778996
1.80000000 -0.00776404
1.80100000 -0.00773822
1.80200000 -0.00771250
1.80300000 -0.00768688
1.80400000 -0.00766136
1.80500000 -0.00763594
1.80600000 -0.00761062
1.80700000 -0.00758539
1.80800000 -0.00756027
1.80900000 -0.00753524
1.81000000 -0.00751030
1.81100000 -0.00748547
1.81200000 -0.00746072
1.81300000 -0.00743608
1.81400000 -0.00741153
1.81500000 -0.00738707
1.81600000 -0.00736271
1.81700000 -0.00733844
1.81800000 -0.00731426
1.81900000 -0.00729018
1.82000000 -0.00726619
1.82100000 -0.00724229
1.82200000 -0.00721848
1.82300000 -0.00719477
1.82400000 -0.00717114
1.82500000 -0.00714761
1.82600000 -0.00712416
1.82700000 -0.00710081
1.82800000 -0.00707754
1.82900000 -0.00705436
1.83000000 -0.00703128
1.83100000 -0.00700828
1.83200000 -0.00698536
1.83300000 -0.00696254
1.83400000 -0.00693980
1.83500000 -0.00691715
1.83600000 -0.00689458
1.83700000 -0.00687210
1.83800000 -0.00684971
1.83900000 -0.00682740
1.84000000 -0.00680517
1.84100000 -0.00678303
1.84200000 -0.00676098
1.84300000 -0.00673901
1.84400000 -0.00671712
1.84500000 -0.00669531
1.84600000 -0.00667359
1.84700000 -0.00665194
1.84800000 -0.00663038
1.84900000 -0.00660891
1.85000000 -0.00658751
1.85100000 -0.00656619
1.85200000 -0.00654496
1.85300000 -0.00652380
1.85400000 -0.00650272
1.85500000 -0.00648173
1.85600000 -0.00646081
1.85700000 -0.00643997
1.85800000 -0.00641921
1.85900000 -0.00639852
1.86000000 -0.00637792
1.86100000 -0.00635739
1.86200000 -0.00633694
1.86300000 -0.00631657
1.86400000 -0.00629627
1.86500000 -0.00627605
1.86600000 -0.00625590
1.86700000 -0.00623583
1.86800000 -0.00621583
1.86900000 -0.00619591
1.87000000 -0.00617607
1.87100000 -0.00615629
1.87200000 -0.00613660
1.87300000 -0.00611697
1.87400000 -0.00609742
1.87500000 -0.00607794
1.87600000 -0.00605853
1.87700000 -0.00603920
1.87800000 -0.00601994
1.87900000 -0.00600075
1.88000000 -0.00598163
1.88100000 -0.00596258
1.88200000 -0.00594360
1.88300000 -0.00592469
1.88400000 -0.00590586
1.88500000 -0.00588709
1.88600000 -0.00586839
1.88700000 -0.00584976
1.88800000 -0.00583120
1.88900000 -0.00581271
1.89000000 -0.00579429
1.89100000 -0.00577593
1.89200000 -0.00575765
1.89300000 -0.00573943
1.89400000 -0.00572128
1.89500000 -0.00570319
1.89600000 -0.00568517
1.89700000 -0.00566722
1.89800000 -0.00564933
1.89900000 -0.00563151
1.90000000 -0.00561376
1.90100000 -0.00559607
1.90200000 -0.00557844
1.90300000 -0.00556089
1.90400000 -0.00554339
1.90500000 -0.00552596
1.90600000 -0.00550859
1.90700000 -0.00549129
1.90800000 -0.00547405
1.90900000 -0.00545687
1.91000000 -0.00543976
1.91100000 -0.00542270
1.91200000 -0.00540571
1.91300000 -0.00538879
1.91400000 -0.00537192
1.91500000 -0.00535512
1.91600000 -0.00533837
1.91700000 -0.00532169
1.91800000 -0.00530507
1.91900000 -0.00528851
1.92000000 -0.00527201
1.92100000 -0.00525557
1.92200000 -0.00523919
1.92300000 -0.00522287
1.92400000 -0.00520661
1.92500000 -0.00519041
1.92600000 -0.00517426
1.92700000 -0.00515818
1.92800000 -0.00514215
1.92900000 -0.00512618
1.93000000 -0.00511027
1.93100000 -0.00509442
1.93200000 -0.00507862
1.93300000 -0.00506288
1.93400000 -0.00504720
1.93500000 -0.00503157
1.93600000 -0.00501600
1.93700000 -0.00500049
1.93800000 -0.00498503
1.93900000 -0.00496963
1.94000000 -0.00495429
1.94100000 -0.00493900
1.94200000 -0.00492376
1.94300000 -0.00490858
1.94400000 -0.00489345
1.94500000 -0.00487838
1.94600000 -0.00486336
1.94700000 -0.00484840
1.94800000 -0.00483349
1.94900000 -0.00481863
1.95000000 -0.00480383
1.95100000 -0.00478908
1.95200000 -0.00477438
1.95300000 -0.00475974
1.95400000 -0.00474514
1.95500000 -0.00473060
1.95600000 -0.00471611
1.95700000 -0.00470168
1.95800000 -0.00468729
1.95900000 -0.00467296
1.96000000 -0.00465867
1.96100000 -0.00464444
1.96200000 -0.00463026
1.96300000 -0.00461613
1.96400000 -0.00460205
1.96500000 -0.00458802
1.96600000 -0.00457404
1.96700000 -0.00456011
1.96800000 -0.00454622
1.96900000 -0.00453239
1.97000000 -0.00451861
1.97100000 -0.00450488
1.97200000 -0.00449119
1.97300000 -0.00447755
1.97400000 -0.00446396
1.97500000 -0.00445042
1.97600000 -0.00443693
1.97700000 -0.00442348
1.97800000 -0.00441009
1.97900000 -0.00439674
1.98000000 -0.00438343
1.98100000 -0.00437018
1.98200000 -0.00435697
1.98300000 -0.00434380
1.98400000 -0.00433069
1.98500000 -0.00431762
1.98600000 -0.00430459
1.98700000 -0.00429161
1.98800000 -0.00427868
1.98900000 -0.00426579
1.99000000 -0.00425295
1.99100000 -0.00424015
1.99200000 -0.00422740
1.99300000 -0.00421469
1.99400000 -0.00420203
1.99500000 -0.00418941
1.99600000 -0.00417683
1.99700000 -0.00416430
1.99800000 -0.00415182
1.99900000 -0.00413937
2.00000000 -0.00412697
