0.10000000 2441093750.00000000
0.10100000 2166329695.98398685
0.10200000 1924754675.89046764
0.10300000 1712091509.29716039
0.10400000 1524648167.28704023
0.10500000 1359233160.66110826
0.10600000 1213083810.12652302
0.10700000 1083805340.42013168
0.10800000 969319084.31091249
0.10900000 867818366.42051899
0.11000000 777730871.69753504
0.11100000 697686498.01441169
0.11200000 626489853.91083634
0.11300000 563096696.83600724
0.11400000 506593719.12247592
0.11500000 456181182.26169211
0.11600000 411157978.04656774
0.11700000 370908760.42538863
0.11800000 334892846.63337368
0.11900000 302634632.11138952
0.12000000 273715302.35253853
0.12100000 247765657.34888569
0.12200000 224459891.74563414
0.12300000 203510196.98048094
0.12400000 184662071.28228685
0.12500000 167690240.00000000
0.12600000 152395102.80836120
0.12700000 138599636.29043368
0.12800000 126146690.56178588
0.12900000 114896627.25619543
0.13000000 104725253.57172675
0.13100000 95522013.37504692
0.13200000 87188401.74564432
0.13300000 79636573.94880496
0.13400000 72788123.77356677
0.13500000 66573009.55792230
0.13600000 60928609.13148812
0.13700000 55798887.40609252
0.13800000 51133662.49684798
0.13900000 46887958.11081082
0.14000000 43021431.54020183
0.14100000 39497867.97882269
0.14200000 36284733.07480112
0.14300000 33352776.66657006
0.14400000 30675681.54458710
0.14500000 28229751.85799304
0.14600000 25993636.45965865
0.14700000 23948083.06897144
0.14800000 22075719.64134181
0.14900000 20360859.77712400
0.15000000 18789329.38933953
0.15100000 17348312.18690681
0.15200000 16026211.82460010
0.15300000 14812528.82834461
0.15400000 13697750.62959188
0.15500000 12673253.23962465
0.15600000 11731213.26735332
0.15700000 10864529.13564130
0.15800000 10066750.48415396
0.15900000 9332014.86353216
0.16000000 8654990.92839173
0.16100000 8030827.42702337
0.16200000 7455107.36525778
0.16300000 6923806.79211028
0.16400000 6433257.71669826
0.16500000 5980114.72054919
0.16600000 5561324.87767664
0.16700000 5174100.63746871
0.16800000 4815895.36318636
0.16900000 4484381.25229705
0.17000000 4177429.39449063
0.17100000 3893091.74949141
0.17200000 3629584.85008934
0.17300000 3385275.05651263
0.17400000 3158665.20665825
0.17500000 2948382.52305404
0.17600000 2753167.65198240
0.17700000 2571864.72315691
0.17800000 2403412.32989356
0.17900000 2246835.34001628
0.18000000 2101237.45692589
0.18100000 1965794.45846503
0.18200000 1839748.04854158
0.18300000 1722400.26302479
0.18400000 1613108.37728963
0.18500000 1511280.26803083
0.18600000 1416370.18666655
0.18700000 1327874.90586208
0.18800000 1245330.20447952
0.18900000 1168307.65964722
0.19000000 1096411.71768334
0.19100000 1029277.01834035
0.19200000 966565.94929198
0.19300000 907966.40999256
0.19400000 853189.76602523
0.19500000 801968.97684419
0.19600000 754056.88142766
0.19700000 709224.62780986
0.19800000 667260.23377047
0.19900000 627967.26714090
0.20000000 591163.63525391
0.20100000 556680.47402572
0.20200000 524361.12803099
0.20300000 494060.21371739
0.20400000 465642.75861906
0.20500000 438983.41007194
0.20600000 413965.70751799
0.20700000 390481.41301331
0.20800000 368429.89503460
0.20900000 347717.56111252
0.21000000 328257.33521480
0.21100000 309968.17615950
0.21200000 292774.63366372
0.21300000 276606.43892814
0.21400000 261398.12692596
0.21500000 247088.68780881
0.21600000 233621.24506388
0.21700000 220942.75825879
0.21800000 209003.74839419
0.21900000 197758.04405200
0.22000000 187162.54667959
0.22100000 177177.01348938
0.22200000 167763.85658055
0.22300000 158887.95700495
0.22400000 150516.49260563
0.22500000 142618.77855226
0.22600000 135166.11958671
0.22700000 128131.67307215
0.22800000 121490.32201293
0.22900000 115218.55728013
0.23000000 109294.36833916
0.23100000 103697.14183233
0.23200000 98407.56742134
0.23300000 93407.55034151
0.23400000 88680.13016370
0.23500000 84209.40529906
0.23600000 79980.46281880
0.23700000 75979.31319438
0.23800000 72192.82959443
0.23900000 68608.69140300
0.24000000 65215.33164957
0.24100000 62001.88806523
0.24200000 58958.15750127
0.24300000 56074.55346673
0.24400000 53342.06655971
0.24500000 50752.22758468
0.24600000 48297.07316345
0.24700000 45969.11366205
0.24800000 43761.30326909
0.24900000 41667.01207339
0.25000000 39680.00000000
0.25100000 37794.39247431
0.25200000 36004.65769327
0.25300000 34305.58539190
0.25400000 32692.26700142
0.25500000 31160.07710263
0.25600000 29704.65608557
0.25700000 28321.89393269
0.25800000 27007.91504862
0.25900000 25759.06406556
0.26000000 24571.89255786
0.26100000 23443.14660463
0.26200000 22369.75514306
0.26300000 21348.81905962
0.26400000 20377.60096978
0.26500000 19453.51564035
0.26600000 18574.12101197
0.26700000 17737.10978195
0.26800000 16940.30151065
0.26900000 16181.63521710
0.27000000 15459.16243173
0.27100000 14771.04067666
0.27200000 14115.52734559
0.27300000 13490.97395760
0.27400000 12895.82076076
0.27500000 12328.59166295
0.27600000 11787.88946918
0.27700000 11272.39140573
0.27800000 10780.84491285
0.27900000 10312.06368919
0.28000000 9864.92397194
0.28100000 9438.36103788
0.28200000 9031.36591160
0.28300000 8642.98226780
0.28400000 8272.30351575
0.28500000 7918.47005452
0.28600000 7580.66668850
0.28700000 7258.12019321
0.28800000 6950.09702234
0.28900000 6655.90114734
0.29000000 6374.87202132
0.29100000 6106.38266000
0.29200000 5849.83783229
0.29300000 5604.67235424
0.29400000 5370.34947978
0.29500000 5146.35938278
0.29600000 4932.21772469
0.29700000 4727.46430290
0.29800000 4531.66177482
0.29900000 4344.39445343
0.30000000 4165.26716983
0.30100000 3993.90419905
0.30200000 3829.94824535
0.30300000 3673.05948349
0.30400000 3522.91465275
0.30500000 3379.20620070
0.30600000 3241.64147373
0.30700000 3109.94195169
0.30800000 2983.84252413
0.30900000 2863.09080576
0.31000000 2747.44648881
0.31100000 2636.68073032
0.31200000 2530.57557223
0.31300000 2428.92339253
0.31400000 2331.52638565
0.31500000 2238.19607054
0.31600000 2148.75282472
0.31700000 2063.02544298
0.31800000 1980.85071941
0.31900000 1902.07305126
0.32000000 1826.54406357
0.32100000 1754.12225346
0.32200000 1684.67265286
0.32300000 1618.06650876
0.32400000 1554.18098001
0.32500000 1492.89884972
0.32600000 1434.10825254
0.32700000 1377.70241580
0.32800000 1323.57941399
0.32900000 1271.64193569
0.33000000 1221.79706235
0.33100000 1173.95605832
0.33200000 1128.03417147
0.33300000 1083.95044380
0.33400000 1041.62753168
0.33500000 1000.99153498
0.33600000 961.97183477
0.33700000 924.50093918
0.33800000 888.51433678
0.33900000 853.95035732
0.34000000 820.75003933
0.34100000 788.85700420
0.34200000 758.21733650
0.34300000 728.77947008
0.34400000 700.49407987
0.34500000 673.31397877
0.34600000 647.19401969
0.34700000 622.09100227
0.34800000 597.96358412
0.34900000 574.77219633
0.35000000 552.47896304
0.35100000 531.04762486
0.35200000 510.44346595
0.35300000 490.63324458
0.35400000 471.58512699
0.35500000 453.26862433
0.35600000 435.65453271
0.35700000 418.71487592
0.35800000 402.42285094
0.35900000 386.75277599
0.36000000 371.68004098
0.36100000 357.18106029
0.36200000 343.23322776
0.36300000 329.81487375
0.36400000 316.90522416
0.36500000 304.48436140
0.36600000 292.53318714
0.36700000 281.03338670
0.36800000 269.96739518
0.36900000 259.31836508
0.37000000 249.07013536
0.37100000 239.20720199
0.37200000 229.71468976
0.37300000 220.57832540
0.37400000 211.78441192
0.37500000 203.31980408
0.37600000 195.17188496
0.37700000 187.32854362
0.37800000 179.77815370
0.37900000 172.50955299
0.38000000 165.51202397
0.38100000 158.77527509
0.38200000 152.28942302
0.38300000 146.04497554
0.38400000 140.03281530
0.38500000 134.24418424
0.38600000 128.67066867
0.38700000 123.30418506
0.38800000 118.13696641
0.38900000 113.16154919
0.39000000 108.37076093
0.39100000 103.75770827
0.39200000 99.31576551
0.39300000 95.03856375
0.39400000 90.91998043
0.39500000 86.95412928
0.39600000 83.13535080
0.39700000 79.45820306
0.39800000 75.91745293
0.39900000 72.50806769
0.40000000 69.22520697
0.40100000 66.06421503
0.40200000 63.02061339
0.40300000 60.09009378
0.40400000 57.26851129
0.40500000 54.55187799
0.40600000 51.93635659
0.40700000 49.41825457
0.40800000 46.99401842
0.40900000 44.66022816
0.41000000 42.41359213
0.41100000 40.25094191
0.41200000 38.16922751
0.41300000 36.16551278
0.41400000 34.23697089
0.41500000 32.38088018
0.41600000 30.59461997
0.41700000 28.87566673
0.41800000 27.22159029
0.41900000 25.63005021
0.42000000 24.09879239
0.42100000 22.62564568
0.42200000 21.20851874
0.42300000 19.84539697
0.42400000 18.53433958
0.42500000 17.27347677
0.42600000 16.06100703
0.42700000 14.89519456
0.42800000 13.77436673
0.42900000 12.69691175
0.43000000 11.66127634
0.43100000 10.66596351
0.43200000 9.70953047
0.43300000 8.79058657
0.43400000 7.90779136
0.43500000 7.05985270
0.43600000 6.24552498
0.43700000 5.46360732
0.43800000 4.71294200
0.43900000 3.99241276
0.44000000 3.30094333
0.44100000 2.63749592
0.44200000 2.00106980
0.44300000 1.39069992
0.44400000 0.80545563
0.44500000 0.24443938
0.44600000 -0.29321448
0.44700000 -0.80834087
0.44800000 -1.30174511
0.44900000 -1.77420400
0.45000000 -2.22646685
0.45100000 -2.65925649
0.45200000 -3.07327025
0.45300000 -3.46918084
0.45400000 -3.84763730
0.45500000 -4.20926580
0.45600000 -4.55467052
0.45700000 -4.88443440
0.45800000 -5.19911991
0.45900000 -5.49926984
0.46000000 -5.78540791
0.46100000 -6.05803955
0.46200000 -6.31765249
0.46300000 -6.56471743
0.46400000 -6.79968862
0.46500000 -7.02300447
0.46600000 -7.23508810
0.46700000 -7.43634788
0.46800000 -7.62717798
0.46900000 -7.80795883
0.47000000 -7.97905763
0.47100000 -8.14082885
0.47200000 -8.29361461
0.47300000 -8.43774516
0.47400000 -8.57353930
0.47500000 -8.70130478
0.47600000 -8.82133865
0.47700000 -8.93392769
0.47800000 -9.03934873
0.47900000 -9.13786903
0.48000000 -9.22974659
0.48100000 -9.31523047
0.48200000 -9.39456112
0.48300000 -9.46797067
0.48400000 -9.53568323
0.48500000 -9.59791514
0.48600000 -9.65487527
0.48700000 -9.70676527
0.48800000 -9.75377982
0.48900000 -9.79610685
0.49000000 -9.83392782
0.49100000 -9.86741788
0.49200000 -9.89674614
0.49300000 -9.92207587
0.49400000 -9.94356468
0.49500000 -9.96136472
0.49600000 -9.97562287
0.49700000 -9.98648095
0.49800000 -9.99407583
0.49900000 -9.99853966
0.50000000 -10.00000000
0.50100000 -9.99268126
0.50200000 -9.97130568
0.50300000 -9.93671962
0.50400000 -9.88973744
0.50500000 -9.83114232
0.50600000 -9.76168718
0.50700000 -9.68209551
0.50800000 -9.59306219
0.50900000 -9.49525431
0.51000000 -9.38931196
0.51100000 -9.27584904
0.51200000 -9.15545399
0.51300000 -9.02869055
0.51400000 -8.89609848
0.51500000 -8.75819429
0.51600000 -8.61547197
0.51700000 -8.46840359
0.51800000 -8.31744005
0.51900000 -8.16301171
0.52000000 -8.00552901
0.52100000 -7.84538313
0.52200000 -7.68294657
0.52300000 -7.51857377
0.52400000 -7.35260170
0.52500000 -7.18535040
0.52600000 -7.01712356
0.52700000 -6.84820906
0.52800000 -6.67887950
0.52900000 -6.50939272
0.53000000 -6.33999232
0.53100000 -6.17090811
0.53200000 -6.00235665
0.53300000 -5.83454167
0.53400000 -5.66765456
0.53500000 -5.50187481
0.53600000 -5.33737043
0.53700000 -5.17429840
0.53800000 -5.01280504
0.53900000 -4.85302648
0.54000000 -4.69508899
0.54100000 -4.53910939
0.54200000 -4.38519542
0.54300000 -4.23344608
0.54400000 -4.08395204
0.54500000 -3.93679589
0.54600000 -3.79205258
0.54700000 -3.64978963
0.54800000 -3.51006756
0.54900000 -3.37294009
0.55000000 -3.23845450
0.55100000 -3.10665192
0.55200000 -2.97756757
0.55300000 -2.85123106
0.55400000 -2.72766663
0.55500000 -2.60689346
0.55600000 -2.48892583
0.55700000 -2.37377345
0.55800000 -2.26144162
0.55900000 -2.15193150
0.56000000 -2.04524032
0.56100000 -1.94136157
0.56200000 -1.84028522
0.56300000 -1.74199792
0.56400000 -1.64648320
0.56500000 -1.55372162
0.56600000 -1.46369098
0.56700000 -1.37636648
0.56800000 -1.29172089
0.56900000 -1.20972470
0.57000000 -1.13034629
0.57100000 -1.05355208
0.57200000 -0.97930665
0.57300000 -0.90757289
0.57400000 -0.83831216
0.57500000 -0.77148437
0.57600000 -0.70704816
0.57700000 -0.64496095
0.57800000 -0.58517912
0.57900000 -0.52765806
0.58000000 -0.47235235
0.58100000 -0.41921577
0.58200000 -0.36820147
0.58300000 -0.31926202
0.58400000 -0.27234953
0.58500000 -0.22741569
0.58600000 -0.18441192
0.58700000 -0.14328938
0.58800000 -0.10399905
0.58900000 -0.06649187
0.59000000 -0.03071872
0.59100000 0.00336946
0.59200000 0.03582164
0.59300000 0.06668662
0.59400000 0.09601298
0.59500000 0.12384904
0.59600000 0.15024281
0.59700000 0.17524190
0.59800000 0.19889355
0.59900000 0.22124452
0.60000000 0.24234111
0.60100000 0.26222905
0.60200000 0.28095353
0.60300000 0.29855914
0.60400000 0.31508983
0.60500000 0.33058890
0.60600000 0.34509897
0.60700000 0.35866193
0.60800000 0.37131893
0.60900000 0.38311038
0.61000000 0.39407590
0.61100000 0.40425431
0.61200000 0.41368360
0.61300000 0.42240093
0.61400000 0.43044262
0.61500000 0.43784411
0.61600000 0.44463997
0.61700000 0.45086386
0.61800000 0.45654856
0.61900000 0.46172592
0.62000000 0.46642688
0.62100000 0.47068143
0.62200000 0.47451864
0.62300000 0.47796661
0.62400000 0.48105251
0.62500000 0.48380255
0.62600000 0.48624195
0.62700000 0.48839499
0.62800000 0.49028496
0.62900000 0.49193419
0.63000000 0.49336401
0.63100000 0.49459479
0.63200000 0.49564589
0.63300000 0.49653571
0.63400000 0.49728165
0.63500000 0.49790010
0.63600000 0.49840651
0.63700000 0.49881528
0.63800000 0.49913986
0.63900000 0.49939268
0.64000000 0.49958519
0.64100000 0.49972784
0.64200000 0.49983009
0.64300000 0.49990040
0.64400000 0.49994624
0.64500000 0.49997407
0.64600000 0.49998938
0.64700000 0.49999664
0.64800000 0.49999934
0.64900000 0.49999996
0.65000000 0.50000000
0.65100000 0.49996633
0.65200000 0.49986533
0.65300000 0.49969700
0.65400000 0.49946132
0.65500000 0.49915830
0.65600000 0.49878790
0.65700000 0.49835007
0.65800000 0.49784475
0.65900000 0.49727183
0.66000000 0.49663113
0.66100000 0.49592244
0.66200000 0.49514545
0.66300000 0.49429976
0.66400000 0.49338486
0.66500000 0.49240013
0.66600000 0.49134479
0.66700000 0.49021787
0.66800000 0.48901826
0.66900000 0.48774460
0.67000000 0.48639532
0.67100000 0.48496859
0.67200000 0.48346231
0.67300000 0.48187407
0.67400000 0.48020115
0.67500000 0.47844047
0.67600000 0.47658861
0.67700000 0.47464175
0.67800000 0.47259566
0.67900000 0.47044571
0.68000000 0.46818682
0.68100000 0.46581349
0.68200000 0.46331974
0.68300000 0.46069918
0.68400000 0.45794494
0.68500000 0.45504973
0.68600000 0.45200583
0.68700000 0.44880514
0.68800000 0.44543921
0.68900000 0.44189926
0.69000000 0.43817627
0.69100000 0.43426104
0.69200000 0.43014424
0.69300000 0.42581658
0.69400000 0.42126884
0.69500000 0.41649205
0.69600000 0.41147762
0.69700000 0.40621747
0.69800000 0.40070423
0.69900000 0.39493139
0.70000000 0.38889352
0.70100000 0.38258643
0.70200000 0.37600738
0.70300000 0.36915527
0.70400000 0.36203085
0.70500000 0.35463684
0.70600000 0.34697812
0.70700000 0.33906187
0.70800000 0.33089762
0.70900000 0.32249735
0.71000000 0.31387548
0.71100000 0.30504888
0.71200000 0.29603672
0.71300000 0.28686041
0.71400000 0.27754337
0.71500000 0.26811081
0.71600000 0.25858948
0.71700000 0.24900731
0.71800000 0.23939310
0.71900000 0.22977615
0.72000000 0.22018585
0.72100000 0.21065136
0.72200000 0.20120115
0.72300000 0.19186274
0.72400000 0.18266232
0.72500000 0.17362445
0.72600000 0.16477187
0.72700000 0.15612523
0.72800000 0.14770300
0.72900000 0.13952129
0.73000000 0.13159390
0.73100000 0.12393218
0.73200000 0.11654519
0.73300000 0.10943967
0.73400000 0.10262019
0.73500000 0.09608927
0.73600000 0.08984751
0.73700000 0.08389379
0.73800000 0.07822538
0.73900000 0.07283818
0.74000000 0.06772686
0.74100000 0.06288502
0.74200000 0.05830541
0.74300000 0.05398003
0.74400000 0.04990032
0.74500000 0.04605728
0.74600000 0.04244158
0.74700000 0.03904369
0.74800000 0.03585398
0.74900000 0.03286281
0.75000000 0.03006059
0.75100000 0.02743785
0.75200000 0.02498528
0.75300000 0.02269383
0.75400000 0.02055467
0.75500000 0.01855927
0.75600000 0.01669940
0.75700000 0.01496716
0.75800000 0.01335497
0.75900000 0.01185559
0.76000000 0.01046212
0.76100000 0.00916800
0.76200000 0.00796700
0.76300000 0.00685322
0.76400000 0.00582108
0.76500000 0.00486529
0.76600000 0.00398090
0.76700000 0.00316320
0.76800000 0.00240780
0.76900000 0.00171055
0.77000000 0.00106755
0.77100000 0.00047514
0.77200000 -0.00007009
0.77300000 -0.00057136
0.77400000 -0.00103167
0.77500000 -0.00145384
0.77600000 -0.00184050
0.77700000 -0.00219412
0.77800000 -0.00251698
0.77900000 -0.00281125
0.78000000 -0.00307894
0.78100000 -0.00332190
0.78200000 -0.00354190
0.78300000 -0.00374057
0.78400000 -0.00391942
0.78500000 -0.00407989
0.78600000 -0.00422329
0.78700000 -0.00435086
0.78800000 -0.00446375
0.78900000 -0.00456304
0.79000000 -0.00464972
0.79100000 -0.00472473
0.79200000 -0.00478894
0.79300000 -0.00484315
0.79400000 -0.00488812
0.79500000 -0.00492455
0.79600000 -0.00495310
0.79700000 -0.00497437
0.79800000 -0.00498893
0.79900000 -0.00499731
0.80000000 -0.00500000
0.80100000 -0.00499746
0.80200000 -0.00499011
0.80300000 -0.00497835
0.80400000 -0.00496255
0.80500000 -0.00494305
0.80600000 -0.00492017
0.80700000 -0.00489420
0.80800000 -0.00486543
0.80900000 -0.00483412
0.81000000 -0.00480048
0.81100000 -0.00476476
0.81200000 -0.00472716
0.81300000 -0.00468786
0.81400000 -0.00464704
0.81500000 -0.00460488
0.81600000 -0.00456152
0.81700000 -0.00451710
0.81800000 -0.00447176
0.81900000 -0.00442562
0.82000000 -0.00437879
0.82100000 -0.00433137
0.82200000 -0.00428347
0.82300000 -0.00423517
0.82400000 -0.00418656
0.82500000 -0.00413770
0.82600000 -0.00408868
0.82700000 -0.00403956
0.82800000 -0.00399040
0.82900000 -0.00394125
0.83000000 -0.00389216
0.83100000 -0.00384319
0.83200000 -0.00379437
0.83300000 -0.00374574
0.83400000 -0.00369734
0.83500000 -0.00364920
0.83600000 -0.00360135
0.83700000 -0.00355383
0.83800000 -0.00350664
0.83900000 -0.00345982
0.84000000 -0.00341339
0.84100000 -0.00336736
0.84200000 -0.00332175
0.84300000 -0.00327658
0.84400000 -0.00323186
0.84500000 -0.00318759
0.84600000 -0.00314379
0.84700000 -0.00310047
0.84800000 -0.00305764
0.84900000 -0.00301530
0.85000000 -0.00297345
0.85100000 -0.00293211
0.85200000 -0.00289127
0.85300000 -0.00285093
0.85400000 -0.00281111
0.85500000 -0.00277180
0.85600000 -0.00273299
0.85700000 -0.00269470
0.85800000 -0.00265692
0.85900000 -0.00261964
0.86000000 -0.00258288
0.86100000 -0.00254662
0.86200000 -0.00251086
0.86300000 -0.00247560
0.86400000 -0.00244084
0.86500000 -0.00240657
0.86600000 -0.00237279
0.86700000 -0.00233950
0.86800000 -0.00230668
0.86900000 -0.00227435
0.87000000 -0.00224249
0.87100000 -0.00221110
0.87200000 -0.00218017
0.87300000 -0.00214969
0.87400000 -0.00211968
0.87500000 -0.00209011
0.87600000 -0.00206098
0.87700000 -0.00203229
0.87800000 -0.00200403
0.87900000 -0.00197620
0.88000000 -0.00194879
0.88100000 -0.00192180
0.88200000 -0.00189522
0.88300000 -0.00186904
0.88400000 -0.00184326
0.88500000 -0.00181788
0.88600000 -0.00179288
0.88700000 -0.00176827
0.88800000 -0.00174403
0.88900000 -0.00172017
0.89000000 -0.00169667
0.89100000 -0.00167353
0.89200000 -0.00165075
0.89300000 -0.00162832
0.89400000 -0.00160624
0.89500000 -0.00158450
0.89600000 -0.00156309
0.89700000 -0.00154201
0.89800000 -0.00152125
0.89900000 -0.00150081
0.90000000 -0.00148069
0.90100000 -0.00146088
0.90200000 -0.00144137
0.90300000 -0.00142216
0.90400000 -0.00140325
0.90500000 -0.00138463
0.90600000 -0.00136629
0.90700000 -0.00134824
0.90800000 -0.00133046
0.90900000 -0.00131295
0.91000000 -0.00129571
0.91100000 -0.00127874
0.91200000 -0.00126202
0.91300000 -0.00124556
0.91400000 -0.00122935
0.91500000 -0.00121339
0.91600000 -0.00119767
0.91700000 -0.00118219
0.91800000 -0.00116694
0.91900000 -0.00115192
0.92000000 -0.00113714
0.92100000 -0.00112257
0.92200000 -0.00110822
0.92300000 -0.00109409
0.92400000 -0.00108018
0.92500000 -0.00106647
0.92600000 -0.00105297
0.92700000 -0.00103967
0.92800000 -0.00102656
0.92900000 -0.00101366
0.93000000 -0.00100095
0.93100000 -0.00098842
0.93200000 -0.00097608
0.93300000 -0.00096393
0.93400000 -0.00095195
0.93500000 -0.00094015
0.93600000 -0.00092853
0.93700000 -0.00091708
0.93800000 -0.00090579
0.93900000 -0.00089467
0.94000000 -0.00088372
0.94100000 -0.00087292
0.94200000 -0.00086229
0.94300000 -0.00085180
0.94400000 -0.00084147
0.94500000 -0.00083129
0.94600000 -0.00082126
0.94700000 -0.00081137
0.94800000 -0.00080163
0.94900000 -0.00079202
0.95000000 -0.00078255
0.95100000 -0.00077322
0.95200000 -0.00076403
0.95300000 -0.00075496
0.95400000 -0.00074603
0.95500000 -0.00073722
0.95600000 -0.00072853
0.95700000 -0.00071997
0.95800000 -0.00071153
0.95900000 -0.00070321
0.96000000 -0.00069501
0.96100000 -0.00068692
0.96200000 -0.00067895
0.96300000 -0.00067109
0.96400000 -0.00066333
0.96500000 -0.00065569
0.96600000 -0.00064815
0.96700000 -0.00064072
0.96800000 -0.00063339
0.96900000 -0.00062616
0.97000000 -0.00061903
0.97100000 -0.00061200
0.97200000 -0.00060507
0.97300000 -0.00059823
0.97400000 -0.00059149
0.97500000 -0.00058483
0.97600000 -0.00057827
0.97700000 -0.00057180
0.97800000 -0.00056541
0.97900000 -0.00055912
0.98000000 -0.00055290
0.98100000 -0.00054677
0.98200000 -0.00054073
0.98300000 -0.00053476
0.98400000 -0.00052888
0.98500000 -0.00052307
0.98600000 -0.00051734
0.98700000 -0.00051169
0.98800000 -0.00050611
0.98900000 -0.00050061
0.99000000 -0.00049517
0.99100000 -0.00048981
0.99200000 -0.00048453
0.99300000 -0.00047931
0.99400000 -0.00047416
0.99500000 -0.00046907
0.99600000 -0.00046406
0.99700000 -0.00045911
0.99800000 -0.00045422
0.99900000 -0.00044940
1.00000000 -0.00044463
1.00100000 -0.00043993
1.00200000 -0.00043530
1.00300000 -0.00043072
1.00400000 -0.00042620
1.00500000 -0.00042173
1.00600000 -0.00041733
1.00700000 -0.00041298
1.00800000 -0.00040869
1.00900000 -0.00040445
1.01000000 -0.00040026
1.01100000 -0.00039613
1.01200000 -0.00039205
1.01300000 -0.00038802
1.01400000 -0.00038404
1.01500000 -0.00038011
1.01600000 -0.00037623
1.01700000 -0.00037240
1.01800000 -0.00036862
1.01900000 -0.00036488
1.02000000 -0.00036119
1.02100000 -0.00035755
1.02200000 -0.00035395
1.02300000 -0.00035040
1.02400000 -0.00034689
1.02500000 -0.00034342
1.02600000 -0.00033999
1.02700000 -0.00033661
1.02800000 -0.00033327
1.02900000 -0.00032997
1.03000000 -0.00032670
1.03100000 -0.00032348
1.03200000 -0.00032030
1.03300000 -0.00031716
1.03400000 -0.00031405
1.03500000 -0.00031098
1.03600000 -0.00030795
1.03700000 -0.00030495
1.03800000 -0.00030199
1.03900000 -0.00029907
1.04000000 -0.00029618
1.04100000 -0.00029332
1.04200000 -0.00029050
1.04300000 -0.00028771
1.04400000 -0.00028495
1.04500000 -0.00028223
1.04600000 -0.00027954
1.04700000 -0.00027688
1.04800000 -0.00027425
1.04900000 -0.00027165
1.05000000 -0.00026908
1.05100000 -0.00026654
1.05200000 -0.00026404
1.05300000 -0.00026156
1.05400000 -0.00025910
1.05500000 -0.00025668
1.05600000 -0.00025429
1.05700000 -0.00025192
1.05800000 -0.00024958
1.05900000 -0.00024727
1.06000000 -0.00024498
1.06100000 -0.00024272
1.06200000 -0.00024048
1.06300000 -0.00023827
1.06400000 -0.00023609
1.06500000 -0.00023393
1.06600000 -0.00023179
1.06700000 -0.00022968
1.06800000 -0.00022759
1.06900000 -0.00022553
1.07000000 -0.00022348
1.07100000 -0.00022146
1.07200000 -0.00021947
1.07300000 -0.00021749
1.07400000 -0.00021554
1.07500000 -0.00021361
1.07600000 -0.00021170
1.07700000 -0.00020981
1.07800000 -0.00020794
1.07900000 -0.00020610
1.08000000 -0.00020427
1.08100000 -0.00020246
1.08200000 -0.00020067
1.08300000 -0.00019891
1.08400000 -0.00019716
1.08500000 -0.00019543
1.08600000 -0.00019372
1.08700000 -0.00019202
1.08800000 -0.00019035
1.08900000 -0.00018869
1.09000000 -0.00018705
1.09100000 -0.00018543
1.09200000 -0.00018383
1.09300000 -0.00018224
1.09400000 -0.00018067
1.09500000 -0.00017912
1.09600000 -0.00017758
1.09700000 -0.00017606
1.09800000 -0.00017456
1.09900000 -0.00017307
1.10000000 -0.00017160
1.10100000 -0.00017014
1.10200000 -0.00016870
1.10300000 -0.00016727
1.10400000 -0.00016586
1.10500000 -0.00016446
1.10600000 -0.00016308
1.10700000 -0.00016171
1.10800000 -0.00016036
1.10900000 -0.00015902
1.11000000 -0.00015769
1.11100000 -0.00015638
1.11200000 -0.00015508
1.11300000 -0.00015379
1.11400000 -0.00015252
1.11500000 -0.00015126
1.11600000 -0.00015002
1.11700000 -0.00014878
1.11800000 -0.00014756
1.11900000 -0.00014635
1.12000000 -0.00014515
1.12100000 -0.00014397
1.12200000 -0.00014280
1.12300000 -0.00014164
1.12400000 -0.00014049
1.12500000 -0.00013935
1.12600000 -0.00013822
1.12700000 -0.00013711
1.12800000 -0.00013600
1.12900000 -0.00013491
1.13000000 -0.00013383
1.13100000 -0.00013276
1.13200000 -0.00013170
1.13300000 -0.00013065
1.13400000 -0.00012961
1.13500000 -0.00012858
1.13600000 -0.00012756
1.13700000 -0.00012655
1.13800000 -0.00012555
1.13900000 -0.00012456
1.14000000 -0.00012358
1.14100000 -0.00012261
1.14200000 -0.00012164
1.14300000 -0.00012069
1.14400000 -0.00011975
1.14500000 -0.00011882
1.14600000 -0.00011789
1.14700000 -0.00011698
1.14800000 -0.00011607
1.14900000 -0.00011517
1.15000000 -0.00011428
1.15100000 -0.00011340
1.15200000 -0.00011253
1.15300000 -0.00011166
1.15400000 -0.00011081
1.15500000 -0.00010996
1.15600000 -0.00010912
1.15700000 -0.00010829
1.15800000 -0.00010746
1.15900000 -0.00010665
1.16000000 -0.00010584
1.16100000 -0.00010504
1.16200000 -0.00010424
1.16300000 -0.00010346
1.16400000 -0.00010268
1.16500000 -0.00010191
1.16600000 -0.00010114
1.16700000 -0.00010038
1.16800000 -0.00009963
1.16900000 -0.00009889
1.17000000 -0.00009815
1.17100000 -0.00009742
1.17200000 -0.00009670
1.17300000 -0.00009598
1.17400000 -0.00009527
1.17500000 -0.00009457
1.17600000 -0.00009387
1.17700000 -0.00009318
1.17800000 -0.00009250
1.17900000 -0.00009182
1.18000000 -0.00009115
1.18100000 -0.00009048
1.18200000 -0.00008982
1.18300000 -0.00008917
1.18400000 -0.00008852
1.18500000 -0.00008788
1.18600000 -0.00008725
1.18700000 -0.00008661
1.18800000 -0.00008599
1.18900000 -0.00008537
1.19000000 -0.00008476
1.19100000 -0.00008415
1.19200000 -0.00008355
1.19300000 -0.00008295
1.19400000 -0.00008236
1.19500000 -0.00008177
1.19600000 -0.00008119
1.19700000 -0.00008061
1.19800000 -0.00008004
1.19900000 -0.00007947
1.20000000 -0.00007891
1.20100000 -0.00007835
1.20200000 -0.00007780
1.20300000 -0.00007726
1.20400000 -0.00007671
1.20500000 -0.00007618
1.20600000 -0.00007564
1.20700000 -0.00007512
1.20800000 -0.00007459
1.20900000 -0.00007407
1.21000000 -0.00007356
1.21100000 -0.00007305
1.21200000 -0.00007254
1.21300000 -0.00007204
1.21400000 -0.00007154
1.21500000 -0.00007105
1.21600000 -0.00007056
1.21700000 -0.00007008
1.21800000 -0.00006960
1.21900000 -0.00006912
1.22000000 -0.00006865
1.22100000 -0.00006818
1.22200000 -0.00006772
1.22300000 -0.00006726
1.22400000 -0.00006680
1.22500000 -0.00006635
1.22600000 -0.00006590
1.22700000 -0.00006545
1.22800000 -0.00006501
1.22900000 -0.00006457
1.23000000 -0.00006414
1.23100000 -0.00006371
1.23200000 -0.00006328
1.23300000 -0.00006286
1.23400000 -0.00006244
1.23500000 -0.00006202
1.23600000 -0.00006161
1.23700000 -0.00006120
1.23800000 -0.00006080
1.23900000 -0.00006039
1.24000000 -0.00005999
1.24100000 -0.00005960
1.24200000 -0.00005921
1.24300000 -0.00005882
1.24400000 -0.00005843
1.24500000 -0.00005805
1.24600000 -0.00005767
1.24700000 -0.00005729
1.24800000 -0.00005692
1.24900000 -0.00005654
1.25000000 -0.00005618
1.25100000 -0.00005581
1.25200000 -0.00005545
1.25300000 -0.00005509
1.25400000 -0.00005473
1.25500000 -0.00005438
1.25600000 -0.00005403
1.25700000 -0.00005368
1.25800000 -0.00005334
1.25900000 -0.00005300
1.26000000 -0.00005266
1.26100000 -0.00005232
1.26200000 -0.00005198
1.26300000 -0.00005165
1.26400000 -0.00005132
1.26500000 -0.00005100
1.26600000 -0.00005067
1.26700000 -0.00005035
1.26800000 -0.00005004
1.26900000 -0.00004972
1.27000000 -0.00004941
1.27100000 -0.00004909
1.27200000 -0.00004879
1.27300000 -0.00004848
1.27400000 -0.00004818
1.27500000 -0.00004787
1.27600000 -0.00004757
1.27700000 -0.00004728
1.27800000 -0.00004698
1.27900000 -0.00004669
1.28000000 -0.00004640
1.28100000 -0.00004611
1.28200000 -0.00004583
1.28300000 -0.00004554
1.28400000 -0.00004526
1.28500000 -0.00004498
1.28600000 -0.00004471
1.28700000 -0.00004443
1.28800000 -0.00004416
1.28900000 -0.00004389
1.29000000 -0.00004362
1.29100000 -0.00004335
1.29200000 -0.00004309
1.29300000 -0.00004283
1.29400000 -0.00004257
1.29500000 -0.00004231
1.29600000 -0.00004205
1.29700000 -0.00004180
1.29800000 -0.00004154
1.29900000 -0.00004129
1.30000000 -0.00004105
1.30100000 -0.00004080
1.30200000 -0.00004055
1.30300000 -0.00004031
1.30400000 -0.00004007
1.30500000 -0.00003983
1.30600000 -0.00003959
1.30700000 -0.00003935
1.30800000 -0.00003912
1.30900000 -0.00003889
1.31000000 -0.00003866
1.31100000 -0.00003843
1.31200000 -0.00003820
1.31300000 -0.00003797
1.31400000 -0.00003775
1.31500000 -0.00003753
1.31600000 -0.00003731
1.31700000 -0.00003709
1.31800000 -0.00003687
1.31900000 -0.00003665
1.32000000 -0.00003644
1.32100000 -0.00003622
1.32200000 -0.00003601
1.32300000 -0.00003580
1.32400000 -0.00003559
1.32500000 -0.00003539
1.32600000 -0.00003518
1.32700000 -0.00003498
1.32800000 -0.00003478
1.32900000 -0.00003457
1.33000000 -0.00003437
1.33100000 -0.00003418
1.33200000 -0.00003398
1.33300000 -0.00003378
1.33400000 -0.00003359
1.33500000 -0.00003340
1.33600000 -0.00003321
1.33700000 -0.00003302
1.33800000 -0.00003283
1.33900000 -0.00003264
1.34000000 -0.00003246
1.34100000 -0.00003227
1.34200000 -0.00003209
1.34300000 -0.00003191
1.34400000 -0.00003173
1.34500000 -0.00003155
1.34600000 -0.00003137
1.34700000 -0.00003119
1.34800000 -0.00003102
1.34900000 -0.00003084
1.35000000 -0.00003067
1.35100000 -0.00003050
1.35200000 -0.00003033
1.35300000 -0.00003016
1.35400000 -0.00002999
1.35500000 -0.00002982
1.35600000 -0.00002966
1.35700000 -0.00002949
1.35800000 -0.00002933
1.35900000 -0.00002916
1.36000000 -0.00002900
1.36100000 -0.00002884
1.36200000 -0.00002868
1.36300000 -0.00002852
1.36400000 -0.00002837
1.36500000 -0.00002821
1.36600000 -0.00002806
1.36700000 -0.00002790
1.36800000 -0.00002775
1.36900000 -0.00002760
1.37000000 -0.00002745
1.37100000 -0.00002730
1.37200000 -0.00002715
1.37300000 -0.00002700
1.37400000 -0.00002685
1.37500000 -0.00002671
1.37600000 -0.00002656
1.37700000 -0.00002642
1.37800000 -0.00002628
1.37900000 -0.00002614
1.38000000 -0.00002599
1.38100000 -0.00002586
1.38200000 -0.00002572
1.38300000 -0.00002558
1.38400000 -0.00002544
1.38500000 -0.00002530
1.38600000 -0.00002517
1.38700000 -0.00002503
1.38800000 -0.00002490
1.38900000 -0.00002477
1.39000000 -0.00002464
1.39100000 -0.00002451
1.39200000 -0.00002438
1.39300000 -0.00002425
1.39400000 -0.00002412
1.39500000 -0.00002399
1.39600000 -0.00002386
1.39700000 -0.00002374
1.39800000 -0.00002361
1.39900000 -0.00002349
1.40000000 -0.00002337
1.40100000 -0.00002324
1.40200000 -0.00002312
1.40300000 -0.00002300
1.40400000 -0.00002288
1.40500000 -0.00002276
1.40600000 -0.00002264
1.40700000 -0.00002253
1.40800000 -0.00002241
1.40900000 -0.00002229
1.41000000 -0.00002218
1.41100000 -0.00002206
1.41200000 -0.00002195
1.41300000 -0.00002183
1.41400000 -0.00002172
1.41500000 -0.00002161
1.41600000 -0.00002150
1.41700000 -0.00002139
1.41800000 -0.00002128
1.41900000 -0.00002117
1.42000000 -0.00002106
1.42100000 -0.00002095
1.42200000 -0.00002085
1.42300000 -0.00002074
1.42400000 -0.00002063
1.42500000 -0.00002053
1.42600000 -0.00002043
1.42700000 -0.00002032
1.42800000 -0.00002022
1.42900000 -0.00002012
1.43000000 -0.00002001
1.43100000 -0.00001991
1.43200000 -0.00001981
1.43300000 -0.00001971
1.43400000 -0.00001961
1.43500000 -0.00001952
1.43600000 -0.00001942
1.43700000 -0.00001932
1.43800000 -0.00001922
1.43900000 -0.00001913
1.44000000 -0.00001903
1.44100000 -0.00001894
1.44200000 -0.00001884
1.44300000 -0.00001875
1.44400000 -0.00001866
1.44500000 -0.00001856
1.44600000 -0.00001847
1.44700000 -0.00001838
1.44800000 -0.00001829
1.44900000 -0.00001820
1.45000000 -0.00001811
1.45100000 -0.00001802
1.45200000 -0.00001793
1.45300000 -0.00001784
1.45400000 -0.00001776
1.45500000 -0.00001767
1.45600000 -0.00001758
1.45700000 -0.00001750
1.45800000 -0.00001741
1.45900000 -0.00001733
1.46000000 -0.00001724
1.46100000 -0.00001716
1.46200000 -0.00001707
1.46300000 -0.00001699
1.46400000 -0.00001691
1.46500000 -0.00001683
1.46600000 -0.00001675
1.46700000 -0.00001666
1.46800000 -0.00001658
1.46900000 -0.00001650
1.47000000 -0.00001642
1.47100000 -0.00001635
1.47200000 -0.00001627
1.47300000 -0.00001619
1.47400000 -0.00001611
1.47500000 -0.00001603
1.47600000 -0.00001596
1.47700000 -0.00001588
1.47800000 -0.00001581
1.47900000 -0.00001573
1.48000000 -0.00001566
1.48100000 -0.00001558
1.48200000 -0.00001551
1.48300000 -0.00001543
1.48400000 -0.00001536
1.48500000 -0.00001529
1.48600000 -0.00001522
1.48700000 -0.00001514
1.48800000 -0.00001507
1.48900000 -0.00001500
1.49000000 -0.00001493
1.49100000 -0.00001486
1.49200000 -0.00001479
1.49300000 -0.00001472
1.49400000 -0.00001465
1.49500000 -0.00001458
1.49600000 -0.00001452
1.49700000 -0.00001445
1.49800000 -0.00001438
1.49900000 -0.00001431
1.50000000 -0.00001425
1.50100000 -0.00001418
1.50200000 -0.00001412
1.50300000 -0.00001405
1.50400000 -0.00001399
1.50500000 -0.00001392
1.50600000 -0.00001386
1.50700000 -0.00001379
1.50800000 -0.00001373
1.50900000 -0.00001367
1.51000000 -0.00001360
1.51100000 -0.00001354
1.51200000 -0.00001348
1.51300000 -0.00001342
1.51400000 -0.00001336
1.51500000 -0.00001329
1.51600000 -0.00001323
1.51700000 -0.00001317
1.51800000 -0.00001311
1.51900000 -0.00001305
1.52000000 -0.00001299
1.52100000 -0.00001294
1.52200000 -0.00001288
1.52300000 -0.00001282
1.52400000 -0.00001276
1.52500000 -0.00001270
1.52600000 -0.00001265
1.52700000 -0.00001259
1.52800000 -0.00001253
1.52900000 -0.00001248
1.53000000 -0.00001242
1.53100000 -0.00001236
1.53200000 -0.00001231
1.53300000 -0.00001225
1.53400000 -0.00001220
1.53500000 -0.00001214
1.53600000 -0.00001209
1.53700000 -0.00001204
1.53800000 -0.00001198
1.53900000 -0.00001193
1.54000000 -0.00001188
1.54100000 -0.00001182
1.54200000 -0.00001177
1.54300000 -0.00001172
1.54400000 -0.00001167
1.54500000 -0.00001162
1.54600000 -0.00001156
1.54700000 -0.00001151
1.54800000 -0.00001146
1.54900000 -0.00001141
1.55000000 -0.00001136
1.55100000 -0.00001131
1.55200000 -0.00001126
1.55300000 -0.00001121
1.55400000 -0.00001116
1.55500000 -0.00001112
1.55600000 -0.00001107
1.55700000 -0.00001102
1.55800000 -0.00001097
1.55900000 -0.00001092
1.56000000 -0.00001088
1.56100000 -0.00001083
1.56200000 -0.00001078
1.56300000 -0.00001073
1.56400000 -0.00001069
1.56500000 -0.00001064
1.56600000 -0.00001060
1.56700000 -0.00001055
1.56800000 -0.00001050
1.56900000 -0.00001046
1.57000000 -0.00001041
1.57100000 -0.00001037
1.57200000 -0.00001032
1.57300000 -0.00001028
1.57400000 -0.00001024
1.57500000 -0.00001019
1.57600000 -0.00001015
1.57700000 -0.00001011
1.57800000 -0.00001006
1.57900000 -0.00001002
1.58000000 -0.00000998
1.58100000 -0.00000993
1.58200000 -0.00000989
1.58300000 -0.00000985
1.58400000 -0.00000981
1.58500000 -0.00000977
1.58600000 -0.00000973
1.58700000 -0.00000968
1.58800000 -0.00000964
1.58900000 -0.00000960
1.59000000 -0.00000956
1.59100000 -0.00000952
1.59200000 -0.00000948
1.59300000 -0.00000944
1.59400000 -0.00000940
1.59500000 -0.00000936
1.59600000 -0.00000932
1.59700000 -0.00000929
1.59800000 -0.00000925
1.59900000 -0.00000921
1.60000000 -0.00000917
1.60100000 -0.00000913
1.60200000 -0.00000909
1.60300000 -0.00000906
1.60400000 -0.00000902
1.60500000 -0.00000898
1.60600000 -0.00000894
1.60700000 -0.00000891
1.60800000 -0.00000887
1.60900000 -0.00000883
1.61000000 -0.00000880
1.61100000 -0.00000876
1.61200000 -0.00000872
1.61300000 -0.00000869
1.61400000 -0.00000865
1.61500000 -0.00000862
1.61600000 -0.00000858
1.61700000 -0.00000855
1.61800000 -0.00000851
1.61900000 -0.00000848
1.62000000 -0.00000844
1.62100000 -0.00000841
1.62200000 -0.00000837
1.62300000 -0.00000834
1.62400000 -0.00000831
1.62500000 -0.00000827
1.62600000 -0.00000824
1.62700000 -0.00000820
1.62800000 -0.00000817
1.62900000 -0.00000814
1.63000000 -0.00000811
1.63100000 -0.00000807
1.63200000 -0.00000804
1.63300000 -0.00000801
1.63400000 -0.00000798
1.63500000 -0.00000794
1.63600000 -0.00000791
1.63700000 -0.00000788
1.63800000 -0.00000785
1.63900000 -0.00000782
1.64000000 -0.00000779
1.64100000 -0.00000775
1.64200000 -0.00000772
1.64300000 -0.00000769
1.64400000 -0.00000766
1.64500000 -0.00000763
1.64600000 -0.00000760
1.64700000 -0.00000757
1.64800000 -0.00000754
1.64900000 -0.00000751
1.65000000 -0.00000748
1.65100000 -0.00000745
1.65200000 -0.00000742
1.65300000 -0.00000739
1.65400000 -0.00000736
1.65500000 -0.00000733
1.65600000 -0.00000731
1.65700000 -0.00000728
1.65800000 -0.00000725
1.65900000 -0.00000722
1.66000000 -0.00000719
1.66100000 -0.00000716
1.66200000 -0.00000713
1.66300000 -0.00000711
1.66400000 -0.00000708
1.66500000 -0.00000705
1.66600000 -0.00000702
1.66700000 -0.00000700
1.66800000 -0.00000697
1.66900000 -0.00000694
1.67000000 -0.00000692
1.67100000 -0.00000689
1.67200000 -0.00000686
1.67300000 -0.00000684
1.67400000 -0.00000681
1.67500000 -0.00000678
1.67600000 -0.00000676
1.67700000 -0.00000673
1.67800000 -0.00000670
1.67900000 -0.00000668
1.68000000 -0.00000665
1.68100000 -0.00000663
1.68200000 -0.00000660
1.68300000 -0.00000658
1.68400000 -0.00000655
1.68500000 -0.00000653
1.68600000 -0.00000650
1.68700000 -0.00000648
1.68800000 -0.00000645
1.68900000 -0.00000643
1.69000000 -0.00000640
1.69100000 -0.00000638
1.69200000 -0.00000635
1.69300000 -0.00000633
1.69400000 -0.00000631
1.69500000 -0.00000628
1.69600000 -0.00000626
1.69700000 -0.00000623
1.69800000 -0.00000621
1.69900000 -0.00000619
1.70000000 -0.00000616
1.70100000 -0.00000614
1.70200000 -0.00000612
1.70300000 -0.00000609
1.70400000 -0.00000607
1.70500000 -0.00000605
1.70600000 -0.00000603
1.70700000 -0.00000600
1.70800000 -0.00000598
1.70900000 -0.00000596
1.71000000 -0.00000594
1.71100000 -0.00000591
1.71200000 -0.00000589
1.71300000 -0.00000587
1.71400000 -0.00000585
1.71500000 -0.00000583
1.71600000 -0.00000580
1.71700000 -0.00000578
1.71800000 -0.00000576
1.71900000 -0.00000574
1.72000000 -0.00000572
1.72100000 -0.00000570
1.72200000 -0.00000568
1.72300000 -0.00000565
1.72400000 -0.00000563
1.72500000 -0.00000561
1.72600000 -0.00000559
1.72700000 -0.00000557
1.72800000 -0.00000555
1.72900000 -0.00000553
1.73000000 -0.00000551
1.73100000 -0.00000549
1.73200000 -0.00000547
1.73300000 -0.00000545
1.73400000 -0.00000543
1.73500000 -0.00000541
1.73600000 -0.00000539
1.73700000 -0.00000537
1.73800000 -0.00000535
1.73900000 -0.00000533
1.74000000 -0.00000531
1.74100000 -0.00000529
1.74200000 -0.00000527
1.74300000 -0.00000525
1.74400000 -0.00000524
1.74500000 -0.00000522
1.74600000 -0.00000520
1.74700000 -0.00000518
1.74800000 -0.00000516
1.74900000 -0.00000514
1.75000000 -0.00000512
1.75100000 -0.00000510
1.75200000 -0.00000509
1.75300000 -0.00000507
1.75400000 -0.00000505
1.75500000 -0.00000503
1.75600000 -0.00000501
1.75700000 -0.00000500
1.75800000 -0.00000498
1.75900000 -0.00000496
1.76000000 -0.00000494
1.76100000 -0.00000492
1.76200000 -0.00000491
1.76300000 -0.00000489
1.76400000 -0.00000487
1.76500000 -0.00000485
1.76600000 -0.00000484
1.76700000 -0.00000482
1.76800000 -0.00000480
1.76900000 -0.00000479
1.77000000 -0.00000477
1.77100000 -0.00000475
1.77200000 -0.00000474
1.77300000 -0.00000472
1.77400000 -0.00000470
1.77500000 -0.00000469
1.77600000 -0.00000467
1.77700000 -0.00000465
1.77800000 -0.00000464
1.77900000 -0.00000462
1.78000000 -0.00000460
1.78100000 -0.00000459
1.78200000 -0.00000457
1.78300000 -0.00000455
1.78400000 -0.00000454
1.78500000 -0.00000452
1.78600000 -0.00000451
1.78700000 -0.00000449
1.78800000 -0.00000448
1.78900000 -0.00000446
1.79000000 -0.00000444
1.79100000 -0.00000443
1.79200000 -0.00000441
1.79300000 -0.00000440
1.79400000 -0.00000438
1.79500000 -0.00000437
1.79600000 -0.00000435
1.79700000 -0.00000434
1.79800000 -0.00000432
1.79900000 -0.00000431
1.80000000 -0.00000429
1.80100000 -0.00000428
1.80200000 -0.00000426
1.80300000 -0.00000425
1.80400000 -0.00000423
1.80500000 -0.00000422
1.80600000 -0.00000421
1.80700000 -0.00000419
1.80800000 -0.00000418
1.80900000 -0.00000416
1.81000000 -0.00000415
1.81100000 -0.00000413
1.81200000 -0.00000412
1.81300000 -0.00000411
1.81400000 -0.00000409
1.81500000 -0.00000408
1.81600000 -0.00000406
1.81700000 -0.00000405
1.81800000 -0.00000404
1.81900000 -0.00000402
1.82000000 -0.00000401
1.82100000 -0.00000399
1.82200000 -0.00000398
1.82300000 -0.00000397
1.82400000 -0.00000395
1.82500000 -0.00000394
1.82600000 -0.00000393
1.82700000 -0.00000391
1.82800000 -0.00000390
1.82900000 -0.00000389
1.83000000 -0.00000387
1.83100000 -0.00000386
1.83200000 -0.00000385
1.83300000 -0.00000384
1.83400000 -0.00000382
1.83500000 -0.00000381
1.83600000 -0.00000380
1.83700000 -0.00000378
1.83800000 -0.00000377
1.83900000 -0.00000376
1.84000000 -0.00000375
1.84100000 -0.00000373
1.84200000 -0.00000372
1.84300000 -0.00000371
1.84400000 -0.00000370
1.84500000 -0.00000369
1.84600000 -0.00000367
1.84700000 -0.00000366
1.84800000 -0.00000365
1.84900000 -0.00000364
1.85000000 -0.00000362
1.85100000 -0.00000361
1.85200000 -0.00000360
1.85300000 -0.00000359
1.85400000 -0.00000358
1.85500000 -0.00000356
1.85600000 -0.00000355
1.85700000 -0.00000354
1.85800000 -0.00000353
1.85900000 -0.00000352
1.86000000 -0.00000351
1.86100000 -0.00000350
1.86200000 -0.00000348
1.86300000 -0.00000347
1.86400000 -0.00000346
1.86500000 -0.00000345
1.86600000 -0.00000344
1.86700000 -0.00000343
1.86800000 -0.00000342
1.86900000 -0.00000340
1.87000000 -0.00000339
1.87100000 -0.00000338
1.87200000 -0.00000337
1.87300000 -0.00000336
1.87400000 -0.00000335
1.87500000 -0.00000334
1.87600000 -0.00000333
1.87700000 -0.00000332
1.87800000 -0.00000331
1.87900000 -0.00000330
1.88000000 -0.00000329
1.88100000 -0.00000327
1.88200000 -0.00000326
1.88300000 -0.00000325
1.88400000 -0.00000324
1.88500000 -0.00000323
1.88600000 -0.00000322
1.88700000 -0.00000321
1.88800000 -0.00000320
1.88900000 -0.00000319
1.89000000 -0.00000318
1.89100000 -0.00000317
1.89200000 -0.00000316
1.89300000 -0.00000315
1.89400000 -0.00000314
1.89500000 -0.00000313
1.89600000 -0.00000312
1.89700000 -0.00000311
1.89800000 -0.00000310
1.89900000 -0.00000309
1.90000000 -0.00000308
1.90100000 -0.00000307
1.90200000 -0.00000306
1.90300000 -0.00000305
1.90400000 -0.00000304
1.90500000 -0.00000303
1.90600000 -0.00000302
1.90700000 -0.00000301
1.90800000 -0.00000300
1.90900000 -0.00000299
1.91000000 -0.00000298
1.91100000 -0.00000298
1.91200000 -0.00000297
1.91300000 -0.00000296
1.91400000 -0.00000295
1.91500000 -0.00000294
1.91600000 -0.00000293
1.91700000 -0.00000292
1.91800000 -0.00000291
1.91900000 -0.00000290
1.92000000 -0.00000289
1.92100000 -0.00000288
1.92200000 -0.00000287
1.92300000 -0.00000287
1.92400000 -0.00000286
1.92500000 -0.00000285
1.92600000 -0.00000284
1.92700000 -0.00000283
1.92800000 -0.00000282
1.92900000 -0.00000281
1.93000000 -0.00000280
1.93100000 -0.00000279
1.93200000 -0.00000279
1.93300000 -0.00000278
1.93400000 -0.00000277
1.93500000 -0.00000276
1.93600000 -0.00000275
1.93700000 -0.00000274
1.93800000 -0.00000273
1.93900000 -0.00000273
1.94000000 -0.00000272
1.94100000 -0.00000271
1.94200000 -0.00000270
1.94300000 -0.00000269
1.94400000 -0.00000268
1.94500000 -0.00000268
1.94600000 -0.00000267
1.94700000 -0.00000266
1.94800000 -0.00000265
1.94900000 -0.00000264
1.95000000 -0.00000264
1.95100000 -0.00000263
1.95200000 -0.00000262
1.95300000 -0.00000261
1.95400000 -0.00000260
1.95500000 -0.00000260
1.95600000 -0.00000259
1.95700000 -0.00000258
1.95800000 -0.00000257
1.95900000 -0.00000256
1.96000000 -0.00000256
1.96100000 -0.00000255
1.96200000 -0.00000254
1.96300000 -0.00000253
1.96400000 -0.00000253
1.96500000 -0.00000252
1.96600000 -0.00000251
1.96700000 -0.00000250
1.96800000 -0.00000249
1.96900000 -0.00000249
1.97000000 -0.00000248
1.97100000 -0.00000247
1.97200000 -0.00000247
1.97300000 -0.00000246
1.97400000 -0.00000245
1.97500000 -0.00000244
1.97600000 -0.00000244
1.97700000 -0.00000243
1.97800000 -0.00000242
1.97900000 -0.00000241
1.98000000 -0.00000241
1.98100000 -0.00000240
1.98200000 -0.00000239
1.98300000 -0.00000239
1.98400000 -0.00000238
1.98500000 -0.00000237
1.98600000 -0.00000236
1.98700000 -0.00000236
1.98800000 -0.00000235
1.98900000 -0.00000234
1.99000000 -0.00000234
1.99100000 -0.00000233
1.99200000 -0.00000232
1.99300000 -0.00000232
1.99400000 -0.00000231
1.99500000 -0.00000230
1.99600000 -0.00000229
1.99700000 -0.00000229
1.99800000 -0.00000228
1.99900000 -0.00000227
2.00000000 -0.00000227
