0.10000000 1000.00000000
0.10100000 942.04523525
0.10200000 887.97138219
0.10300000 837.48425668
0.10400000 790.31452573
0.10500000 746.21539664
0.10600000 704.96054044
0.10700000 666.34222382
0.10800000 630.16962688
0.10900000 596.26732688
0.11000000 564.47393005
0.11100000 534.64083609
0.11200000 506.63112118
0.11300000 480.31852743
0.11400000 455.58654768
0.11500000 432.32759591
0.11600000 410.44225467
0.11700000 389.83859174
0.11800000 370.43153918
0.11900000 352.14232851
0.12000000 334.89797668
0.12100000 318.63081771
0.12200000 303.27807579
0.12300000 288.78147571
0.12400000 275.08688722
0.12500000 262.14400000
0.12600000 249.90602650
0.12700000 238.32942997
0.12800000 227.37367544
0.12900000 217.00100150
0.13000000 207.17621103
0.13100000 197.86647919
0.13200000 189.04117706
0.13300000 180.67170965
0.13400000 172.73136690
0.13500000 165.19518667
0.13600000 158.03982852
0.13700000 151.24345752
0.13800000 144.78563713
0.13900000 138.64723036
0.14000000 132.81030863
0.14100000 127.25806755
0.14200000 121.97474917
0.14300000 116.94557006
0.14400000 112.15665478
0.14500000 107.59497441
0.14600000 103.24828945
0.14700000 99.10509713
0.14800000 95.15458240
0.14900000 91.38657257
0.15000000 87.79149520
0.15100000 84.36033899
0.15200000 81.08461750
0.15300000 77.95633534
0.15400000 74.96795686
0.15500000 72.11237696
0.15600000 69.38289389
0.15700000 66.77318400
0.15800000 64.27727818
0.15900000 61.88953990
0.16000000 59.60464478
0.16100000 57.41756144
0.16200000 55.32353377
0.16300000 53.31806424
0.16400000 51.39689839
0.16500000 49.55601032
0.16600000 47.79158915
0.16700000 46.10002630
0.16800000 44.47790364
0.16900000 42.92198242
0.17000000 41.42919281
0.17100000 39.99662421
0.17200000 38.62151614
0.17300000 37.30124962
0.17400000 36.03333923
0.17500000 34.81542555
0.17600000 33.64526809
0.17700000 32.52073869
0.17800000 31.43981531
0.17900000 30.40057613
0.18000000 29.40119411
0.18100000 28.43993181
0.18200000 27.51513653
0.18300000 26.62523573
0.18400000 25.76873278
0.18500000 24.94420285
0.18600000 24.15028914
0.18700000 23.38569928
0.18800000 22.64920196
0.18900000 21.93962373
0.19000000 21.25584597
0.19100000 20.59680212
0.19200000 19.96147494
0.19300000 19.34889402
0.19400000 18.75813342
0.19500000 18.18830934
0.19600000 17.63857808
0.19700000 17.10813399
0.19800000 16.59620759
0.19900000 16.10206374
0.20000000 15.62500000
0.20100000 15.16434497
0.20200000 14.71945680
0.20300000 14.28972176
0.20400000 13.87455285
0.20500000 13.47338853
0.20600000 13.08569151
0.20700000 12.71094757
0.20800000 12.34866446
0.20900000 11.99837091
0.21000000 11.65961557
0.21100000 11.33196614
0.21200000 11.01500844
0.21300000 10.70834561
0.21400000 10.41159725
0.21500000 10.12439873
0.21600000 9.84640042
0.21700000 9.57726704
0.21800000 9.31667698
0.21900000 9.06432171
0.22000000 8.81990516
0.22100000 8.58314319
0.22200000 8.35376306
0.22300000 8.13150291
0.22400000 7.91611127
0.22500000 7.70734663
0.22600000 7.50497699
0.22700000 7.30877945
0.22800000 7.11853981
0.22900000 6.93405219
0.23000000 6.75511869
0.23100000 6.58154903
0.23200000 6.41316023
0.23300000 6.24977632
0.23400000 6.09122800
0.23500000 5.93735240
0.23600000 5.78799280
0.23700000 5.64299836
0.23800000 5.50222388
0.23900000 5.36552959
0.24000000 5.23278089
0.24100000 5.10384815
0.24200000 4.97860653
0.24300000 4.85693575
0.24400000 4.73871993
0.24500000 4.62384741
0.24600000 4.51221056
0.24700000 4.40370563
0.24800000 4.29823261
0.24900000 4.19569507
0.25000000 4.09600000
0.25100000 3.99905771
0.25200000 3.90478166
0.25300000 3.81308839
0.25400000 3.72389734
0.25500000 3.63713078
0.25600000 3.55271368
0.25700000 3.47057361
0.25800000 3.39064065
0.25900000 3.31284728
0.26000000 3.23712830
0.26100000 3.16342073
0.26200000 3.09166374
0.26300000 3.02179855
0.26400000 2.95376839
0.26500000 2.88751837
0.26600000 2.82299546
0.26700000 2.76014839
0.26800000 2.69892761
0.26900000 2.63928519
0.27000000 2.58117479
0.27100000 2.52455162
0.27200000 2.46937232
0.27300000 2.41559498
0.27400000 2.36317902
0.27500000 2.31208522
0.27600000 2.26227558
0.27700000 2.21371336
0.27800000 2.16636297
0.27900000 2.12018999
0.28000000 2.07516107
0.28100000 2.03124393
0.28200000 1.98840731
0.28300000 1.94662092
0.28400000 1.90585546
0.28500000 1.86608250
0.28600000 1.82727453
0.28700000 1.78940489
0.28800000 1.75244773
0.28900000 1.71637802
0.29000000 1.68117148
0.29100000 1.64680458
0.29200000 1.61325452
0.29300000 1.58049919
0.29400000 1.54851714
0.29500000 1.51728758
0.29600000 1.48679035
0.29700000 1.45700588
0.29800000 1.42791520
0.29900000 1.39949989
0.30000000 1.37174211
0.30100000 1.34462452
0.30200000 1.31813030
0.30300000 1.29224312
0.30400000 1.26694715
0.30500000 1.24222700
0.30600000 1.21806774
0.30700000 1.19445487
0.30800000 1.17137433
0.30900000 1.14881242
0.31000000 1.12675589
0.31100000 1.10519183
0.31200000 1.08410772
0.31300000 1.06349138
0.31400000 1.04333100
0.31500000 1.02361508
0.31600000 1.00433247
0.31700000 0.98547231
0.31800000 0.96702406
0.31900000 0.94897747
0.32000000 0.93132257
0.32100000 0.91404969
0.32200000 0.89714940
0.32300000 0.88061254
0.32400000 0.86443022
0.32500000 0.84859376
0.32600000 0.83309475
0.32700000 0.81792500
0.32800000 0.80307654
0.32900000 0.78854160
0.33000000 0.77431266
0.33100000 0.76038237
0.33200000 0.74674358
0.33300000 0.73338935
0.33400000 0.72031291
0.33500000 0.70750768
0.33600000 0.69496724
0.33700000 0.68268537
0.33800000 0.67065598
0.33900000 0.65887315
0.34000000 0.64733114
0.34100000 0.63602433
0.34200000 0.62494725
0.34300000 0.61409460
0.34400000 0.60346119
0.34500000 0.59304197
0.34600000 0.58283203
0.34700000 0.57282657
0.34800000 0.56302093
0.34900000 0.55341056
0.35000000 0.54399102
0.35100000 0.53475801
0.35200000 0.52570731
0.35300000 0.51683482
0.35400000 0.50813654
0.35500000 0.49960857
0.35600000 0.49124711
0.35700000 0.48304846
0.35800000 0.47500900
0.35900000 0.46712521
0.36000000 0.45939366
0.36100000 0.45181099
0.36200000 0.44437393
0.36300000 0.43707931
0.36400000 0.42992401
0.36500000 0.42290499
0.36600000 0.41601931
0.36700000 0.40926407
0.36800000 0.40263645
0.36900000 0.39613371
0.37000000 0.38975317
0.37100000 0.38349221
0.37200000 0.37734827
0.37300000 0.37131886
0.37400000 0.36540155
0.37500000 0.35959396
0.37600000 0.35389378
0.37700000 0.34829874
0.37800000 0.34280662
0.37900000 0.33741528
0.38000000 0.33212259
0.38100000 0.32692652
0.38200000 0.32182503
0.38300000 0.31681618
0.38400000 0.31189805
0.38500000 0.30706875
0.38600000 0.30232647
0.38700000 0.29766941
0.38800000 0.29309583
0.38900000 0.28860403
0.39000000 0.28419233
0.39100000 0.27985911
0.39200000 0.27560278
0.39300000 0.27142178
0.39400000 0.26731459
0.39500000 0.26327973
0.39600000 0.25931574
0.39700000 0.25542121
0.39800000 0.25159475
0.39900000 0.24783499
0.40000000 0.24414062
0.40100000 0.24051035
0.40200000 0.23694289
0.40300000 0.23343702
0.40400000 0.22999151
0.40500000 0.22660519
0.40600000 0.22327690
0.40700000 0.22000550
0.40800000 0.21678989
0.40900000 0.21362897
0.41000000 0.21052170
0.41100000 0.20746702
0.41200000 0.20446393
0.41300000 0.20151143
0.41400000 0.19860856
0.41500000 0.19575435
0.41600000 0.19294788
0.41700000 0.19018824
0.41800000 0.18747455
0.41900000 0.18480591
0.42000000 0.18218149
0.42100000 0.17960045
0.42200000 0.17706197
0.42300000 0.17456525
0.42400000 0.17210951
0.42500000 0.16969397
0.42600000 0.16731790
0.42700000 0.16498055
0.42800000 0.16268121
0.42900000 0.16041916
0.43000000 0.15819373
0.43100000 0.15600423
0.43200000 0.15385001
0.43300000 0.15173041
0.43400000 0.14964480
0.43500000 0.14759256
0.43600000 0.14557308
0.43700000 0.14358576
0.43800000 0.14163003
0.43900000 0.13970530
0.44000000 0.13781102
0.44100000 0.13594664
0.44200000 0.13411161
0.44300000 0.13230542
0.44400000 0.13052755
0.44500000 0.12877748
0.44600000 0.12705473
0.44700000 0.12535881
0.44800000 0.12368924
0.44900000 0.12204555
0.45000000 0.12042729
0.45100000 0.11883401
0.45200000 0.11726527
0.45300000 0.11572063
0.45400000 0.11419968
0.45500000 0.11270200
0.45600000 0.11122718
0.45700000 0.10977484
0.45800000 0.10834457
0.45900000 0.10693599
0.46000000 0.10554873
0.46100000 0.10418242
0.46200000 0.10283670
0.46300000 0.10151122
0.46400000 0.10020563
0.46500000 0.09891958
0.46600000 0.09765275
0.46700000 0.09640481
0.46800000 0.09517544
0.46900000 0.09396431
0.47000000 0.09277113
0.47100000 0.09159559
0.47200000 0.09043739
0.47300000 0.08929624
0.47400000 0.08817185
0.47500000 0.08706395
0.47600000 0.08597225
0.47700000 0.08489649
0.47800000 0.08383640
0.47900000 0.08279172
0.48000000 0.08176220
0.48100000 0.08074758
0.48200000 0.07974763
0.48300000 0.07876209
0.48400000 0.07779073
0.48500000 0.07683331
0.48600000 0.07588962
0.48700000 0.07495942
0.48800000 0.07404250
0.48900000 0.07313863
0.49000000 0.07224762
0.49100000 0.07136924
0.49200000 0.07050329
0.49300000 0.06964958
0.49400000 0.06880790
0.49500000 0.06797807
0.49600000 0.06715988
0.49700000 0.06635317
0.49800000 0.06555774
0.49900000 0.06477340
0.50000000 0.06400000
0.50100000 0.06323735
0.50200000 0.06248528
0.50300000 0.06174362
0.50400000 0.06101221
0.50500000 0.06029090
0.50600000 0.05957951
0.50700000 0.05887789
0.50800000 0.05818590
0.50900000 0.05750337
0.51000000 0.05683017
0.51100000 0.05616614
0.51200000 0.05551115
0.51300000 0.05486505
0.51400000 0.05422771
0.51500000 0.05359899
0.51600000 0.05297876
0.51700000 0.05236689
0.51800000 0.05176324
0.51900000 0.05116769
0.52000000 0.05058013
0.52100000 0.05000042
0.52200000 0.04942845
0.52300000 0.04886410
0.52400000 0.04830725
0.52500000 0.04775779
0.52600000 0.04721560
0.52700000 0.04668059
0.52800000 0.04615263
0.52900000 0.04563163
0.53000000 0.04511747
0.53100000 0.04461007
0.53200000 0.04410930
0.53300000 0.04361509
0.53400000 0.04312732
0.53500000 0.04264590
0.53600000 0.04217074
0.53700000 0.04170175
0.53800000 0.04123883
0.53900000 0.04078190
0.54000000 0.04033086
0.54100000 0.03988563
0.54200000 0.03944612
0.54300000 0.03901225
0.54400000 0.03858394
0.54500000 0.03816111
0.54600000 0.03774367
0.54700000 0.03733155
0.54800000 0.03692467
0.54900000 0.03652296
0.55000000 0.03612633
0.55100000 0.03573472
0.55200000 0.03534806
0.55300000 0.03496626
0.55400000 0.03458927
0.55500000 0.03421701
0.55600000 0.03384942
0.55700000 0.03348643
0.55800000 0.03312797
0.55900000 0.03277398
0.56000000 0.03242439
0.56100000 0.03207915
0.56200000 0.03173819
0.56300000 0.03140144
0.56400000 0.03106886
0.56500000 0.03074039
0.56600000 0.03041595
0.56700000 0.03009551
0.56800000 0.02977899
0.56900000 0.02946635
0.57000000 0.02915754
0.57100000 0.02885249
0.57200000 0.02855116
0.57300000 0.02825350
0.57400000 0.02795945
0.57500000 0.02766897
0.57600000 0.02738200
0.57700000 0.02709849
0.57800000 0.02681841
0.57900000 0.02654169
0.58000000 0.02626830
0.58100000 0.02599820
0.58200000 0.02573132
0.58300000 0.02546764
0.58400000 0.02520710
0.58500000 0.02494967
0.58600000 0.02469530
0.58700000 0.02444395
0.58800000 0.02419558
0.58900000 0.02395015
0.59000000 0.02370762
0.59100000 0.02346795
0.59200000 0.02323110
0.59300000 0.02299703
0.59400000 0.02276572
0.59500000 0.02253711
0.59600000 0.02231117
0.59700000 0.02208788
0.59800000 0.02186719
0.59900000 0.02164906
0.60000000 0.02143347
0.60100000 0.02122038
0.60200000 0.02100976
0.60300000 0.02080157
0.60400000 0.02059579
0.60500000 0.02039237
0.60600000 0.02019130
0.60700000 0.01999253
0.60800000 0.01979605
0.60900000 0.01960181
0.61000000 0.01940980
0.61100000 0.01921997
0.61200000 0.01903231
0.61300000 0.01884678
0.61400000 0.01866336
0.61500000 0.01848201
0.61600000 0.01830272
0.61700000 0.01812546
0.61800000 0.01795019
0.61900000 0.01777690
0.62000000 0.01760556
0.62100000 0.01743614
0.62200000 0.01726862
0.62300000 0.01710298
0.62400000 0.01693918
0.62500000 0.01677722
0.62600000 0.01661705
0.62700000 0.01645867
0.62800000 0.01630205
0.62900000 0.01614716
0.63000000 0.01599399
0.63100000 0.01584250
0.63200000 0.01569269
0.63300000 0.01554454
0.63400000 0.01539800
0.63500000 0.01525308
0.63600000 0.01510975
0.63700000 0.01496799
0.63800000 0.01482777
0.63900000 0.01468909
0.64000000 0.01455192
0.64100000 0.01441623
0.64200000 0.01428203
0.64300000 0.01414927
0.64400000 0.01401796
0.64500000 0.01388806
0.64600000 0.01375957
0.64700000 0.01363246
0.64800000 0.01350672
0.64900000 0.01338233
0.65000000 0.01325928
0.65100000 0.01313754
0.65200000 0.01301711
0.65300000 0.01289796
0.65400000 0.01278008
0.65500000 0.01266345
0.65600000 0.01254807
0.65700000 0.01243391
0.65800000 0.01232096
0.65900000 0.01220921
0.66000000 0.01209864
0.66100000 0.01198923
0.66200000 0.01188097
0.66300000 0.01177386
0.66400000 0.01166787
0.66500000 0.01156299
0.66600000 0.01145921
0.66700000 0.01135651
0.66800000 0.01125489
0.66900000 0.01115432
0.67000000 0.01105481
0.67100000 0.01095632
0.67200000 0.01085886
0.67300000 0.01076241
0.67400000 0.01066696
0.67500000 0.01057249
0.67600000 0.01047900
0.67700000 0.01038647
0.67800000 0.01029489
0.67900000 0.01020426
0.68000000 0.01011455
0.68100000 0.01002576
0.68200000 0.00993788
0.68300000 0.00985090
0.68400000 0.00976480
0.68500000 0.00967958
0.68600000 0.00959523
0.68700000 0.00951173
0.68800000 0.00942908
0.68900000 0.00934727
0.69000000 0.00926628
0.69100000 0.00918611
0.69200000 0.00910675
0.69300000 0.00902819
0.69400000 0.00895042
0.69500000 0.00887342
0.69600000 0.00879720
0.69700000 0.00872174
0.69800000 0.00864704
0.69900000 0.00857308
0.70000000 0.00849986
0.70100000 0.00842737
0.70200000 0.00835559
0.70300000 0.00828453
0.70400000 0.00821418
0.70500000 0.00814452
0.70600000 0.00807554
0.70700000 0.00800725
0.70800000 0.00793963
0.70900000 0.00787268
0.71000000 0.00780638
0.71100000 0.00774074
0.71200000 0.00767574
0.71300000 0.00761137
0.71400000 0.00754763
0.71500000 0.00748452
0.71600000 0.00742202
0.71700000 0.00736012
0.71800000 0.00729883
0.71900000 0.00723813
0.72000000 0.00717803
0.72100000 0.00711850
0.72200000 0.00705955
0.72300000 0.00700116
0.72400000 0.00694334
0.72500000 0.00688608
0.72600000 0.00682936
0.72700000 0.00677319
0.72800000 0.00671756
0.72900000 0.00666246
0.73000000 0.00660789
0.73100000 0.00655384
0.73200000 0.00650030
0.73300000 0.00644727
0.73400000 0.00639475
0.73500000 0.00634273
0.73600000 0.00629119
0.73700000 0.00624015
0.73800000 0.00618959
0.73900000 0.00613951
0.74000000 0.00608989
0.74100000 0.00604075
0.74200000 0.00599207
0.74300000 0.00594384
0.74400000 0.00589607
0.74500000 0.00584874
0.74600000 0.00580186
0.74700000 0.00575541
0.74800000 0.00570940
0.74900000 0.00566382
0.75000000 0.00561866
0.75100000 0.00557392
0.75200000 0.00552959
0.75300000 0.00548568
0.75400000 0.00544217
0.75500000 0.00539906
0.75600000 0.00535635
0.75700000 0.00531404
0.75800000 0.00527211
0.75900000 0.00523057
0.76000000 0.00518942
0.76100000 0.00514863
0.76200000 0.00510823
0.76300000 0.00506819
0.76400000 0.00502852
0.76500000 0.00498921
0.76600000 0.00495025
0.76700000 0.00491165
0.76800000 0.00487341
0.76900000 0.00483551
0.77000000 0.00479795
0.77100000 0.00476073
0.77200000 0.00472385
0.77300000 0.00468730
0.77400000 0.00465108
0.77500000 0.00461519
0.77600000 0.00457962
0.77700000 0.00454437
0.77800000 0.00450944
0.77900000 0.00447482
0.78000000 0.00444051
0.78100000 0.00440650
0.78200000 0.00437280
0.78300000 0.00433940
0.78400000 0.00430629
0.78500000 0.00427348
0.78600000 0.00424097
0.78700000 0.00420874
0.78800000 0.00417679
0.78900000 0.00414513
0.79000000 0.00411375
0.79100000 0.00408264
0.79200000 0.00405181
0.79300000 0.00402125
0.79400000 0.00399096
0.79500000 0.00396093
0.79600000 0.00393117
0.79700000 0.00390167
0.79800000 0.00387242
0.79900000 0.00384343
0.80000000 0.00381470
0.80100000 0.00378621
0.80200000 0.00375797
0.80300000 0.00372998
0.80400000 0.00370223
0.80500000 0.00367472
0.80600000 0.00364745
0.80700000 0.00362042
0.80800000 0.00359362
0.80900000 0.00356705
0.81000000 0.00354071
0.81100000 0.00351459
0.81200000 0.00348870
0.81300000 0.00346303
0.81400000 0.00343759
0.81500000 0.00341236
0.81600000 0.00338734
0.81700000 0.00336254
0.81800000 0.00333795
0.81900000 0.00331357
0.82000000 0.00328940
0.82100000 0.00326544
0.82200000 0.00324167
0.82300000 0.00321811
0.82400000 0.00319475
0.82500000 0.00317158
0.82600000 0.00314862
0.82700000 0.00312584
0.82800000 0.00310326
0.82900000 0.00308087
0.83000000 0.00305866
0.83100000 0.00303664
0.83200000 0.00301481
0.83300000 0.00299316
0.83400000 0.00297169
0.83500000 0.00295040
0.83600000 0.00292929
0.83700000 0.00290835
0.83800000 0.00288759
0.83900000 0.00286700
0.84000000 0.00284659
0.84100000 0.00282634
0.84200000 0.00280626
0.84300000 0.00278634
0.84400000 0.00276659
0.84500000 0.00274701
0.84600000 0.00272758
0.84700000 0.00270832
0.84800000 0.00268921
0.84900000 0.00267026
0.85000000 0.00265147
0.85100000 0.00263283
0.85200000 0.00261434
0.85300000 0.00259601
0.85400000 0.00257782
0.85500000 0.00255978
0.85600000 0.00254189
0.85700000 0.00252415
0.85800000 0.00250655
0.85900000 0.00248909
0.86000000 0.00247178
0.86100000 0.00245460
0.86200000 0.00243757
0.86300000 0.00242067
0.86400000 0.00240391
0.86500000 0.00238728
0.86600000 0.00237079
0.86700000 0.00235443
0.86800000 0.00233820
0.86900000 0.00232210
0.87000000 0.00230613
0.87100000 0.00229029
0.87200000 0.00227458
0.87300000 0.00225899
0.87400000 0.00224353
0.87500000 0.00222819
0.87600000 0.00221297
0.87700000 0.00219787
0.87800000 0.00218290
0.87900000 0.00216804
0.88000000 0.00215330
0.88100000 0.00213867
0.88200000 0.00212417
0.88300000 0.00210977
0.88400000 0.00209549
0.88500000 0.00208133
0.88600000 0.00206727
0.88700000 0.00205333
0.88800000 0.00203949
0.88900000 0.00202577
0.89000000 0.00201215
0.89100000 0.00199864
0.89200000 0.00198523
0.89300000 0.00197193
0.89400000 0.00195873
0.89500000 0.00194564
0.89600000 0.00193264
0.89700000 0.00191975
0.89800000 0.00190696
0.89900000 0.00189427
0.90000000 0.00188168
0.90100000 0.00186918
0.90200000 0.00185678
0.90300000 0.00184448
0.90400000 0.00183227
0.90500000 0.00182016
0.90600000 0.00180813
0.90700000 0.00179621
0.90800000 0.00178437
0.90900000 0.00177262
0.91000000 0.00176097
0.91100000 0.00174940
0.91200000 0.00173792
0.91300000 0.00172653
0.91400000 0.00171523
0.91500000 0.00170402
0.91600000 0.00169288
0.91700000 0.00168184
0.91800000 0.00167087
0.91900000 0.00166000
0.92000000 0.00164920
0.92100000 0.00163848
0.92200000 0.00162785
0.92300000 0.00161730
0.92400000 0.00160682
0.92500000 0.00159643
0.92600000 0.00158611
0.92700000 0.00157587
0.92800000 0.00156571
0.92900000 0.00155563
0.93000000 0.00154562
0.93100000 0.00153568
0.93200000 0.00152582
0.93300000 0.00151604
0.93400000 0.00150633
0.93500000 0.00149668
0.93600000 0.00148712
0.93700000 0.00147762
0.93800000 0.00146819
0.93900000 0.00145884
0.94000000 0.00144955
0.94100000 0.00144033
0.94200000 0.00143118
0.94300000 0.00142210
0.94400000 0.00141308
0.94500000 0.00140414
0.94600000 0.00139525
0.94700000 0.00138644
0.94800000 0.00137769
0.94900000 0.00136900
0.95000000 0.00136037
0.95100000 0.00135181
0.95200000 0.00134332
0.95300000 0.00133488
0.95400000 0.00132651
0.95500000 0.00131820
0.95600000 0.00130994
0.95700000 0.00130175
0.95800000 0.00129362
0.95900000 0.00128555
0.96000000 0.00127753
0.96100000 0.00126958
0.96200000 0.00126168
0.96300000 0.00125384
0.96400000 0.00124606
0.96500000 0.00123833
0.96600000 0.00123066
0.96700000 0.00122304
0.96800000 0.00121548
0.96900000 0.00120797
0.97000000 0.00120052
0.97100000 0.00119312
0.97200000 0.00118578
0.97300000 0.00117848
0.97400000 0.00117124
0.97500000 0.00116405
0.97600000 0.00115691
0.97700000 0.00114983
0.97800000 0.00114279
0.97900000 0.00113581
0.98000000 0.00112887
0.98100000 0.00112198
0.98200000 0.00111514
0.98300000 0.00110836
0.98400000 0.00110161
0.98500000 0.00109492
0.98600000 0.00108827
0.98700000 0.00108168
0.98800000 0.00107512
0.98900000 0.00106862
0.99000000 0.00106216
0.99100000 0.00105574
0.99200000 0.00104937
0.99300000 0.00104305
0.99400000 0.00103677
0.99500000 0.00103053
0.99600000 0.00102434
0.99700000 0.00101819
0.99800000 0.00101208
0.99900000 0.00100602
1.00000000 0.00100000
1.00100000 0.00099402
1.00200000 0.00098808
1.00300000 0.00098219
1.00400000 0.00097633
1.00500000 0.00097052
1.00600000 0.00096474
1.00700000 0.00095901
1.00800000 0.00095332
1.00900000 0.00094766
1.01000000 0.00094205
1.01100000 0.00093647
1.01200000 0.00093093
1.01300000 0.00092543
1.01400000 0.00091997
1.01500000 0.00091454
1.01600000 0.00090915
1.01700000 0.00090380
1.01800000 0.00089849
1.01900000 0.00089321
1.02000000 0.00088797
1.02100000 0.00088277
1.02200000 0.00087760
1.02300000 0.00087246
1.02400000 0.00086736
1.02500000 0.00086230
1.02600000 0.00085727
1.02700000 0.00085227
1.02800000 0.00084731
1.02900000 0.00084238
1.03000000 0.00083748
1.03100000 0.00083262
1.03200000 0.00082779
1.03300000 0.00082300
1.03400000 0.00081823
1.03500000 0.00081350
1.03600000 0.00080880
1.03700000 0.00080413
1.03800000 0.00079950
1.03900000 0.00079489
1.04000000 0.00079031
1.04100000 0.00078577
1.04200000 0.00078126
1.04300000 0.00077677
1.04400000 0.00077232
1.04500000 0.00076790
1.04600000 0.00076350
1.04700000 0.00075914
1.04800000 0.00075480
1.04900000 0.00075049
1.05000000 0.00074622
1.05100000 0.00074197
1.05200000 0.00073774
1.05300000 0.00073355
1.05400000 0.00072938
1.05500000 0.00072525
1.05600000 0.00072113
1.05700000 0.00071705
1.05800000 0.00071299
1.05900000 0.00070896
1.06000000 0.00070496
1.06100000 0.00070098
1.06200000 0.00069703
1.06300000 0.00069311
1.06400000 0.00068921
1.06500000 0.00068533
1.06600000 0.00068149
1.06700000 0.00067766
1.06800000 0.00067386
1.06900000 0.00067009
1.07000000 0.00066634
1.07100000 0.00066262
1.07200000 0.00065892
1.07300000 0.00065524
1.07400000 0.00065159
1.07500000 0.00064796
1.07600000 0.00064436
1.07700000 0.00064078
1.07800000 0.00063722
1.07900000 0.00063368
1.08000000 0.00063017
1.08100000 0.00062668
1.08200000 0.00062321
1.08300000 0.00061977
1.08400000 0.00061635
1.08500000 0.00061295
1.08600000 0.00060957
1.08700000 0.00060621
1.08800000 0.00060287
1.08900000 0.00059956
1.09000000 0.00059627
1.09100000 0.00059300
1.09200000 0.00058974
1.09300000 0.00058651
1.09400000 0.00058331
1.09500000 0.00058012
1.09600000 0.00057695
1.09700000 0.00057380
1.09800000 0.00057067
1.09900000 0.00056756
1.10000000 0.00056447
1.10100000 0.00056140
1.10200000 0.00055836
1.10300000 0.00055532
1.10400000 0.00055231
1.10500000 0.00054932
1.10600000 0.00054635
1.10700000 0.00054339
1.10800000 0.00054046
1.10900000 0.00053754
1.11000000 0.00053464
1.11100000 0.00053176
1.11200000 0.00052890
1.11300000 0.00052605
1.11400000 0.00052323
1.11500000 0.00052042
1.11600000 0.00051762
1.11700000 0.00051485
1.11800000 0.00051209
1.11900000 0.00050935
1.12000000 0.00050663
1.12100000 0.00050393
1.12200000 0.00050124
1.12300000 0.00049856
1.12400000 0.00049591
1.12500000 0.00049327
1.12600000 0.00049065
1.12700000 0.00048804
1.12800000 0.00048545
1.12900000 0.00048288
1.13000000 0.00048032
1.13100000 0.00047778
1.13200000 0.00047525
1.13300000 0.00047274
1.13400000 0.00047024
1.13500000 0.00046776
1.13600000 0.00046530
1.13700000 0.00046285
1.13800000 0.00046041
1.13900000 0.00045799
1.14000000 0.00045559
1.14100000 0.00045320
1.14200000 0.00045082
1.14300000 0.00044846
1.14400000 0.00044611
1.14500000 0.00044378
1.14600000 0.00044146
1.14700000 0.00043916
1.14800000 0.00043687
1.14900000 0.00043459
1.15000000 0.00043233
1.15100000 0.00043008
1.15200000 0.00042784
1.15300000 0.00042562
1.15400000 0.00042341
1.15500000 0.00042122
1.15600000 0.00041904
1.15700000 0.00041687
1.15800000 0.00041471
1.15900000 0.00041257
1.16000000 0.00041044
1.16100000 0.00040833
1.16200000 0.00040622
1.16300000 0.00040413
1.16400000 0.00040205
1.16500000 0.00039999
1.16600000 0.00039793
1.16700000 0.00039589
1.16800000 0.00039386
1.16900000 0.00039184
1.17000000 0.00038984
1.17100000 0.00038785
1.17200000 0.00038586
1.17300000 0.00038389
1.17400000 0.00038194
1.17500000 0.00037999
1.17600000 0.00037806
1.17700000 0.00037613
1.17800000 0.00037422
1.17900000 0.00037232
1.18000000 0.00037043
1.18100000 0.00036855
1.18200000 0.00036669
1.18300000 0.00036483
1.18400000 0.00036299
1.18500000 0.00036115
1.18600000 0.00035933
1.18700000 0.00035752
1.18800000 0.00035571
1.18900000 0.00035392
1.19000000 0.00035214
1.19100000 0.00035037
1.19200000 0.00034861
1.19300000 0.00034686
1.19400000 0.00034512
1.19500000 0.00034339
1.19600000 0.00034167
1.19700000 0.00033997
1.19800000 0.00033827
1.19900000 0.00033658
1.20000000 0.00033490
1.20100000 0.00033323
1.20200000 0.00033157
1.20300000 0.00032992
1.20400000 0.00032828
1.20500000 0.00032665
1.20600000 0.00032502
1.20700000 0.00032341
1.20800000 0.00032181
1.20900000 0.00032022
1.21000000 0.00031863
1.21100000 0.00031706
1.21200000 0.00031549
1.21300000 0.00031393
1.21400000 0.00031238
1.21500000 0.00031084
1.21600000 0.00030931
1.21700000 0.00030779
1.21800000 0.00030628
1.21900000 0.00030477
1.22000000 0.00030328
1.22100000 0.00030179
1.22200000 0.00030031
1.22300000 0.00029884
1.22400000 0.00029738
1.22500000 0.00029593
1.22600000 0.00029448
1.22700000 0.00029304
1.22800000 0.00029161
1.22900000 0.00029019
1.23000000 0.00028878
1.23100000 0.00028738
1.23200000 0.00028598
1.23300000 0.00028459
1.23400000 0.00028321
1.23500000 0.00028184
1.23600000 0.00028047
1.23700000 0.00027911
1.23800000 0.00027776
1.23900000 0.00027642
1.24000000 0.00027509
1.24100000 0.00027376
1.24200000 0.00027244
1.24300000 0.00027113
1.24400000 0.00026982
1.24500000 0.00026852
1.24600000 0.00026723
1.24700000 0.00026595
1.24800000 0.00026467
1.24900000 0.00026341
1.25000000 0.00026214
1.25100000 0.00026089
1.25200000 0.00025964
1.25300000 0.00025840
1.25400000 0.00025717
1.25500000 0.00025594
1.25600000 0.00025472
1.25700000 0.00025351
1.25800000 0.00025230
1.25900000 0.00025110
1.26000000 0.00024991
1.26100000 0.00024872
1.26200000 0.00024754
1.26300000 0.00024637
1.26400000 0.00024520
1.26500000 0.00024404
1.26600000 0.00024288
1.26700000 0.00024174
1.26800000 0.00024059
1.26900000 0.00023946
1.27000000 0.00023833
1.27100000 0.00023721
1.27200000 0.00023609
1.27300000 0.00023498
1.27400000 0.00023387
1.27500000 0.00023278
1.27600000 0.00023168
1.27700000 0.00023060
1.27800000 0.00022952
1.27900000 0.00022844
1.28000000 0.00022737
1.28100000 0.00022631
1.28200000 0.00022525
1.28300000 0.00022420
1.28400000 0.00022316
1.28500000 0.00022212
1.28600000 0.00022108
1.28700000 0.00022005
1.28800000 0.00021903
1.28900000 0.00021801
1.29000000 0.00021700
1.29100000 0.00021599
1.29200000 0.00021499
1.29300000 0.00021400
1.29400000 0.00021301
1.29500000 0.00021202
1.29600000 0.00021104
1.29700000 0.00021007
1.29800000 0.00020910
1.29900000 0.00020813
1.30000000 0.00020718
1.30100000 0.00020622
1.30200000 0.00020527
1.30300000 0.00020433
1.30400000 0.00020339
1.30500000 0.00020246
1.30600000 0.00020153
1.30700000 0.00020061
1.30800000 0.00019969
1.30900000 0.00019878
1.31000000 0.00019787
1.31100000 0.00019696
1.31200000 0.00019606
1.31300000 0.00019517
1.31400000 0.00019428
1.31500000 0.00019340
1.31600000 0.00019252
1.31700000 0.00019164
1.31800000 0.00019077
1.31900000 0.00018990
1.32000000 0.00018904
1.32100000 0.00018818
1.32200000 0.00018733
1.32300000 0.00018648
1.32400000 0.00018564
1.32500000 0.00018480
1.32600000 0.00018397
1.32700000 0.00018314
1.32800000 0.00018231
1.32900000 0.00018149
1.33000000 0.00018067
1.33100000 0.00017986
1.33200000 0.00017905
1.33300000 0.00017825
1.33400000 0.00017745
1.33500000 0.00017665
1.33600000 0.00017586
1.33700000 0.00017507
1.33800000 0.00017429
1.33900000 0.00017351
1.34000000 0.00017273
1.34100000 0.00017196
1.34200000 0.00017119
1.34300000 0.00017043
1.34400000 0.00016967
1.34500000 0.00016891
1.34600000 0.00016816
1.34700000 0.00016742
1.34800000 0.00016667
1.34900000 0.00016593
1.35000000 0.00016520
1.35100000 0.00016446
1.35200000 0.00016373
1.35300000 0.00016301
1.35400000 0.00016229
1.35500000 0.00016157
1.35600000 0.00016086
1.35700000 0.00016015
1.35800000 0.00015944
1.35900000 0.00015874
1.36000000 0.00015804
1.36100000 0.00015734
1.36200000 0.00015665
1.36300000 0.00015596
1.36400000 0.00015528
1.36500000 0.00015460
1.36600000 0.00015392
1.36700000 0.00015325
1.36800000 0.00015258
1.36900000 0.00015191
1.37000000 0.00015124
1.37100000 0.00015058
1.37200000 0.00014993
1.37300000 0.00014927
1.37400000 0.00014862
1.37500000 0.00014797
1.37600000 0.00014733
1.37700000 0.00014669
1.37800000 0.00014605
1.37900000 0.00014542
1.38000000 0.00014479
1.38100000 0.00014416
1.38200000 0.00014353
1.38300000 0.00014291
1.38400000 0.00014229
1.38500000 0.00014168
1.38600000 0.00014107
1.38700000 0.00014046
1.38800000 0.00013985
1.38900000 0.00013925
1.39000000 0.00013865
1.39100000 0.00013805
1.39200000 0.00013746
1.39300000 0.00013687
1.39400000 0.00013628
1.39500000 0.00013569
1.39600000 0.00013511
1.39700000 0.00013453
1.39800000 0.00013395
1.39900000 0.00013338
1.40000000 0.00013281
1.40100000 0.00013224
1.40200000 0.00013168
1.40300000 0.00013112
1.40400000 0.00013056
1.40500000 0.00013000
1.40600000 0.00012945
1.40700000 0.00012889
1.40800000 0.00012835
1.40900000 0.00012780
1.41000000 0.00012726
1.41100000 0.00012672
1.41200000 0.00012618
1.41300000 0.00012565
1.41400000 0.00012511
1.41500000 0.00012458
1.41600000 0.00012406
1.41700000 0.00012353
1.41800000 0.00012301
1.41900000 0.00012249
1.42000000 0.00012197
1.42100000 0.00012146
1.42200000 0.00012095
1.42300000 0.00012044
1.42400000 0.00011993
1.42500000 0.00011943
1.42600000 0.00011893
1.42700000 0.00011843
1.42800000 0.00011793
1.42900000 0.00011744
1.43000000 0.00011695
1.43100000 0.00011646
1.43200000 0.00011597
1.43300000 0.00011548
1.43400000 0.00011500
1.43500000 0.00011452
1.43600000 0.00011404
1.43700000 0.00011357
1.43800000 0.00011310
1.43900000 0.00011263
1.44000000 0.00011216
1.44100000 0.00011169
1.44200000 0.00011123
1.44300000 0.00011076
1.44400000 0.00011031
1.44500000 0.00010985
1.44600000 0.00010939
1.44700000 0.00010894
1.44800000 0.00010849
1.44900000 0.00010804
1.45000000 0.00010759
1.45100000 0.00010715
1.45200000 0.00010671
1.45300000 0.00010627
1.45400000 0.00010583
1.45500000 0.00010540
1.45600000 0.00010496
1.45700000 0.00010453
1.45800000 0.00010410
1.45900000 0.00010367
1.46000000 0.00010325
1.46100000 0.00010282
1.46200000 0.00010240
1.46300000 0.00010198
1.46400000 0.00010157
1.46500000 0.00010115
1.46600000 0.00010074
1.46700000 0.00010033
1.46800000 0.00009992
1.46900000 0.00009951
1.47000000 0.00009911
1.47100000 0.00009870
1.47200000 0.00009830
1.47300000 0.00009790
1.47400000 0.00009750
1.47500000 0.00009711
1.47600000 0.00009671
1.47700000 0.00009632
1.47800000 0.00009593
1.47900000 0.00009554
1.48000000 0.00009515
1.48100000 0.00009477
1.48200000 0.00009439
1.48300000 0.00009401
1.48400000 0.00009363
1.48500000 0.00009325
1.48600000 0.00009287
1.48700000 0.00009250
1.48800000 0.00009213
1.48900000 0.00009176
1.49000000 0.00009139
1.49100000 0.00009102
1.49200000 0.00009065
1.49300000 0.00009029
1.49400000 0.00008993
1.49500000 0.00008957
1.49600000 0.00008921
1.49700000 0.00008885
1.49800000 0.00008850
1.49900000 0.00008814
1.50000000 0.00008779
1.50100000 0.00008744
1.50200000 0.00008709
1.50300000 0.00008675
1.50400000 0.00008640
1.50500000 0.00008606
1.50600000 0.00008571
1.50700000 0.00008537
1.50800000 0.00008503
1.50900000 0.00008470
1.51000000 0.00008436
1.51100000 0.00008403
1.51200000 0.00008369
1.51300000 0.00008336
1.51400000 0.00008303
1.51500000 0.00008270
1.51600000 0.00008238
1.51700000 0.00008205
1.51800000 0.00008173
1.51900000 0.00008141
1.52000000 0.00008108
1.52100000 0.00008077
1.52200000 0.00008045
1.52300000 0.00008013
1.52400000 0.00007982
1.52500000 0.00007950
1.52600000 0.00007919
1.52700000 0.00007888
1.52800000 0.00007857
1.52900000 0.00007826
1.53000000 0.00007796
1.53100000 0.00007765
1.53200000 0.00007735
1.53300000 0.00007705
1.53400000 0.00007674
1.53500000 0.00007645
1.53600000 0.00007615
1.53700000 0.00007585
1.53800000 0.00007555
1.53900000 0.00007526
1.54000000 0.00007497
1.54100000 0.00007468
1.54200000 0.00007439
1.54300000 0.00007410
1.54400000 0.00007381
1.54500000 0.00007352
1.54600000 0.00007324
1.54700000 0.00007296
1.54800000 0.00007267
1.54900000 0.00007239
1.55000000 0.00007211
1.55100000 0.00007183
1.55200000 0.00007156
1.55300000 0.00007128
1.55400000 0.00007101
1.55500000 0.00007073
1.55600000 0.00007046
1.55700000 0.00007019
1.55800000 0.00006992
1.55900000 0.00006965
1.56000000 0.00006938
1.56100000 0.00006912
1.56200000 0.00006885
1.56300000 0.00006859
1.56400000 0.00006832
1.56500000 0.00006806
1.56600000 0.00006780
1.56700000 0.00006754
1.56800000 0.00006729
1.56900000 0.00006703
1.57000000 0.00006677
1.57100000 0.00006652
1.57200000 0.00006627
1.57300000 0.00006601
1.57400000 0.00006576
1.57500000 0.00006551
1.57600000 0.00006526
1.57700000 0.00006501
1.57800000 0.00006477
1.57900000 0.00006452
1.58000000 0.00006428
1.58100000 0.00006403
1.58200000 0.00006379
1.58300000 0.00006355
1.58400000 0.00006331
1.58500000 0.00006307
1.58600000 0.00006283
1.58700000 0.00006259
1.58800000 0.00006236
1.58900000 0.00006212
1.59000000 0.00006189
1.59100000 0.00006166
1.59200000 0.00006142
1.59300000 0.00006119
1.59400000 0.00006096
1.59500000 0.00006073
1.59600000 0.00006051
1.59700000 0.00006028
1.59800000 0.00006005
1.59900000 0.00005983
1.60000000 0.00005960
1.60100000 0.00005938
1.60200000 0.00005916
1.60300000 0.00005894
1.60400000 0.00005872
1.60500000 0.00005850
1.60600000 0.00005828
1.60700000 0.00005806
1.60800000 0.00005785
1.60900000 0.00005763
1.61000000 0.00005742
1.61100000 0.00005720
1.61200000 0.00005699
1.61300000 0.00005678
1.61400000 0.00005657
1.61500000 0.00005636
1.61600000 0.00005615
1.61700000 0.00005594
1.61800000 0.00005574
1.61900000 0.00005553
1.62000000 0.00005532
1.62100000 0.00005512
1.62200000 0.00005492
1.62300000 0.00005471
1.62400000 0.00005451
1.62500000 0.00005431
1.62600000 0.00005411
1.62700000 0.00005391
1.62800000 0.00005371
1.62900000 0.00005351
1.63000000 0.00005332
1.63100000 0.00005312
1.63200000 0.00005293
1.63300000 0.00005273
1.63400000 0.00005254
1.63500000 0.00005235
1.63600000 0.00005216
1.63700000 0.00005196
1.63800000 0.00005177
1.63900000 0.00005159
1.64000000 0.00005140
1.64100000 0.00005121
1.64200000 0.00005102
1.64300000 0.00005084
1.64400000 0.00005065
1.64500000 0.00005047
1.64600000 0.00005028
1.64700000 0.00005010
1.64800000 0.00004992
1.64900000 0.00004974
1.65000000 0.00004956
1.65100000 0.00004938
1.65200000 0.00004920
1.65300000 0.00004902
1.65400000 0.00004884
1.65500000 0.00004866
1.65600000 0.00004849
1.65700000 0.00004831
1.65800000 0.00004814
1.65900000 0.00004796
1.66000000 0.00004779
1.66100000 0.00004762
1.66200000 0.00004745
1.66300000 0.00004728
1.66400000 0.00004711
1.66500000 0.00004694
1.66600000 0.00004677
1.66700000 0.00004660
1.66800000 0.00004643
1.66900000 0.00004627
1.67000000 0.00004610
1.67100000 0.00004593
1.67200000 0.00004577
1.67300000 0.00004561
1.67400000 0.00004544
1.67500000 0.00004528
1.67600000 0.00004512
1.67700000 0.00004496
1.67800000 0.00004480
1.67900000 0.00004464
1.68000000 0.00004448
1.68100000 0.00004432
1.68200000 0.00004416
1.68300000 0.00004400
1.68400000 0.00004385
1.68500000 0.00004369
1.68600000 0.00004354
1.68700000 0.00004338
1.68800000 0.00004323
1.68900000 0.00004307
1.69000000 0.00004292
1.69100000 0.00004277
1.69200000 0.00004262
1.69300000 0.00004247
1.69400000 0.00004232
1.69500000 0.00004217
1.69600000 0.00004202
1.69700000 0.00004187
1.69800000 0.00004172
1.69900000 0.00004158
1.70000000 0.00004143
1.70100000 0.00004128
1.70200000 0.00004114
1.70300000 0.00004099
1.70400000 0.00004085
1.70500000 0.00004071
1.70600000 0.00004056
1.70700000 0.00004042
1.70800000 0.00004028
1.70900000 0.00004014
1.71000000 0.00004000
1.71100000 0.00003986
1.71200000 0.00003972
1.71300000 0.00003958
1.71400000 0.00003944
1.71500000 0.00003930
1.71600000 0.00003916
1.71700000 0.00003903
1.71800000 0.00003889
1.71900000 0.00003876
1.72000000 0.00003862
1.72100000 0.00003849
1.72200000 0.00003835
1.72300000 0.00003822
1.72400000 0.00003809
1.72500000 0.00003795
1.72600000 0.00003782
1.72700000 0.00003769
1.72800000 0.00003756
1.72900000 0.00003743
1.73000000 0.00003730
1.73100000 0.00003717
1.73200000 0.00003704
1.73300000 0.00003692
1.73400000 0.00003679
1.73500000 0.00003666
1.73600000 0.00003653
1.73700000 0.00003641
1.73800000 0.00003628
1.73900000 0.00003616
1.74000000 0.00003603
1.74100000 0.00003591
1.74200000 0.00003579
1.74300000 0.00003566
1.74400000 0.00003554
1.74500000 0.00003542
1.74600000 0.00003530
1.74700000 0.00003518
1.74800000 0.00003506
1.74900000 0.00003494
1.75000000 0.00003482
1.75100000 0.00003470
1.75200000 0.00003458
1.75300000 0.00003446
1.75400000 0.00003434
1.75500000 0.00003422
1.75600000 0.00003411
1.75700000 0.00003399
1.75800000 0.00003388
1.75900000 0.00003376
1.76000000 0.00003365
1.76100000 0.00003353
1.76200000 0.00003342
1.76300000 0.00003330
1.76400000 0.00003319
1.76500000 0.00003308
1.76600000 0.00003297
1.76700000 0.00003285
1.76800000 0.00003274
1.76900000 0.00003263
1.77000000 0.00003252
1.77100000 0.00003241
1.77200000 0.00003230
1.77300000 0.00003219
1.77400000 0.00003208
1.77500000 0.00003197
1.77600000 0.00003187
1.77700000 0.00003176
1.77800000 0.00003165
1.77900000 0.00003155
1.78000000 0.00003144
1.78100000 0.00003133
1.78200000 0.00003123
1.78300000 0.00003112
1.78400000 0.00003102
1.78500000 0.00003092
1.78600000 0.00003081
1.78700000 0.00003071
1.78800000 0.00003061
1.78900000 0.00003050
1.79000000 0.00003040
1.79100000 0.00003030
1.79200000 0.00003020
1.79300000 0.00003010
1.79400000 0.00003000
1.79500000 0.00002990
1.79600000 0.00002980
1.79700000 0.00002970
1.79800000 0.00002960
1.79900000 0.00002950
1.80000000 0.00002940
1.80100000 0.00002930
1.80200000 0.00002921
1.80300000 0.00002911
1.80400000 0.00002901
1.80500000 0.00002892
1.80600000 0.00002882
1.80700000 0.00002872
1.80800000 0.00002863
1.80900000 0.00002853
1.81000000 0.00002844
1.81100000 0.00002835
1.81200000 0.00002825
1.81300000 0.00002816
1.81400000 0.00002807
1.81500000 0.00002797
1.81600000 0.00002788
1.81700000 0.00002779
1.81800000 0.00002770
1.81900000 0.00002761
1.82000000 0.00002752
1.82100000 0.00002742
1.82200000 0.00002733
1.82300000 0.00002724
1.82400000 0.00002716
1.82500000 0.00002707
1.82600000 0.00002698
1.82700000 0.00002689
1.82800000 0.00002680
1.82900000 0.00002671
1.83000000 0.00002663
1.83100000 0.00002654
1.83200000 0.00002645
1.83300000 0.00002636
1.83400000 0.00002628
1.83500000 0.00002619
1.83600000 0.00002611
1.83700000 0.00002602
1.83800000 0.00002594
1.83900000 0.00002585
1.84000000 0.00002577
1.84100000 0.00002568
1.84200000 0.00002560
1.84300000 0.00002552
1.84400000 0.00002544
1.84500000 0.00002535
1.84600000 0.00002527
1.84700000 0.00002519
1.84800000 0.00002511
1.84900000 0.00002503
1.85000000 0.00002494
1.85100000 0.00002486
1.85200000 0.00002478
1.85300000 0.00002470
1.85400000 0.00002462
1.85500000 0.00002454
1.85600000 0.00002446
1.85700000 0.00002439
1.85800000 0.00002431
1.85900000 0.00002423
1.86000000 0.00002415
1.86100000 0.00002407
1.86200000 0.00002400
1.86300000 0.00002392
1.86400000 0.00002384
1.86500000 0.00002376
1.86600000 0.00002369
1.86700000 0.00002361
1.86800000 0.00002354
1.86900000 0.00002346
1.87000000 0.00002339
1.87100000 0.00002331
1.87200000 0.00002324
1.87300000 0.00002316
1.87400000 0.00002309
1.87500000 0.00002301
1.87600000 0.00002294
1.87700000 0.00002287
1.87800000 0.00002279
1.87900000 0.00002272
1.88000000 0.00002265
1.88100000 0.00002258
1.88200000 0.00002251
1.88300000 0.00002243
1.88400000 0.00002236
1.88500000 0.00002229
1.88600000 0.00002222
1.88700000 0.00002215
1.88800000 0.00002208
1.88900000 0.00002201
1.89000000 0.00002194
1.89100000 0.00002187
1.89200000 0.00002180
1.89300000 0.00002173
1.89400000 0.00002166
1.89500000 0.00002159
1.89600000 0.00002153
1.89700000 0.00002146
1.89800000 0.00002139
1.89900000 0.00002132
1.90000000 0.00002126
1.90100000 0.00002119
1.90200000 0.00002112
1.90300000 0.00002106
1.90400000 0.00002099
1.90500000 0.00002092
1.90600000 0.00002086
1.90700000 0.00002079
1.90800000 0.00002073
1.90900000 0.00002066
1.91000000 0.00002060
1.91100000 0.00002053
1.91200000 0.00002047
1.91300000 0.00002040
1.91400000 0.00002034
1.91500000 0.00002028
1.91600000 0.00002021
1.91700000 0.00002015
1.91800000 0.00002009
1.91900000 0.00002002
1.92000000 0.00001996
1.92100000 0.00001990
1.92200000 0.00001984
1.92300000 0.00001978
1.92400000 0.00001971
1.92500000 0.00001965
1.92600000 0.00001959
1.92700000 0.00001953
1.92800000 0.00001947
1.92900000 0.00001941
1.93000000 0.00001935
1.93100000 0.00001929
1.93200000 0.00001923
1.93300000 0.00001917
1.93400000 0.00001911
1.93500000 0.00001905
1.93600000 0.00001899
1.93700000 0.00001893
1.93800000 0.00001887
1.93900000 0.00001882
1.94000000 0.00001876
1.94100000 0.00001870
1.94200000 0.00001864
1.94300000 0.00001859
1.94400000 0.00001853
1.94500000 0.00001847
1.94600000 0.00001841
1.94700000 0.00001836
1.94800000 0.00001830
1.94900000 0.00001824
1.95000000 0.00001819
1.95100000 0.00001813
1.95200000 0.00001808
1.95300000 0.00001802
1.95400000 0.00001797
1.95500000 0.00001791
1.95600000 0.00001786
1.95700000 0.00001780
1.95800000 0.00001775
1.95900000 0.00001769
1.96000000 0.00001764
1.96100000 0.00001758
1.96200000 0.00001753
1.96300000 0.00001748
1.96400000 0.00001742
1.96500000 0.00001737
1.96600000 0.00001732
1.96700000 0.00001727
1.96800000 0.00001721
1.96900000 0.00001716
1.97000000 0.00001711
1.97100000 0.00001706
1.97200000 0.00001700
1.97300000 0.00001695
1.97400000 0.00001690
1.97500000 0.00001685
1.97600000 0.00001680
1.97700000 0.00001675
1.97800000 0.00001670
1.97900000 0.00001665
1.98000000 0.00001660
1.98100000 0.00001655
1.98200000 0.00001650
1.98300000 0.00001645
1.98400000 0.00001640
1.98500000 0.00001635
1.98600000 0.00001630
1.98700000 0.00001625
1.98800000 0.00001620
1.98900000 0.00001615
1.99000000 0.00001610
1.99100000 0.00001605
1.99200000 0.00001601
1.99300000 0.00001596
1.99400000 0.00001591
1.99500000 0.00001586
1.99600000 0.00001581
1.99700000 0.00001577
1.99800000 0.00001572
1.99900000 0.00001567
2.00000000 0.00001563
