0.10000000 1464656250.00000000
0.10100000 1299797817.59039235
0.10200000 1154852805.53428054
0.10300000 1027254905.57829607
0.10400000 914788900.37222433
0.10500000 815539896.39666498
0.10600000 727850286.07591379
0.10700000 650283204.25207901
0.10800000 581591450.58654749
0.10900000 520691019.85231143
0.11000000 466638523.01852095
0.11100000 418611898.80864698
0.11200000 375893912.34650183
0.11300000 337858018.10160428
0.11400000 303956231.47348553
0.11500000 273708709.35701531
0.11600000 246694786.82794064
0.11700000 222545256.25523320
0.11800000 200935707.98002419
0.11900000 181580779.26683369
0.12000000 164229181.41152313
0.12100000 148659394.40933141
0.12200000 134675935.04738048
0.12300000 122106118.18828855
0.12400000 110797242.76937209
0.12500000 100614144.00000000
0.12600000 91437061.68501671
0.12700000 83159781.77426022
0.12800000 75688014.33707152
0.12900000 68937976.35371727
0.13000000 62835152.14303605
0.13100000 57313208.02502817
0.13200000 52313041.04738659
0.13300000 47781944.36928298
0.13400000 43672874.26414005
0.13500000 39943805.73475338
0.13600000 36557165.47889287
0.13700000 33479332.44365551
0.13800000 30680197.49810879
0.13900000 28132774.86648649
0.14000000 25812858.92412110
0.14100000 23698720.78729362
0.14200000 21770839.84488067
0.14300000 20011665.99994203
0.14400000 18405408.92675226
0.14500000 16937851.11479582
0.14600000 15596181.87579519
0.14700000 14368849.84138286
0.14800000 13245431.78480508
0.14900000 12216515.86627440
0.15000000 11273597.63360372
0.15100000 10408987.31214409
0.15200000 9615727.09476006
0.15300000 8887517.29700677
0.15400000 8218650.37775513
0.15500000 7603951.94377479
0.15600000 7038727.96041199
0.15700000 6518717.48138478
0.15800000 6040050.29049238
0.15900000 5599208.91811930
0.16000000 5192994.55703504
0.16100000 4818496.45621402
0.16200000 4473064.41915467
0.16300000 4154284.07526617
0.16400000 3859954.63001895
0.16500000 3588068.83232952
0.16600000 3336794.92660598
0.16700000 3104460.38248123
0.16800000 2889537.21791182
0.16900000 2690628.75137823
0.17000000 2506457.63669438
0.17100000 2335855.04969484
0.17200000 2177750.91005360
0.17300000 2031165.03390758
0.17400000 1895199.12399495
0.17500000 1769029.51383243
0.17600000 1651900.59118944
0.17700000 1543118.83389414
0.17800000 1442047.39793613
0.17900000 1348101.20400977
0.18000000 1260742.47415553
0.18100000 1179476.67507902
0.18200000 1103848.82912495
0.18300000 1033440.15781488
0.18400000 967865.02637378
0.18500000 906768.16081850
0.18600000 849822.11199993
0.18700000 796724.94351725
0.18800000 747198.12268771
0.18900000 700984.59578833
0.19000000 657847.03061001
0.19100000 617566.21100421
0.19200000 579939.56957519
0.19300000 544779.84599554
0.19400000 511913.85961514
0.19500000 481181.38610651
0.19600000 452434.12885660
0.19700000 425534.77668592
0.19800000 400356.14026228
0.19900000 376780.36028454
0.20000000 354698.18115234
0.20100000 334008.28441543
0.20200000 314616.67681859
0.20300000 296436.12823044
0.20400000 279385.65517144
0.20500000 263390.04604317
0.20600000 248379.42451080
0.20700000 234288.84780799
0.20800000 221057.93702076
0.20900000 208630.53666751
0.21000000 196954.40112888
0.21100000 185980.90569570
0.21200000 175664.78019823
0.21300000 165963.86335689
0.21400000 156838.87615558
0.21500000 148253.21268528
0.21600000 140172.74703833
0.21700000 132565.65495527
0.21800000 125402.24903651
0.21900000 118654.82643120
0.22000000 112297.52800775
0.22100000 106306.20809363
0.22200000 100658.31394833
0.22300000 95332.77420297
0.22400000 90309.89556338
0.22500000 85571.26713135
0.22600000 81099.67175203
0.22700000 76879.00384329
0.22800000 72894.19320776
0.22900000 69131.13436808
0.23000000 65576.62100349
0.23100000 62218.28509940
0.23200000 59044.54045280
0.23300000 56044.53020491
0.23400000 53208.07809822
0.23500000 50525.64317943
0.23600000 47988.27769128
0.23700000 45587.58791663
0.23800000 43315.69775666
0.23900000 41165.21484180
0.24000000 39129.19898974
0.24100000 37201.13283914
0.24200000 35374.89450076
0.24300000 33644.73208004
0.24400000 32005.23993583
0.24500000 30451.33655081
0.24600000 28978.24389807
0.24700000 27581.46819723
0.24800000 26256.78196146
0.24900000 25000.20724403
0.25000000 23808.00000000
0.25100000 22676.63548459
0.25200000 21602.79461596
0.25300000 20583.35123514
0.25400000 19615.36020085
0.25500000 18696.04626158
0.25600000 17822.79365134
0.25700000 16993.13635961
0.25800000 16204.74902917
0.25900000 15455.43843933
0.26000000 14743.13553472
0.26100000 14065.88796278
0.26200000 13421.85308583
0.26300000 12809.29143577
0.26400000 12226.56058187
0.26500000 11672.10938421
0.26600000 11144.47260718
0.26700000 10642.26586917
0.26800000 10164.18090639
0.26900000 9708.98113026
0.27000000 9275.49745904
0.27100000 8862.62440599
0.27200000 8469.31640735
0.27300000 8094.58437456
0.27400000 7737.49245646
0.27500000 7397.15499777
0.27600000 7072.73368151
0.27700000 6763.43484344
0.27800000 6468.50694771
0.27900000 6187.23821351
0.28000000 5918.95438316
0.28100000 5663.01662273
0.28200000 5418.81954696
0.28300000 5185.78936068
0.28400000 4963.38210945
0.28500000 4751.08203271
0.28600000 4548.40001310
0.28700000 4354.87211592
0.28800000 4170.05821341
0.28900000 3993.54068840
0.29000000 3824.92321279
0.29100000 3663.82959600
0.29200000 3509.90269937
0.29300000 3362.80341254
0.29400000 3222.20968787
0.29500000 3087.81562967
0.29600000 2959.33063482
0.29700000 2836.47858174
0.29800000 2718.99706489
0.29900000 2606.63667206
0.30000000 2499.16030190
0.30100000 2396.34251943
0.30200000 2297.96894721
0.30300000 2203.83569009
0.30400000 2113.74879165
0.30500000 2027.52372042
0.30600000 1944.98488424
0.30700000 1865.96517101
0.30800000 1790.30551448
0.30900000 1717.85448345
0.31000000 1648.46789329
0.31100000 1582.00843819
0.31200000 1518.34534334
0.31300000 1457.35403552
0.31400000 1398.91583139
0.31500000 1342.91764233
0.31600000 1289.25169483
0.31700000 1237.81526579
0.31800000 1188.51043165
0.31900000 1141.24383075
0.32000000 1095.92643814
0.32100000 1052.47335208
0.32200000 1010.80359172
0.32300000 970.83990526
0.32400000 932.50858800
0.32500000 895.73930983
0.32600000 860.46495152
0.32700000 826.62144948
0.32800000 794.14764840
0.32900000 762.98516141
0.33000000 733.07823741
0.33100000 704.37363499
0.33200000 676.82050288
0.33300000 650.37026628
0.33400000 624.97651901
0.33500000 600.59492099
0.33600000 577.18310086
0.33700000 554.70056351
0.33800000 533.10860207
0.33900000 512.37021439
0.34000000 492.45002360
0.34100000 473.31420252
0.34200000 454.93040190
0.34300000 437.26768205
0.34400000 420.29644792
0.34500000 403.98838726
0.34600000 388.31641181
0.34700000 373.25460136
0.34800000 358.77815047
0.34900000 344.86331780
0.35000000 331.48737783
0.35100000 318.62857492
0.35200000 306.26607957
0.35300000 294.37994675
0.35400000 282.95107619
0.35500000 271.96117460
0.35600000 261.39271963
0.35700000 251.22892555
0.35800000 241.45371057
0.35900000 232.05166560
0.36000000 223.00802459
0.36100000 214.30863617
0.36200000 205.93993666
0.36300000 197.88892425
0.36400000 190.14313449
0.36500000 182.69061684
0.36600000 175.51991228
0.36700000 168.62003202
0.36800000 161.98043711
0.36900000 155.59101905
0.37000000 149.44208122
0.37100000 143.52432120
0.37200000 137.82881386
0.37300000 132.34699524
0.37400000 127.07064715
0.37500000 121.99188245
0.37600000 117.10313098
0.37700000 112.39712617
0.37800000 107.86689222
0.37900000 103.50573180
0.38000000 99.30721438
0.38100000 95.26516506
0.38200000 91.37365381
0.38300000 87.62698532
0.38400000 84.01968918
0.38500000 80.54651055
0.38600000 77.20240120
0.38700000 73.98251104
0.38800000 70.88217984
0.38900000 67.89692951
0.39000000 65.02245656
0.39100000 62.25462496
0.39200000 59.58945930
0.39300000 57.02313825
0.39400000 54.55198826
0.39500000 52.17247757
0.39600000 49.88121048
0.39700000 47.67492183
0.39800000 45.55047176
0.39900000 43.50484062
0.40000000 41.53512418
0.40100000 39.63852902
0.40200000 37.81236804
0.40300000 36.05405627
0.40400000 34.36110678
0.40500000 32.73112679
0.40600000 31.16181396
0.40700000 29.65095274
0.40800000 28.19641105
0.40900000 26.79613690
0.41000000 25.44815528
0.41100000 24.15056515
0.41200000 22.90153651
0.41300000 21.69930767
0.41400000 20.54218254
0.41500000 19.42852811
0.41600000 18.35677198
0.41700000 17.32540004
0.41800000 16.33295417
0.41900000 15.37803013
0.42000000 14.45927543
0.42100000 13.57538741
0.42200000 12.72511124
0.42300000 11.90723818
0.42400000 11.12060375
0.42500000 10.36408606
0.42600000 9.63660422
0.42700000 8.93711673
0.42800000 8.26462004
0.42900000 7.61814705
0.43000000 6.99676580
0.43100000 6.39957811
0.43200000 5.82571828
0.43300000 5.27435194
0.43400000 4.74467481
0.43500000 4.23591162
0.43600000 3.74731499
0.43700000 3.27816439
0.43800000 2.82776520
0.43900000 2.39544766
0.44000000 1.98056600
0.44100000 1.58249755
0.44200000 1.20064188
0.44300000 0.83441995
0.44400000 0.48327338
0.44500000 0.14666363
0.44600000 -0.17592869
0.44700000 -0.48500452
0.44800000 -0.78104707
0.44900000 -1.06452240
0.45000000 -1.33588011
0.45100000 -1.59555389
0.45200000 -1.84396215
0.45300000 -2.08150850
0.45400000 -2.30858238
0.45500000 -2.52555948
0.45600000 -2.73280231
0.45700000 -2.93066064
0.45800000 -3.11947195
0.45900000 -3.29956190
0.46000000 -3.47124475
0.46100000 -3.63482373
0.46200000 -3.79059149
0.46300000 -3.93883046
0.46400000 -4.07981317
0.46500000 -4.21380268
0.46600000 -4.34105286
0.46700000 -4.46180873
0.46800000 -4.57630679
0.46900000 -4.68477530
0.47000000 -4.78743458
0.47100000 -4.88449731
0.47200000 -4.97616876
0.47300000 -5.06264710
0.47400000 -5.14412358
0.47500000 -5.22078287
0.47600000 -5.29280319
0.47700000 -5.36035661
0.47800000 -5.42360924
0.47900000 -5.48272142
0.48000000 -5.53784795
0.48100000 -5.58913828
0.48200000 -5.63673667
0.48300000 -5.68078240
0.48400000 -5.72140994
0.48500000 -5.75874908
0.48600000 -5.79292516
0.48700000 -5.82405916
0.48800000 -5.85226789
0.48900000 -5.87766411
0.49000000 -5.90035669
0.49100000 -5.92045073
0.49200000 -5.93804768
0.49300000 -5.95324552
0.49400000 -5.96613881
0.49500000 -5.97681883
0.49600000 -5.98537372
0.49700000 -5.99188857
0.49800000 -5.99644550
0.49900000 -5.99912380
0.50000000 -6.00000000
0.50100000 -5.99539965
0.50200000 -5.98196357
0.50300000 -5.96022376
0.50400000 -5.93069210
0.50500000 -5.89386088
0.50600000 -5.85020337
0.50700000 -5.80017432
0.50800000 -5.74421052
0.50900000 -5.68273128
0.51000000 -5.61613895
0.51100000 -5.54481940
0.51200000 -5.46914251
0.51300000 -5.38946263
0.51400000 -5.30611904
0.51500000 -5.21943641
0.51600000 -5.12972524
0.51700000 -5.03728225
0.51800000 -4.94239089
0.51900000 -4.84532164
0.52000000 -4.74633252
0.52100000 -4.64566939
0.52200000 -4.54356641
0.52300000 -4.44024637
0.52400000 -4.33592107
0.52500000 -4.23079168
0.52600000 -4.12504909
0.52700000 -4.01887427
0.52800000 -3.91243854
0.52900000 -3.80590400
0.53000000 -3.69942374
0.53100000 -3.59314224
0.53200000 -3.48719561
0.53300000 -3.38171191
0.53400000 -3.27681144
0.53500000 -3.17260703
0.53600000 -3.06920427
0.53700000 -2.96670185
0.53800000 -2.86519174
0.53900000 -2.76475950
0.54000000 -2.66548451
0.54100000 -2.56744019
0.54200000 -2.47069426
0.54300000 -2.37530897
0.54400000 -2.28134128
0.54500000 -2.18884313
0.54600000 -2.09786162
0.54700000 -2.00843920
0.54800000 -1.92061389
0.54900000 -1.83441948
0.55000000 -1.74988569
0.55100000 -1.66703835
0.55200000 -1.58589962
0.55300000 -1.50648809
0.55400000 -1.42881903
0.55500000 -1.35290446
0.55600000 -1.27875338
0.55700000 -1.20637188
0.55800000 -1.13576330
0.55900000 -1.06692837
0.56000000 -0.99986534
0.56100000 -0.93457013
0.56200000 -0.87103642
0.56300000 -0.80925584
0.56400000 -0.74921801
0.56500000 -0.69091073
0.56600000 -0.63432005
0.56700000 -0.57943036
0.56800000 -0.52622456
0.56900000 -0.47468410
0.57000000 -0.42478910
0.57100000 -0.37651845
0.57200000 -0.32984989
0.57300000 -0.28476010
0.57400000 -0.24122479
0.57500000 -0.19921875
0.57600000 -0.15871599
0.57700000 -0.11968974
0.57800000 -0.08211259
0.57900000 -0.04595650
0.58000000 -0.01119290
0.58100000 0.02220723
0.58200000 0.05427336
0.58300000 0.08503530
0.58400000 0.11452316
0.58500000 0.14276728
0.58600000 0.16979822
0.58700000 0.19564668
0.58800000 0.22034345
0.58900000 0.24391940
0.59000000 0.26640538
0.59100000 0.28783223
0.59200000 0.30823075
0.59300000 0.32763159
0.59400000 0.34606530
0.59500000 0.36356226
0.59600000 0.38015262
0.59700000 0.39586634
0.59800000 0.41073309
0.59900000 0.42478227
0.60000000 0.43804298
0.60100000 0.45054397
0.60200000 0.46231365
0.60300000 0.47338003
0.60400000 0.48377075
0.60500000 0.49351303
0.60600000 0.50263364
0.60700000 0.51115893
0.60800000 0.51911476
0.60900000 0.52652653
0.61000000 0.53341914
0.61100000 0.53981699
0.61200000 0.54574397
0.61300000 0.55122344
0.61400000 0.55627822
0.61500000 0.56093058
0.61600000 0.56520226
0.61700000 0.56911443
0.61800000 0.57268767
0.61900000 0.57594201
0.62000000 0.57889690
0.62100000 0.58157119
0.62200000 0.58398314
0.62300000 0.58615044
0.62400000 0.58809015
0.62500000 0.58981874
0.62600000 0.59135208
0.62700000 0.59270542
0.62800000 0.59389340
0.62900000 0.59493006
0.63000000 0.59582881
0.63100000 0.59660244
0.63200000 0.59726313
0.63300000 0.59782245
0.63400000 0.59829132
0.63500000 0.59868007
0.63600000 0.59899838
0.63700000 0.59925532
0.63800000 0.59945934
0.63900000 0.59961826
0.64000000 0.59973926
0.64100000 0.59982893
0.64200000 0.59989320
0.64300000 0.59993740
0.64400000 0.59996621
0.64500000 0.59998370
0.64600000 0.59999333
0.64700000 0.59999789
0.64800000 0.59999958
0.64900000 0.59999997
0.65000000 0.60000000
0.65100000 0.59995960
0.65200000 0.59983840
0.65300000 0.59963640
0.65400000 0.59935359
0.65500000 0.59898996
0.65600000 0.59854548
0.65700000 0.59802009
0.65800000 0.59741371
0.65900000 0.59672619
0.66000000 0.59595736
0.66100000 0.59510693
0.66200000 0.59417453
0.66300000 0.59315971
0.66400000 0.59206184
0.66500000 0.59088016
0.66600000 0.58961374
0.66700000 0.58826145
0.66800000 0.58682191
0.66900000 0.58529352
0.67000000 0.58367439
0.67100000 0.58196231
0.67200000 0.58015478
0.67300000 0.57824889
0.67400000 0.57624138
0.67500000 0.57412857
0.67600000 0.57190633
0.67700000 0.56957010
0.67800000 0.56711479
0.67900000 0.56453485
0.68000000 0.56182418
0.68100000 0.55897618
0.68200000 0.55598369
0.68300000 0.55283902
0.68400000 0.54953393
0.68500000 0.54605967
0.68600000 0.54240699
0.68700000 0.53856617
0.68800000 0.53452705
0.68900000 0.53027911
0.69000000 0.52581153
0.69100000 0.52111324
0.69200000 0.51617309
0.69300000 0.51097989
0.69400000 0.50552261
0.69500000 0.49979046
0.69600000 0.49377314
0.69700000 0.48746097
0.69800000 0.48084507
0.69900000 0.47391767
0.70000000 0.46667223
0.70100000 0.45910371
0.70200000 0.45120885
0.70300000 0.44298633
0.70400000 0.43443702
0.70500000 0.42556421
0.70600000 0.41637375
0.70700000 0.40687424
0.70800000 0.39707714
0.70900000 0.38699681
0.71000000 0.37665058
0.71100000 0.36605866
0.71200000 0.35524407
0.71300000 0.34423249
0.71400000 0.33305204
0.71500000 0.32173297
0.71600000 0.31030737
0.71700000 0.29880877
0.71800000 0.28727172
0.71900000 0.27573137
0.72000000 0.26422302
0.72100000 0.25278163
0.72200000 0.24144138
0.72300000 0.23023529
0.72400000 0.21919478
0.72500000 0.20834934
0.72600000 0.19772625
0.72700000 0.18735028
0.72800000 0.17724360
0.72900000 0.16742555
0.73000000 0.15791267
0.73100000 0.14871862
0.73200000 0.13985423
0.73300000 0.13132760
0.73400000 0.12314423
0.73500000 0.11530712
0.73600000 0.10781702
0.73700000 0.10067255
0.73800000 0.09387046
0.73900000 0.08740582
0.74000000 0.08127223
0.74100000 0.07546202
0.74200000 0.06996649
0.74300000 0.06477604
0.74400000 0.05988039
0.74500000 0.05526874
0.74600000 0.05092989
0.74700000 0.04685242
0.74800000 0.04302478
0.74900000 0.03943538
0.75000000 0.03607271
0.75100000 0.03292541
0.75200000 0.02998234
0.75300000 0.02723260
0.75400000 0.02466561
0.75500000 0.02227113
0.75600000 0.02003929
0.75700000 0.01796059
0.75800000 0.01602596
0.75900000 0.01422671
0.76000000 0.01255455
0.76100000 0.01100160
0.76200000 0.00956040
0.76300000 0.00822387
0.76400000 0.00698529
0.76500000 0.00583835
0.76600000 0.00477708
0.76700000 0.00379585
0.76800000 0.00288936
0.76900000 0.00205266
0.77000000 0.00128105
0.77100000 0.00057017
0.77200000 -0.00008411
0.77300000 -0.00068563
0.77400000 -0.00123800
0.77500000 -0.00174461
0.77600000 -0.00220860
0.77700000 -0.00263294
0.77800000 -0.00302038
0.77900000 -0.00337351
0.78000000 -0.00369472
0.78100000 -0.00398628
0.78200000 -0.00425028
0.78300000 -0.00448868
0.78400000 -0.00470331
0.78500000 -0.00489587
0.78600000 -0.00506795
0.78700000 -0.00522103
0.78800000 -0.00535650
0.78900000 -0.00547565
0.79000000 -0.00557967
0.79100000 -0.00566968
0.79200000 -0.00574673
0.79300000 -0.00581178
0.79400000 -0.00586575
0.79500000 -0.00590946
0.79600000 -0.00594372
0.79700000 -0.00596924
0.79800000 -0.00598672
0.79900000 -0.00599677
0.80000000 -0.00600000
0.80100000 -0.00599695
0.80200000 -0.00598813
0.80300000 -0.00597402
0.80400000 -0.00595506
0.80500000 -0.00593166
0.80600000 -0.00590420
0.80700000 -0.00587305
0.80800000 -0.00583852
0.80900000 -0.00580094
0.81000000 -0.00576058
0.81100000 -0.00571771
0.81200000 -0.00567259
0.81300000 -0.00562543
0.81400000 -0.00557645
0.81500000 -0.00552585
0.81600000 -0.00547382
0.81700000 -0.00542052
0.81800000 -0.00536611
0.81900000 -0.00531074
0.82000000 -0.00525454
0.82100000 -0.00519764
0.82200000 -0.00514016
0.82300000 -0.00508220
0.82400000 -0.00502387
0.82500000 -0.00496524
0.82600000 -0.00490642
0.82700000 -0.00484748
0.82800000 -0.00478848
0.82900000 -0.00472950
0.83000000 -0.00467060
0.83100000 -0.00461183
0.83200000 -0.00455324
0.83300000 -0.00449489
0.83400000 -0.00443681
0.83500000 -0.00437904
0.83600000 -0.00432162
0.83700000 -0.00426459
0.83800000 -0.00420797
0.83900000 -0.00415179
0.84000000 -0.00409607
0.84100000 -0.00404084
0.84200000 -0.00398611
0.84300000 -0.00393190
0.84400000 -0.00387823
0.84500000 -0.00382511
0.84600000 -0.00377255
0.84700000 -0.00372057
0.84800000 -0.00366917
0.84900000 -0.00361836
0.85000000 -0.00356814
0.85100000 -0.00351853
0.85200000 -0.00346952
0.85300000 -0.00342112
0.85400000 -0.00337333
0.85500000 -0.00332615
0.85600000 -0.00327959
0.85700000 -0.00323364
0.85800000 -0.00318830
0.85900000 -0.00314357
0.86000000 -0.00309945
0.86100000 -0.00305594
0.86200000 -0.00301303
0.86300000 -0.00297072
0.86400000 -0.00292900
0.86500000 -0.00288788
0.86600000 -0.00284735
0.86700000 -0.00280740
0.86800000 -0.00276802
0.86900000 -0.00272922
0.87000000 -0.00269099
0.87100000 -0.00265332
0.87200000 -0.00261620
0.87300000 -0.00257963
0.87400000 -0.00254361
0.87500000 -0.00250813
0.87600000 -0.00247318
0.87700000 -0.00243875
0.87800000 -0.00240484
0.87900000 -0.00237144
0.88000000 -0.00233855
0.88100000 -0.00230616
0.88200000 -0.00227426
0.88300000 -0.00224285
0.88400000 -0.00221191
0.88500000 -0.00218145
0.88600000 -0.00215146
0.88700000 -0.00212192
0.88800000 -0.00209284
0.88900000 -0.00206420
0.89000000 -0.00203600
0.89100000 -0.00200824
0.89200000 -0.00198091
0.89300000 -0.00195399
0.89400000 -0.00192749
0.89500000 -0.00190139
0.89600000 -0.00187570
0.89700000 -0.00185041
0.89800000 -0.00182550
0.89900000 -0.00180098
0.90000000 -0.00177683
0.90100000 -0.00175306
0.90200000 -0.00172965
0.90300000 -0.00170660
0.90400000 -0.00168390
0.90500000 -0.00166156
0.90600000 -0.00163955
0.90700000 -0.00161789
0.90800000 -0.00159655
0.90900000 -0.00157554
0.91000000 -0.00155486
0.91100000 -0.00153449
0.91200000 -0.00151443
0.91300000 -0.00149468
0.91400000 -0.00147522
0.91500000 -0.00145607
0.91600000 -0.00143720
0.91700000 -0.00141862
0.91800000 -0.00140033
0.91900000 -0.00138231
0.92000000 -0.00136456
0.92100000 -0.00134708
0.92200000 -0.00132987
0.92300000 -0.00131291
0.92400000 -0.00129621
0.92500000 -0.00127976
0.92600000 -0.00126356
0.92700000 -0.00124760
0.92800000 -0.00123188
0.92900000 -0.00121639
0.93000000 -0.00120113
0.93100000 -0.00118611
0.93200000 -0.00117130
0.93300000 -0.00115671
0.93400000 -0.00114234
0.93500000 -0.00112819
0.93600000 -0.00111424
0.93700000 -0.00110049
0.93800000 -0.00108695
0.93900000 -0.00107361
0.94000000 -0.00106046
0.94100000 -0.00104751
0.94200000 -0.00103474
0.94300000 -0.00102216
0.94400000 -0.00100977
0.94500000 -0.00099755
0.94600000 -0.00098551
0.94700000 -0.00097365
0.94800000 -0.00096195
0.94900000 -0.00095043
0.95000000 -0.00093907
0.95100000 -0.00092787
0.95200000 -0.00091683
0.95300000 -0.00090595
0.95400000 -0.00089523
0.95500000 -0.00088466
0.95600000 -0.00087424
0.95700000 -0.00086397
0.95800000 -0.00085384
0.95900000 -0.00084386
0.96000000 -0.00083401
0.96100000 -0.00082431
0.96200000 -0.00081474
0.96300000 -0.00080530
0.96400000 -0.00079600
0.96500000 -0.00078683
0.96600000 -0.00077778
0.96700000 -0.00076886
0.96800000 -0.00076007
0.96900000 -0.00075139
0.97000000 -0.00074284
0.97100000 -0.00073440
0.97200000 -0.00072608
0.97300000 -0.00071788
0.97400000 -0.00070978
0.97500000 -0.00070180
0.97600000 -0.00069393
0.97700000 -0.00068616
0.97800000 -0.00067850
0.97900000 -0.00067094
0.98000000 -0.00066348
0.98100000 -0.00065613
0.98200000 -0.00064887
0.98300000 -0.00064171
0.98400000 -0.00063465
0.98500000 -0.00062768
0.98600000 -0.00062081
0.98700000 -0.00061402
0.98800000 -0.00060733
0.98900000 -0.00060073
0.99000000 -0.00059421
0.99100000 -0.00058778
0.99200000 -0.00058143
0.99300000 -0.00057517
0.99400000 -0.00056899
0.99500000 -0.00056289
0.99600000 -0.00055687
0.99700000 -0.00055093
0.99800000 -0.00054506
0.99900000 -0.00053927
1.00000000 -0.00053356
1.00100000 -0.00052792
1.00200000 -0.00052235
1.00300000 -0.00051686
1.00400000 -0.00051144
1.00500000 -0.00050608
1.00600000 -0.00050079
1.00700000 -0.00049558
1.00800000 -0.00049042
1.00900000 -0.00048534
1.01000000 -0.00048031
1.01100000 -0.00047535
1.01200000 -0.00047046
1.01300000 -0.00046562
1.01400000 -0.00046085
1.01500000 -0.00045614
1.01600000 -0.00045148
1.01700000 -0.00044688
1.01800000 -0.00044234
1.01900000 -0.00043786
1.02000000 -0.00043343
1.02100000 -0.00042906
1.02200000 -0.00042474
1.02300000 -0.00042048
1.02400000 -0.00041626
1.02500000 -0.00041210
1.02600000 -0.00040799
1.02700000 -0.00040393
1.02800000 -0.00039992
1.02900000 -0.00039596
1.03000000 -0.00039204
1.03100000 -0.00038818
1.03200000 -0.00038436
1.03300000 -0.00038059
1.03400000 -0.00037686
1.03500000 -0.00037318
1.03600000 -0.00036954
1.03700000 -0.00036594
1.03800000 -0.00036239
1.03900000 -0.00035888
1.04000000 -0.00035541
1.04100000 -0.00035198
1.04200000 -0.00034860
1.04300000 -0.00034525
1.04400000 -0.00034194
1.04500000 -0.00033867
1.04600000 -0.00033544
1.04700000 -0.00033225
1.04800000 -0.00032910
1.04900000 -0.00032598
1.05000000 -0.00032290
1.05100000 -0.00031985
1.05200000 -0.00031684
1.05300000 -0.00031387
1.05400000 -0.00031093
1.05500000 -0.00030802
1.05600000 -0.00030514
1.05700000 -0.00030230
1.05800000 -0.00029950
1.05900000 -0.00029672
1.06000000 -0.00029397
1.06100000 -0.00029126
1.06200000 -0.00028858
1.06300000 -0.00028593
1.06400000 -0.00028330
1.06500000 -0.00028071
1.06600000 -0.00027815
1.06700000 -0.00027561
1.06800000 -0.00027311
1.06900000 -0.00027063
1.07000000 -0.00026818
1.07100000 -0.00026576
1.07200000 -0.00026336
1.07300000 -0.00026099
1.07400000 -0.00025865
1.07500000 -0.00025633
1.07600000 -0.00025404
1.07700000 -0.00025177
1.07800000 -0.00024953
1.07900000 -0.00024732
1.08000000 -0.00024512
1.08100000 -0.00024295
1.08200000 -0.00024081
1.08300000 -0.00023869
1.08400000 -0.00023659
1.08500000 -0.00023451
1.08600000 -0.00023246
1.08700000 -0.00023043
1.08800000 -0.00022842
1.08900000 -0.00022643
1.09000000 -0.00022447
1.09100000 -0.00022252
1.09200000 -0.00022060
1.09300000 -0.00021869
1.09400000 -0.00021681
1.09500000 -0.00021495
1.09600000 -0.00021310
1.09700000 -0.00021128
1.09800000 -0.00020947
1.09900000 -0.00020769
1.10000000 -0.00020592
1.10100000 -0.00020417
1.10200000 -0.00020244
1.10300000 -0.00020073
1.10400000 -0.00019903
1.10500000 -0.00019736
1.10600000 -0.00019570
1.10700000 -0.00019406
1.10800000 -0.00019243
1.10900000 -0.00019082
1.11000000 -0.00018923
1.11100000 -0.00018766
1.11200000 -0.00018610
1.11300000 -0.00018455
1.11400000 -0.00018303
1.11500000 -0.00018151
1.11600000 -0.00018002
1.11700000 -0.00017854
1.11800000 -0.00017707
1.11900000 -0.00017562
1.12000000 -0.00017419
1.12100000 -0.00017276
1.12200000 -0.00017136
1.12300000 -0.00016996
1.12400000 -0.00016858
1.12500000 -0.00016722
1.12600000 -0.00016587
1.12700000 -0.00016453
1.12800000 -0.00016320
1.12900000 -0.00016189
1.13000000 -0.00016059
1.13100000 -0.00015931
1.13200000 -0.00015803
1.13300000 -0.00015677
1.13400000 -0.00015553
1.13500000 -0.00015429
1.13600000 -0.00015307
1.13700000 -0.00015186
1.13800000 -0.00015066
1.13900000 -0.00014947
1.14000000 -0.00014829
1.14100000 -0.00014713
1.14200000 -0.00014597
1.14300000 -0.00014483
1.14400000 -0.00014370
1.14500000 -0.00014258
1.14600000 -0.00014147
1.14700000 -0.00014037
1.14800000 -0.00013928
1.14900000 -0.00013820
1.15000000 -0.00013714
1.15100000 -0.00013608
1.15200000 -0.00013503
1.15300000 -0.00013399
1.15400000 -0.00013297
1.15500000 -0.00013195
1.15600000 -0.00013094
1.15700000 -0.00012994
1.15800000 -0.00012895
1.15900000 -0.00012797
1.16000000 -0.00012700
1.16100000 -0.00012604
1.16200000 -0.00012509
1.16300000 -0.00012415
1.16400000 -0.00012321
1.16500000 -0.00012229
1.16600000 -0.00012137
1.16700000 -0.00012046
1.16800000 -0.00011956
1.16900000 -0.00011867
1.17000000 -0.00011778
1.17100000 -0.00011691
1.17200000 -0.00011604
1.17300000 -0.00011518
1.17400000 -0.00011433
1.17500000 -0.00011349
1.17600000 -0.00011265
1.17700000 -0.00011182
1.17800000 -0.00011100
1.17900000 -0.00011019
1.18000000 -0.00010938
1.18100000 -0.00010858
1.18200000 -0.00010779
1.18300000 -0.00010701
1.18400000 -0.00010623
1.18500000 -0.00010546
1.18600000 -0.00010469
1.18700000 -0.00010394
1.18800000 -0.00010319
1.18900000 -0.00010244
1.19000000 -0.00010171
1.19100000 -0.00010098
1.19200000 -0.00010025
1.19300000 -0.00009954
1.19400000 -0.00009883
1.19500000 -0.00009812
1.19600000 -0.00009742
1.19700000 -0.00009673
1.19800000 -0.00009605
1.19900000 -0.00009537
1.20000000 -0.00009469
1.20100000 -0.00009403
1.20200000 -0.00009336
1.20300000 -0.00009271
1.20400000 -0.00009206
1.20500000 -0.00009141
1.20600000 -0.00009077
1.20700000 -0.00009014
1.20800000 -0.00008951
1.20900000 -0.00008889
1.21000000 -0.00008827
1.21100000 -0.00008766
1.21200000 -0.00008705
1.21300000 -0.00008645
1.21400000 -0.00008585
1.21500000 -0.00008526
1.21600000 -0.00008467
1.21700000 -0.00008409
1.21800000 -0.00008352
1.21900000 -0.00008295
1.22000000 -0.00008238
1.22100000 -0.00008182
1.22200000 -0.00008126
1.22300000 -0.00008071
1.22400000 -0.00008016
1.22500000 -0.00007962
1.22600000 -0.00007908
1.22700000 -0.00007854
1.22800000 -0.00007801
1.22900000 -0.00007749
1.23000000 -0.00007697
1.23100000 -0.00007645
1.23200000 -0.00007594
1.23300000 -0.00007543
1.23400000 -0.00007493
1.23500000 -0.00007443
1.23600000 -0.00007393
1.23700000 -0.00007344
1.23800000 -0.00007296
1.23900000 -0.00007247
1.24000000 -0.00007199
1.24100000 -0.00007152
1.24200000 -0.00007105
1.24300000 -0.00007058
1.24400000 -0.00007012
1.24500000 -0.00006966
1.24600000 -0.00006920
1.24700000 -0.00006875
1.24800000 -0.00006830
1.24900000 -0.00006785
1.25000000 -0.00006741
1.25100000 -0.00006697
1.25200000 -0.00006654
1.25300000 -0.00006611
1.25400000 -0.00006568
1.25500000 -0.00006526
1.25600000 -0.00006484
1.25700000 -0.00006442
1.25800000 -0.00006400
1.25900000 -0.00006359
1.26000000 -0.00006319
1.26100000 -0.00006278
1.26200000 -0.00006238
1.26300000 -0.00006198
1.26400000 -0.00006159
1.26500000 -0.00006120
1.26600000 -0.00006081
1.26700000 -0.00006042
1.26800000 -0.00006004
1.26900000 -0.00005966
1.27000000 -0.00005929
1.27100000 -0.00005891
1.27200000 -0.00005854
1.27300000 -0.00005818
1.27400000 -0.00005781
1.27500000 -0.00005745
1.27600000 -0.00005709
1.27700000 -0.00005673
1.27800000 -0.00005638
1.27900000 -0.00005603
1.28000000 -0.00005568
1.28100000 -0.00005534
1.28200000 -0.00005499
1.28300000 -0.00005465
1.28400000 -0.00005432
1.28500000 -0.00005398
1.28600000 -0.00005365
1.28700000 -0.00005332
1.28800000 -0.00005299
1.28900000 -0.00005267
1.29000000 -0.00005235
1.29100000 -0.00005203
1.29200000 -0.00005171
1.29300000 -0.00005139
1.29400000 -0.00005108
1.29500000 -0.00005077
1.29600000 -0.00005046
1.29700000 -0.00005016
1.29800000 -0.00004985
1.29900000 -0.00004955
1.30000000 -0.00004925
1.30100000 -0.00004896
1.30200000 -0.00004866
1.30300000 -0.00004837
1.30400000 -0.00004808
1.30500000 -0.00004779
1.30600000 -0.00004751
1.30700000 -0.00004722
1.30800000 -0.00004694
1.30900000 -0.00004666
1.31000000 -0.00004639
1.31100000 -0.00004611
1.31200000 -0.00004584
1.31300000 -0.00004557
1.31400000 -0.00004530
1.31500000 -0.00004503
1.31600000 -0.00004477
1.31700000 -0.00004450
1.31800000 -0.00004424
1.31900000 -0.00004398
1.32000000 -0.00004372
1.32100000 -0.00004347
1.32200000 -0.00004322
1.32300000 -0.00004296
1.32400000 -0.00004271
1.32500000 -0.00004246
1.32600000 -0.00004222
1.32700000 -0.00004197
1.32800000 -0.00004173
1.32900000 -0.00004149
1.33000000 -0.00004125
1.33100000 -0.00004101
1.33200000 -0.00004078
1.33300000 -0.00004054
1.33400000 -0.00004031
1.33500000 -0.00004008
1.33600000 -0.00003985
1.33700000 -0.00003962
1.33800000 -0.00003939
1.33900000 -0.00003917
1.34000000 -0.00003895
1.34100000 -0.00003873
1.34200000 -0.00003851
1.34300000 -0.00003829
1.34400000 -0.00003807
1.34500000 -0.00003786
1.34600000 -0.00003764
1.34700000 -0.00003743
1.34800000 -0.00003722
1.34900000 -0.00003701
1.35000000 -0.00003680
1.35100000 -0.00003660
1.35200000 -0.00003639
1.35300000 -0.00003619
1.35400000 -0.00003599
1.35500000 -0.00003579
1.35600000 -0.00003559
1.35700000 -0.00003539
1.35800000 -0.00003519
1.35900000 -0.00003500
1.36000000 -0.00003480
1.36100000 -0.00003461
1.36200000 -0.00003442
1.36300000 -0.00003423
1.36400000 -0.00003404
1.36500000 -0.00003385
1.36600000 -0.00003367
1.36700000 -0.00003348
1.36800000 -0.00003330
1.36900000 -0.00003312
1.37000000 -0.00003294
1.37100000 -0.00003276
1.37200000 -0.00003258
1.37300000 -0.00003240
1.37400000 -0.00003223
1.37500000 -0.00003205
1.37600000 -0.00003188
1.37700000 -0.00003170
1.37800000 -0.00003153
1.37900000 -0.00003136
1.38000000 -0.00003119
1.38100000 -0.00003103
1.38200000 -0.00003086
1.38300000 -0.00003069
1.38400000 -0.00003053
1.38500000 -0.00003037
1.38600000 -0.00003020
1.38700000 -0.00003004
1.38800000 -0.00002988
1.38900000 -0.00002972
1.39000000 -0.00002956
1.39100000 -0.00002941
1.39200000 -0.00002925
1.39300000 -0.00002910
1.39400000 -0.00002894
1.39500000 -0.00002879
1.39600000 -0.00002864
1.39700000 -0.00002849
1.39800000 -0.00002834
1.39900000 -0.00002819
1.40000000 -0.00002804
1.40100000 -0.00002789
1.40200000 -0.00002775
1.40300000 -0.00002760
1.40400000 -0.00002746
1.40500000 -0.00002731
1.40600000 -0.00002717
1.40700000 -0.00002703
1.40800000 -0.00002689
1.40900000 -0.00002675
1.41000000 -0.00002661
1.41100000 -0.00002647
1.41200000 -0.00002634
1.41300000 -0.00002620
1.41400000 -0.00002607
1.41500000 -0.00002593
1.41600000 -0.00002580
1.41700000 -0.00002567
1.41800000 -0.00002553
1.41900000 -0.00002540
1.42000000 -0.00002527
1.42100000 -0.00002514
1.42200000 -0.00002502
1.42300000 -0.00002489
1.42400000 -0.00002476
1.42500000 -0.00002464
1.42600000 -0.00002451
1.42700000 -0.00002439
1.42800000 -0.00002426
1.42900000 -0.00002414
1.43000000 -0.00002402
1.43100000 -0.00002390
1.43200000 -0.00002378
1.43300000 -0.00002366
1.43400000 -0.00002354
1.43500000 -0.00002342
1.43600000 -0.00002330
1.43700000 -0.00002318
1.43800000 -0.00002307
1.43900000 -0.00002295
1.44000000 -0.00002284
1.44100000 -0.00002272
1.44200000 -0.00002261
1.44300000 -0.00002250
1.44400000 -0.00002239
1.44500000 -0.00002228
1.44600000 -0.00002217
1.44700000 -0.00002206
1.44800000 -0.00002195
1.44900000 -0.00002184
1.45000000 -0.00002173
1.45100000 -0.00002162
1.45200000 -0.00002152
1.45300000 -0.00002141
1.45400000 -0.00002131
1.45500000 -0.00002120
1.45600000 -0.00002110
1.45700000 -0.00002100
1.45800000 -0.00002089
1.45900000 -0.00002079
1.46000000 -0.00002069
1.46100000 -0.00002059
1.46200000 -0.00002049
1.46300000 -0.00002039
1.46400000 -0.00002029
1.46500000 -0.00002019
1.46600000 -0.00002009
1.46700000 -0.00002000
1.46800000 -0.00001990
1.46900000 -0.00001981
1.47000000 -0.00001971
1.47100000 -0.00001962
1.47200000 -0.00001952
1.47300000 -0.00001943
1.47400000 -0.00001933
1.47500000 -0.00001924
1.47600000 -0.00001915
1.47700000 -0.00001906
1.47800000 -0.00001897
1.47900000 -0.00001888
1.48000000 -0.00001879
1.48100000 -0.00001870
1.48200000 -0.00001861
1.48300000 -0.00001852
1.48400000 -0.00001843
1.48500000 -0.00001835
1.48600000 -0.00001826
1.48700000 -0.00001817
1.48800000 -0.00001809
1.48900000 -0.00001800
1.49000000 -0.00001792
1.49100000 -0.00001783
1.49200000 -0.00001775
1.49300000 -0.00001767
1.49400000 -0.00001758
1.49500000 -0.00001750
1.49600000 -0.00001742
1.49700000 -0.00001734
1.49800000 -0.00001726
1.49900000 -0.00001718
1.50000000 -0.00001710
1.50100000 -0.00001702
1.50200000 -0.00001694
1.50300000 -0.00001686
1.50400000 -0.00001678
1.50500000 -0.00001671
1.50600000 -0.00001663
1.50700000 -0.00001655
1.50800000 -0.00001648
1.50900000 -0.00001640
1.51000000 -0.00001632
1.51100000 -0.00001625
1.51200000 -0.00001617
1.51300000 -0.00001610
1.51400000 -0.00001603
1.51500000 -0.00001595
1.51600000 -0.00001588
1.51700000 -0.00001581
1.51800000 -0.00001574
1.51900000 -0.00001567
1.52000000 -0.00001559
1.52100000 -0.00001552
1.52200000 -0.00001545
1.52300000 -0.00001538
1.52400000 -0.00001531
1.52500000 -0.00001524
1.52600000 -0.00001518
1.52700000 -0.00001511
1.52800000 -0.00001504
1.52900000 -0.00001497
1.53000000 -0.00001490
1.53100000 -0.00001484
1.53200000 -0.00001477
1.53300000 -0.00001470
1.53400000 -0.00001464
1.53500000 -0.00001457
1.53600000 -0.00001451
1.53700000 -0.00001444
1.53800000 -0.00001438
1.53900000 -0.00001432
1.54000000 -0.00001425
1.54100000 -0.00001419
1.54200000 -0.00001413
1.54300000 -0.00001406
1.54400000 -0.00001400
1.54500000 -0.00001394
1.54600000 -0.00001388
1.54700000 -0.00001382
1.54800000 -0.00001375
1.54900000 -0.00001369
1.55000000 -0.00001363
1.55100000 -0.00001357
1.55200000 -0.00001351
1.55300000 -0.00001346
1.55400000 -0.00001340
1.55500000 -0.00001334
1.55600000 -0.00001328
1.55700000 -0.00001322
1.55800000 -0.00001316
1.55900000 -0.00001311
1.56000000 -0.00001305
1.56100000 -0.00001299
1.56200000 -0.00001294
1.56300000 -0.00001288
1.56400000 -0.00001283
1.56500000 -0.00001277
1.56600000 -0.00001271
1.56700000 -0.00001266
1.56800000 -0.00001261
1.56900000 -0.00001255
1.57000000 -0.00001250
1.57100000 -0.00001244
1.57200000 -0.00001239
1.57300000 -0.00001234
1.57400000 -0.00001228
1.57500000 -0.00001223
1.57600000 -0.00001218
1.57700000 -0.00001213
1.57800000 -0.00001208
1.57900000 -0.00001202
1.58000000 -0.00001197
1.58100000 -0.00001192
1.58200000 -0.00001187
1.58300000 -0.00001182
1.58400000 -0.00001177
1.58500000 -0.00001172
1.58600000 -0.00001167
1.58700000 -0.00001162
1.58800000 -0.00001157
1.58900000 -0.00001152
1.59000000 -0.00001148
1.59100000 -0.00001143
1.59200000 -0.00001138
1.59300000 -0.00001133
1.59400000 -0.00001128
1.59500000 -0.00001124
1.59600000 -0.00001119
1.59700000 -0.00001114
1.59800000 -0.00001110
1.59900000 -0.00001105
1.60000000 -0.00001100
1.60100000 -0.00001096
1.60200000 -0.00001091
1.60300000 -0.00001087
1.60400000 -0.00001082
1.60500000 -0.00001078
1.60600000 -0.00001073
1.60700000 -0.00001069
1.60800000 -0.00001064
1.60900000 -0.00001060
1.61000000 -0.00001056
1.61100000 -0.00001051
1.61200000 -0.00001047
1.61300000 -0.00001043
1.61400000 -0.00001038
1.61500000 -0.00001034
1.61600000 -0.00001030
1.61700000 -0.00001026
1.61800000 -0.00001021
1.61900000 -0.00001017
1.62000000 -0.00001013
1.62100000 -0.00001009
1.62200000 -0.00001005
1.62300000 -0.00001001
1.62400000 -0.00000997
1.62500000 -0.00000993
1.62600000 -0.00000989
1.62700000 -0.00000985
1.62800000 -0.00000981
1.62900000 -0.00000977
1.63000000 -0.00000973
1.63100000 -0.00000969
1.63200000 -0.00000965
1.63300000 -0.00000961
1.63400000 -0.00000957
1.63500000 -0.00000953
1.63600000 -0.00000949
1.63700000 -0.00000946
1.63800000 -0.00000942
1.63900000 -0.00000938
1.64000000 -0.00000934
1.64100000 -0.00000931
1.64200000 -0.00000927
1.64300000 -0.00000923
1.64400000 -0.00000919
1.64500000 -0.00000916
1.64600000 -0.00000912
1.64700000 -0.00000908
1.64800000 -0.00000905
1.64900000 -0.00000901
1.65000000 -0.00000898
1.65100000 -0.00000894
1.65200000 -0.00000891
1.65300000 -0.00000887
1.65400000 -0.00000884
1.65500000 -0.00000880
1.65600000 -0.00000877
1.65700000 -0.00000873
1.65800000 -0.00000870
1.65900000 -0.00000866
1.66000000 -0.00000863
1.66100000 -0.00000860
1.66200000 -0.00000856
1.66300000 -0.00000853
1.66400000 -0.00000850
1.66500000 -0.00000846
1.66600000 -0.00000843
1.66700000 -0.00000840
1.66800000 -0.00000836
1.66900000 -0.00000833
1.67000000 -0.00000830
1.67100000 -0.00000827
1.67200000 -0.00000823
1.67300000 -0.00000820
1.67400000 -0.00000817
1.67500000 -0.00000814
1.67600000 -0.00000811
1.67700000 -0.00000808
1.67800000 -0.00000804
1.67900000 -0.00000801
1.68000000 -0.00000798
1.68100000 -0.00000795
1.68200000 -0.00000792
1.68300000 -0.00000789
1.68400000 -0.00000786
1.68500000 -0.00000783
1.68600000 -0.00000780
1.68700000 -0.00000777
1.68800000 -0.00000774
1.68900000 -0.00000771
1.69000000 -0.00000768
1.69100000 -0.00000765
1.69200000 -0.00000762
1.69300000 -0.00000760
1.69400000 -0.00000757
1.69500000 -0.00000754
1.69600000 -0.00000751
1.69700000 -0.00000748
1.69800000 -0.00000745
1.69900000 -0.00000742
1.70000000 -0.00000740
1.70100000 -0.00000737
1.70200000 -0.00000734
1.70300000 -0.00000731
1.70400000 -0.00000729
1.70500000 -0.00000726
1.70600000 -0.00000723
1.70700000 -0.00000720
1.70800000 -0.00000718
1.70900000 -0.00000715
1.71000000 -0.00000712
1.71100000 -0.00000710
1.71200000 -0.00000707
1.71300000 -0.00000704
1.71400000 -0.00000702
1.71500000 -0.00000699
1.71600000 -0.00000696
1.71700000 -0.00000694
1.71800000 -0.00000691
1.71900000 -0.00000689
1.72000000 -0.00000686
1.72100000 -0.00000684
1.72200000 -0.00000681
1.72300000 -0.00000679
1.72400000 -0.00000676
1.72500000 -0.00000674
1.72600000 -0.00000671
1.72700000 -0.00000669
1.72800000 -0.00000666
1.72900000 -0.00000664
1.73000000 -0.00000661
1.73100000 -0.00000659
1.73200000 -0.00000656
1.73300000 -0.00000654
1.73400000 -0.00000652
1.73500000 -0.00000649
1.73600000 -0.00000647
1.73700000 -0.00000645
1.73800000 -0.00000642
1.73900000 -0.00000640
1.74000000 -0.00000637
1.74100000 -0.00000635
1.74200000 -0.00000633
1.74300000 -0.00000631
1.74400000 -0.00000628
1.74500000 -0.00000626
1.74600000 -0.00000624
1.74700000 -0.00000621
1.74800000 -0.00000619
1.74900000 -0.00000617
1.75000000 -0.00000615
1.75100000 -0.00000613
1.75200000 -0.00000610
1.75300000 -0.00000608
1.75400000 -0.00000606
1.75500000 -0.00000604
1.75600000 -0.00000602
1.75700000 -0.00000599
1.75800000 -0.00000597
1.75900000 -0.00000595
1.76000000 -0.00000593
1.76100000 -0.00000591
1.76200000 -0.00000589
1.76300000 -0.00000587
1.76400000 -0.00000585
1.76500000 -0.00000583
1.76600000 -0.00000580
1.76700000 -0.00000578
1.76800000 -0.00000576
1.76900000 -0.00000574
1.77000000 -0.00000572
1.77100000 -0.00000570
1.77200000 -0.00000568
1.77300000 -0.00000566
1.77400000 -0.00000564
1.77500000 -0.00000562
1.77600000 -0.00000560
1.77700000 -0.00000558
1.77800000 -0.00000556
1.77900000 -0.00000554
1.78000000 -0.00000552
1.78100000 -0.00000550
1.78200000 -0.00000549
1.78300000 -0.00000547
1.78400000 -0.00000545
1.78500000 -0.00000543
1.78600000 -0.00000541
1.78700000 -0.00000539
1.78800000 -0.00000537
1.78900000 -0.00000535
1.79000000 -0.00000533
1.79100000 -0.00000532
1.79200000 -0.00000530
1.79300000 -0.00000528
1.79400000 -0.00000526
1.79500000 -0.00000524
1.79600000 -0.00000522
1.79700000 -0.00000521
1.79800000 -0.00000519
1.79900000 -0.00000517
1.80000000 -0.00000515
1.80100000 -0.00000513
1.80200000 -0.00000512
1.80300000 -0.00000510
1.80400000 -0.00000508
1.80500000 -0.00000506
1.80600000 -0.00000505
1.80700000 -0.00000503
1.80800000 -0.00000501
1.80900000 -0.00000499
1.81000000 -0.00000498
1.81100000 -0.00000496
1.81200000 -0.00000494
1.81300000 -0.00000493
1.81400000 -0.00000491
1.81500000 -0.00000489
1.81600000 -0.00000488
1.81700000 -0.00000486
1.81800000 -0.00000484
1.81900000 -0.00000483
1.82000000 -0.00000481
1.82100000 -0.00000479
1.82200000 -0.00000478
1.82300000 -0.00000476
1.82400000 -0.00000475
1.82500000 -0.00000473
1.82600000 -0.00000471
1.82700000 -0.00000470
1.82800000 -0.00000468
1.82900000 -0.00000467
1.83000000 -0.00000465
1.83100000 -0.00000463
1.83200000 -0.00000462
1.83300000 -0.00000460
1.83400000 -0.00000459
1.83500000 -0.00000457
1.83600000 -0.00000456
1.83700000 -0.00000454
1.83800000 -0.00000453
1.83900000 -0.00000451
1.84000000 -0.00000450
1.84100000 -0.00000448
1.84200000 -0.00000447
1.84300000 -0.00000445
1.84400000 -0.00000444
1.84500000 -0.00000442
1.84600000 -0.00000441
1.84700000 -0.00000439
1.84800000 -0.00000438
1.84900000 -0.00000436
1.85000000 -0.00000435
1.85100000 -0.00000433
1.85200000 -0.00000432
1.85300000 -0.00000431
1.85400000 -0.00000429
1.85500000 -0.00000428
1.85600000 -0.00000426
1.85700000 -0.00000425
1.85800000 -0.00000424
1.85900000 -0.00000422
1.86000000 -0.00000421
1.86100000 -0.00000419
1.86200000 -0.00000418
1.86300000 -0.00000417
1.86400000 -0.00000415
1.86500000 -0.00000414
1.86600000 -0.00000413
1.86700000 -0.00000411
1.86800000 -0.00000410
1.86900000 -0.00000409
1.87000000 -0.00000407
1.87100000 -0.00000406
1.87200000 -0.00000405
1.87300000 -0.00000403
1.87400000 -0.00000402
1.87500000 -0.00000401
1.87600000 -0.00000399
1.87700000 -0.00000398
1.87800000 -0.00000397
1.87900000 -0.00000395
1.88000000 -0.00000394
1.88100000 -0.00000393
1.88200000 -0.00000392
1.88300000 -0.00000390
1.88400000 -0.00000389
1.88500000 -0.00000388
1.88600000 -0.00000387
1.88700000 -0.00000385
1.88800000 -0.00000384
1.88900000 -0.00000383
1.89000000 -0.00000382
1.89100000 -0.00000380
1.89200000 -0.00000379
1.89300000 -0.00000378
1.89400000 -0.00000377
1.89500000 -0.00000376
1.89600000 -0.00000374
1.89700000 -0.00000373
1.89800000 -0.00000372
1.89900000 -0.00000371
1.90000000 -0.00000370
1.90100000 -0.00000369
1.90200000 -0.00000367
1.90300000 -0.00000366
1.90400000 -0.00000365
1.90500000 -0.00000364
1.90600000 -0.00000363
1.90700000 -0.00000362
1.90800000 -0.00000360
1.90900000 -0.00000359
1.91000000 -0.00000358
1.91100000 -0.00000357
1.91200000 -0.00000356
1.91300000 -0.00000355
1.91400000 -0.00000354
1.91500000 -0.00000353
1.91600000 -0.00000351
1.91700000 -0.00000350
1.91800000 -0.00000349
1.91900000 -0.00000348
1.92000000 -0.00000347
1.92100000 -0.00000346
1.92200000 -0.00000345
1.92300000 -0.00000344
1.92400000 -0.00000343
1.92500000 -0.00000342
1.92600000 -0.00000341
1.92700000 -0.00000340
1.92800000 -0.00000338
1.92900000 -0.00000337
1.93000000 -0.00000336
1.93100000 -0.00000335
1.93200000 -0.00000334
1.93300000 -0.00000333
1.93400000 -0.00000332
1.93500000 -0.00000331
1.93600000 -0.00000330
1.93700000 -0.00000329
1.93800000 -0.00000328
1.93900000 -0.00000327
1.94000000 -0.00000326
1.94100000 -0.00000325
1.94200000 -0.00000324
1.94300000 -0.00000323
1.94400000 -0.00000322
1.94500000 -0.00000321
1.94600000 -0.00000320
1.94700000 -0.00000319
1.94800000 -0.00000318
1.94900000 -0.00000317
1.95000000 -0.00000316
1.95100000 -0.00000315
1.95200000 -0.00000314
1.95300000 -0.00000313
1.95400000 -0.00000312
1.95500000 -0.00000311
1.95600000 -0.00000311
1.95700000 -0.00000310
1.95800000 -0.00000309
1.95900000 -0.00000308
1.96000000 -0.00000307
1.96100000 -0.00000306
1.96200000 -0.00000305
1.96300000 -0.00000304
1.96400000 -0.00000303
1.96500000 -0.00000302
1.96600000 -0.00000301
1.96700000 -0.00000300
1.96800000 -0.00000299
1.96900000 -0.00000298
1.97000000 -0.00000298
1.97100000 -0.00000297
1.97200000 -0.00000296
1.97300000 -0.00000295
1.97400000 -0.00000294
1.97500000 -0.00000293
1.97600000 -0.00000292
1.97700000 -0.00000291
1.97800000 -0.00000291
1.97900000 -0.00000290
1.98000000 -0.00000289
1.98100000 -0.00000288
1.98200000 -0.00000287
1.98300000 -0.00000286
1.98400000 -0.00000285
1.98500000 -0.00000284
1.98600000 -0.00000284
1.98700000 -0.00000283
1.98800000 -0.00000282
1.98900000 -0.00000281
1.99000000 -0.00000280
1.99100000 -0.00000279
1.99200000 -0.00000279
1.99300000 -0.00000278
1.99400000 -0.00000277
1.99500000 -0.00000276
1.99600000 -0.00000275
1.99700000 -0.00000275
1.99800000 -0.00000274
1.99900000 -0.00000273
2.00000000 -0.00000272
