0.10000000 3385335493.07551765
0.10100000 3004300934.85783482
0.10200000 2669291292.68257093
0.10300000 2374375225.98102856
0.10400000 2114432844.47892213
0.10500000 1885038374.30145025
0.10600000 1682360687.90498590
0.10700000 1503078843.89122415
0.10800000 1344310259.77138710
0.10900000 1203549534.57289219
0.11000000 1078616263.91857266
0.11100000 967610460.11220920
0.11200000 868874413.79675019
0.11300000 780960020.02925551
0.11400000 702600746.76399124
0.11500000 632687553.16900909
0.11600000 570248173.35971403
0.11700000 514429271.65726167
0.11800000 464481051.36424738
0.11900000 419743962.76092118
0.12000000 379637209.59628135
0.12100000 343648798.46082890
0.12200000 311326913.47281629
0.12300000 282272430.84093803
0.12400000 256132415.04136407
0.12500000 232594461.36229667
0.12600000 211381769.08832934
0.12700000 192248846.17316699
0.12800000 174977760.34511933
0.12900000 159374863.59199610
0.13000000 145267927.20470569
0.13100000 132503633.29390854
0.13200000 120945376.15996608
0.13300000 110471333.28537264
0.13400000 100972771.19279993
0.13500000 92352556.10743405
0.13600000 84523843.39483836
0.13700000 77408923.21273178
0.13800000 70938202.79948573
0.13900000 65049308.39389756
0.14000000 59686291.99939027
0.14100000 54798930.12179271
0.14200000 50342103.26630708
0.14300000 46275246.41283981
0.14400000 42561861.93083669
0.14500000 39169087.47183146
0.14600000 36067312.31292620
0.14700000 33229836.43691477
0.14800000 30632567.34148330
0.14900000 28253750.18523836
0.15000000 26073727.41455590
0.15100000 24074724.48301534
0.15200000 22240658.68360342
0.15300000 20556968.47079885
0.15400000 19010460.96185587
0.15500000 17589175.57993864
0.15600000 16282262.04126788
0.15700000 15079871.09849758
0.15800000 13973056.63691882
0.15900000 12953687.88206754
0.16000000 12014370.61973304
0.16100000 11148376.45468865
0.16200000 10349579.24483763
0.16300000 9612397.94474744
0.16400000 8931745.17835603
0.16500000 8302980.93638456
0.16600000 7721870.86091476
0.16700000 7184548.63875861
0.16800000 6687482.07760100
0.16900000 6227442.48525363
0.17000000 5801477.01343545
0.17100000 5406883.66392107
0.17200000 5041188.68722294
0.17300000 4702126.13267754
0.17400000 4387619.33431448
0.17500000 4095764.13957117
0.17600000 3824813.70810134
0.17700000 3573164.72590058
0.17800000 3339344.89598919
0.17900000 3122001.58117422
0.18000000 2919891.48715532
0.18100000 2731871.28561637
0.18200000 2556889.08710864
0.18300000 2393976.68261818
0.18400000 2242242.48083745
0.18500000 2100865.07543676
0.18600000 1969087.38314657
0.18700000 1846211.29930075
0.18800000 1731592.82272692
0.18900000 1624637.60656769
0.19000000 1524796.89583404
0.19100000 1431563.81628059
0.19200000 1344469.98259728
0.19300000 1263082.39697420
0.19400000 1187000.61185150
0.19500000 1115854.13314686
0.19600000 1049300.04248734
0.19700000 987020.81898649
0.19800000 928722.34292347
0.19900000 874132.06531949
0.20000000 822997.32888611
0.20100000 775083.82715561
0.20200000 730174.18981120
0.20300000 688066.68332604
0.20400000 648574.01700744
0.20500000 611522.24543626
0.20600000 576749.75910051
0.20700000 544106.35575515
0.20800000 513452.38570451
0.20900000 484657.96480601
0.21000000 457602.24954061
0.21100000 432172.76899133
0.21200000 408264.80902170
0.21300000 385780.84435527
0.21400000 364630.01462930
0.21500000 344727.64083391
0.21600000 325994.77885595
0.21700000 308357.80712648
0.21800000 291748.04562625
0.21900000 276101.40373558
0.22000000 261358.05462683
0.22100000 247462.13409065
0.22200000 234361.46186345
0.22300000 222007.28368375
0.22400000 210354.03245231
0.22500000 199359.10700442
0.22600000 188982.66712521
0.22700000 179187.44355096
0.22800000 169938.56180124
0.22900000 161203.37878051
0.23000000 152951.33117354
0.23100000 145153.79473695
0.23200000 137783.95366152
0.23300000 130816.67924508
0.23400000 124228.41717659
0.23500000 117997.08278695
0.23600000 112101.96367280
0.23700000 106523.62914621
0.23800000 101243.84600579
0.23900000 96245.50016377
0.24000000 91512.52369995
0.24100000 87029.82694613
0.24200000 82783.23523538
0.24300000 78759.42997809
0.24400000 74945.89375299
0.24500000 71330.85912430
0.24600000 67903.26091875
0.24700000 64652.69171555
0.24800000 61569.36032136
0.24900000 58644.05301909
0.25000000 55868.09739522
0.25100000 53233.32856452
0.25200000 50732.05762491
0.25300000 48357.04218679
0.25400000 46101.45883331
0.25500000 43958.87737798
0.25600000 41923.23679589
0.25700000 39988.82271393
0.25800000 38150.24635331
0.25900000 36402.42482580
0.26000000 34740.56269168
0.26100000 33160.13469432
0.26200000 31656.86959217
0.26300000 30226.73501460
0.26400000 28865.92327326
0.26500000 27570.83806521
0.26600000 26338.08200890
0.26700000 25164.44495787
0.26800000 24046.89304101
0.26900000 22982.55838167
0.27000000 21968.72945146
0.27100000 21002.84201713
0.27200000 20082.47064231
0.27300000 19205.32070812
0.27400000 18369.22091929
0.27500000 17572.11626452
0.27600000 16812.06140219
0.27700000 16087.21444421
0.27800000 15395.83111276
0.27900000 14736.25924629
0.28000000 14106.93363285
0.28100000 13506.37115004
0.28200000 12933.16619253
0.28300000 12385.98636906
0.28400000 11863.56845234
0.28500000 11364.71456592
0.28600000 10888.28859373
0.28700000 10433.21279821
0.28800000 9998.46463458
0.28900000 9583.07374903
0.29000000 9186.11914968
0.29100000 8806.72653989
0.29200000 8444.06580404
0.29300000 8097.34863649
0.29400000 7765.82630537
0.29500000 7448.78754278
0.29600000 7145.55655419
0.29700000 6855.49113963
0.29800000 6577.98092036
0.29900000 6312.44566445
0.30000000 6058.33370571
0.30100000 5815.12045034
0.30200000 5582.30696623
0.30300000 5359.41865001
0.30400000 5146.00396744
0.30500000 4941.63326274
0.30600000 4745.89763305
0.30700000 4558.40786410
0.30800000 4378.79342368
0.30900000 4206.70150956
0.31000000 4041.79614876
0.31100000 3883.75734524
0.31200000 3732.28027329
0.31300000 3587.07451400
0.31400000 3447.86333241
0.31500000 3314.38299300
0.31600000 3186.38211152
0.31700000 3063.62104086
0.31800000 2945.87128943
0.31900000 2832.91496985
0.32000000 2724.54427662
0.32100000 2620.56099092
0.32200000 2520.77601121
0.32300000 2425.00890812
0.32400000 2333.08750232
0.32500000 2244.84746421
0.32600000 2160.13193405
0.32700000 2078.79116165
0.32800000 2000.68216435
0.32900000 1925.66840254
0.33000000 1853.61947148
0.33100000 1784.41080886
0.33200000 1717.92341703
0.33300000 1654.04359923
0.33400000 1592.66270905
0.33500000 1533.67691238
0.33600000 1476.98696134
0.33700000 1422.49797927
0.33800000 1370.11925659
0.33900000 1319.76405657
0.34000000 1271.34943077
0.34100000 1224.79604355
0.34200000 1180.02800515
0.34300000 1136.97271293
0.34400000 1095.56070038
0.34500000 1055.72549343
0.34600000 1017.40347375
0.34700000 980.53374864
0.34800000 945.05802722
0.34900000 910.92050249
0.35000000 878.06773918
0.35100000 846.44856680
0.35200000 816.01397794
0.35300000 786.71703128
0.35400000 758.51275925
0.35500000 731.35808009
0.35600000 705.21171400
0.35700000 680.03410322
0.35800000 655.78733595
0.35900000 632.43507372
0.36000000 609.94248220
0.36100000 588.27616524
0.36200000 567.40410194
0.36300000 547.29558664
0.36400000 527.92117167
0.36500000 509.25261278
0.36600000 491.26281700
0.36700000 473.92579296
0.36800000 457.21660344
0.36900000 441.11132004
0.37000000 425.58698004
0.37100000 410.62154505
0.37200000 396.19386164
0.37300000 382.28362371
0.37400000 368.87133657
0.37500000 355.93828256
0.37600000 343.46648832
0.37700000 331.43869343
0.37800000 319.83832049
0.37900000 308.64944647
0.38000000 297.85677544
0.38100000 287.44561238
0.38200000 277.40183823
0.38300000 267.71188600
0.38400000 258.36271790
0.38500000 249.34180356
0.38600000 240.63709908
0.38700000 232.23702711
0.38800000 224.13045769
0.38900000 216.30668998
0.39000000 208.75543480
0.39100000 201.46679781
0.39200000 194.43126357
0.39300000 187.63968017
0.39400000 181.08324453
0.39500000 174.75348837
0.39600000 168.64226476
0.39700000 162.74173521
0.39800000 157.04435736
0.39900000 151.54287313
0.40000000 146.23029743
0.40100000 141.09990730
0.40200000 136.14523152
0.40300000 131.36004066
0.40400000 126.73833754
0.40500000 122.27434810
0.40600000 117.96251260
0.40700000 113.79747728
0.40800000 109.77408626
0.40900000 105.88737383
0.41000000 102.13255708
0.41100000 98.50502875
0.41200000 95.00035048
0.41300000 91.61424624
0.41400000 88.34259607
0.41500000 85.18143012
0.41600000 82.12692281
0.41700000 79.17538736
0.41800000 76.32327048
0.41900000 73.56714725
0.42000000 70.90371623
0.42100000 68.32979481
0.42200000 65.84231466
0.42300000 63.43831745
0.42400000 61.11495066
0.42500000 58.86946361
0.42600000 56.69920363
0.42700000 54.60161242
0.42800000 52.57422244
0.42900000 50.61465360
0.43000000 48.72060995
0.43100000 46.88987657
0.43200000 45.12031658
0.43300000 43.40986820
0.43400000 41.75654203
0.43500000 40.15841834
0.43600000 38.61364453
0.43700000 37.12043265
0.43800000 35.67705702
0.43900000 34.28185199
0.44000000 32.93320972
0.44100000 31.62957806
0.44200000 30.36945856
0.44300000 29.15140450
0.44400000 27.97401901
0.44500000 26.83595329
0.44600000 25.73590484
0.44700000 24.67261585
0.44800000 23.64487154
0.44900000 22.65149863
0.45000000 21.69136386
0.45100000 20.76337258
0.45200000 19.86646733
0.45300000 18.99962655
0.45400000 18.16186330
0.45500000 17.35222401
0.45600000 16.56978733
0.45700000 15.81366296
0.45800000 15.08299058
0.45900000 14.37693880
0.46000000 13.69470411
0.46100000 13.03550992
0.46200000 12.39860564
0.46300000 11.78326574
0.46400000 11.18878888
0.46500000 10.61449709
0.46600000 10.05973494
0.46700000 9.52386874
0.46800000 9.00628585
0.46900000 8.50639387
0.47000000 8.02362000
0.47100000 7.55741035
0.47200000 7.10722929
0.47300000 6.67255880
0.47400000 6.25289791
0.47500000 5.84776209
0.47600000 5.45668268
0.47700000 5.07920636
0.47800000 4.71489465
0.47900000 4.36332337
0.48000000 4.02408217
0.48100000 3.69677406
0.48200000 3.38101498
0.48300000 3.07643331
0.48400000 2.78266952
0.48500000 2.49937570
0.48600000 2.22621521
0.48700000 1.96286229
0.48800000 1.70900169
0.48900000 1.46432834
0.49000000 1.22854697
0.49100000 1.00137182
0.49200000 0.78252633
0.49300000 0.57174278
0.49400000 0.36876205
0.49500000 0.17333334
0.49600000 -0.01478617
0.49700000 -0.19583149
0.49800000 -0.37003019
0.49900000 -0.53760251
0.50000000 -0.69876174
0.50100000 -0.85371434
0.50200000 -1.00266022
0.50300000 -1.14579293
0.50400000 -1.28329990
0.50500000 -1.41536259
0.50600000 -1.54215672
0.50700000 -1.66385245
0.50800000 -1.78061457
0.50900000 -1.89260265
0.51000000 -1.99997122
0.51100000 -2.10286995
0.51200000 -2.20144376
0.51300000 -2.29583305
0.51400000 -2.38617377
0.51500000 -2.47259761
0.51600000 -2.55523209
0.51700000 -2.63420078
0.51800000 -2.70962331
0.51900000 -2.78161561
0.52000000 -2.85028994
0.52100000 -2.91575507
0.52200000 -2.97811633
0.52300000 -3.03747579
0.52400000 -3.09393231
0.52500000 -3.14758165
0.52600000 -3.19851660
0.52700000 -3.24682704
0.52800000 -3.29260003
0.52900000 -3.33591995
0.53000000 -3.37686852
0.53100000 -3.41552490
0.53200000 -3.45196582
0.53300000 -3.48626559
0.53400000 -3.51849622
0.53500000 -3.54872746
0.53600000 -3.57702691
0.53700000 -3.60346005
0.53800000 -3.62809032
0.53900000 -3.65097920
0.54000000 -3.67218624
0.54100000 -3.69176915
0.54200000 -3.70978384
0.54300000 -3.72628448
0.54400000 -3.74132356
0.54500000 -3.75495192
0.54600000 -3.76721883
0.54700000 -3.77817203
0.54800000 -3.78785777
0.54900000 -3.79632087
0.55000000 -3.80360472
0.55100000 -3.80975140
0.55200000 -3.81480166
0.55300000 -3.81879498
0.55400000 -3.82176961
0.55500000 -3.82376262
0.55600000 -3.82480989
0.55700000 -3.82494623
0.55800000 -3.82420531
0.55900000 -3.82261979
0.56000000 -3.82022128
0.56100000 -3.81704042
0.56200000 -3.81310688
0.56300000 -3.80844942
0.56400000 -3.80309586
0.56500000 -3.79707318
0.56600000 -3.79040751
0.56700000 -3.78312415
0.56800000 -3.77524759
0.56900000 -3.76680158
0.57000000 -3.75780911
0.57100000 -3.74829243
0.57200000 -3.73827310
0.57300000 -3.72777199
0.57400000 -3.71680933
0.57500000 -3.70540469
0.57600000 -3.69357701
0.57700000 -3.68134464
0.57800000 -3.66872536
0.57900000 -3.65573636
0.58000000 -3.64239429
0.58100000 -3.62871527
0.58200000 -3.61471488
0.58300000 -3.60040825
0.58400000 -3.58580997
0.58500000 -3.57093419
0.58600000 -3.55579459
0.58700000 -3.54040442
0.58800000 -3.52477648
0.58900000 -3.50892319
0.59000000 -3.49285651
0.59100000 -3.47658807
0.59200000 -3.46012907
0.59300000 -3.44349038
0.59400000 -3.42668248
0.59500000 -3.40971552
0.59600000 -3.39259932
0.59700000 -3.37534336
0.59800000 -3.35795682
0.59900000 -3.34044856
0.60000000 -3.32282714
0.60100000 -3.30510085
0.60200000 -3.28727769
0.60300000 -3.26936538
0.60400000 -3.25137140
0.60500000 -3.23330295
0.60600000 -3.21516699
0.60700000 -3.19697026
0.60800000 -3.17871925
0.60900000 -3.16042022
0.61000000 -3.14207923
0.61100000 -3.12370210
0.61200000 -3.10529448
0.61300000 -3.08686180
0.61400000 -3.06840929
0.61500000 -3.04994202
0.61600000 -3.03146484
0.61700000 -3.01298246
0.61800000 -2.99449940
0.61900000 -2.97602003
0.62000000 -2.95754853
0.62100000 -2.93908895
0.62200000 -2.92064520
0.62300000 -2.90222100
0.62400000 -2.88381998
0.62500000 -2.86544559
0.62600000 -2.84710118
0.62700000 -2.82878994
0.62800000 -2.81051497
0.62900000 -2.79227921
0.63000000 -2.77408552
0.63100000 -2.75593662
0.63200000 -2.73783513
0.63300000 -2.71978357
0.63400000 -2.70178433
0.63500000 -2.68383973
0.63600000 -2.66595199
0.63700000 -2.64812321
0.63800000 -2.63035542
0.63900000 -2.61265056
0.64000000 -2.59501049
0.64100000 -2.57743696
0.64200000 -2.55993167
0.64300000 -2.54249623
0.64400000 -2.52513217
0.64500000 -2.50784096
0.64600000 -2.49062399
0.64700000 -2.47348258
0.64800000 -2.45641798
0.64900000 -2.43943140
0.65000000 -2.42252396
0.65100000 -2.40569673
0.65200000 -2.38895073
0.65300000 -2.37228691
0.65400000 -2.35570617
0.65500000 -2.33920937
0.65600000 -2.32279730
0.65700000 -2.30647071
0.65800000 -2.29023030
0.65900000 -2.27407673
0.66000000 -2.25801062
0.66100000 -2.24203251
0.66200000 -2.22614296
0.66300000 -2.21034243
0.66400000 -2.19463137
0.66500000 -2.17901020
0.66600000 -2.16347929
0.66700000 -2.14803897
0.66800000 -2.13268955
0.66900000 -2.11743130
0.67000000 -2.10226446
0.67100000 -2.08718923
0.67200000 -2.07220580
0.67300000 -2.05731432
0.67400000 -2.04251491
0.67500000 -2.02780767
0.67600000 -2.01319266
0.67700000 -1.99866994
0.67800000 -1.98423953
0.67900000 -1.96990142
0.68000000 -1.95565560
0.68100000 -1.94150202
0.68200000 -1.92744061
0.68300000 -1.91347130
0.68400000 -1.89959397
0.68500000 -1.88580852
0.68600000 -1.87211479
0.68700000 -1.85851264
0.68800000 -1.84500188
0.68900000 -1.83158234
0.69000000 -1.81825381
0.69100000 -1.80501608
0.69200000 -1.79186890
0.69300000 -1.77881205
0.69400000 -1.76584525
0.69500000 -1.75296824
0.69600000 -1.74018074
0.69700000 -1.72748246
0.69800000 -1.71487309
0.69900000 -1.70235233
0.70000000 -1.68991983
0.70100000 -1.67757528
0.70200000 -1.66531833
0.70300000 -1.65314863
0.70400000 -1.64106583
0.70500000 -1.62906954
0.70600000 -1.61715941
0.70700000 -1.60533505
0.70800000 -1.59359607
0.70900000 -1.58194207
0.71000000 -1.57037267
0.71100000 -1.55888744
0.71200000 -1.54748598
0.71300000 -1.53616788
0.71400000 -1.52493271
0.71500000 -1.51378004
0.71600000 -1.50270944
0.71700000 -1.49172048
0.71800000 -1.48081273
0.71900000 -1.46998573
0.72000000 -1.45923905
0.72100000 -1.44857223
0.72200000 -1.43798483
0.72300000 -1.42747638
0.72400000 -1.41704644
0.72500000 -1.40669454
0.72600000 -1.39642023
0.72700000 -1.38622303
0.72800000 -1.37610250
0.72900000 -1.36605815
0.73000000 -1.35608953
0.73100000 -1.34619616
0.73200000 -1.33637758
0.73300000 -1.32663331
0.73400000 -1.31696289
0.73500000 -1.30736584
0.73600000 -1.29784168
0.73700000 -1.28838996
0.73800000 -1.27901019
0.73900000 -1.26970190
0.74000000 -1.26046462
0.74100000 -1.25129788
0.74200000 -1.24220120
0.74300000 -1.23317412
0.74400000 -1.22421615
0.74500000 -1.21532683
0.74600000 -1.20650570
0.74700000 -1.19775227
0.74800000 -1.18906608
0.74900000 -1.18044667
0.75000000 -1.17189356
0.75100000 -1.16340629
0.75200000 -1.15498440
0.75300000 -1.14662742
0.75400000 -1.13833490
0.75500000 -1.13010636
0.75600000 -1.12194135
0.75700000 -1.11383942
0.75800000 -1.10580010
0.75900000 -1.09782294
0.76000000 -1.08990749
0.76100000 -1.08205330
0.76200000 -1.07425992
0.76300000 -1.06652690
0.76400000 -1.05885379
0.76500000 -1.05124016
0.76600000 -1.04368555
0.76700000 -1.03618953
0.76800000 -1.02875166
0.76900000 -1.02137151
0.77000000 -1.01404863
0.77100000 -1.00678261
0.77200000 -0.99957300
0.77300000 -0.99241938
0.77400000 -0.98532133
0.77500000 -0.97827842
0.77600000 -0.97129024
0.77700000 -0.96435635
0.77800000 -0.95747635
0.77900000 -0.95064983
0.78000000 -0.94387636
0.78100000 -0.93715554
0.78200000 -0.93048697
0.78300000 -0.92387024
0.78400000 -0.91730494
0.78500000 -0.91079068
0.78600000 -0.90432706
0.78700000 -0.89791368
0.78800000 -0.89155015
0.78900000 -0.88523608
0.79000000 -0.87897108
0.79100000 -0.87275477
0.79200000 -0.86658677
0.79300000 -0.86046668
0.79400000 -0.85439415
0.79500000 -0.84836878
0.79600000 -0.84239021
0.79700000 -0.83645806
0.79800000 -0.83057197
0.79900000 -0.82473158
0.80000000 -0.81893651
0.80100000 -0.81318640
0.80200000 -0.80748091
0.80300000 -0.80181967
0.80400000 -0.79620233
0.80500000 -0.79062854
0.80600000 -0.78509795
0.80700000 -0.77961021
0.80800000 -0.77416498
0.80900000 -0.76876193
0.81000000 -0.76340070
0.81100000 -0.75808097
0.81200000 -0.75280239
0.81300000 -0.74756465
0.81400000 -0.74236741
0.81500000 -0.73721034
0.81600000 -0.73209312
0.81700000 -0.72701542
0.81800000 -0.72197694
0.81900000 -0.71697734
0.82000000 -0.71201633
0.82100000 -0.70709357
0.82200000 -0.70220877
0.82300000 -0.69736162
0.82400000 -0.69255181
0.82500000 -0.68777903
0.82600000 -0.68304300
0.82700000 -0.67834340
0.82800000 -0.67367995
0.82900000 -0.66905234
0.83000000 -0.66446030
0.83100000 -0.65990352
0.83200000 -0.65538172
0.83300000 -0.65089463
0.83400000 -0.64644194
0.83500000 -0.64202339
0.83600000 -0.63763870
0.83700000 -0.63328759
0.83800000 -0.62896978
0.83900000 -0.62468501
0.84000000 -0.62043301
0.84100000 -0.61621350
0.84200000 -0.61202623
0.84300000 -0.60787092
0.84400000 -0.60374733
0.84500000 -0.59965519
0.84600000 -0.59559424
0.84700000 -0.59156423
0.84800000 -0.58756490
0.84900000 -0.58359602
0.85000000 -0.57965732
0.85100000 -0.57574856
0.85200000 -0.57186950
0.85300000 -0.56801989
0.85400000 -0.56419949
0.85500000 -0.56040807
0.85600000 -0.55664539
0.85700000 -0.55291121
0.85800000 -0.54920530
0.85900000 -0.54552744
0.86000000 -0.54187738
0.86100000 -0.53825490
0.86200000 -0.53465979
0.86300000 -0.53109181
0.86400000 -0.52755074
0.86500000 -0.52403637
0.86600000 -0.52054847
0.86700000 -0.51708684
0.86800000 -0.51365125
0.86900000 -0.51024149
0.87000000 -0.50685735
0.87100000 -0.50349863
0.87200000 -0.50016512
0.87300000 -0.49685660
0.87400000 -0.49357289
0.87500000 -0.49031376
0.87600000 -0.48707903
0.87700000 -0.48386850
0.87800000 -0.48068197
0.87900000 -0.47751924
0.88000000 -0.47438012
0.88100000 -0.47126442
0.88200000 -0.46817194
0.88300000 -0.46510250
0.88400000 -0.46205592
0.88500000 -0.45903200
0.88600000 -0.45603055
0.88700000 -0.45305141
0.88800000 -0.45009439
0.88900000 -0.44715930
0.89000000 -0.44424597
0.89100000 -0.44135422
0.89200000 -0.43848388
0.89300000 -0.43563478
0.89400000 -0.43280674
0.89500000 -0.42999959
0.89600000 -0.42721316
0.89700000 -0.42444729
0.89800000 -0.42170180
0.89900000 -0.41897654
0.90000000 -0.41627134
0.90100000 -0.41358603
0.90200000 -0.41092046
0.90300000 -0.40827447
0.90400000 -0.40564790
0.90500000 -0.40304059
0.90600000 -0.40045239
0.90700000 -0.39788314
0.90800000 -0.39533269
0.90900000 -0.39280089
0.91000000 -0.39028759
0.91100000 -0.38779263
0.91200000 -0.38531588
0.91300000 -0.38285719
0.91400000 -0.38041640
0.91500000 -0.37799338
0.91600000 -0.37558799
0.91700000 -0.37320008
0.91800000 -0.37082951
0.91900000 -0.36847614
0.92000000 -0.36613984
0.92100000 -0.36382047
0.92200000 -0.36151789
0.92300000 -0.35923196
0.92400000 -0.35696257
0.92500000 -0.35470956
0.92600000 -0.35247282
0.92700000 -0.35025221
0.92800000 -0.34804761
0.92900000 -0.34585888
0.93000000 -0.34368590
0.93100000 -0.34152854
0.93200000 -0.33938668
0.93300000 -0.33726020
0.93400000 -0.33514897
0.93500000 -0.33305287
0.93600000 -0.33097179
0.93700000 -0.32890559
0.93800000 -0.32685418
0.93900000 -0.32481742
0.94000000 -0.32279519
0.94100000 -0.32078740
0.94200000 -0.31879392
0.94300000 -0.31681463
0.94400000 -0.31484943
0.94500000 -0.31289821
0.94600000 -0.31096085
0.94700000 -0.30903724
0.94800000 -0.30712728
0.94900000 -0.30523086
0.95000000 -0.30334787
0.95100000 -0.30147820
0.95200000 -0.29962176
0.95300000 -0.29777843
0.95400000 -0.29594812
0.95500000 -0.29413071
0.95600000 -0.29232612
0.95700000 -0.29053424
0.95800000 -0.28875496
0.95900000 -0.28698820
0.96000000 -0.28523385
0.96100000 -0.28349181
0.96200000 -0.28176200
0.96300000 -0.28004430
0.96400000 -0.27833864
0.96500000 -0.27664491
0.96600000 -0.27496302
0.96700000 -0.27329289
0.96800000 -0.27163441
0.96900000 -0.26998749
0.97000000 -0.26835206
0.97100000 -0.26672801
0.97200000 -0.26511526
0.97300000 -0.26351372
0.97400000 -0.26192331
0.97500000 -0.26034393
0.97600000 -0.25877551
0.97700000 -0.25721795
0.97800000 -0.25567118
0.97900000 -0.25413510
0.98000000 -0.25260965
0.98100000 -0.25109473
0.98200000 -0.24959026
0.98300000 -0.24809617
0.98400000 -0.24661236
0.98500000 -0.24513878
0.98600000 -0.24367532
0.98700000 -0.24222193
0.98800000 -0.24077851
0.98900000 -0.23934500
0.99000000 -0.23792131
0.99100000 -0.23650737
0.99200000 -0.23510311
0.99300000 -0.23370846
0.99400000 -0.23232333
0.99500000 -0.23094766
0.99600000 -0.22958137
0.99700000 -0.22822439
0.99800000 -0.22687666
0.99900000 -0.22553809
1.00000000 -0.22420863
1.00100000 -0.22288819
1.00200000 -0.22157672
1.00300000 -0.22027414
1.00400000 -0.21898039
1.00500000 -0.21769540
1.00600000 -0.21641910
1.00700000 -0.21515142
1.00800000 -0.21389231
1.00900000 -0.21264169
1.01000000 -0.21139951
1.01100000 -0.21016569
1.01200000 -0.20894018
1.01300000 -0.20772291
1.01400000 -0.20651382
1.01500000 -0.20531285
1.01600000 -0.20411993
1.01700000 -0.20293501
1.01800000 -0.20175803
1.01900000 -0.20058892
1.02000000 -0.19942763
1.02100000 -0.19827410
1.02200000 -0.19712827
1.02300000 -0.19599008
1.02400000 -0.19485948
1.02500000 -0.19373640
1.02600000 -0.19262080
1.02700000 -0.19151261
1.02800000 -0.19041178
1.02900000 -0.18931826
1.03000000 -0.18823199
1.03100000 -0.18715291
1.03200000 -0.18608098
1.03300000 -0.18501614
1.03400000 -0.18395833
1.03500000 -0.18290751
1.03600000 -0.18186362
1.03700000 -0.18082662
1.03800000 -0.17979644
1.03900000 -0.17877305
1.04000000 -0.17775638
1.04100000 -0.17674640
1.04200000 -0.17574304
1.04300000 -0.17474626
1.04400000 -0.17375602
1.04500000 -0.17277226
1.04600000 -0.17179494
1.04700000 -0.17082401
1.04800000 -0.16985942
1.04900000 -0.16890113
1.05000000 -0.16794908
1.05100000 -0.16700324
1.05200000 -0.16606355
1.05300000 -0.16512998
1.05400000 -0.16420248
1.05500000 -0.16328099
1.05600000 -0.16236549
1.05700000 -0.16145592
1.05800000 -0.16055225
1.05900000 -0.15965442
1.06000000 -0.15876240
1.06100000 -0.15787615
1.06200000 -0.15699561
1.06300000 -0.15612076
1.06400000 -0.15525154
1.06500000 -0.15438792
1.06600000 -0.15352986
1.06700000 -0.15267732
1.06800000 -0.15183025
1.06900000 -0.15098862
1.07000000 -0.15015239
1.07100000 -0.14932151
1.07200000 -0.14849596
1.07300000 -0.14767569
1.07400000 -0.14686066
1.07500000 -0.14605083
1.07600000 -0.14524618
1.07700000 -0.14444665
1.07800000 -0.14365222
1.07900000 -0.14286285
1.08000000 -0.14207849
1.08100000 -0.14129912
1.08200000 -0.14052470
1.08300000 -0.13975519
1.08400000 -0.13899057
1.08500000 -0.13823078
1.08600000 -0.13747580
1.08700000 -0.13672560
1.08800000 -0.13598014
1.08900000 -0.13523938
1.09000000 -0.13450329
1.09100000 -0.13377185
1.09200000 -0.13304501
1.09300000 -0.13232274
1.09400000 -0.13160502
1.09500000 -0.13089180
1.09600000 -0.13018306
1.09700000 -0.12947877
1.09800000 -0.12877889
1.09900000 -0.12808339
1.10000000 -0.12739224
1.10100000 -0.12670541
1.10200000 -0.12602288
1.10300000 -0.12534460
1.10400000 -0.12467055
1.10500000 -0.12400070
1.10600000 -0.12333502
1.10700000 -0.12267348
1.10800000 -0.12201605
1.10900000 -0.12136271
1.11000000 -0.12071342
1.11100000 -0.12006815
1.11200000 -0.11942688
1.11300000 -0.11878958
1.11400000 -0.11815622
1.11500000 -0.11752678
1.11600000 -0.11690122
1.11700000 -0.11627952
1.11800000 -0.11566165
1.11900000 -0.11504759
1.12000000 -0.11443731
1.12100000 -0.11383078
1.12200000 -0.11322798
1.12300000 -0.11262887
1.12400000 -0.11203345
1.12500000 -0.11144167
1.12600000 -0.11085351
1.12700000 -0.11026896
1.12800000 -0.10968798
1.12900000 -0.10911054
1.13000000 -0.10853664
1.13100000 -0.10796623
1.13200000 -0.10739930
1.13300000 -0.10683582
1.13400000 -0.10627577
1.13500000 -0.10571912
1.13600000 -0.10516586
1.13700000 -0.10461595
1.13800000 -0.10406938
1.13900000 -0.10352612
1.14000000 -0.10298615
1.14100000 -0.10244944
1.14200000 -0.10191598
1.14300000 -0.10138574
1.14400000 -0.10085871
1.14500000 -0.10033485
1.14600000 -0.09981414
1.14700000 -0.09929657
1.14800000 -0.09878212
1.14900000 -0.09827076
1.15000000 -0.09776246
1.15100000 -0.09725722
1.15200000 -0.09675501
1.15300000 -0.09625581
1.15400000 -0.09575959
1.15500000 -0.09526634
1.15600000 -0.09477604
1.15700000 -0.09428867
1.15800000 -0.09380421
1.15900000 -0.09332264
1.16000000 -0.09284393
1.16100000 -0.09236808
1.16200000 -0.09189505
1.16300000 -0.09142484
1.16400000 -0.09095741
1.16500000 -0.09049277
1.16600000 -0.09003087
1.16700000 -0.08957172
1.16800000 -0.08911528
1.16900000 -0.08866154
1.17000000 -0.08821048
1.17100000 -0.08776209
1.17200000 -0.08731634
1.17300000 -0.08687322
1.17400000 -0.08643271
1.17500000 -0.08599479
1.17600000 -0.08555945
1.17700000 -0.08512667
1.17800000 -0.08469643
1.17900000 -0.08426871
1.18000000 -0.08384350
1.18100000 -0.08342078
1.18200000 -0.08300054
1.18300000 -0.08258275
1.18400000 -0.08216741
1.18500000 -0.08175449
1.18600000 -0.08134398
1.18700000 -0.08093587
1.18800000 -0.08053013
1.18900000 -0.08012675
1.19000000 -0.07972572
1.19100000 -0.07932702
1.19200000 -0.07893064
1.19300000 -0.07853656
1.19400000 -0.07814476
1.19500000 -0.07775523
1.19600000 -0.07736796
1.19700000 -0.07698293
1.19800000 -0.07660012
1.19900000 -0.07621952
1.20000000 -0.07584112
1.20100000 -0.07546490
1.20200000 -0.07509085
1.20300000 -0.07471895
1.20400000 -0.07434920
1.20500000 -0.07398156
1.20600000 -0.07361604
1.20700000 -0.07325262
1.20800000 -0.07289128
1.20900000 -0.07253201
1.21000000 -0.07217480
1.21100000 -0.07181963
1.21200000 -0.07146650
1.21300000 -0.07111538
1.21400000 -0.07076626
1.21500000 -0.07041914
1.21600000 -0.07007399
1.21700000 -0.06973081
1.21800000 -0.06938958
1.21900000 -0.06905029
1.22000000 -0.06871293
1.22100000 -0.06837749
1.22200000 -0.06804394
1.22300000 -0.06771229
1.22400000 -0.06738252
1.22500000 -0.06705461
1.22600000 -0.06672856
1.22700000 -0.06640435
1.22800000 -0.06608196
1.22900000 -0.06576140
1.23000000 -0.06544265
1.23100000 -0.06512569
1.23200000 -0.06481051
1.23300000 -0.06449711
1.23400000 -0.06418547
1.23500000 -0.06387558
1.23600000 -0.06356742
1.23700000 -0.06326100
1.23800000 -0.06295629
1.23900000 -0.06265329
1.24000000 -0.06235198
1.24100000 -0.06205236
1.24200000 -0.06175441
1.24300000 -0.06145812
1.24400000 -0.06116349
1.24500000 -0.06087050
1.24600000 -0.06057913
1.24700000 -0.06028939
1.24800000 -0.06000126
1.24900000 -0.05971474
1.25000000 -0.05942980
1.25100000 -0.05914644
1.25200000 -0.05886465
1.25300000 -0.05858443
1.25400000 -0.05830575
1.25500000 -0.05802862
1.25600000 -0.05775301
1.25700000 -0.05747893
1.25800000 -0.05720636
1.25900000 -0.05693529
1.26000000 -0.05666572
1.26100000 -0.05639763
1.26200000 -0.05613102
1.26300000 -0.05586587
1.26400000 -0.05560217
1.26500000 -0.05533993
1.26600000 -0.05507912
1.26700000 -0.05481974
1.26800000 -0.05456178
1.26900000 -0.05430524
1.27000000 -0.05405009
1.27100000 -0.05379634
1.27200000 -0.05354397
1.27300000 -0.05329299
1.27400000 -0.05304336
1.27500000 -0.05279510
1.27600000 -0.05254819
1.27700000 -0.05230263
1.27800000 -0.05205839
1.27900000 -0.05181549
1.28000000 -0.05157390
1.28100000 -0.05133362
1.28200000 -0.05109464
1.28300000 -0.05085696
1.28400000 -0.05062056
1.28500000 -0.05038544
1.28600000 -0.05015159
1.28700000 -0.04991901
1.28800000 -0.04968767
1.28900000 -0.04945759
1.29000000 -0.04922874
1.29100000 -0.04900113
1.29200000 -0.04877474
1.29300000 -0.04854956
1.29400000 -0.04832560
1.29500000 -0.04810283
1.29600000 -0.04788126
1.29700000 -0.04766088
1.29800000 -0.04744168
1.29900000 -0.04722365
1.30000000 -0.04700679
1.30100000 -0.04679108
1.30200000 -0.04657653
1.30300000 -0.04636312
1.30400000 -0.04615084
1.30500000 -0.04593970
1.30600000 -0.04572968
1.30700000 -0.04552078
1.30800000 -0.04531299
1.30900000 -0.04510630
1.31000000 -0.04490071
1.31100000 -0.04469621
1.31200000 -0.04449279
1.31300000 -0.04429045
1.31400000 -0.04408918
1.31500000 -0.04388898
1.31600000 -0.04368983
1.31700000 -0.04349173
1.31800000 -0.04329468
1.31900000 -0.04309867
1.32000000 -0.04290369
1.32100000 -0.04270973
1.32200000 -0.04251680
1.32300000 -0.04232488
1.32400000 -0.04213396
1.32500000 -0.04194405
1.32600000 -0.04175514
1.32700000 -0.04156721
1.32800000 -0.04138027
1.32900000 -0.04119431
1.33000000 -0.04100932
1.33100000 -0.04082530
1.33200000 -0.04064223
1.33300000 -0.04046013
1.33400000 -0.04027897
1.33500000 -0.04009875
1.33600000 -0.03991948
1.33700000 -0.03974113
1.33800000 -0.03956372
1.33900000 -0.03938722
1.34000000 -0.03921164
1.34100000 -0.03903698
1.34200000 -0.03886321
1.34300000 -0.03869035
1.34400000 -0.03851838
1.34500000 -0.03834731
1.34600000 -0.03817711
1.34700000 -0.03800780
1.34800000 -0.03783936
1.34900000 -0.03767178
1.35000000 -0.03750507
1.35100000 -0.03733922
1.35200000 -0.03717423
1.35300000 -0.03701008
1.35400000 -0.03684677
1.35500000 -0.03668431
1.35600000 -0.03652268
1.35700000 -0.03636187
1.35800000 -0.03620189
1.35900000 -0.03604273
1.36000000 -0.03588439
1.36100000 -0.03572685
1.36200000 -0.03557012
1.36300000 -0.03541419
1.36400000 -0.03525905
1.36500000 -0.03510471
1.36600000 -0.03495115
1.36700000 -0.03479837
1.36800000 -0.03464637
1.36900000 -0.03449515
1.37000000 -0.03434469
1.37100000 -0.03419499
1.37200000 -0.03404606
1.37300000 -0.03389788
1.37400000 -0.03375045
1.37500000 -0.03360377
1.37600000 -0.03345783
1.37700000 -0.03331262
1.37800000 -0.03316815
1.37900000 -0.03302441
1.38000000 -0.03288140
1.38100000 -0.03273910
1.38200000 -0.03259753
1.38300000 -0.03245666
1.38400000 -0.03231651
1.38500000 -0.03217705
1.38600000 -0.03203830
1.38700000 -0.03190025
1.38800000 -0.03176289
1.38900000 -0.03162621
1.39000000 -0.03149022
1.39100000 -0.03135491
1.39200000 -0.03122028
1.39300000 -0.03108632
1.39400000 -0.03095304
1.39500000 -0.03082041
1.39600000 -0.03068845
1.39700000 -0.03055714
1.39800000 -0.03042649
1.39900000 -0.03029649
1.40000000 -0.03016714
1.40100000 -0.03003843
1.40200000 -0.02991036
1.40300000 -0.02978292
1.40400000 -0.02965612
1.40500000 -0.02952994
1.40600000 -0.02940439
1.40700000 -0.02927946
1.40800000 -0.02915515
1.40900000 -0.02903145
1.41000000 -0.02890837
1.41100000 -0.02878589
1.41200000 -0.02866402
1.41300000 -0.02854274
1.41400000 -0.02842207
1.41500000 -0.02830199
1.41600000 -0.02818250
1.41700000 -0.02806359
1.41800000 -0.02794527
1.41900000 -0.02782754
1.42000000 -0.02771037
1.42100000 -0.02759379
1.42200000 -0.02747777
1.42300000 -0.02736232
1.42400000 -0.02724744
1.42500000 -0.02713312
1.42600000 -0.02701936
1.42700000 -0.02690615
1.42800000 -0.02679350
1.42900000 -0.02668139
1.43000000 -0.02656983
1.43100000 -0.02645881
1.43200000 -0.02634834
1.43300000 -0.02623840
1.43400000 -0.02612899
1.43500000 -0.02602012
1.43600000 -0.02591177
1.43700000 -0.02580395
1.43800000 -0.02569666
1.43900000 -0.02558988
1.44000000 -0.02548362
1.44100000 -0.02537787
1.44200000 -0.02527263
1.44300000 -0.02516790
1.44400000 -0.02506368
1.44500000 -0.02495996
1.44600000 -0.02485674
1.44700000 -0.02475401
1.44800000 -0.02465178
1.44900000 -0.02455005
1.45000000 -0.02444880
1.45100000 -0.02434803
1.45200000 -0.02424776
1.45300000 -0.02414796
1.45400000 -0.02404864
1.45500000 -0.02394979
1.45600000 -0.02385142
1.45700000 -0.02375352
1.45800000 -0.02365609
1.45900000 -0.02355912
1.46000000 -0.02346262
1.46100000 -0.02336658
1.46200000 -0.02327099
1.46300000 -0.02317586
1.46400000 -0.02308118
1.46500000 -0.02298696
1.46600000 -0.02289318
1.46700000 -0.02279984
1.46800000 -0.02270695
1.46900000 -0.02261450
1.47000000 -0.02252249
1.47100000 -0.02243092
1.47200000 -0.02233978
1.47300000 -0.02224906
1.47400000 -0.02215878
1.47500000 -0.02206893
1.47600000 -0.02197950
1.47700000 -0.02189049
1.47800000 -0.02180190
1.47900000 -0.02171373
1.48000000 -0.02162598
1.48100000 -0.02153863
1.48200000 -0.02145170
1.48300000 -0.02136518
1.48400000 -0.02127906
1.48500000 -0.02119335
1.48600000 -0.02110804
1.48700000 -0.02102313
1.48800000 -0.02093862
1.48900000 -0.02085450
1.49000000 -0.02077078
1.49100000 -0.02068745
1.49200000 -0.02060450
1.49300000 -0.02052195
1.49400000 -0.02043978
1.49500000 -0.02035799
1.49600000 -0.02027659
1.49700000 -0.02019556
1.49800000 -0.02011491
1.49900000 -0.02003464
1.50000000 -0.01995474
1.50100000 -0.01987521
1.50200000 -0.01979605
1.50300000 -0.01971726
1.50400000 -0.01963883
1.50500000 -0.01956077
1.50600000 -0.01948306
1.50700000 -0.01940572
1.50800000 -0.01932873
1.50900000 -0.01925211
1.51000000 -0.01917583
1.51100000 -0.01909991
1.51200000 -0.01902433
1.51300000 -0.01894911
1.51400000 -0.01887423
1.51500000 -0.01879969
1.51600000 -0.01872550
1.51700000 -0.01865165
1.51800000 -0.01857814
1.51900000 -0.01850497
1.52000000 -0.01843213
1.52100000 -0.01835962
1.52200000 -0.01828745
1.52300000 -0.01821561
1.52400000 -0.01814410
1.52500000 -0.01807291
1.52600000 -0.01800205
1.52700000 -0.01793152
1.52800000 -0.01786130
1.52900000 -0.01779141
1.53000000 -0.01772183
1.53100000 -0.01765258
1.53200000 -0.01758363
1.53300000 -0.01751500
1.53400000 -0.01744669
1.53500000 -0.01737868
1.53600000 -0.01731098
1.53700000 -0.01724359
1.53800000 -0.01717650
1.53900000 -0.01710972
1.54000000 -0.01704324
1.54100000 -0.01697707
1.54200000 -0.01691119
1.54300000 -0.01684561
1.54400000 -0.01678032
1.54500000 -0.01671533
1.54600000 -0.01665064
1.54700000 -0.01658623
1.54800000 -0.01652212
1.54900000 -0.01645829
1.55000000 -0.01639475
1.55100000 -0.01633150
1.55200000 -0.01626853
1.55300000 -0.01620585
1.55400000 -0.01614344
1.55500000 -0.01608132
1.55600000 -0.01601947
1.55700000 -0.01595790
1.55800000 -0.01589661
1.55900000 -0.01583559
1.56000000 -0.01577485
1.56100000 -0.01571437
1.56200000 -0.01565417
1.56300000 -0.01559423
1.56400000 -0.01553456
1.56500000 -0.01547516
1.56600000 -0.01541602
1.56700000 -0.01535715
1.56800000 -0.01529854
1.56900000 -0.01524019
1.57000000 -0.01518209
1.57100000 -0.01512426
1.57200000 -0.01506668
1.57300000 -0.01500936
1.57400000 -0.01495229
1.57500000 -0.01489548
1.57600000 -0.01483891
1.57700000 -0.01478260
1.57800000 -0.01472653
1.57900000 -0.01467072
1.58000000 -0.01461515
1.58100000 -0.01455982
1.58200000 -0.01450474
1.58300000 -0.01444990
1.58400000 -0.01439531
1.58500000 -0.01434095
1.58600000 -0.01428683
1.58700000 -0.01423295
1.58800000 -0.01417931
1.58900000 -0.01412590
1.59000000 -0.01407273
1.59100000 -0.01401979
1.59200000 -0.01396709
1.59300000 -0.01391461
1.59400000 -0.01386236
1.59500000 -0.01381034
1.59600000 -0.01375855
1.59700000 -0.01370699
1.59800000 -0.01365565
1.59900000 -0.01360454
1.60000000 -0.01355364
1.60100000 -0.01350297
1.60200000 -0.01345252
1.60300000 -0.01340229
1.60400000 -0.01335228
1.60500000 -0.01330249
1.60600000 -0.01325291
1.60700000 -0.01320355
1.60800000 -0.01315440
1.60900000 -0.01310546
1.61000000 -0.01305674
1.61100000 -0.01300823
1.61200000 -0.01295993
1.61300000 -0.01291184
1.61400000 -0.01286395
1.61500000 -0.01281627
1.61600000 -0.01276880
1.61700000 -0.01272153
1.61800000 -0.01267447
1.61900000 -0.01262761
1.62000000 -0.01258095
1.62100000 -0.01253450
1.62200000 -0.01248824
1.62300000 -0.01244218
1.62400000 -0.01239632
1.62500000 -0.01235065
1.62600000 -0.01230519
1.62700000 -0.01225991
1.62800000 -0.01221484
1.62900000 -0.01216995
1.63000000 -0.01212526
1.63100000 -0.01208076
1.63200000 -0.01203644
1.63300000 -0.01199232
1.63400000 -0.01194839
1.63500000 -0.01190464
1.63600000 -0.01186108
1.63700000 -0.01181771
1.63800000 -0.01177452
1.63900000 -0.01173151
1.64000000 -0.01168869
1.64100000 -0.01164605
1.64200000 -0.01160359
1.64300000 -0.01156132
1.64400000 -0.01151922
1.64500000 -0.01147730
1.64600000 -0.01143555
1.64700000 -0.01139399
1.64800000 -0.01135260
1.64900000 -0.01131139
1.65000000 -0.01127035
1.65100000 -0.01122948
1.65200000 -0.01118879
1.65300000 -0.01114826
1.65400000 -0.01110791
1.65500000 -0.01106773
1.65600000 -0.01102772
1.65700000 -0.01098788
1.65800000 -0.01094820
1.65900000 -0.01090870
1.66000000 -0.01086936
1.66100000 -0.01083018
1.66200000 -0.01079117
1.66300000 -0.01075232
1.66400000 -0.01071363
1.66500000 -0.01067511
1.66600000 -0.01063675
1.66700000 -0.01059855
1.66800000 -0.01056051
1.66900000 -0.01052263
1.67000000 -0.01048490
1.67100000 -0.01044734
1.67200000 -0.01040993
1.67300000 -0.01037268
1.67400000 -0.01033558
1.67500000 -0.01029864
1.67600000 -0.01026185
1.67700000 -0.01022521
1.67800000 -0.01018873
1.67900000 -0.01015240
1.68000000 -0.01011621
1.68100000 -0.01008018
1.68200000 -0.01004430
1.68300000 -0.01000857
1.68400000 -0.00997299
1.68500000 -0.00993755
1.68600000 -0.00990226
1.68700000 -0.00986712
1.68800000 -0.00983212
1.68900000 -0.00979727
1.69000000 -0.00976256
1.69100000 -0.00972799
1.69200000 -0.00969357
1.69300000 -0.00965929
1.69400000 -0.00962514
1.69500000 -0.00959114
1.69600000 -0.00955729
1.69700000 -0.00952356
1.69800000 -0.00948998
1.69900000 -0.00945654
1.70000000 -0.00942323
1.70100000 -0.00939006
1.70200000 -0.00935703
1.70300000 -0.00932413
1.70400000 -0.00929137
1.70500000 -0.00925874
1.70600000 -0.00922624
1.70700000 -0.00919388
1.70800000 -0.00916165
1.70900000 -0.00912955
1.71000000 -0.00909758
1.71100000 -0.00906575
1.71200000 -0.00903404
1.71300000 -0.00900246
1.71400000 -0.00897101
1.71500000 -0.00893969
1.71600000 -0.00890850
1.71700000 -0.00887743
1.71800000 -0.00884649
1.71900000 -0.00881567
1.72000000 -0.00878498
1.72100000 -0.00875442
1.72200000 -0.00872398
1.72300000 -0.00869366
1.72400000 -0.00866346
1.72500000 -0.00863339
1.72600000 -0.00860344
1.72700000 -0.00857361
1.72800000 -0.00854390
1.72900000 -0.00851431
1.73000000 -0.00848484
1.73100000 -0.00845549
1.73200000 -0.00842625
1.73300000 -0.00839714
1.73400000 -0.00836814
1.73500000 -0.00833926
1.73600000 -0.00831049
1.73700000 -0.00828184
1.73800000 -0.00825331
1.73900000 -0.00822489
1.74000000 -0.00819658
1.74100000 -0.00816839
1.74200000 -0.00814031
1.74300000 -0.00811234
1.74400000 -0.00808449
1.74500000 -0.00805675
1.74600000 -0.00802911
1.74700000 -0.00800159
1.74800000 -0.00797418
1.74900000 -0.00794688
1.75000000 -0.00791968
1.75100000 -0.00789260
1.75200000 -0.00786562
1.75300000 -0.00783875
1.75400000 -0.00781199
1.75500000 -0.00778533
1.75600000 -0.00775878
1.75700000 -0.00773234
1.75800000 -0.00770600
1.75900000 -0.00767977
1.76000000 -0.00765364
1.76100000 -0.00762761
1.76200000 -0.00760168
1.76300000 -0.00757586
1.76400000 -0.00755014
1.76500000 -0.00752453
1.76600000 -0.00749901
1.76700000 -0.00747360
1.76800000 -0.00744828
1.76900000 -0.00742307
1.77000000 -0.00739795
1.77100000 -0.00737293
1.77200000 -0.00734802
1.77300000 -0.00732320
1.77400000 -0.00729848
1.77500000 -0.00727385
1.77600000 -0.00724932
1.77700000 -0.00722489
1.77800000 -0.00720056
1.77900000 -0.00717632
1.78000000 -0.00715217
1.78100000 -0.00712812
1.78200000 -0.00710417
1.78300000 -0.00708031
1.78400000 -0.00705654
1.78500000 -0.00703286
1.78600000 -0.00700928
1.78700000 -0.00698579
1.78800000 -0.00696239
1.78900000 -0.00693908
1.79000000 -0.00691587
1.79100000 -0.00689274
1.79200000 -0.00686970
1.79300000 -0.00684676
1.79400000 -0.00682390
1.79500000 -0.00680113
1.79600000 -0.00677845
1.79700000 -0.00675586
1.79800000 -0.00673336
1.79900000 -0.00671094
1.80000000 -0.00668861
1.80100000 -0.00666637
1.80200000 -0.00664422
1.80300000 -0.00662215
1.80400000 -0.00660016
1.80500000 -0.00657826
1.80600000 -0.00655645
1.80700000 -0.00653471
1.80800000 -0.00651307
1.80900000 -0.00649150
1.81000000 -0.00647002
1.81100000 -0.00644863
1.81200000 -0.00642731
1.81300000 -0.00640608
1.81400000 -0.00638493
1.81500000 -0.00636386
1.81600000 -0.00634287
1.81700000 -0.00632196
1.81800000 -0.00630114
1.81900000 -0.00628039
1.82000000 -0.00625972
1.82100000 -0.00623913
1.82200000 -0.00621862
1.82300000 -0.00619819
1.82400000 -0.00617784
1.82500000 -0.00615757
1.82600000 -0.00613737
1.82700000 -0.00611725
1.82800000 -0.00609721
1.82900000 -0.00607724
1.83000000 -0.00605735
1.83100000 -0.00603753
1.83200000 -0.00601780
1.83300000 -0.00599813
1.83400000 -0.00597854
1.83500000 -0.00595903
1.83600000 -0.00593959
1.83700000 -0.00592022
1.83800000 -0.00590093
1.83900000 -0.00588171
1.84000000 -0.00586257
1.84100000 -0.00584349
1.84200000 -0.00582449
1.84300000 -0.00580556
1.84400000 -0.00578670
1.84500000 -0.00576792
1.84600000 -0.00574920
1.84700000 -0.00573056
1.84800000 -0.00571199
1.84900000 -0.00569348
1.85000000 -0.00567505
1.85100000 -0.00565669
1.85200000 -0.00563839
1.85300000 -0.00562016
1.85400000 -0.00560201
1.85500000 -0.00558392
1.85600000 -0.00556590
1.85700000 -0.00554795
1.85800000 -0.00553006
1.85900000 -0.00551224
1.86000000 -0.00549449
1.86100000 -0.00547681
1.86200000 -0.00545919
1.86300000 -0.00544164
1.86400000 -0.00542415
1.86500000 -0.00540673
1.86600000 -0.00538937
1.86700000 -0.00537208
1.86800000 -0.00535486
1.86900000 -0.00533770
1.87000000 -0.00532060
1.87100000 -0.00530356
1.87200000 -0.00528659
1.87300000 -0.00526969
1.87400000 -0.00525284
1.87500000 -0.00523606
1.87600000 -0.00521934
1.87700000 -0.00520269
1.87800000 -0.00518609
1.87900000 -0.00516956
1.88000000 -0.00515309
1.88100000 -0.00513668
1.88200000 -0.00512033
1.88300000 -0.00510404
1.88400000 -0.00508781
1.88500000 -0.00507165
1.88600000 -0.00505554
1.88700000 -0.00503949
1.88800000 -0.00502350
1.88900000 -0.00500757
1.89000000 -0.00499170
1.89100000 -0.00497589
1.89200000 -0.00496014
1.89300000 -0.00494444
1.89400000 -0.00492880
1.89500000 -0.00491322
1.89600000 -0.00489770
1.89700000 -0.00488223
1.89800000 -0.00486682
1.89900000 -0.00485147
1.90000000 -0.00483618
1.90100000 -0.00482094
1.90200000 -0.00480575
1.90300000 -0.00479063
1.90400000 -0.00477556
1.90500000 -0.00476054
1.90600000 -0.00474558
1.90700000 -0.00473067
1.90800000 -0.00471582
1.90900000 -0.00470102
1.91000000 -0.00468628
1.91100000 -0.00467159
1.91200000 -0.00465695
1.91300000 -0.00464237
1.91400000 -0.00462784
1.91500000 -0.00461336
1.91600000 -0.00459894
1.91700000 -0.00458457
1.91800000 -0.00457025
1.91900000 -0.00455598
1.92000000 -0.00454177
1.92100000 -0.00452760
1.92200000 -0.00451349
1.92300000 -0.00449943
1.92400000 -0.00448542
1.92500000 -0.00447146
1.92600000 -0.00445756
1.92700000 -0.00444370
1.92800000 -0.00442989
1.92900000 -0.00441614
1.93000000 -0.00440243
1.93100000 -0.00438877
1.93200000 -0.00437516
1.93300000 -0.00436160
1.93400000 -0.00434809
1.93500000 -0.00433463
1.93600000 -0.00432122
1.93700000 -0.00430786
1.93800000 -0.00429454
1.93900000 -0.00428127
1.94000000 -0.00426805
1.94100000 -0.00425488
1.94200000 -0.00424175
1.94300000 -0.00422867
1.94400000 -0.00421564
1.94500000 -0.00420266
1.94600000 -0.00418972
1.94700000 -0.00417683
1.94800000 -0.00416399
1.94900000 -0.00415119
1.95000000 -0.00413843
1.95100000 -0.00412573
1.95200000 -0.00411306
1.95300000 -0.00410045
1.95400000 -0.00408788
1.95500000 -0.00407535
1.95600000 -0.00406287
1.95700000 -0.00405043
1.95800000 -0.00403804
1.95900000 -0.00402569
1.96000000 -0.00401338
1.96100000 -0.00400112
1.96200000 -0.00398891
1.96300000 -0.00397673
1.96400000 -0.00396460
1.96500000 -0.00395252
1.96600000 -0.00394047
1.96700000 -0.00392847
1.96800000 -0.00391651
1.96900000 -0.00390460
1.97000000 -0.00389272
1.97100000 -0.00388089
1.97200000 -0.00386910
1.97300000 -0.00385735
1.97400000 -0.00384564
1.97500000 -0.00383398
1.97600000 -0.00382235
1.97700000 -0.00381077
1.97800000 -0.00379923
1.97900000 -0.00378773
1.98000000 -0.00377627
1.98100000 -0.00376485
1.98200000 -0.00375347
1.98300000 -0.00374213
1.98400000 -0.00373083
1.98500000 -0.00371957
1.98600000 -0.00370835
1.98700000 -0.00369717
1.98800000 -0.00368602
1.98900000 -0.00367492
1.99000000 -0.00366386
1.99100000 -0.00365283
1.99200000 -0.00364185
1.99300000 -0.00363090
1.99400000 -0.00361999
1.99500000 -0.00360912
1.99600000 -0.00359829
1.99700000 -0.00358749
1.99800000 -0.00357673
1.99900000 -0.00356601
2.00000000 -0.00355533
