0.10000000 4867802669.78178978
0.10100000 4319909840.97204971
0.10200000 3838196630.00108194
0.10300000 3414134311.86814547
0.10400000 3040360952.84550858
0.10500000 2710512695.07398081
0.10600000 2419080727.70651531
0.10700000 2161289840.88934183
0.10800000 1932995144.76931453
0.10900000 1730594102.00023723
0.11000000 1550951490.60186911
0.11100000 1391335302.12213063
0.11200000 1249361902.19140553
0.11300000 1122949048.40807962
0.11400000 1010275583.58220959
0.11500000 909746808.47831368
0.11600000 819964693.71985030
0.11700000 739702220.68364429
0.11800000 667881250.32767594
0.11900000 603553410.50589967
0.12000000 545883569.35413003
0.12100000 494135527.19857746
0.12200000 447659614.14391881
0.12300000 405881926.69938797
0.12400000 368294975.87647116
0.12500000 334449552.28565532
0.12600000 303947641.82635593
0.12700000 276436249.39932507
0.12800000 251602008.33938724
0.12900000 229166470.52443883
0.13000000 208881986.83029574
0.13100000 190528100.16117567
0.13200000 173908384.02086625
0.13300000 158847668.77635282
0.13400000 145189605.63670576
0.13500000 132794525.12180059
0.13600000 121537552.59388523
0.13700000 111306948.41046400
0.13800000 102002644.54828013
0.13900000 93534953.24612722
0.14000000 85823426.40435202
0.14100000 78795847.23395030
0.14200000 72387338.02998403
0.14300000 66539570.00539057
0.14400000 61200062.90708543
0.14500000 56321563.68498641
0.14600000 51861494.82904421
0.14700000 47781464.15765522
0.14800000 44046828.85703481
0.14900000 40626307.45589829
0.15000000 37491634.19086468
0.15100000 34617250.89061030
0.15200000 31980032.09407027
0.15300000 29559039.63121403
0.15400000 27335303.34384503
0.15500000 25291625.01690523
0.15600000 23412402.93515642
0.15700000 21683474.78215338
0.15800000 20091976.86354339
0.15900000 18626217.86963960
0.16000000 17275565.59700175
0.16100000 16030345.22896408
0.16200000 14881747.93375346
0.16300000 13821748.67872182
0.16400000 12843032.28260344
0.16500000 11938926.83663139
0.16600000 11103343.72157678
0.16700000 10330723.53285551
0.16800000 9615987.30112562
0.16900000 8954492.46245621
0.17000000 8341993.09121437
0.17100000 7774603.96119370
0.17200000 7248768.04698724
0.17300000 6761227.11888274
0.17400000 6308995.12123651
0.17500000 5889334.05689973
0.17600000 5499732.12929605
0.17700000 5137883.91959560
0.17800000 4801672.39946158
0.17900000 4489152.60038122
0.18000000 4198536.77891615
0.18100000 3928180.93356602
0.18200000 3676572.54355490
0.18300000 3442319.41291503
0.18400000 3224139.51492966
0.18500000 3020851.74245808
0.18600000 2831367.47903428
0.18700000 2654682.91402723
0.18800000 2489872.03267923
0.18900000 2336080.21859406
0.19000000 2192518.41231038
0.19100000 2058457.77504399
0.19200000 1933224.81157779
0.19300000 1816196.91068185
0.19400000 1706798.26540739
0.19500000 1604496.13916542
0.19600000 1508797.44671382
0.19700000 1419245.62207208
0.19800000 1335417.74799453
0.19900000 1256921.92398881
0.20000000 1183394.85199310
0.20100000 1114499.62074662
0.20200000 1049923.67162395
0.20300000 989376.93027274
0.20400000 932590.08981462
0.20500000 879313.03265345
0.20600000 829313.37909877
0.20700000 782375.15206623
0.20800000 738297.54807185
0.20900000 696893.80560341
0.21000000 657990.16273813
0.21100000 621424.89658884
0.21200000 587047.43780898
0.21300000 554717.55397490
0.21400000 524304.59619899
0.21500000 495686.80381347
0.21600000 468750.66240725
0.21700000 443390.31090082
0.21800000 419506.99371095
0.21900000 397008.55439103
0.22000000 375808.96743726
0.22100000 355827.90522839
0.22200000 336990.33731999
0.22300000 319226.15954526
0.22400000 302469.85058503
0.22500000 286660.15386256
0.22600000 271739.78279441
0.22700000 257655.14758962
0.22800000 244356.10193642
0.22900000 231795.70805041
0.23000000 219930.01868090
0.23100000 208717.87478516
0.23200000 198120.71768323
0.23300000 188102.41460076
0.23400000 178629.09659379
0.23500000 169669.00792895
0.23600000 161192.36606546
0.23700000 153171.23145207
0.23800000 145579.38641355
0.23900000 138392.22245771
0.24000000 131586.63538554
0.24100000 125140.92763496
0.24200000 119034.71733191
0.24300000 113248.85356327
0.24400000 107765.33742260
0.24500000 102567.24841402
0.24600000 97638.67583088
0.24700000 92964.65475439
0.24800000 88531.10634444
0.24900000 84324.78211896
0.25000000 80333.21194083
0.25100000 76544.65545226
0.25200000 72948.05671556
0.25300000 69533.00183721
0.25400000 66289.67936816
0.25500000 63208.84328860
0.25600000 60281.77839933
0.25700000 57500.26795467
0.25800000 54856.56338384
0.25900000 52343.35595867
0.26000000 49953.75027562
0.26100000 47681.23942974
0.26200000 45519.68176651
0.26300000 43463.27910597
0.26400000 41506.55634064
0.26500000 39644.34231599
0.26600000 37871.75190822
0.26700000 36184.16922047
0.26800000 34577.23182367
0.26900000 33046.81597365
0.27000000 31589.02274066
0.27100000 30200.16499195
0.27200000 28876.75517194
0.27300000 27615.49382868
0.27400000 26413.25883820
0.27500000 25267.09528232
0.27600000 24174.20593779
0.27700000 23131.94233808
0.27800000 22137.79637129
0.27900000 21189.39238029
0.28000000 20284.47973351
0.28100000 19420.92583666
0.28200000 18596.70955788
0.28300000 17809.91504048
0.28400000 17058.72587918
0.28500000 16341.41963728
0.28600000 15656.36268379
0.28700000 15002.00533076
0.28800000 14376.87725234
0.28900000 13779.58316854
0.29000000 13208.79877731
0.29100000 12663.26692011
0.29200000 12141.79396659
0.29300000 11643.24640541
0.29400000 11166.54762863
0.29500000 10710.67489812
0.29600000 10274.65648314
0.29700000 9857.56895895
0.29800000 9458.53465673
0.29900000 9076.71925607
0.30000000 8711.32951147
0.30100000 8361.61110506
0.30200000 8026.84661811
0.30300000 7706.35361440
0.30400000 7399.48282900
0.30500000 7105.61645623
0.30600000 6824.16653118
0.30700000 6554.57339936
0.30800000 6296.30426934
0.30900000 6048.85184381
0.31000000 5811.73302435
0.31100000 5584.48768596
0.31200000 5366.67751715
0.31300000 5157.88492210
0.31400000 4957.71198124
0.31500000 4765.77946707
0.31600000 4581.72591198
0.31700000 4405.20672542
0.31800000 4235.89335735
0.31900000 4073.47250567
0.32000000 3917.64536507
0.32100000 3768.12691505
0.32200000 3624.64524488
0.32300000 3486.94091363
0.32400000 3354.76634321
0.32500000 3227.88524266
0.32600000 3106.07206204
0.32700000 2989.11147426
0.32800000 2876.79788338
0.32900000 2768.93495790
0.33000000 2665.33518775
0.33100000 2565.81946372
0.33200000 2470.21667809
0.33300000 2378.36334530
0.33400000 2290.10324177
0.33500000 2205.28706356
0.33600000 2123.77210127
0.33700000 2045.42193098
0.33800000 1970.10612059
0.33900000 1897.69995062
0.34000000 1828.08414882
0.34100000 1761.14463779
0.34200000 1696.77229499
0.34300000 1634.86272447
0.34400000 1575.31603976
0.34500000 1518.03665722
0.34600000 1462.93309951
0.34700000 1409.91780851
0.34800000 1358.90696724
0.34900000 1309.82033038
0.35000000 1262.58106287
0.35100000 1217.11558625
0.35200000 1173.35343234
0.35300000 1131.22710380
0.35400000 1090.67194140
0.35500000 1051.62599752
0.35600000 1014.02991555
0.35700000 977.82681509
0.35800000 942.96218241
0.35900000 909.38376613
0.36000000 877.04147767
0.36100000 845.88729643
0.36200000 815.87517927
0.36300000 786.96097425
0.36400000 759.10233835
0.36500000 732.25865889
0.36600000 706.39097869
0.36700000 681.46192452
0.36800000 657.43563893
0.36900000 634.27771510
0.37000000 611.95513470
0.37100000 590.43620857
0.37200000 569.69052000
0.37300000 549.68887070
0.37400000 530.40322905
0.37500000 511.80668080
0.37600000 493.87338190
0.37700000 476.57851344
0.37800000 459.89823861
0.37900000 443.80966159
0.38000000 428.29078821
0.38100000 413.32048839
0.38200000 398.87846020
0.38300000 384.94519555
0.38400000 371.50194731
0.38500000 358.53069793
0.38600000 346.01412940
0.38700000 333.93559454
0.38800000 322.27908949
0.38900000 311.02922743
0.39000000 300.17121343
0.39100000 289.69082038
0.39200000 279.57436592
0.39300000 269.80869044
0.39400000 260.38113592
0.39500000 251.27952576
0.39600000 242.49214541
0.39700000 234.00772384
0.39800000 225.81541581
0.39900000 217.90478490
0.40000000 210.26578716
0.40100000 202.88875560
0.40200000 195.76438519
0.40300000 188.88371860
0.40400000 182.23813241
0.40500000 175.81932406
0.40600000 169.61929917
0.40700000 163.63035949
0.40800000 157.84509135
0.40900000 152.25635453
0.41000000 146.85727162
0.41100000 141.64121782
0.41200000 136.60181115
0.41300000 131.73290309
0.41400000 127.02856952
0.41500000 122.48310213
0.41600000 118.09100011
0.41700000 113.84696222
0.41800000 109.74587913
0.41900000 105.78282611
0.42000000 101.95305602
0.42100000 98.25199254
0.42200000 94.67522370
0.42300000 91.21849568
0.42400000 87.87770683
0.42500000 84.64890192
0.42600000 81.52826666
0.42700000 78.51212243
0.42800000 75.59692115
0.42900000 72.77924046
0.43000000 70.05577901
0.43100000 67.42335193
0.43200000 64.87888658
0.43300000 62.41941833
0.43400000 60.04208658
0.43500000 57.74413095
0.43600000 55.52288756
0.43700000 53.37578550
0.43800000 51.30034343
0.43900000 49.29416627
0.44000000 47.35494208
0.44100000 45.48043905
0.44200000 43.66850251
0.44300000 41.91705222
0.44400000 40.22407962
0.44500000 38.58764525
0.44600000 37.00587625
0.44700000 35.47696397
0.44800000 33.99916169
0.44900000 32.57078234
0.45000000 31.19019640
0.45100000 29.85582985
0.45200000 28.56616217
0.45300000 27.31972446
0.45400000 26.11509756
0.45500000 24.95091034
0.45600000 23.82583799
0.45700000 22.73860033
0.45800000 21.68796031
0.45900000 20.67272246
0.46000000 19.69173139
0.46100000 18.74387047
0.46200000 17.82806040
0.46300000 16.94325792
0.46400000 16.08845460
0.46500000 15.26267556
0.46600000 14.46497834
0.46700000 13.69445179
0.46800000 12.95021494
0.46900000 12.23141602
0.47000000 11.53723137
0.47100000 10.86686456
0.47200000 10.21954538
0.47300000 9.59452900
0.47400000 8.99109504
0.47500000 8.40854680
0.47600000 7.84621038
0.47700000 7.30343398
0.47800000 6.77958708
0.47900000 6.27405974
0.48000000 5.78626194
0.48100000 5.31562283
0.48200000 4.86159016
0.48300000 4.42362960
0.48400000 4.00122414
0.48500000 3.59387355
0.48600000 3.20109376
0.48700000 2.82241636
0.48800000 2.45738805
0.48900000 2.10557016
0.49000000 1.76653812
0.49100000 1.43988105
0.49200000 1.12520125
0.49300000 0.82211379
0.49400000 0.53024609
0.49500000 0.24923748
0.49600000 -0.02126115
0.49700000 -0.28158777
0.49800000 -0.53206955
0.49900000 -0.77302322
0.50000000 -1.00475545
0.50100000 -1.22756311
0.50200000 -1.44173365
0.50300000 -1.64754540
0.50400000 -1.84526783
0.50500000 -2.03516189
0.50600000 -2.21748025
0.50700000 -2.39246758
0.50800000 -2.56036082
0.50900000 -2.72138943
0.51000000 -2.87577561
0.51100000 -3.02373456
0.51200000 -3.16547469
0.51300000 -3.30119786
0.51400000 -3.43109954
0.51500000 -3.55536911
0.51600000 -3.67418994
0.51700000 -3.78773968
0.51800000 -3.89619039
0.51900000 -3.99970872
0.52000000 -4.09845613
0.52100000 -4.19258899
0.52200000 -4.28225878
0.52300000 -4.36761225
0.52400000 -4.44879155
0.52500000 -4.52593440
0.52600000 -4.59917419
0.52700000 -4.66864018
0.52800000 -4.73445756
0.52900000 -4.79674764
0.53000000 -4.85562793
0.53100000 -4.91121228
0.53200000 -4.96361099
0.53300000 -5.01293092
0.53400000 -5.05927561
0.53500000 -5.10274537
0.53600000 -5.14343739
0.53700000 -5.18144582
0.53800000 -5.21686190
0.53900000 -5.24977401
0.54000000 -5.28026779
0.54100000 -5.30842623
0.54200000 -5.33432971
0.54300000 -5.35805612
0.54400000 -5.37968093
0.54500000 -5.39927727
0.54600000 -5.41691597
0.54700000 -5.43266567
0.54800000 -5.44659288
0.54900000 -5.45876203
0.55000000 -5.46923554
0.55100000 -5.47807391
0.55200000 -5.48533572
0.55300000 -5.49107775
0.55400000 -5.49535500
0.55500000 -5.49822076
0.55600000 -5.49972664
0.55700000 -5.49992268
0.55800000 -5.49885731
0.55900000 -5.49657747
0.56000000 -5.49312864
0.56100000 -5.48855485
0.56200000 -5.48289879
0.56300000 -5.47620177
0.56400000 -5.46850385
0.56500000 -5.45984379
0.56600000 -5.45025917
0.56700000 -5.43978635
0.56800000 -5.42846059
0.56900000 -5.41631600
0.57000000 -5.40338565
0.57100000 -5.38970153
0.57200000 -5.37529465
0.57300000 -5.36019502
0.57400000 -5.34443172
0.57500000 -5.32803288
0.57600000 -5.31102576
0.57700000 -5.29343674
0.57800000 -5.27529137
0.57900000 -5.25661438
0.58000000 -5.23742970
0.58100000 -5.21776051
0.58200000 -5.19762925
0.58300000 -5.17705761
0.58400000 -5.15606662
0.58500000 -5.13467661
0.58600000 -5.11290725
0.58700000 -5.09077759
0.58800000 -5.06830606
0.58900000 -5.04551046
0.59000000 -5.02240806
0.59100000 -4.99901553
0.59200000 -4.97534900
0.59300000 -4.95142407
0.59400000 -4.92725585
0.59500000 -4.90285892
0.59600000 -4.87824739
0.59700000 -4.85343490
0.59800000 -4.82843465
0.59900000 -4.80325937
0.60000000 -4.77792138
0.60100000 -4.75243260
0.60200000 -4.72680452
0.60300000 -4.70104826
0.60400000 -4.67517456
0.60500000 -4.64919378
0.60600000 -4.62311594
0.60700000 -4.59695070
0.60800000 -4.57070742
0.60900000 -4.54439509
0.61000000 -4.51802242
0.61100000 -4.49159780
0.61200000 -4.46512932
0.61300000 -4.43862481
0.61400000 -4.41209180
0.61500000 -4.38553754
0.61600000 -4.35896905
0.61700000 -4.33239308
0.61800000 -4.30581613
0.61900000 -4.27924448
0.62000000 -4.25268416
0.62100000 -4.22614098
0.62200000 -4.19962054
0.62300000 -4.17312824
0.62400000 -4.14666925
0.62500000 -4.12024856
0.62600000 -4.09387097
0.62700000 -4.06754109
0.62800000 -4.04126335
0.62900000 -4.01504201
0.63000000 -3.98888114
0.63100000 -3.96278468
0.63200000 -3.93675640
0.63300000 -3.91079990
0.63400000 -3.88491865
0.63500000 -3.85911596
0.63600000 -3.83339502
0.63700000 -3.80775886
0.63800000 -3.78221041
0.63900000 -3.75675244
0.64000000 -3.73138763
0.64100000 -3.70611850
0.64200000 -3.68094750
0.64300000 -3.65587693
0.64400000 -3.63090901
0.64500000 -3.60604583
0.64600000 -3.58128939
0.64700000 -3.55664161
0.64800000 -3.53210429
0.64900000 -3.50767913
0.65000000 -3.48336778
0.65100000 -3.45917177
0.65200000 -3.43509255
0.65300000 -3.41113150
0.65400000 -3.38728992
0.65500000 -3.36356902
0.65600000 -3.33996997
0.65700000 -3.31649383
0.65800000 -3.29314161
0.65900000 -3.26991426
0.66000000 -3.24681265
0.66100000 -3.22383760
0.66200000 -3.20098987
0.66300000 -3.17827015
0.66400000 -3.15567910
0.66500000 -3.13321728
0.66600000 -3.11088525
0.66700000 -3.08868348
0.66800000 -3.06661242
0.66900000 -3.04467246
0.67000000 -3.02286392
0.67100000 -3.00118713
0.67200000 -2.97964233
0.67300000 -2.95822975
0.67400000 -2.93694955
0.67500000 -2.91580188
0.67600000 -2.89478684
0.67700000 -2.87390449
0.67800000 -2.85315488
0.67900000 -2.83253799
0.68000000 -2.81205380
0.68100000 -2.79170225
0.68200000 -2.77148323
0.68300000 -2.75139664
0.68400000 -2.73144231
0.68500000 -2.71162009
0.68600000 -2.69192976
0.68700000 -2.67237111
0.68800000 -2.65294388
0.68900000 -2.63364781
0.69000000 -2.61448261
0.69100000 -2.59544796
0.69200000 -2.57654352
0.69300000 -2.55776896
0.69400000 -2.53912389
0.69500000 -2.52060793
0.69600000 -2.50222068
0.69700000 -2.48396171
0.69800000 -2.46583059
0.69900000 -2.44782687
0.70000000 -2.42995009
0.70100000 -2.41219975
0.70200000 -2.39457538
0.70300000 -2.37707647
0.70400000 -2.35970249
0.70500000 -2.34245294
0.70600000 -2.32532726
0.70700000 -2.30832491
0.70800000 -2.29144533
0.70900000 -2.27468795
0.71000000 -2.25805220
0.71100000 -2.24153750
0.71200000 -2.22514324
0.71300000 -2.20886885
0.71400000 -2.19271369
0.71500000 -2.17667718
0.71600000 -2.16075867
0.71700000 -2.14495756
0.71800000 -2.12927320
0.71900000 -2.11370497
0.72000000 -2.09825223
0.72100000 -2.08291432
0.72200000 -2.06769060
0.72300000 -2.05258042
0.72400000 -2.03758311
0.72500000 -2.02269803
0.72600000 -2.00792451
0.72700000 -1.99326188
0.72800000 -1.97870947
0.72900000 -1.96426662
0.73000000 -1.94993266
0.73100000 -1.93570690
0.73200000 -1.92158867
0.73300000 -1.90757731
0.73400000 -1.89367213
0.73500000 -1.87987244
0.73600000 -1.86617759
0.73700000 -1.85258687
0.73800000 -1.83909962
0.73900000 -1.82571515
0.74000000 -1.81243279
0.74100000 -1.79925186
0.74200000 -1.78617167
0.74300000 -1.77319154
0.74400000 -1.76031081
0.74500000 -1.74752878
0.74600000 -1.73484479
0.74700000 -1.72225817
0.74800000 -1.70976822
0.74900000 -1.69737430
0.75000000 -1.68507571
0.75100000 -1.67287180
0.75200000 -1.66076189
0.75300000 -1.64874532
0.75400000 -1.63682142
0.75500000 -1.62498953
0.75600000 -1.61324900
0.75700000 -1.60159916
0.75800000 -1.59003936
0.75900000 -1.57856893
0.76000000 -1.56718725
0.76100000 -1.55589364
0.76200000 -1.54468747
0.76300000 -1.53356809
0.76400000 -1.52253487
0.76500000 -1.51158716
0.76600000 -1.50072432
0.76700000 -1.48994573
0.76800000 -1.47925076
0.76900000 -1.46863877
0.77000000 -1.45810915
0.77100000 -1.44766127
0.77200000 -1.43729451
0.77300000 -1.42700827
0.77400000 -1.41680192
0.77500000 -1.40667486
0.77600000 -1.39662648
0.77700000 -1.38665619
0.77800000 -1.37676338
0.77900000 -1.36694746
0.78000000 -1.35720784
0.78100000 -1.34754392
0.78200000 -1.33795512
0.78300000 -1.32844086
0.78400000 -1.31900057
0.78500000 -1.30963365
0.78600000 -1.30033956
0.78700000 -1.29111770
0.78800000 -1.28196753
0.78900000 -1.27288848
0.79000000 -1.26387999
0.79100000 -1.25494150
0.79200000 -1.24607248
0.79300000 -1.23727236
0.79400000 -1.22854060
0.79500000 -1.21987668
0.79600000 -1.21128004
0.79700000 -1.20275015
0.79800000 -1.19428650
0.79900000 -1.18588854
0.80000000 -1.17755576
0.80100000 -1.16928764
0.80200000 -1.16108366
0.80300000 -1.15294332
0.80400000 -1.14486610
0.80500000 -1.13685150
0.80600000 -1.12889901
0.80700000 -1.12100815
0.80800000 -1.11317841
0.80900000 -1.10540931
0.81000000 -1.09770035
0.81100000 -1.09005106
0.81200000 -1.08246096
0.81300000 -1.07492956
0.81400000 -1.06745640
0.81500000 -1.06004101
0.81600000 -1.05268291
0.81700000 -1.04538166
0.81800000 -1.03813677
0.81900000 -1.03094782
0.82000000 -1.02381433
0.82100000 -1.01673586
0.82200000 -1.00971196
0.82300000 -1.00274220
0.82400000 -0.99582613
0.82500000 -0.98896332
0.82600000 -0.98215333
0.82700000 -0.97539574
0.82800000 -0.96869012
0.82900000 -0.96203605
0.83000000 -0.95543311
0.83100000 -0.94888088
0.83200000 -0.94237895
0.83300000 -0.93592691
0.83400000 -0.92952436
0.83500000 -0.92317089
0.83600000 -0.91686611
0.83700000 -0.91060960
0.83800000 -0.90440099
0.83900000 -0.89823989
0.84000000 -0.89212589
0.84100000 -0.88605863
0.84200000 -0.88003771
0.84300000 -0.87406277
0.84400000 -0.86813342
0.84500000 -0.86224929
0.84600000 -0.85641001
0.84700000 -0.85061523
0.84800000 -0.84486457
0.84900000 -0.83915767
0.85000000 -0.83349418
0.85100000 -0.82787374
0.85200000 -0.82229601
0.85300000 -0.81676062
0.85400000 -0.81126724
0.85500000 -0.80581553
0.85600000 -0.80040514
0.85700000 -0.79503573
0.85800000 -0.78970697
0.85900000 -0.78441854
0.86000000 -0.77917009
0.86100000 -0.77396130
0.86200000 -0.76879185
0.86300000 -0.76366142
0.86400000 -0.75856970
0.86500000 -0.75351635
0.86600000 -0.74850107
0.86700000 -0.74352356
0.86800000 -0.73858349
0.86900000 -0.73368057
0.87000000 -0.72881450
0.87100000 -0.72398496
0.87200000 -0.71919167
0.87300000 -0.71443433
0.87400000 -0.70971265
0.87500000 -0.70502633
0.87600000 -0.70037508
0.87700000 -0.69575863
0.87800000 -0.69117669
0.87900000 -0.68662897
0.88000000 -0.68211521
0.88100000 -0.67763511
0.88200000 -0.67318841
0.88300000 -0.66877484
0.88400000 -0.66439413
0.88500000 -0.66004601
0.88600000 -0.65573021
0.88700000 -0.65144647
0.88800000 -0.64719454
0.88900000 -0.64297415
0.89000000 -0.63878505
0.89100000 -0.63462699
0.89200000 -0.63049970
0.89300000 -0.62640295
0.89400000 -0.62233649
0.89500000 -0.61830006
0.89600000 -0.61429343
0.89700000 -0.61031636
0.89800000 -0.60636860
0.89900000 -0.60244993
0.90000000 -0.59856009
0.90100000 -0.59469887
0.90200000 -0.59086603
0.90300000 -0.58706133
0.90400000 -0.58328456
0.90500000 -0.57953549
0.90600000 -0.57581389
0.90700000 -0.57211954
0.90800000 -0.56845223
0.90900000 -0.56481173
0.91000000 -0.56119783
0.91100000 -0.55761032
0.91200000 -0.55404898
0.91300000 -0.55051360
0.91400000 -0.54700398
0.91500000 -0.54351990
0.91600000 -0.54006116
0.91700000 -0.53662756
0.91800000 -0.53321890
0.91900000 -0.52983497
0.92000000 -0.52647559
0.92100000 -0.52314054
0.92200000 -0.51982964
0.92300000 -0.51654269
0.92400000 -0.51327951
0.92500000 -0.51003990
0.92600000 -0.50682367
0.92700000 -0.50363063
0.92800000 -0.50046061
0.92900000 -0.49731342
0.93000000 -0.49418887
0.93100000 -0.49108679
0.93200000 -0.48800699
0.93300000 -0.48494930
0.93400000 -0.48191355
0.93500000 -0.47889955
0.93600000 -0.47590714
0.93700000 -0.47293615
0.93800000 -0.46998640
0.93900000 -0.46705772
0.94000000 -0.46414995
0.94100000 -0.46126293
0.94200000 -0.45839648
0.94300000 -0.45555045
0.94400000 -0.45272468
0.94500000 -0.44991899
0.94600000 -0.44713324
0.94700000 -0.44436727
0.94800000 -0.44162093
0.94900000 -0.43889404
0.95000000 -0.43618648
0.95100000 -0.43349807
0.95200000 -0.43082867
0.95300000 -0.42817813
0.95400000 -0.42554631
0.95500000 -0.42293305
0.95600000 -0.42033821
0.95700000 -0.41776165
0.95800000 -0.41520321
0.95900000 -0.41266277
0.96000000 -0.41014017
0.96100000 -0.40763529
0.96200000 -0.40514797
0.96300000 -0.40267808
0.96400000 -0.40022550
0.96500000 -0.39779007
0.96600000 -0.39537167
0.96700000 -0.39297016
0.96800000 -0.39058542
0.96900000 -0.38821731
0.97000000 -0.38586570
0.97100000 -0.38353047
0.97200000 -0.38121148
0.97300000 -0.37890862
0.97400000 -0.37662175
0.97500000 -0.37435075
0.97600000 -0.37209550
0.97700000 -0.36985588
0.97800000 -0.36763176
0.97900000 -0.36542303
0.98000000 -0.36322956
0.98100000 -0.36105124
0.98200000 -0.35888796
0.98300000 -0.35673958
0.98400000 -0.35460601
0.98500000 -0.35248713
0.98600000 -0.35038282
0.98700000 -0.34829297
0.98800000 -0.34621746
0.98900000 -0.34415620
0.99000000 -0.34210907
0.99100000 -0.34007596
0.99200000 -0.33805677
0.99300000 -0.33605138
0.99400000 -0.33405969
0.99500000 -0.33208160
0.99600000 -0.33011700
0.99700000 -0.32816579
0.99800000 -0.32622787
0.99900000 -0.32430314
1.00000000 -0.32239149
1.00100000 -0.32049283
1.00200000 -0.31860705
1.00300000 -0.31673406
1.00400000 -0.31487376
1.00500000 -0.31302606
1.00600000 -0.31119086
1.00700000 -0.30936806
1.00800000 -0.30755757
1.00900000 -0.30575929
1.01000000 -0.30397315
1.01100000 -0.30219903
1.01200000 -0.30043686
1.01300000 -0.29868654
1.01400000 -0.29694797
1.01500000 -0.29522109
1.01600000 -0.29350578
1.01700000 -0.29180198
1.01800000 -0.29010959
1.01900000 -0.28842852
1.02000000 -0.28675869
1.02100000 -0.28510002
1.02200000 -0.28345242
1.02300000 -0.28181580
1.02400000 -0.28019010
1.02500000 -0.27857522
1.02600000 -0.27697108
1.02700000 -0.27537761
1.02800000 -0.27379472
1.02900000 -0.27222233
1.03000000 -0.27066037
1.03100000 -0.26910876
1.03200000 -0.26756742
1.03300000 -0.26603627
1.03400000 -0.26451525
1.03500000 -0.26300426
1.03600000 -0.26150325
1.03700000 -0.26001213
1.03800000 -0.25853083
1.03900000 -0.25705928
1.04000000 -0.25559741
1.04100000 -0.25414514
1.04200000 -0.25270241
1.04300000 -0.25126914
1.04400000 -0.24984526
1.04500000 -0.24843071
1.04600000 -0.24702541
1.04700000 -0.24562930
1.04800000 -0.24424230
1.04900000 -0.24286436
1.05000000 -0.24149541
1.05100000 -0.24013537
1.05200000 -0.23878419
1.05300000 -0.23744180
1.05400000 -0.23610814
1.05500000 -0.23478313
1.05600000 -0.23346672
1.05700000 -0.23215885
1.05800000 -0.23085944
1.05900000 -0.22956845
1.06000000 -0.22828581
1.06100000 -0.22701145
1.06200000 -0.22574532
1.06300000 -0.22448736
1.06400000 -0.22323751
1.06500000 -0.22199571
1.06600000 -0.22076189
1.06700000 -0.21953601
1.06800000 -0.21831801
1.06900000 -0.21710782
1.07000000 -0.21590539
1.07100000 -0.21471067
1.07200000 -0.21352360
1.07300000 -0.21234413
1.07400000 -0.21117219
1.07500000 -0.21000774
1.07600000 -0.20885071
1.07700000 -0.20770107
1.07800000 -0.20655875
1.07900000 -0.20542370
1.08000000 -0.20429587
1.08100000 -0.20317521
1.08200000 -0.20206166
1.08300000 -0.20095518
1.08400000 -0.19985572
1.08500000 -0.19876321
1.08600000 -0.19767762
1.08700000 -0.19659890
1.08800000 -0.19552699
1.08900000 -0.19446185
1.09000000 -0.19340343
1.09100000 -0.19235168
1.09200000 -0.19130655
1.09300000 -0.19026800
1.09400000 -0.18923598
1.09500000 -0.18821044
1.09600000 -0.18719133
1.09700000 -0.18617862
1.09800000 -0.18517226
1.09900000 -0.18417219
1.10000000 -0.18317839
1.10100000 -0.18219079
1.10200000 -0.18120936
1.10300000 -0.18023406
1.10400000 -0.17926484
1.10500000 -0.17830166
1.10600000 -0.17734447
1.10700000 -0.17639324
1.10800000 -0.17544792
1.10900000 -0.17450847
1.11000000 -0.17357485
1.11100000 -0.17264701
1.11200000 -0.17172493
1.11300000 -0.17080855
1.11400000 -0.16989784
1.11500000 -0.16899275
1.11600000 -0.16809326
1.11700000 -0.16719931
1.11800000 -0.16631087
1.11900000 -0.16542791
1.12000000 -0.16455038
1.12100000 -0.16367825
1.12200000 -0.16281147
1.12300000 -0.16195002
1.12400000 -0.16109384
1.12500000 -0.16024292
1.12600000 -0.15939721
1.12700000 -0.15855667
1.12800000 -0.15772127
1.12900000 -0.15689098
1.13000000 -0.15606575
1.13100000 -0.15524556
1.13200000 -0.15443036
1.13300000 -0.15362013
1.13400000 -0.15281483
1.13500000 -0.15201442
1.13600000 -0.15121888
1.13700000 -0.15042816
1.13800000 -0.14964224
1.13900000 -0.14886108
1.14000000 -0.14808466
1.14100000 -0.14731292
1.14200000 -0.14654586
1.14300000 -0.14578342
1.14400000 -0.14502559
1.14500000 -0.14427233
1.14600000 -0.14352360
1.14700000 -0.14277939
1.14800000 -0.14203965
1.14900000 -0.14130435
1.15000000 -0.14057348
1.15100000 -0.13984698
1.15200000 -0.13912485
1.15300000 -0.13840704
1.15400000 -0.13769353
1.15500000 -0.13698428
1.15600000 -0.13627928
1.15700000 -0.13557848
1.15800000 -0.13488187
1.15900000 -0.13418941
1.16000000 -0.13350108
1.16100000 -0.13281684
1.16200000 -0.13213667
1.16300000 -0.13146055
1.16400000 -0.13078844
1.16500000 -0.13012032
1.16600000 -0.12945616
1.16700000 -0.12879593
1.16800000 -0.12813961
1.16900000 -0.12748718
1.17000000 -0.12683860
1.17100000 -0.12619385
1.17200000 -0.12555290
1.17300000 -0.12491574
1.17400000 -0.12428233
1.17500000 -0.12365264
1.17600000 -0.12302666
1.17700000 -0.12240436
1.17800000 -0.12178571
1.17900000 -0.12117069
1.18000000 -0.12055928
1.18100000 -0.11995145
1.18200000 -0.11934718
1.18300000 -0.11874644
1.18400000 -0.11814922
1.18500000 -0.11755548
1.18600000 -0.11696520
1.18700000 -0.11637837
1.18800000 -0.11579496
1.18900000 -0.11521494
1.19000000 -0.11463830
1.19100000 -0.11406500
1.19200000 -0.11349504
1.19300000 -0.11292838
1.19400000 -0.11236501
1.19500000 -0.11180491
1.19600000 -0.11124804
1.19700000 -0.11069440
1.19800000 -0.11014396
1.19900000 -0.10959670
1.20000000 -0.10905259
1.20100000 -0.10851162
1.20200000 -0.10797377
1.20300000 -0.10743902
1.20400000 -0.10690734
1.20500000 -0.10637872
1.20600000 -0.10585313
1.20700000 -0.10533056
1.20800000 -0.10481099
1.20900000 -0.10429440
1.21000000 -0.10378076
1.21100000 -0.10327006
1.21200000 -0.10276228
1.21300000 -0.10225740
1.21400000 -0.10175541
1.21500000 -0.10125627
1.21600000 -0.10075999
1.21700000 -0.10026652
1.21800000 -0.09977587
1.21900000 -0.09928800
1.22000000 -0.09880291
1.22100000 -0.09832057
1.22200000 -0.09784096
1.22300000 -0.09736408
1.22400000 -0.09688989
1.22500000 -0.09641839
1.22600000 -0.09594956
1.22700000 -0.09548337
1.22800000 -0.09501982
1.22900000 -0.09455888
1.23000000 -0.09410054
1.23100000 -0.09364478
1.23200000 -0.09319159
1.23300000 -0.09274094
1.23400000 -0.09229283
1.23500000 -0.09184724
1.23600000 -0.09140414
1.23700000 -0.09096353
1.23800000 -0.09052539
1.23900000 -0.09008970
1.24000000 -0.08965644
1.24100000 -0.08922561
1.24200000 -0.08879719
1.24300000 -0.08837116
1.24400000 -0.08794750
1.24500000 -0.08752620
1.24600000 -0.08710725
1.24700000 -0.08669063
1.24800000 -0.08627633
1.24900000 -0.08586433
1.25000000 -0.08545461
1.25100000 -0.08504717
1.25200000 -0.08464198
1.25300000 -0.08423904
1.25400000 -0.08383833
1.25500000 -0.08343984
1.25600000 -0.08304355
1.25700000 -0.08264944
1.25800000 -0.08225751
1.25900000 -0.08186774
1.26000000 -0.08148012
1.26100000 -0.08109463
1.26200000 -0.08071127
1.26300000 -0.08033000
1.26400000 -0.07995084
1.26500000 -0.07957375
1.26600000 -0.07919873
1.26700000 -0.07882577
1.26800000 -0.07845485
1.26900000 -0.07808596
1.27000000 -0.07771908
1.27100000 -0.07735421
1.27200000 -0.07699134
1.27300000 -0.07663044
1.27400000 -0.07627150
1.27500000 -0.07591453
1.27600000 -0.07555949
1.27700000 -0.07520639
1.27800000 -0.07485521
1.27900000 -0.07450593
1.28000000 -0.07415855
1.28100000 -0.07381305
1.28200000 -0.07346942
1.28300000 -0.07312765
1.28400000 -0.07278774
1.28500000 -0.07244966
1.28600000 -0.07211340
1.28700000 -0.07177896
1.28800000 -0.07144633
1.28900000 -0.07111549
1.29000000 -0.07078643
1.29100000 -0.07045914
1.29200000 -0.07013361
1.29300000 -0.06980983
1.29400000 -0.06948779
1.29500000 -0.06916747
1.29600000 -0.06884888
1.29700000 -0.06853199
1.29800000 -0.06821680
1.29900000 -0.06790329
1.30000000 -0.06759146
1.30100000 -0.06728129
1.30200000 -0.06697278
1.30300000 -0.06666592
1.30400000 -0.06636069
1.30500000 -0.06605709
1.30600000 -0.06575510
1.30700000 -0.06545472
1.30800000 -0.06515594
1.30900000 -0.06485874
1.31000000 -0.06456312
1.31100000 -0.06426906
1.31200000 -0.06397657
1.31300000 -0.06368562
1.31400000 -0.06339621
1.31500000 -0.06310833
1.31600000 -0.06282198
1.31700000 -0.06253713
1.31800000 -0.06225379
1.31900000 -0.06197194
1.32000000 -0.06169157
1.32100000 -0.06141268
1.32200000 -0.06113526
1.32300000 -0.06085930
1.32400000 -0.06058478
1.32500000 -0.06031171
1.32600000 -0.06004007
1.32700000 -0.05976985
1.32800000 -0.05950104
1.32900000 -0.05923365
1.33000000 -0.05896765
1.33100000 -0.05870304
1.33200000 -0.05843981
1.33300000 -0.05817796
1.33400000 -0.05791747
1.33500000 -0.05765834
1.33600000 -0.05740055
1.33700000 -0.05714411
1.33800000 -0.05688900
1.33900000 -0.05663522
1.34000000 -0.05638276
1.34100000 -0.05613160
1.34200000 -0.05588174
1.34300000 -0.05563318
1.34400000 -0.05538591
1.34500000 -0.05513992
1.34600000 -0.05489519
1.34700000 -0.05465173
1.34800000 -0.05440953
1.34900000 -0.05416858
1.35000000 -0.05392887
1.35100000 -0.05369039
1.35200000 -0.05345314
1.35300000 -0.05321711
1.35400000 -0.05298229
1.35500000 -0.05274868
1.35600000 -0.05251627
1.35700000 -0.05228505
1.35800000 -0.05205501
1.35900000 -0.05182615
1.36000000 -0.05159846
1.36100000 -0.05137194
1.36200000 -0.05114658
1.36300000 -0.05092236
1.36400000 -0.05069929
1.36500000 -0.05047736
1.36600000 -0.05025655
1.36700000 -0.05003688
1.36800000 -0.04981831
1.36900000 -0.04960086
1.37000000 -0.04938452
1.37100000 -0.04916927
1.37200000 -0.04895512
1.37300000 -0.04874205
1.37400000 -0.04853006
1.37500000 -0.04831914
1.37600000 -0.04810929
1.37700000 -0.04790050
1.37800000 -0.04769277
1.37900000 -0.04748609
1.38000000 -0.04728044
1.38100000 -0.04707584
1.38200000 -0.04687226
1.38300000 -0.04666971
1.38400000 -0.04646818
1.38500000 -0.04626766
1.38600000 -0.04606815
1.38700000 -0.04586964
1.38800000 -0.04567212
1.38900000 -0.04547560
1.39000000 -0.04528006
1.39100000 -0.04508550
1.39200000 -0.04489191
1.39300000 -0.04469929
1.39400000 -0.04450763
1.39500000 -0.04431693
1.39600000 -0.04412718
1.39700000 -0.04393838
1.39800000 -0.04375051
1.39900000 -0.04356358
1.40000000 -0.04337758
1.40100000 -0.04319251
1.40200000 -0.04300835
1.40300000 -0.04282511
1.40400000 -0.04264278
1.40500000 -0.04246135
1.40600000 -0.04228082
1.40700000 -0.04210119
1.40800000 -0.04192244
1.40900000 -0.04174457
1.41000000 -0.04156759
1.41100000 -0.04139148
1.41200000 -0.04121623
1.41300000 -0.04104185
1.41400000 -0.04086833
1.41500000 -0.04069567
1.41600000 -0.04052385
1.41700000 -0.04035288
1.41800000 -0.04018275
1.41900000 -0.04001345
1.42000000 -0.03984498
1.42100000 -0.03967734
1.42200000 -0.03951052
1.42300000 -0.03934452
1.42400000 -0.03917933
1.42500000 -0.03901494
1.42600000 -0.03885136
1.42700000 -0.03868858
1.42800000 -0.03852660
1.42900000 -0.03836540
1.43000000 -0.03820498
1.43100000 -0.03804535
1.43200000 -0.03788650
1.43300000 -0.03772842
1.43400000 -0.03757110
1.43500000 -0.03741455
1.43600000 -0.03725876
1.43700000 -0.03710372
1.43800000 -0.03694944
1.43900000 -0.03679590
1.44000000 -0.03664311
1.44100000 -0.03649105
1.44200000 -0.03633973
1.44300000 -0.03618914
1.44400000 -0.03603928
1.44500000 -0.03589014
1.44600000 -0.03574171
1.44700000 -0.03559401
1.44800000 -0.03544701
1.44900000 -0.03530072
1.45000000 -0.03515513
1.45100000 -0.03501025
1.45200000 -0.03486605
1.45300000 -0.03472255
1.45400000 -0.03457974
1.45500000 -0.03443761
1.45600000 -0.03429616
1.45700000 -0.03415539
1.45800000 -0.03401529
1.45900000 -0.03387586
1.46000000 -0.03373710
1.46100000 -0.03359900
1.46200000 -0.03346156
1.46300000 -0.03332477
1.46400000 -0.03318863
1.46500000 -0.03305314
1.46600000 -0.03291829
1.46700000 -0.03278409
1.46800000 -0.03265052
1.46900000 -0.03251759
1.47000000 -0.03238528
1.47100000 -0.03225361
1.47200000 -0.03212255
1.47300000 -0.03199212
1.47400000 -0.03186230
1.47500000 -0.03173310
1.47600000 -0.03160451
1.47700000 -0.03147652
1.47800000 -0.03134914
1.47900000 -0.03122236
1.48000000 -0.03109617
1.48100000 -0.03097058
1.48200000 -0.03084558
1.48300000 -0.03072117
1.48400000 -0.03059734
1.48500000 -0.03047410
1.48600000 -0.03035143
1.48700000 -0.03022934
1.48800000 -0.03010782
1.48900000 -0.02998686
1.49000000 -0.02986648
1.49100000 -0.02974666
1.49200000 -0.02962739
1.49300000 -0.02950869
1.49400000 -0.02939053
1.49500000 -0.02927293
1.49600000 -0.02915588
1.49700000 -0.02903937
1.49800000 -0.02892341
1.49900000 -0.02880798
1.50000000 -0.02869309
1.50100000 -0.02857874
1.50200000 -0.02846491
1.50300000 -0.02835161
1.50400000 -0.02823884
1.50500000 -0.02812659
1.50600000 -0.02801486
1.50700000 -0.02790365
1.50800000 -0.02779295
1.50900000 -0.02768277
1.51000000 -0.02757309
1.51100000 -0.02746392
1.51200000 -0.02735525
1.51300000 -0.02724708
1.51400000 -0.02713941
1.51500000 -0.02703224
1.51600000 -0.02692556
1.51700000 -0.02681937
1.51800000 -0.02671367
1.51900000 -0.02660845
1.52000000 -0.02650371
1.52100000 -0.02639946
1.52200000 -0.02629568
1.52300000 -0.02619238
1.52400000 -0.02608956
1.52500000 -0.02598720
1.52600000 -0.02588531
1.52700000 -0.02578388
1.52800000 -0.02568292
1.52900000 -0.02558242
1.53000000 -0.02548238
1.53100000 -0.02538279
1.53200000 -0.02528365
1.53300000 -0.02518497
1.53400000 -0.02508674
1.53500000 -0.02498895
1.53600000 -0.02489161
1.53700000 -0.02479470
1.53800000 -0.02469824
1.53900000 -0.02460222
1.54000000 -0.02450663
1.54100000 -0.02441147
1.54200000 -0.02431674
1.54300000 -0.02422244
1.54400000 -0.02412857
1.54500000 -0.02403512
1.54600000 -0.02394209
1.54700000 -0.02384948
1.54800000 -0.02375729
1.54900000 -0.02366552
1.55000000 -0.02357415
1.55100000 -0.02348320
1.55200000 -0.02339266
1.55300000 -0.02330252
1.55400000 -0.02321279
1.55500000 -0.02312346
1.55600000 -0.02303453
1.55700000 -0.02294600
1.55800000 -0.02285787
1.55900000 -0.02277013
1.56000000 -0.02268278
1.56100000 -0.02259583
1.56200000 -0.02250926
1.56300000 -0.02242308
1.56400000 -0.02233728
1.56500000 -0.02225187
1.56600000 -0.02216683
1.56700000 -0.02208218
1.56800000 -0.02199790
1.56900000 -0.02191399
1.57000000 -0.02183046
1.57100000 -0.02174730
1.57200000 -0.02166451
1.57300000 -0.02158209
1.57400000 -0.02150003
1.57500000 -0.02141833
1.57600000 -0.02133700
1.57700000 -0.02125602
1.57800000 -0.02117541
1.57900000 -0.02109515
1.58000000 -0.02101524
1.58100000 -0.02093569
1.58200000 -0.02085649
1.58300000 -0.02077764
1.58400000 -0.02069913
1.58500000 -0.02062097
1.58600000 -0.02054316
1.58700000 -0.02046569
1.58800000 -0.02038855
1.58900000 -0.02031176
1.59000000 -0.02023530
1.59100000 -0.02015918
1.59200000 -0.02008339
1.59300000 -0.02000793
1.59400000 -0.01993281
1.59500000 -0.01985801
1.59600000 -0.01978354
1.59700000 -0.01970940
1.59800000 -0.01963558
1.59900000 -0.01956208
1.60000000 -0.01948890
1.60100000 -0.01941604
1.60200000 -0.01934350
1.60300000 -0.01927127
1.60400000 -0.01919936
1.60500000 -0.01912776
1.60600000 -0.01905647
1.60700000 -0.01898549
1.60800000 -0.01891482
1.60900000 -0.01884446
1.61000000 -0.01877440
1.61100000 -0.01870464
1.61200000 -0.01863519
1.61300000 -0.01856604
1.61400000 -0.01849718
1.61500000 -0.01842863
1.61600000 -0.01836037
1.61700000 -0.01829240
1.61800000 -0.01822473
1.61900000 -0.01815735
1.62000000 -0.01809026
1.62100000 -0.01802346
1.62200000 -0.01795694
1.62300000 -0.01789071
1.62400000 -0.01782477
1.62500000 -0.01775911
1.62600000 -0.01769373
1.62700000 -0.01762863
1.62800000 -0.01756382
1.62900000 -0.01749927
1.63000000 -0.01743501
1.63100000 -0.01737102
1.63200000 -0.01730730
1.63300000 -0.01724386
1.63400000 -0.01718069
1.63500000 -0.01711779
1.63600000 -0.01705515
1.63700000 -0.01699278
1.63800000 -0.01693068
1.63900000 -0.01686884
1.64000000 -0.01680727
1.64100000 -0.01674596
1.64200000 -0.01668491
1.64300000 -0.01662411
1.64400000 -0.01656358
1.64500000 -0.01650330
1.64600000 -0.01644328
1.64700000 -0.01638351
1.64800000 -0.01632400
1.64900000 -0.01626474
1.65000000 -0.01620573
1.65100000 -0.01614696
1.65200000 -0.01608845
1.65300000 -0.01603018
1.65400000 -0.01597216
1.65500000 -0.01591439
1.65600000 -0.01585686
1.65700000 -0.01579957
1.65800000 -0.01574252
1.65900000 -0.01568571
1.66000000 -0.01562914
1.66100000 -0.01557281
1.66200000 -0.01551671
1.66300000 -0.01546085
1.66400000 -0.01540523
1.66500000 -0.01534983
1.66600000 -0.01529467
1.66700000 -0.01523974
1.66800000 -0.01518504
1.66900000 -0.01513057
1.67000000 -0.01507633
1.67100000 -0.01502232
1.67200000 -0.01496852
1.67300000 -0.01491496
1.67400000 -0.01486162
1.67500000 -0.01480850
1.67600000 -0.01475560
1.67700000 -0.01470292
1.67800000 -0.01465046
1.67900000 -0.01459822
1.68000000 -0.01454619
1.68100000 -0.01449438
1.68200000 -0.01444279
1.68300000 -0.01439141
1.68400000 -0.01434024
1.68500000 -0.01428929
1.68600000 -0.01423855
1.68700000 -0.01418801
1.68800000 -0.01413769
1.68900000 -0.01408757
1.69000000 -0.01403766
1.69100000 -0.01398796
1.69200000 -0.01393846
1.69300000 -0.01388917
1.69400000 -0.01384008
1.69500000 -0.01379119
1.69600000 -0.01374250
1.69700000 -0.01369401
1.69800000 -0.01364573
1.69900000 -0.01359764
1.70000000 -0.01354975
1.70100000 -0.01350205
1.70200000 -0.01345455
1.70300000 -0.01340725
1.70400000 -0.01336014
1.70500000 -0.01331322
1.70600000 -0.01326649
1.70700000 -0.01321996
1.70800000 -0.01317361
1.70900000 -0.01312746
1.71000000 -0.01308149
1.71100000 -0.01303571
1.71200000 -0.01299012
1.71300000 -0.01294471
1.71400000 -0.01289949
1.71500000 -0.01285446
1.71600000 -0.01280960
1.71700000 -0.01276493
1.71800000 -0.01272044
1.71900000 -0.01267613
1.72000000 -0.01263200
1.72100000 -0.01258805
1.72200000 -0.01254428
1.72300000 -0.01250068
1.72400000 -0.01245727
1.72500000 -0.01241402
1.72600000 -0.01237096
1.72700000 -0.01232806
1.72800000 -0.01228534
1.72900000 -0.01224280
1.73000000 -0.01220042
1.73100000 -0.01215821
1.73200000 -0.01211618
1.73300000 -0.01207431
1.73400000 -0.01203262
1.73500000 -0.01199109
1.73600000 -0.01194973
1.73700000 -0.01190853
1.73800000 -0.01186750
1.73900000 -0.01182664
1.74000000 -0.01178594
1.74100000 -0.01174540
1.74200000 -0.01170502
1.74300000 -0.01166481
1.74400000 -0.01162476
1.74500000 -0.01158486
1.74600000 -0.01154513
1.74700000 -0.01150556
1.74800000 -0.01146614
1.74900000 -0.01142688
1.75000000 -0.01138778
1.75100000 -0.01134884
1.75200000 -0.01131005
1.75300000 -0.01127141
1.75400000 -0.01123293
1.75500000 -0.01119460
1.75600000 -0.01115642
1.75700000 -0.01111840
1.75800000 -0.01108052
1.75900000 -0.01104280
1.76000000 -0.01100523
1.76100000 -0.01096780
1.76200000 -0.01093053
1.76300000 -0.01089340
1.76400000 -0.01085642
1.76500000 -0.01081958
1.76600000 -0.01078289
1.76700000 -0.01074635
1.76800000 -0.01070995
1.76900000 -0.01067369
1.77000000 -0.01063758
1.77100000 -0.01060161
1.77200000 -0.01056578
1.77300000 -0.01053009
1.77400000 -0.01049454
1.77500000 -0.01045913
1.77600000 -0.01042386
1.77700000 -0.01038873
1.77800000 -0.01035374
1.77900000 -0.01031889
1.78000000 -0.01028417
1.78100000 -0.01024959
1.78200000 -0.01021514
1.78300000 -0.01018083
1.78400000 -0.01014665
1.78500000 -0.01011261
1.78600000 -0.01007870
1.78700000 -0.01004492
1.78800000 -0.01001128
1.78900000 -0.00997777
1.79000000 -0.00994438
1.79100000 -0.00991113
1.79200000 -0.00987801
1.79300000 -0.00984501
1.79400000 -0.00981215
1.79500000 -0.00977941
1.79600000 -0.00974680
1.79700000 -0.00971431
1.79800000 -0.00968195
1.79900000 -0.00964972
1.80000000 -0.00961762
1.80100000 -0.00958563
1.80200000 -0.00955377
1.80300000 -0.00952204
1.80400000 -0.00949043
1.80500000 -0.00945894
1.80600000 -0.00942757
1.80700000 -0.00939632
1.80800000 -0.00936520
1.80900000 -0.00933419
1.81000000 -0.00930330
1.81100000 -0.00927254
1.81200000 -0.00924189
1.81300000 -0.00921136
1.81400000 -0.00918094
1.81500000 -0.00915065
1.81600000 -0.00912047
1.81700000 -0.00909041
1.81800000 -0.00906046
1.81900000 -0.00903063
1.82000000 -0.00900091
1.82100000 -0.00897130
1.82200000 -0.00894181
1.82300000 -0.00891243
1.82400000 -0.00888317
1.82500000 -0.00885402
1.82600000 -0.00882497
1.82700000 -0.00879604
1.82800000 -0.00876722
1.82900000 -0.00873851
1.83000000 -0.00870991
1.83100000 -0.00868142
1.83200000 -0.00865304
1.83300000 -0.00862477
1.83400000 -0.00859660
1.83500000 -0.00856854
1.83600000 -0.00854059
1.83700000 -0.00851274
1.83800000 -0.00848500
1.83900000 -0.00845736
1.84000000 -0.00842983
1.84100000 -0.00840241
1.84200000 -0.00837509
1.84300000 -0.00834787
1.84400000 -0.00832075
1.84500000 -0.00829374
1.84600000 -0.00826683
1.84700000 -0.00824002
1.84800000 -0.00821331
1.84900000 -0.00818671
1.85000000 -0.00816020
1.85100000 -0.00813380
1.85200000 -0.00810749
1.85300000 -0.00808128
1.85400000 -0.00805517
1.85500000 -0.00802916
1.85600000 -0.00800325
1.85700000 -0.00797744
1.85800000 -0.00795172
1.85900000 -0.00792610
1.86000000 -0.00790058
1.86100000 -0.00787515
1.86200000 -0.00784981
1.86300000 -0.00782457
1.86400000 -0.00779943
1.86500000 -0.00777438
1.86600000 -0.00774943
1.86700000 -0.00772456
1.86800000 -0.00769979
1.86900000 -0.00767512
1.87000000 -0.00765053
1.87100000 -0.00762604
1.87200000 -0.00760164
1.87300000 -0.00757733
1.87400000 -0.00755311
1.87500000 -0.00752898
1.87600000 -0.00750494
1.87700000 -0.00748099
1.87800000 -0.00745713
1.87900000 -0.00743336
1.88000000 -0.00740967
1.88100000 -0.00738608
1.88200000 -0.00736257
1.88300000 -0.00733915
1.88400000 -0.00731581
1.88500000 -0.00729256
1.88600000 -0.00726940
1.88700000 -0.00724633
1.88800000 -0.00722334
1.88900000 -0.00720043
1.89000000 -0.00717761
1.89100000 -0.00715487
1.89200000 -0.00713222
1.89300000 -0.00710965
1.89400000 -0.00708717
1.89500000 -0.00706476
1.89600000 -0.00704244
1.89700000 -0.00702020
1.89800000 -0.00699805
1.89900000 -0.00697597
1.90000000 -0.00695398
1.90100000 -0.00693207
1.90200000 -0.00691024
1.90300000 -0.00688848
1.90400000 -0.00686681
1.90500000 -0.00684522
1.90600000 -0.00682371
1.90700000 -0.00680227
1.90800000 -0.00678091
1.90900000 -0.00675964
1.91000000 -0.00673844
1.91100000 -0.00671731
1.91200000 -0.00669627
1.91300000 -0.00667530
1.91400000 -0.00665441
1.91500000 -0.00663359
1.91600000 -0.00661285
1.91700000 -0.00659219
1.91800000 -0.00657160
1.91900000 -0.00655108
1.92000000 -0.00653064
1.92100000 -0.00651028
1.92200000 -0.00648999
1.92300000 -0.00646977
1.92400000 -0.00644963
1.92500000 -0.00642956
1.92600000 -0.00640956
1.92700000 -0.00638963
1.92800000 -0.00636978
1.92900000 -0.00635000
1.93000000 -0.00633029
1.93100000 -0.00631065
1.93200000 -0.00629108
1.93300000 -0.00627159
1.93400000 -0.00625216
1.93500000 -0.00623280
1.93600000 -0.00621352
1.93700000 -0.00619430
1.93800000 -0.00617515
1.93900000 -0.00615608
1.94000000 -0.00613707
1.94100000 -0.00611813
1.94200000 -0.00609925
1.94300000 -0.00608045
1.94400000 -0.00606171
1.94500000 -0.00604304
1.94600000 -0.00602444
1.94700000 -0.00600590
1.94800000 -0.00598743
1.94900000 -0.00596903
1.95000000 -0.00595069
1.95100000 -0.00593242
1.95200000 -0.00591421
1.95300000 -0.00589607
1.95400000 -0.00587799
1.95500000 -0.00585998
1.95600000 -0.00584203
1.95700000 -0.00582415
1.95800000 -0.00580633
1.95900000 -0.00578857
1.96000000 -0.00577088
1.96100000 -0.00575325
1.96200000 -0.00573568
1.96300000 -0.00571818
1.96400000 -0.00570074
1.96500000 -0.00568336
1.96600000 -0.00566604
1.96700000 -0.00564878
1.96800000 -0.00563158
1.96900000 -0.00561445
1.97000000 -0.00559738
1.97100000 -0.00558036
1.97200000 -0.00556341
1.97300000 -0.00554652
1.97400000 -0.00552968
1.97500000 -0.00551291
1.97600000 -0.00549620
1.97700000 -0.00547954
1.97800000 -0.00546294
1.97900000 -0.00544641
1.98000000 -0.00542993
1.98100000 -0.00541351
1.98200000 -0.00539714
1.98300000 -0.00538084
1.98400000 -0.00536459
1.98500000 -0.00534840
1.98600000 -0.00533226
1.98700000 -0.00531619
1.98800000 -0.00530017
1.98900000 -0.00528420
1.99000000 -0.00526829
1.99100000 -0.00525244
1.99200000 -0.00523664
1.99300000 -0.00522090
1.99400000 -0.00520522
1.99500000 -0.00518958
1.99600000 -0.00517401
1.99700000 -0.00515848
1.99800000 -0.00514302
1.99900000 -0.00512760
2.00000000 -0.00511224
