0.10000000 4699642213.91660023
0.10100000 4170676591.92028809
0.10200000 3705604382.78286266
0.10300000 3296191490.18542767
0.10400000 2935330301.74720907
0.10500000 2616876801.97142506
0.10600000 2335512484.38574457
0.10700000 2086627100.93134618
0.10800000 1866218948.85910177
0.10900000 1670809942.11295605
0.11000000 1497373166.38107705
0.11100000 1343270991.68518424
0.11200000 1206202127.38842964
0.11300000 1084156263.09943700
0.11400000 975375154.33118773
0.11500000 878319191.45815361
0.11600000 791638640.66407359
0.11700000 714148871.24184561
0.11800000 644808988.95271981
0.11900000 582703383.59751403
0.12000000 527025773.32189637
0.12100000 477065390.80444473
0.12200000 432195009.29167432
0.12300000 391860551.04977274
0.12400000 355572058.52801126
0.12500000 322895840.47942358
0.12600000 293447632.38144541
0.12700000 266886633.51098472
0.12800000 242910302.59675384
0.12900000 221249810.63359454
0.13000000 201666063.64888552
0.13100000 183946220.33742595
0.13200000 167900639.84559995
0.13300000 153360203.85498789
0.13400000 140173964.71471047
0.13500000 128207077.89032020
0.13600000 117338982.59518737
0.13700000 107461799.28355706
0.13800000 98478916.82752135
0.13900000 90303745.77035190
0.14000000 82858617.12856531
0.14100000 76073808.87495928
0.14200000 69886684.53440276
0.14300000 64240930.31429525
0.14400000 59085878.91574974
0.14500000 54375909.66677778
0.14600000 50069915.91676813
0.14700000 46130831.75948168
0.14800000 42525211.13288270
0.14900000 39222853.19833089
0.15000000 36196468.64608936
0.15100000 33421382.22348012
0.15200000 30875267.34900239
0.15300000 28537909.17122663
0.15400000 26390992.86469402
0.15500000 24417914.33450305
0.15600000 22603610.83376011
0.15700000 20934409.28967898
0.15800000 19397890.39007553
0.15900000 17982766.70687023
0.16000000 16678773.33092351
0.16100000 15476569.66650895
0.16200000 14367651.18695106
0.16300000 13344270.08800233
0.16400000 12399363.89465896
0.16500000 11526491.18227503
0.16600000 10719773.66574049
0.16700000 9973843.99262960
0.16800000 9283798.64890491
0.16900000 8645155.45011681
0.17000000 8053815.14806333
0.17100000 7506026.73344337
0.17200000 6998356.05990950
0.17300000 6527657.45477588
0.17400000 6091048.01704834
0.17500000 5685884.33493410
0.17600000 5309741.38301127
0.17700000 4960393.38419139
0.17800000 4635796.44384381
0.17900000 4334072.78327715
0.18000000 4053496.41746268
0.18100000 3792480.13767919
0.18200000 3549563.67386846
0.18300000 3323402.92410524
0.18400000 3112760.14986845
0.18500000 2916495.04590044
0.18600000 2733556.60248583
0.18700000 2562975.68608810
0.18800000 2403858.27155031
0.18900000 2255379.26558808
0.19000000 2116776.86715784
0.19100000 1987347.41554247
0.19200000 1866440.68172329
0.19300000 1753455.56285830
0.19400000 1647836.14351149
0.19500000 1549068.09072152
0.19600000 1456675.35310007
0.19700000 1370217.13694595
0.19800000 1289285.13488199
0.19900000 1213500.98479647
0.20000000 1142513.93892425
0.20100000 1075998.72475719
0.20200000 1013653.58114967
0.20300000 955198.45449968
0.20400000 900373.34125739
0.20500000 848936.76425269
0.20600000 800664.37145718
0.20700000 755347.64681304
0.20800000 712792.72368391
0.20900000 672819.29231893
0.21000000 635259.59347990
0.21100000 599957.49107031
0.21200000 566767.61723013
0.21300000 535554.58392850
0.21400000 506192.25560302
0.21500000 478563.07786355
0.21600000 452557.45770591
0.21700000 428073.19106970
0.21800000 405014.93392820
0.21900000 383293.71342116
0.22000000 362826.47583489
0.22100000 343535.66850232
0.22200000 325348.85293985
0.22300000 308198.34676097
0.22400000 292020.89211027
0.22500000 276757.34854731
0.22600000 262352.40847970
0.22700000 248754.33340016
0.22800000 235914.70932407
0.22900000 223788.21995412
0.23000000 212332.43621738
0.23100000 201507.62092895
0.23200000 191276.54743599
0.23300000 181604.33118728
0.23400000 172458.27325691
0.23500000 163807.71492777
0.23600000 155623.90251047
0.23700000 147879.86163827
0.23800000 140550.28033745
0.23900000 133611.40022735
0.24000000 127040.91525404
0.24100000 120817.87740757
0.24200000 114922.60891499
0.24300000 109336.62044018
0.24400000 104042.53485709
0.24500000 99024.01619609
0.24600000 94265.70339309
0.24700000 89753.14849924
0.24800000 85472.75903436
0.24900000 81411.74419121
0.25000000 77558.06461924
0.25100000 73900.38553663
0.25200000 70428.03293811
0.25300000 67130.95268283
0.25400000 63999.67226271
0.25500000 61025.26506590
0.25600000 58199.31696371
0.25700000 55513.89506169
0.25800000 52961.51846695
0.25900000 50535.13093464
0.26000000 48228.07526610
0.26100000 46034.06934035
0.26200000 43947.18366912
0.26300000 41961.82037322
0.26400000 40072.69348524
0.26500000 38274.81049053
0.26600000 36563.45502412
0.26700000 34934.17064740
0.26800000 33382.74563340
0.26900000 31905.19869456
0.27000000 30497.76559144
0.27100000 29156.88656495
0.27200000 27879.19453873
0.27300000 26661.50404187
0.27400000 25500.80080561
0.27500000 24394.23199075
0.27600000 23339.09700539
0.27700000 22332.83887549
0.27800000 21373.03613301
0.27900000 20457.39518897
0.28000000 19583.74316090
0.28100000 18750.02112594
0.28200000 17954.27777316
0.28300000 17194.66342999
0.28400000 16469.42443972
0.28500000 15776.89786799
0.28600000 15115.50651835
0.28700000 14483.75423752
0.28800000 13880.22149272
0.28900000 13303.56120453
0.29000000 12752.49481955
0.29100000 12225.80860832
0.29200000 11722.35017501
0.29300000 11241.02516595
0.29400000 10780.79416510
0.29500000 10340.66976527
0.29600000 9919.71380463
0.29700000 9517.03475855
0.29800000 9131.78527768
0.29900000 8763.15986359
0.30000000 8410.39267380
0.30100000 8072.75544871
0.30200000 7749.55555312
0.30300000 7440.13412590
0.30400000 7143.86433127
0.30500000 6860.14970592
0.30600000 6588.42259647
0.30700000 6328.14268193
0.30800000 6078.79557640
0.30900000 5839.89150739
0.31000000 5610.96406533
0.31100000 5391.56902045
0.31200000 5181.28320292
0.31300000 4979.70344297
0.31400000 4786.44556734
0.31500000 4601.14344911
0.31600000 4423.44810775
0.31700000 4253.02685673
0.31800000 4089.56249591
0.31900000 3932.75254638
0.32000000 3782.30852519
0.32100000 3637.95525798
0.32200000 3499.43022733
0.32300000 3366.48295480
0.32400000 3238.87441499
0.32500000 3116.37647973
0.32600000 2998.77139080
0.32700000 2885.85125970
0.32800000 2777.41759287
0.32900000 2673.28084117
0.33000000 2573.25997217
0.33100000 2477.18206407
0.33200000 2384.88192012
0.33300000 2296.20170246
0.33400000 2210.99058432
0.33500000 2129.10441954
0.33600000 2050.40542868
0.33700000 1974.76190064
0.33800000 1902.04790915
0.33900000 1832.14304324
0.34000000 1764.93215095
0.34100000 1700.30509575
0.34200000 1638.15652479
0.34300000 1578.38564854
0.34400000 1520.89603111
0.34500000 1465.59539088
0.34600000 1412.39541061
0.34700000 1361.21155694
0.34800000 1311.96290837
0.34900000 1264.57199169
0.35000000 1218.96462615
0.35100000 1175.06977509
0.35200000 1132.81940467
0.35300000 1092.14834930
0.35400000 1052.99418343
0.35500000 1015.29709942
0.35600000 978.99979119
0.35700000 944.04734329
0.35800000 910.38712520
0.35900000 877.96869057
0.36000000 846.74368117
0.36100000 816.66573528
0.36200000 787.69040035
0.36300000 759.77504969
0.36400000 732.87880302
0.36500000 706.96245068
0.36600000 681.98838124
0.36700000 657.92051258
0.36800000 634.72422595
0.36900000 612.36630312
0.37000000 590.81486641
0.37100000 570.03932136
0.37200000 550.01030204
0.37300000 530.69961880
0.37400000 512.08020841
0.37500000 494.12608637
0.37600000 476.81230143
0.37700000 460.11489206
0.37800000 444.01084491
0.37900000 428.47805510
0.38000000 413.49528825
0.38100000 399.04214424
0.38200000 385.09902249
0.38300000 371.64708880
0.38400000 358.66824367
0.38500000 346.14509200
0.38600000 334.06091402
0.38700000 322.39963764
0.38800000 311.14581185
0.38900000 300.28458139
0.39000000 289.80166242
0.39100000 279.68331931
0.39200000 269.91634237
0.39300000 260.48802659
0.39400000 251.38615123
0.39500000 242.59896033
0.39600000 234.11514402
0.39700000 225.92382065
0.39800000 218.01451963
0.39900000 210.37716506
0.40000000 203.00205997
0.40100000 195.87987131
0.40200000 189.00161552
0.40300000 182.35864468
0.40400000 175.94263329
0.40500000 169.74556559
0.40600000 163.75972338
0.40700000 157.97767434
0.40800000 152.39226092
0.40900000 146.99658956
0.41000000 141.78402042
0.41100000 136.74815756
0.41200000 131.88283949
0.41300000 127.18213007
0.41400000 122.64030984
0.41500000 118.25186769
0.41600000 114.01149284
0.41700000 109.91406716
0.41800000 105.95465785
0.41900000 102.12851030
0.42000000 98.43104135
0.42100000 94.85783279
0.42200000 91.40462506
0.42300000 88.06731129
0.42400000 84.84193150
0.42500000 81.72466712
0.42600000 78.71183563
0.42700000 75.79988547
0.42800000 72.98539115
0.42900000 70.26504852
0.43000000 67.63567028
0.43100000 65.09418159
0.43200000 62.63761596
0.43300000 60.26311115
0.43400000 57.96790541
0.43500000 55.74933370
0.43600000 53.60482417
0.43700000 51.53189473
0.43800000 49.52814975
0.43900000 47.59127689
0.44000000 45.71904408
0.44100000 43.90929661
0.44200000 42.15995424
0.44300000 40.46900860
0.44400000 38.83452051
0.44500000 37.25461750
0.44600000 35.72749143
0.44700000 34.25139613
0.44800000 32.82464520
0.44900000 31.44560986
0.45000000 30.11271689
0.45100000 28.82444664
0.45200000 27.57933112
0.45300000 26.37595216
0.45400000 25.21293964
0.45500000 24.08896980
0.45600000 23.00276358
0.45700000 21.95308505
0.45800000 20.93873987
0.45900000 19.95857386
0.46000000 19.01147158
0.46100000 18.09635495
0.46200000 17.21218195
0.46300000 16.35794538
0.46400000 15.53267162
0.46500000 14.73541949
0.46600000 13.96527909
0.46700000 13.22137073
0.46800000 12.50284388
0.46900000 11.80887619
0.47000000 11.13867247
0.47100000 10.49146378
0.47200000 9.86650654
0.47300000 9.26308163
0.47400000 8.68049358
0.47500000 8.11806972
0.47600000 7.57515948
0.47700000 7.05113353
0.47800000 6.54538316
0.47900000 6.05731950
0.48000000 5.58637289
0.48100000 5.13199223
0.48200000 4.69364432
0.48300000 4.27081330
0.48400000 3.86300004
0.48500000 3.46972156
0.48600000 3.09051052
0.48700000 2.72491471
0.48800000 2.37249647
0.48900000 2.03283228
0.49000000 1.70551226
0.49100000 1.39013971
0.49200000 1.08633066
0.49300000 0.79371350
0.49400000 0.51192850
0.49500000 0.24062746
0.49600000 -0.02052668
0.49700000 -0.27186019
0.49800000 -0.51368896
0.49900000 -0.74631878
0.50000000 -0.97004571
0.50100000 -1.18515638
0.50200000 -1.39192831
0.50300000 -1.59063019
0.50400000 -1.78152221
0.50500000 -1.96485629
0.50600000 -2.14087638
0.50700000 -2.30981870
0.50800000 -2.47191200
0.50900000 -2.62737780
0.51000000 -2.77643064
0.51100000 -2.91927828
0.51200000 -3.05612193
0.51300000 -3.18715648
0.51400000 -3.31257065
0.51500000 -3.43254727
0.51600000 -3.54726338
0.51700000 -3.65689049
0.51800000 -3.76159472
0.51900000 -3.86153697
0.52000000 -3.95687310
0.52100000 -4.04775409
0.52200000 -4.13432620
0.52300000 -4.21673110
0.52400000 -4.29510603
0.52500000 -4.36958394
0.52600000 -4.44029363
0.52700000 -4.50735988
0.52800000 -4.57090358
0.52900000 -4.63104181
0.53000000 -4.68788806
0.53100000 -4.74155222
0.53200000 -4.79214079
0.53300000 -4.83975694
0.53400000 -4.88450063
0.53500000 -4.92646871
0.53600000 -4.96575500
0.53700000 -5.00245042
0.53800000 -5.03664303
0.53900000 -5.06841818
0.54000000 -5.09785854
0.54100000 -5.12504423
0.54200000 -5.15005286
0.54300000 -5.17295964
0.54400000 -5.19383741
0.54500000 -5.21275678
0.54600000 -5.22978614
0.54700000 -5.24499176
0.54800000 -5.25843785
0.54900000 -5.27018661
0.55000000 -5.28029832
0.55100000 -5.28883136
0.55200000 -5.29584230
0.55300000 -5.30138597
0.55400000 -5.30551546
0.55500000 -5.30828222
0.55600000 -5.30973609
0.55700000 -5.30992535
0.55800000 -5.30889678
0.55900000 -5.30669570
0.56000000 -5.30336601
0.56100000 -5.29895023
0.56200000 -5.29348956
0.56300000 -5.28702390
0.56400000 -5.27959190
0.56500000 -5.27123101
0.56600000 -5.26197749
0.56700000 -5.25186646
0.56800000 -5.24093195
0.56900000 -5.22920690
0.57000000 -5.21672323
0.57100000 -5.20351184
0.57200000 -5.18960265
0.57300000 -5.17502465
0.57400000 -5.15980590
0.57500000 -5.14397356
0.57600000 -5.12755396
0.57700000 -5.11057257
0.57800000 -5.09305403
0.57900000 -5.07502225
0.58000000 -5.05650031
0.58100000 -5.03751060
0.58200000 -5.01807478
0.58300000 -4.99821380
0.58400000 -4.97794795
0.58500000 -4.95729687
0.58600000 -4.93627955
0.58700000 -4.91491437
0.58800000 -4.89321912
0.58900000 -4.87121101
0.59000000 -4.84890669
0.59100000 -4.82632226
0.59200000 -4.80347330
0.59300000 -4.78037488
0.59400000 -4.75704156
0.59500000 -4.73348743
0.59600000 -4.70972612
0.59700000 -4.68577079
0.59800000 -4.66163418
0.59900000 -4.63732859
0.60000000 -4.61286592
0.60100000 -4.58825766
0.60200000 -4.56351491
0.60300000 -4.53864841
0.60400000 -4.51366853
0.60500000 -4.48858527
0.60600000 -4.46340829
0.60700000 -4.43814695
0.60800000 -4.41281025
0.60900000 -4.38740690
0.61000000 -4.36194528
0.61100000 -4.33643351
0.61200000 -4.31087940
0.61300000 -4.28529050
0.61400000 -4.25967408
0.61500000 -4.23403715
0.61600000 -4.20838649
0.61700000 -4.18272859
0.61800000 -4.15706976
0.61900000 -4.13141603
0.62000000 -4.10577325
0.62100000 -4.08014702
0.62200000 -4.05454274
0.62300000 -4.02896563
0.62400000 -4.00342068
0.62500000 -3.97791270
0.62600000 -3.95244634
0.62700000 -3.92702604
0.62800000 -3.90165607
0.62900000 -3.87634055
0.63000000 -3.85108343
0.63100000 -3.82588849
0.63200000 -3.80075936
0.63300000 -3.77569954
0.63400000 -3.75071237
0.63500000 -3.72580104
0.63600000 -3.70096864
0.63700000 -3.67621810
0.63800000 -3.65155223
0.63900000 -3.62697372
0.64000000 -3.60248515
0.64100000 -3.57808896
0.64200000 -3.55378749
0.64300000 -3.52958300
0.64400000 -3.50547760
0.64500000 -3.48147333
0.64600000 -3.45757212
0.64700000 -3.43377581
0.64800000 -3.41008614
0.64900000 -3.38650476
0.65000000 -3.36303326
0.65100000 -3.33967311
0.65200000 -3.31642571
0.65300000 -3.29329241
0.65400000 -3.27027445
0.65500000 -3.24737300
0.65600000 -3.22458919
0.65700000 -3.20192404
0.65800000 -3.17937854
0.65900000 -3.15695358
0.66000000 -3.13465003
0.66100000 -3.11246867
0.66200000 -3.09041022
0.66300000 -3.06847537
0.66400000 -3.04666473
0.66500000 -3.02497887
0.66600000 -3.00341830
0.66700000 -2.98198351
0.66800000 -2.96067490
0.66900000 -2.93949286
0.67000000 -2.91843772
0.67100000 -2.89750976
0.67200000 -2.87670923
0.67300000 -2.85603636
0.67400000 -2.83549129
0.67500000 -2.81507418
0.67600000 -2.79478511
0.67700000 -2.77462416
0.67800000 -2.75459135
0.67900000 -2.73468668
0.68000000 -2.71491013
0.68100000 -2.69526162
0.68200000 -2.67574108
0.68300000 -2.65634839
0.68400000 -2.63708340
0.68500000 -2.61794594
0.68600000 -2.59893583
0.68700000 -2.58005284
0.68800000 -2.56129673
0.68900000 -2.54266725
0.69000000 -2.52416412
0.69100000 -2.50578703
0.69200000 -2.48753565
0.69300000 -2.46940966
0.69400000 -2.45140870
0.69500000 -2.43353238
0.69600000 -2.41578033
0.69700000 -2.39815213
0.69800000 -2.38064736
0.69900000 -2.36326558
0.70000000 -2.34600636
0.70100000 -2.32886922
0.70200000 -2.31185369
0.70300000 -2.29495928
0.70400000 -2.27818550
0.70500000 -2.26153184
0.70600000 -2.24499777
0.70700000 -2.22858277
0.70800000 -2.21228630
0.70900000 -2.19610782
0.71000000 -2.18004676
0.71100000 -2.16410256
0.71200000 -2.14827466
0.71300000 -2.13256247
0.71400000 -2.11696540
0.71500000 -2.10148287
0.71600000 -2.08611428
0.71700000 -2.07085903
0.71800000 -2.05571649
0.71900000 -2.04068608
0.72000000 -2.02576715
0.72100000 -2.01095910
0.72200000 -1.99626129
0.72300000 -1.98167309
0.72400000 -1.96719388
0.72500000 -1.95282301
0.72600000 -1.93855984
0.72700000 -1.92440374
0.72800000 -1.91035405
0.72900000 -1.89641014
0.73000000 -1.88257135
0.73100000 -1.86883702
0.73200000 -1.85520652
0.73300000 -1.84167918
0.73400000 -1.82825436
0.73500000 -1.81493140
0.73600000 -1.80170963
0.73700000 -1.78858842
0.73800000 -1.77556709
0.73900000 -1.76264499
0.74000000 -1.74982148
0.74100000 -1.73709588
0.74200000 -1.72446755
0.74300000 -1.71193583
0.74400000 -1.69950007
0.74500000 -1.68715961
0.74600000 -1.67491379
0.74700000 -1.66276197
0.74800000 -1.65070350
0.74900000 -1.63873773
0.75000000 -1.62686400
0.75100000 -1.61508168
0.75200000 -1.60339011
0.75300000 -1.59178866
0.75400000 -1.58027668
0.75500000 -1.56885353
0.75600000 -1.55751858
0.75700000 -1.54627119
0.75800000 -1.53511072
0.75900000 -1.52403655
0.76000000 -1.51304805
0.76100000 -1.50214459
0.76200000 -1.49132554
0.76300000 -1.48059029
0.76400000 -1.46993821
0.76500000 -1.45936869
0.76600000 -1.44888112
0.76700000 -1.43847488
0.76800000 -1.42814937
0.76900000 -1.41790398
0.77000000 -1.40773810
0.77100000 -1.39765115
0.77200000 -1.38764252
0.77300000 -1.37771162
0.77400000 -1.36785785
0.77500000 -1.35808064
0.77600000 -1.34837939
0.77700000 -1.33875352
0.77800000 -1.32920247
0.77900000 -1.31972564
0.78000000 -1.31032248
0.78100000 -1.30099240
0.78200000 -1.29173485
0.78300000 -1.28254927
0.78400000 -1.27343509
0.78500000 -1.26439176
0.78600000 -1.25541874
0.78700000 -1.24651546
0.78800000 -1.23768138
0.78900000 -1.22891597
0.79000000 -1.22021868
0.79100000 -1.21158898
0.79200000 -1.20302634
0.79300000 -1.19453022
0.79400000 -1.18610011
0.79500000 -1.17773548
0.79600000 -1.16943582
0.79700000 -1.16120060
0.79800000 -1.15302933
0.79900000 -1.14492148
0.80000000 -1.13687656
0.80100000 -1.12889407
0.80200000 -1.12097350
0.80300000 -1.11311437
0.80400000 -1.10531618
0.80500000 -1.09757844
0.80600000 -1.08990068
0.80700000 -1.08228241
0.80800000 -1.07472315
0.80900000 -1.06722244
0.81000000 -1.05977979
0.81100000 -1.05239475
0.81200000 -1.04506685
0.81300000 -1.03779563
0.81400000 -1.03058064
0.81500000 -1.02342141
0.81600000 -1.01631750
0.81700000 -1.00926847
0.81800000 -1.00227387
0.81900000 -0.99533326
0.82000000 -0.98844619
0.82100000 -0.98161225
0.82200000 -0.97483100
0.82300000 -0.96810201
0.82400000 -0.96142486
0.82500000 -0.95479913
0.82600000 -0.94822440
0.82700000 -0.94170025
0.82800000 -0.93522628
0.82900000 -0.92880208
0.83000000 -0.92242724
0.83100000 -0.91610136
0.83200000 -0.90982404
0.83300000 -0.90359489
0.83400000 -0.89741352
0.83500000 -0.89127953
0.83600000 -0.88519255
0.83700000 -0.87915218
0.83800000 -0.87315805
0.83900000 -0.86720978
0.84000000 -0.86130700
0.84100000 -0.85544933
0.84200000 -0.84963641
0.84300000 -0.84386787
0.84400000 -0.83814335
0.84500000 -0.83246249
0.84600000 -0.82682494
0.84700000 -0.82123034
0.84800000 -0.81567834
0.84900000 -0.81016859
0.85000000 -0.80470075
0.85100000 -0.79927447
0.85200000 -0.79388942
0.85300000 -0.78854526
0.85400000 -0.78324165
0.85500000 -0.77797827
0.85600000 -0.77275478
0.85700000 -0.76757086
0.85800000 -0.76242619
0.85900000 -0.75732044
0.86000000 -0.75225330
0.86100000 -0.74722446
0.86200000 -0.74223359
0.86300000 -0.73728039
0.86400000 -0.73236456
0.86500000 -0.72748578
0.86600000 -0.72264376
0.86700000 -0.71783820
0.86800000 -0.71306879
0.86900000 -0.70833524
0.87000000 -0.70363727
0.87100000 -0.69897457
0.87200000 -0.69434687
0.87300000 -0.68975387
0.87400000 -0.68519530
0.87500000 -0.68067087
0.87600000 -0.67618031
0.87700000 -0.67172333
0.87800000 -0.66729968
0.87900000 -0.66290906
0.88000000 -0.65855123
0.88100000 -0.65422590
0.88200000 -0.64993281
0.88300000 -0.64567171
0.88400000 -0.64144233
0.88500000 -0.63724442
0.88600000 -0.63307771
0.88700000 -0.62894196
0.88800000 -0.62483691
0.88900000 -0.62076232
0.89000000 -0.61671793
0.89100000 -0.61270351
0.89200000 -0.60871880
0.89300000 -0.60476358
0.89400000 -0.60083759
0.89500000 -0.59694061
0.89600000 -0.59307239
0.89700000 -0.58923270
0.89800000 -0.58542132
0.89900000 -0.58163802
0.90000000 -0.57788256
0.90100000 -0.57415473
0.90200000 -0.57045429
0.90300000 -0.56678103
0.90400000 -0.56313473
0.90500000 -0.55951517
0.90600000 -0.55592214
0.90700000 -0.55235541
0.90800000 -0.54881479
0.90900000 -0.54530006
0.91000000 -0.54181100
0.91100000 -0.53834742
0.91200000 -0.53490911
0.91300000 -0.53149586
0.91400000 -0.52810748
0.91500000 -0.52474376
0.91600000 -0.52140450
0.91700000 -0.51808952
0.91800000 -0.51479861
0.91900000 -0.51153158
0.92000000 -0.50828825
0.92100000 -0.50506841
0.92200000 -0.50187189
0.92300000 -0.49869849
0.92400000 -0.49554803
0.92500000 -0.49242034
0.92600000 -0.48931521
0.92700000 -0.48623248
0.92800000 -0.48317197
0.92900000 -0.48013350
0.93000000 -0.47711689
0.93100000 -0.47412197
0.93200000 -0.47114857
0.93300000 -0.46819651
0.93400000 -0.46526563
0.93500000 -0.46235575
0.93600000 -0.45946672
0.93700000 -0.45659835
0.93800000 -0.45375050
0.93900000 -0.45092300
0.94000000 -0.44811568
0.94100000 -0.44532839
0.94200000 -0.44256097
0.94300000 -0.43981325
0.94400000 -0.43708510
0.94500000 -0.43437634
0.94600000 -0.43168682
0.94700000 -0.42901641
0.94800000 -0.42636493
0.94900000 -0.42373225
0.95000000 -0.42111822
0.95100000 -0.41852268
0.95200000 -0.41594550
0.95300000 -0.41338653
0.95400000 -0.41084562
0.95500000 -0.40832264
0.95600000 -0.40581744
0.95700000 -0.40332988
0.95800000 -0.40085983
0.95900000 -0.39840715
0.96000000 -0.39597170
0.96100000 -0.39355334
0.96200000 -0.39115195
0.96300000 -0.38876739
0.96400000 -0.38639952
0.96500000 -0.38404823
0.96600000 -0.38171338
0.96700000 -0.37939483
0.96800000 -0.37709247
0.96900000 -0.37480617
0.97000000 -0.37253580
0.97100000 -0.37028124
0.97200000 -0.36804236
0.97300000 -0.36581905
0.97400000 -0.36361118
0.97500000 -0.36141863
0.97600000 -0.35924129
0.97700000 -0.35707904
0.97800000 -0.35493175
0.97900000 -0.35279932
0.98000000 -0.35068163
0.98100000 -0.34857856
0.98200000 -0.34649001
0.98300000 -0.34441585
0.98400000 -0.34235599
0.98500000 -0.34031030
0.98600000 -0.33827868
0.98700000 -0.33626103
0.98800000 -0.33425722
0.98900000 -0.33226717
0.99000000 -0.33029076
0.99100000 -0.32832788
0.99200000 -0.32637844
0.99300000 -0.32444233
0.99400000 -0.32251945
0.99500000 -0.32060969
0.99600000 -0.31871296
0.99700000 -0.31682916
0.99800000 -0.31495818
0.99900000 -0.31309994
1.00000000 -0.31125433
1.00100000 -0.30942126
1.00200000 -0.30760062
1.00300000 -0.30579234
1.00400000 -0.30399630
1.00500000 -0.30221243
1.00600000 -0.30044063
1.00700000 -0.29868080
1.00800000 -0.29693285
1.00900000 -0.29519670
1.01000000 -0.29347226
1.01100000 -0.29175943
1.01200000 -0.29005813
1.01300000 -0.28836827
1.01400000 -0.28668977
1.01500000 -0.28502254
1.01600000 -0.28336649
1.01700000 -0.28172155
1.01800000 -0.28008762
1.01900000 -0.27846462
1.02000000 -0.27685248
1.02100000 -0.27525111
1.02200000 -0.27366042
1.02300000 -0.27208035
1.02400000 -0.27051080
1.02500000 -0.26895171
1.02600000 -0.26740299
1.02700000 -0.26586456
1.02800000 -0.26433635
1.02900000 -0.26281829
1.03000000 -0.26131029
1.03100000 -0.25981227
1.03200000 -0.25832418
1.03300000 -0.25684593
1.03400000 -0.25537745
1.03500000 -0.25391866
1.03600000 -0.25246950
1.03700000 -0.25102989
1.03800000 -0.24959977
1.03900000 -0.24817905
1.04000000 -0.24676768
1.04100000 -0.24536558
1.04200000 -0.24397269
1.04300000 -0.24258893
1.04400000 -0.24121424
1.04500000 -0.23984856
1.04600000 -0.23849180
1.04700000 -0.23714392
1.04800000 -0.23580484
1.04900000 -0.23447450
1.05000000 -0.23315284
1.05100000 -0.23183979
1.05200000 -0.23053529
1.05300000 -0.22923927
1.05400000 -0.22795167
1.05500000 -0.22667244
1.05600000 -0.22540151
1.05700000 -0.22413881
1.05800000 -0.22288430
1.05900000 -0.22163790
1.06000000 -0.22039957
1.06100000 -0.21916924
1.06200000 -0.21794685
1.06300000 -0.21673234
1.06400000 -0.21552567
1.06500000 -0.21432676
1.06600000 -0.21313557
1.06700000 -0.21195204
1.06800000 -0.21077611
1.06900000 -0.20960773
1.07000000 -0.20844684
1.07100000 -0.20729340
1.07200000 -0.20614733
1.07300000 -0.20500860
1.07400000 -0.20387715
1.07500000 -0.20275292
1.07600000 -0.20163587
1.07700000 -0.20052594
1.07800000 -0.19942308
1.07900000 -0.19832725
1.08000000 -0.19723838
1.08100000 -0.19615643
1.08200000 -0.19508135
1.08300000 -0.19401309
1.08400000 -0.19295161
1.08500000 -0.19189685
1.08600000 -0.19084876
1.08700000 -0.18980730
1.08800000 -0.18877242
1.08900000 -0.18774408
1.09000000 -0.18672222
1.09100000 -0.18570680
1.09200000 -0.18469778
1.09300000 -0.18369510
1.09400000 -0.18269873
1.09500000 -0.18170862
1.09600000 -0.18072472
1.09700000 -0.17974700
1.09800000 -0.17877540
1.09900000 -0.17780988
1.10000000 -0.17685041
1.10100000 -0.17589693
1.10200000 -0.17494940
1.10300000 -0.17400779
1.10400000 -0.17307206
1.10500000 -0.17214215
1.10600000 -0.17121803
1.10700000 -0.17029965
1.10800000 -0.16938699
1.10900000 -0.16847999
1.11000000 -0.16757862
1.11100000 -0.16668284
1.11200000 -0.16579261
1.11300000 -0.16490789
1.11400000 -0.16402864
1.11500000 -0.16315482
1.11600000 -0.16228640
1.11700000 -0.16142333
1.11800000 -0.16056559
1.11900000 -0.15971313
1.12000000 -0.15886591
1.12100000 -0.15802391
1.12200000 -0.15718707
1.12300000 -0.15635538
1.12400000 -0.15552878
1.12500000 -0.15470726
1.12600000 -0.15389076
1.12700000 -0.15307926
1.12800000 -0.15227272
1.12900000 -0.15147111
1.13000000 -0.15067439
1.13100000 -0.14988253
1.13200000 -0.14909550
1.13300000 -0.14831325
1.13400000 -0.14753577
1.13500000 -0.14676302
1.13600000 -0.14599495
1.13700000 -0.14523155
1.13800000 -0.14447278
1.13900000 -0.14371861
1.14000000 -0.14296900
1.14100000 -0.14222393
1.14200000 -0.14148336
1.14300000 -0.14074727
1.14400000 -0.14001562
1.14500000 -0.13928837
1.14600000 -0.13856552
1.14700000 -0.13784701
1.14800000 -0.13713282
1.14900000 -0.13642293
1.15000000 -0.13571730
1.15100000 -0.13501591
1.15200000 -0.13431872
1.15300000 -0.13362571
1.15400000 -0.13293684
1.15500000 -0.13225210
1.15600000 -0.13157145
1.15700000 -0.13089486
1.15800000 -0.13022232
1.15900000 -0.12955378
1.16000000 -0.12888922
1.16100000 -0.12822862
1.16200000 -0.12757195
1.16300000 -0.12691918
1.16400000 -0.12627029
1.16500000 -0.12562525
1.16600000 -0.12498404
1.16700000 -0.12434662
1.16800000 -0.12371297
1.16900000 -0.12308308
1.17000000 -0.12245690
1.17100000 -0.12183443
1.17200000 -0.12121562
1.17300000 -0.12060047
1.17400000 -0.11998894
1.17500000 -0.11938100
1.17600000 -0.11877665
1.17700000 -0.11817584
1.17800000 -0.11757857
1.17900000 -0.11698480
1.18000000 -0.11639451
1.18100000 -0.11580767
1.18200000 -0.11522428
1.18300000 -0.11464429
1.18400000 -0.11406770
1.18500000 -0.11349447
1.18600000 -0.11292459
1.18700000 -0.11235803
1.18800000 -0.11179477
1.18900000 -0.11123479
1.19000000 -0.11067806
1.19100000 -0.11012458
1.19200000 -0.10957430
1.19300000 -0.10902722
1.19400000 -0.10848331
1.19500000 -0.10794256
1.19600000 -0.10740493
1.19700000 -0.10687041
1.19800000 -0.10633899
1.19900000 -0.10581063
1.20000000 -0.10528532
1.20100000 -0.10476304
1.20200000 -0.10424377
1.20300000 -0.10372749
1.20400000 -0.10321418
1.20500000 -0.10270382
1.20600000 -0.10219639
1.20700000 -0.10169187
1.20800000 -0.10119025
1.20900000 -0.10069150
1.21000000 -0.10019561
1.21100000 -0.09970255
1.21200000 -0.09921231
1.21300000 -0.09872488
1.21400000 -0.09824022
1.21500000 -0.09775833
1.21600000 -0.09727919
1.21700000 -0.09680277
1.21800000 -0.09632907
1.21900000 -0.09585805
1.22000000 -0.09538972
1.22100000 -0.09492404
1.22200000 -0.09446100
1.22300000 -0.09400059
1.22400000 -0.09354279
1.22500000 -0.09308758
1.22600000 -0.09263494
1.22700000 -0.09218486
1.22800000 -0.09173732
1.22900000 -0.09129230
1.23000000 -0.09084979
1.23100000 -0.09040978
1.23200000 -0.08997224
1.23300000 -0.08953717
1.23400000 -0.08910453
1.23500000 -0.08867433
1.23600000 -0.08824654
1.23700000 -0.08782115
1.23800000 -0.08739815
1.23900000 -0.08697751
1.24000000 -0.08655922
1.24100000 -0.08614327
1.24200000 -0.08572965
1.24300000 -0.08531833
1.24400000 -0.08490931
1.24500000 -0.08450257
1.24600000 -0.08409809
1.24700000 -0.08369586
1.24800000 -0.08329587
1.24900000 -0.08289810
1.25000000 -0.08250254
1.25100000 -0.08210917
1.25200000 -0.08171799
1.25300000 -0.08132897
1.25400000 -0.08094210
1.25500000 -0.08055737
1.25600000 -0.08017477
1.25700000 -0.07979428
1.25800000 -0.07941589
1.25900000 -0.07903959
1.26000000 -0.07866535
1.26100000 -0.07829318
1.26200000 -0.07792306
1.26300000 -0.07755497
1.26400000 -0.07718890
1.26500000 -0.07682484
1.26600000 -0.07646278
1.26700000 -0.07610270
1.26800000 -0.07574459
1.26900000 -0.07538844
1.27000000 -0.07503424
1.27100000 -0.07468198
1.27200000 -0.07433163
1.27300000 -0.07398320
1.27400000 -0.07363667
1.27500000 -0.07329203
1.27600000 -0.07294926
1.27700000 -0.07260835
1.27800000 -0.07226930
1.27900000 -0.07193209
1.28000000 -0.07159671
1.28100000 -0.07126314
1.28200000 -0.07093139
1.28300000 -0.07060143
1.28400000 -0.07027325
1.28500000 -0.06994685
1.28600000 -0.06962221
1.28700000 -0.06929933
1.28800000 -0.06897818
1.28900000 -0.06865877
1.29000000 -0.06834108
1.29100000 -0.06802510
1.29200000 -0.06771081
1.29300000 -0.06739822
1.29400000 -0.06708730
1.29500000 -0.06677805
1.29600000 -0.06647046
1.29700000 -0.06616452
1.29800000 -0.06586022
1.29900000 -0.06555754
1.30000000 -0.06525648
1.30100000 -0.06495703
1.30200000 -0.06465918
1.30300000 -0.06436292
1.30400000 -0.06406823
1.30500000 -0.06377512
1.30600000 -0.06348356
1.30700000 -0.06319356
1.30800000 -0.06290509
1.30900000 -0.06261816
1.31000000 -0.06233275
1.31100000 -0.06204886
1.31200000 -0.06176647
1.31300000 -0.06148557
1.31400000 -0.06120616
1.31500000 -0.06092823
1.31600000 -0.06065176
1.31700000 -0.06037676
1.31800000 -0.06010320
1.31900000 -0.05983109
1.32000000 -0.05956041
1.32100000 -0.05929116
1.32200000 -0.05902332
1.32300000 -0.05875689
1.32400000 -0.05849185
1.32500000 -0.05822821
1.32600000 -0.05796596
1.32700000 -0.05770507
1.32800000 -0.05744555
1.32900000 -0.05718739
1.33000000 -0.05693058
1.33100000 -0.05667512
1.33200000 -0.05642098
1.33300000 -0.05616817
1.33400000 -0.05591668
1.33500000 -0.05566650
1.33600000 -0.05541763
1.33700000 -0.05517004
1.33800000 -0.05492375
1.33900000 -0.05467873
1.34000000 -0.05443499
1.34100000 -0.05419251
1.34200000 -0.05395128
1.34300000 -0.05371131
1.34400000 -0.05347258
1.34500000 -0.05323508
1.34600000 -0.05299881
1.34700000 -0.05276376
1.34800000 -0.05252993
1.34900000 -0.05229730
1.35000000 -0.05206587
1.35100000 -0.05183563
1.35200000 -0.05160657
1.35300000 -0.05137870
1.35400000 -0.05115199
1.35500000 -0.05092645
1.35600000 -0.05070207
1.35700000 -0.05047884
1.35800000 -0.05025675
1.35900000 -0.05003579
1.36000000 -0.04981597
1.36100000 -0.04959727
1.36200000 -0.04937969
1.36300000 -0.04916323
1.36400000 -0.04894786
1.36500000 -0.04873359
1.36600000 -0.04852042
1.36700000 -0.04830833
1.36800000 -0.04809732
1.36900000 -0.04788738
1.37000000 -0.04767851
1.37100000 -0.04747070
1.37200000 -0.04726394
1.37300000 -0.04705823
1.37400000 -0.04685357
1.37500000 -0.04664994
1.37600000 -0.04644734
1.37700000 -0.04624576
1.37800000 -0.04604520
1.37900000 -0.04584566
1.38000000 -0.04564712
1.38100000 -0.04544958
1.38200000 -0.04525304
1.38300000 -0.04505748
1.38400000 -0.04486291
1.38500000 -0.04466932
1.38600000 -0.04447670
1.38700000 -0.04428505
1.38800000 -0.04409436
1.38900000 -0.04390462
1.39000000 -0.04371584
1.39100000 -0.04352800
1.39200000 -0.04334110
1.39300000 -0.04315513
1.39400000 -0.04297010
1.39500000 -0.04278598
1.39600000 -0.04260279
1.39700000 -0.04242050
1.39800000 -0.04223913
1.39900000 -0.04205866
1.40000000 -0.04187909
1.40100000 -0.04170040
1.40200000 -0.04152261
1.40300000 -0.04134570
1.40400000 -0.04116967
1.40500000 -0.04099451
1.40600000 -0.04082021
1.40700000 -0.04064678
1.40800000 -0.04047421
1.40900000 -0.04030249
1.41000000 -0.04013162
1.41100000 -0.03996159
1.41200000 -0.03979240
1.41300000 -0.03962405
1.41400000 -0.03945652
1.41500000 -0.03928982
1.41600000 -0.03912394
1.41700000 -0.03895887
1.41800000 -0.03879462
1.41900000 -0.03863117
1.42000000 -0.03846852
1.42100000 -0.03830667
1.42200000 -0.03814561
1.42300000 -0.03798534
1.42400000 -0.03782586
1.42500000 -0.03766716
1.42600000 -0.03750923
1.42700000 -0.03735207
1.42800000 -0.03719568
1.42900000 -0.03704005
1.43000000 -0.03688518
1.43100000 -0.03673106
1.43200000 -0.03657769
1.43300000 -0.03642507
1.43400000 -0.03627319
1.43500000 -0.03612205
1.43600000 -0.03597164
1.43700000 -0.03582196
1.43800000 -0.03567300
1.43900000 -0.03552477
1.44000000 -0.03537725
1.44100000 -0.03523045
1.44200000 -0.03508436
1.44300000 -0.03493897
1.44400000 -0.03479428
1.44500000 -0.03465029
1.44600000 -0.03450700
1.44700000 -0.03436440
1.44800000 -0.03422248
1.44900000 -0.03408124
1.45000000 -0.03394068
1.45100000 -0.03380080
1.45200000 -0.03366159
1.45300000 -0.03352305
1.45400000 -0.03338517
1.45500000 -0.03324795
1.45600000 -0.03311139
1.45700000 -0.03297548
1.45800000 -0.03284022
1.45900000 -0.03270561
1.46000000 -0.03257164
1.46100000 -0.03243831
1.46200000 -0.03230561
1.46300000 -0.03217355
1.46400000 -0.03204211
1.46500000 -0.03191130
1.46600000 -0.03178112
1.46700000 -0.03165155
1.46800000 -0.03152259
1.46900000 -0.03139425
1.47000000 -0.03126652
1.47100000 -0.03113939
1.47200000 -0.03101286
1.47300000 -0.03088694
1.47400000 -0.03076161
1.47500000 -0.03063687
1.47600000 -0.03051272
1.47700000 -0.03038915
1.47800000 -0.03026617
1.47900000 -0.03014377
1.48000000 -0.03002194
1.48100000 -0.02990069
1.48200000 -0.02978001
1.48300000 -0.02965990
1.48400000 -0.02954035
1.48500000 -0.02942136
1.48600000 -0.02930293
1.48700000 -0.02918505
1.48800000 -0.02906773
1.48900000 -0.02895095
1.49000000 -0.02883473
1.49100000 -0.02871904
1.49200000 -0.02860390
1.49300000 -0.02848930
1.49400000 -0.02837522
1.49500000 -0.02826169
1.49600000 -0.02814868
1.49700000 -0.02803619
1.49800000 -0.02792423
1.49900000 -0.02781280
1.50000000 -0.02770188
1.50100000 -0.02759147
1.50200000 -0.02748158
1.50300000 -0.02737219
1.50400000 -0.02726332
1.50500000 -0.02715495
1.50600000 -0.02704708
1.50700000 -0.02693971
1.50800000 -0.02683283
1.50900000 -0.02672645
1.51000000 -0.02662056
1.51100000 -0.02651516
1.51200000 -0.02641025
1.51300000 -0.02630582
1.51400000 -0.02620187
1.51500000 -0.02609840
1.51600000 -0.02599540
1.51700000 -0.02589288
1.51800000 -0.02579083
1.51900000 -0.02568925
1.52000000 -0.02558813
1.52100000 -0.02548748
1.52200000 -0.02538729
1.52300000 -0.02528756
1.52400000 -0.02518828
1.52500000 -0.02508946
1.52600000 -0.02499109
1.52700000 -0.02489317
1.52800000 -0.02479569
1.52900000 -0.02469866
1.53000000 -0.02460208
1.53100000 -0.02450593
1.53200000 -0.02441022
1.53300000 -0.02431495
1.53400000 -0.02422010
1.53500000 -0.02412569
1.53600000 -0.02403171
1.53700000 -0.02393816
1.53800000 -0.02384503
1.53900000 -0.02375232
1.54000000 -0.02366003
1.54100000 -0.02356816
1.54200000 -0.02347671
1.54300000 -0.02338567
1.54400000 -0.02329504
1.54500000 -0.02320481
1.54600000 -0.02311500
1.54700000 -0.02302559
1.54800000 -0.02293659
1.54900000 -0.02284798
1.55000000 -0.02275977
1.55100000 -0.02267196
1.55200000 -0.02258455
1.55300000 -0.02249753
1.55400000 -0.02241090
1.55500000 -0.02232465
1.55600000 -0.02223880
1.55700000 -0.02215332
1.55800000 -0.02206823
1.55900000 -0.02198353
1.56000000 -0.02189920
1.56100000 -0.02181524
1.56200000 -0.02173167
1.56300000 -0.02164846
1.56400000 -0.02156563
1.56500000 -0.02148317
1.56600000 -0.02140107
1.56700000 -0.02131934
1.56800000 -0.02123797
1.56900000 -0.02115696
1.57000000 -0.02107632
1.57100000 -0.02099603
1.57200000 -0.02091610
1.57300000 -0.02083652
1.57400000 -0.02075730
1.57500000 -0.02067843
1.57600000 -0.02059990
1.57700000 -0.02052173
1.57800000 -0.02044389
1.57900000 -0.02036641
1.58000000 -0.02028926
1.58100000 -0.02021246
1.58200000 -0.02013599
1.58300000 -0.02005987
1.58400000 -0.01998407
1.58500000 -0.01990861
1.58600000 -0.01983349
1.58700000 -0.01975869
1.58800000 -0.01968422
1.58900000 -0.01961008
1.59000000 -0.01953626
1.59100000 -0.01946277
1.59200000 -0.01938960
1.59300000 -0.01931675
1.59400000 -0.01924422
1.59500000 -0.01917201
1.59600000 -0.01910011
1.59700000 -0.01902853
1.59800000 -0.01895726
1.59900000 -0.01888630
1.60000000 -0.01881565
1.60100000 -0.01874530
1.60200000 -0.01867527
1.60300000 -0.01860554
1.60400000 -0.01853611
1.60500000 -0.01846698
1.60600000 -0.01839816
1.60700000 -0.01832963
1.60800000 -0.01826140
1.60900000 -0.01819347
1.61000000 -0.01812583
1.61100000 -0.01805848
1.61200000 -0.01799143
1.61300000 -0.01792467
1.61400000 -0.01785819
1.61500000 -0.01779200
1.61600000 -0.01772610
1.61700000 -0.01766048
1.61800000 -0.01759515
1.61900000 -0.01753010
1.62000000 -0.01746532
1.62100000 -0.01740083
1.62200000 -0.01733661
1.62300000 -0.01727267
1.62400000 -0.01720901
1.62500000 -0.01714561
1.62600000 -0.01708249
1.62700000 -0.01701965
1.62800000 -0.01695707
1.62900000 -0.01689475
1.63000000 -0.01683271
1.63100000 -0.01677093
1.63200000 -0.01670942
1.63300000 -0.01664816
1.63400000 -0.01658717
1.63500000 -0.01652644
1.63600000 -0.01646597
1.63700000 -0.01640576
1.63800000 -0.01634580
1.63900000 -0.01628610
1.64000000 -0.01622665
1.64100000 -0.01616746
1.64200000 -0.01610852
1.64300000 -0.01604983
1.64400000 -0.01599138
1.64500000 -0.01593319
1.64600000 -0.01587524
1.64700000 -0.01581754
1.64800000 -0.01576008
1.64900000 -0.01570286
1.65000000 -0.01564589
1.65100000 -0.01558916
1.65200000 -0.01553267
1.65300000 -0.01547641
1.65400000 -0.01542040
1.65500000 -0.01536462
1.65600000 -0.01530907
1.65700000 -0.01525376
1.65800000 -0.01519868
1.65900000 -0.01514384
1.66000000 -0.01508922
1.66100000 -0.01503484
1.66200000 -0.01498068
1.66300000 -0.01492675
1.66400000 -0.01487304
1.66500000 -0.01481957
1.66600000 -0.01476631
1.66700000 -0.01471328
1.66800000 -0.01466047
1.66900000 -0.01460788
1.67000000 -0.01455551
1.67100000 -0.01450336
1.67200000 -0.01445143
1.67300000 -0.01439971
1.67400000 -0.01434821
1.67500000 -0.01429693
1.67600000 -0.01424586
1.67700000 -0.01419500
1.67800000 -0.01414435
1.67900000 -0.01409391
1.68000000 -0.01404369
1.68100000 -0.01399367
1.68200000 -0.01394386
1.68300000 -0.01389425
1.68400000 -0.01384485
1.68500000 -0.01379566
1.68600000 -0.01374667
1.68700000 -0.01369788
1.68800000 -0.01364930
1.68900000 -0.01360091
1.69000000 -0.01355273
1.69100000 -0.01350474
1.69200000 -0.01345695
1.69300000 -0.01340936
1.69400000 -0.01336197
1.69500000 -0.01331477
1.69600000 -0.01326776
1.69700000 -0.01322095
1.69800000 -0.01317433
1.69900000 -0.01312790
1.70000000 -0.01308166
1.70100000 -0.01303562
1.70200000 -0.01298976
1.70300000 -0.01294409
1.70400000 -0.01289860
1.70500000 -0.01285331
1.70600000 -0.01280820
1.70700000 -0.01276327
1.70800000 -0.01271853
1.70900000 -0.01267396
1.71000000 -0.01262959
1.71100000 -0.01258539
1.71200000 -0.01254137
1.71300000 -0.01249753
1.71400000 -0.01245387
1.71500000 -0.01241039
1.71600000 -0.01236709
1.71700000 -0.01232396
1.71800000 -0.01228101
1.71900000 -0.01223823
1.72000000 -0.01219562
1.72100000 -0.01215319
1.72200000 -0.01211093
1.72300000 -0.01206884
1.72400000 -0.01202692
1.72500000 -0.01198518
1.72600000 -0.01194360
1.72700000 -0.01190218
1.72800000 -0.01186094
1.72900000 -0.01181986
1.73000000 -0.01177895
1.73100000 -0.01173820
1.73200000 -0.01169762
1.73300000 -0.01165720
1.73400000 -0.01161695
1.73500000 -0.01157685
1.73600000 -0.01153692
1.73700000 -0.01149715
1.73800000 -0.01145753
1.73900000 -0.01141808
1.74000000 -0.01137879
1.74100000 -0.01133965
1.74200000 -0.01130067
1.74300000 -0.01126184
1.74400000 -0.01122317
1.74500000 -0.01118466
1.74600000 -0.01114630
1.74700000 -0.01110809
1.74800000 -0.01107004
1.74900000 -0.01103214
1.75000000 -0.01099439
1.75100000 -0.01095679
1.75200000 -0.01091934
1.75300000 -0.01088203
1.75400000 -0.01084488
1.75500000 -0.01080788
1.75600000 -0.01077102
1.75700000 -0.01073431
1.75800000 -0.01069774
1.75900000 -0.01066132
1.76000000 -0.01062505
1.76100000 -0.01058891
1.76200000 -0.01055293
1.76300000 -0.01051708
1.76400000 -0.01048138
1.76500000 -0.01044581
1.76600000 -0.01041039
1.76700000 -0.01037511
1.76800000 -0.01033997
1.76900000 -0.01030496
1.77000000 -0.01027010
1.77100000 -0.01023537
1.77200000 -0.01020078
1.77300000 -0.01016632
1.77400000 -0.01013200
1.77500000 -0.01009782
1.77600000 -0.01006377
1.77700000 -0.01002985
1.77800000 -0.00999607
1.77900000 -0.00996242
1.78000000 -0.00992890
1.78100000 -0.00989551
1.78200000 -0.00986226
1.78300000 -0.00982913
1.78400000 -0.00979613
1.78500000 -0.00976327
1.78600000 -0.00973053
1.78700000 -0.00969792
1.78800000 -0.00966543
1.78900000 -0.00963308
1.79000000 -0.00960085
1.79100000 -0.00956874
1.79200000 -0.00953677
1.79300000 -0.00950491
1.79400000 -0.00947318
1.79500000 -0.00944157
1.79600000 -0.00941009
1.79700000 -0.00937873
1.79800000 -0.00934749
1.79900000 -0.00931637
1.80000000 -0.00928537
1.80100000 -0.00925449
1.80200000 -0.00922373
1.80300000 -0.00919310
1.80400000 -0.00916258
1.80500000 -0.00913217
1.80600000 -0.00910189
1.80700000 -0.00907172
1.80800000 -0.00904167
1.80900000 -0.00901174
1.81000000 -0.00898192
1.81100000 -0.00895221
1.81200000 -0.00892262
1.81300000 -0.00889315
1.81400000 -0.00886378
1.81500000 -0.00883454
1.81600000 -0.00880540
1.81700000 -0.00877637
1.81800000 -0.00874746
1.81900000 -0.00871866
1.82000000 -0.00868997
1.82100000 -0.00866139
1.82200000 -0.00863291
1.82300000 -0.00860455
1.82400000 -0.00857630
1.82500000 -0.00854815
1.82600000 -0.00852011
1.82700000 -0.00849218
1.82800000 -0.00846436
1.82900000 -0.00843664
1.83000000 -0.00840903
1.83100000 -0.00838152
1.83200000 -0.00835412
1.83300000 -0.00832682
1.83400000 -0.00829962
1.83500000 -0.00827253
1.83600000 -0.00824555
1.83700000 -0.00821866
1.83800000 -0.00819188
1.83900000 -0.00816520
1.84000000 -0.00813862
1.84100000 -0.00811214
1.84200000 -0.00808576
1.84300000 -0.00805949
1.84400000 -0.00803331
1.84500000 -0.00800723
1.84600000 -0.00798125
1.84700000 -0.00795537
1.84800000 -0.00792958
1.84900000 -0.00790389
1.85000000 -0.00787830
1.85100000 -0.00785281
1.85200000 -0.00782741
1.85300000 -0.00780211
1.85400000 -0.00777690
1.85500000 -0.00775179
1.85600000 -0.00772678
1.85700000 -0.00770185
1.85800000 -0.00767702
1.85900000 -0.00765229
1.86000000 -0.00762765
1.86100000 -0.00760310
1.86200000 -0.00757864
1.86300000 -0.00755427
1.86400000 -0.00753000
1.86500000 -0.00750581
1.86600000 -0.00748172
1.86700000 -0.00745771
1.86800000 -0.00743380
1.86900000 -0.00740998
1.87000000 -0.00738624
1.87100000 -0.00736259
1.87200000 -0.00733904
1.87300000 -0.00731557
1.87400000 -0.00729218
1.87500000 -0.00726889
1.87600000 -0.00724568
1.87700000 -0.00722256
1.87800000 -0.00719952
1.87900000 -0.00717657
1.88000000 -0.00715370
1.88100000 -0.00713092
1.88200000 -0.00710822
1.88300000 -0.00708561
1.88400000 -0.00706308
1.88500000 -0.00704064
1.88600000 -0.00701828
1.88700000 -0.00699600
1.88800000 -0.00697380
1.88900000 -0.00695169
1.89000000 -0.00692966
1.89100000 -0.00690770
1.89200000 -0.00688583
1.89300000 -0.00686405
1.89400000 -0.00684234
1.89500000 -0.00682071
1.89600000 -0.00679916
1.89700000 -0.00677769
1.89800000 -0.00675630
1.89900000 -0.00673499
1.90000000 -0.00671375
1.90100000 -0.00669260
1.90200000 -0.00667152
1.90300000 -0.00665052
1.90400000 -0.00662959
1.90500000 -0.00660875
1.90600000 -0.00658798
1.90700000 -0.00656728
1.90800000 -0.00654666
1.90900000 -0.00652612
1.91000000 -0.00650565
1.91100000 -0.00648526
1.91200000 -0.00646494
1.91300000 -0.00644470
1.91400000 -0.00642453
1.91500000 -0.00640443
1.91600000 -0.00638441
1.91700000 -0.00636446
1.91800000 -0.00634458
1.91900000 -0.00632477
1.92000000 -0.00630504
1.92100000 -0.00628538
1.92200000 -0.00626579
1.92300000 -0.00624627
1.92400000 -0.00622682
1.92500000 -0.00620744
1.92600000 -0.00618814
1.92700000 -0.00616890
1.92800000 -0.00614973
1.92900000 -0.00613064
1.93000000 -0.00611161
1.93100000 -0.00609265
1.93200000 -0.00607376
1.93300000 -0.00605493
1.93400000 -0.00603618
1.93500000 -0.00601749
1.93600000 -0.00599887
1.93700000 -0.00598032
1.93800000 -0.00596183
1.93900000 -0.00594341
1.94000000 -0.00592506
1.94100000 -0.00590677
1.94200000 -0.00588855
1.94300000 -0.00587040
1.94400000 -0.00585231
1.94500000 -0.00583428
1.94600000 -0.00581632
1.94700000 -0.00579842
1.94800000 -0.00578059
1.94900000 -0.00576282
1.95000000 -0.00574512
1.95100000 -0.00572748
1.95200000 -0.00570990
1.95300000 -0.00569239
1.95400000 -0.00567493
1.95500000 -0.00565754
1.95600000 -0.00564022
1.95700000 -0.00562295
1.95800000 -0.00560575
1.95900000 -0.00558860
1.96000000 -0.00557152
1.96100000 -0.00555450
1.96200000 -0.00553754
1.96300000 -0.00552064
1.96400000 -0.00550380
1.96500000 -0.00548702
1.96600000 -0.00547030
1.96700000 -0.00545364
1.96800000 -0.00543704
1.96900000 -0.00542050
1.97000000 -0.00540401
1.97100000 -0.00538759
1.97200000 -0.00537122
1.97300000 -0.00535491
1.97400000 -0.00533866
1.97500000 -0.00532246
1.97600000 -0.00530633
1.97700000 -0.00529025
1.97800000 -0.00527422
1.97900000 -0.00525826
1.98000000 -0.00524235
1.98100000 -0.00522649
1.98200000 -0.00521070
1.98300000 -0.00519495
1.98400000 -0.00517927
1.98500000 -0.00516364
1.98600000 -0.00514806
1.98700000 -0.00513254
1.98800000 -0.00511707
1.98900000 -0.00510166
1.99000000 -0.00508630
1.99100000 -0.00507099
1.99200000 -0.00505574
1.99300000 -0.00504054
1.99400000 -0.00502540
1.99500000 -0.00501031
1.99600000 -0.00499527
1.99700000 -0.00498028
1.99800000 -0.00496535
1.99900000 -0.00495047
2.00000000 -0.00493564
