0.10000000 3540220123.47766542
0.10100000 3141752611.61603642
0.10200000 2791415730.90987778
0.10300000 2483006772.26774216
0.10400000 2211171602.06946087
0.10500000 1971281960.05380416
0.10600000 1759331438.33201122
0.10700000 1571847157.01043034
0.10800000 1405814650.74131966
0.10900000 1258613892.36380887
0.11000000 1127964720.43772292
0.11100000 1011880219.72518599
0.11200000 908626837.95738578
0.11300000 816690217.02405798
0.11400000 734745878.96887970
0.11500000 661634042.52968264
0.11600000 596337959.06898201
0.11700000 537965251.40628672
0.11800000 485731818.42012793
0.11900000 438947934.91338158
0.12000000 397006232.25754911
0.12100000 359371292.50805634
0.12200000 325570628.46830457
0.12300000 295186855.78137308
0.12400000 267850891.54652449
0.12500000 243236038.02593115
0.12600000 221052830.41916794
0.12700000 201044545.01769096
0.12800000 182983278.79228163
0.12900000 166666524.01777369
0.13000000 151914172.24021509
0.13100000 138565891.02630958
0.13200000 126478824.74244818
0.13300000 115525577.29189296
0.13400000 105592440.46305874
0.13500000 96577836.45221861
0.13600000 88390947.34100744
0.13700000 80950507.93488291
0.13800000 74183741.48965828
0.13900000 68025420.54263797
0.14000000 62417037.38498329
0.14100000 57306070.71560021
0.14200000 52645336.74907929
0.14300000 48392414.54937496
0.14400000 44509136.65969849
0.14500000 40961137.22544466
0.14600000 37717450.78475942
0.14700000 34750155.75102198
0.14800000 32034057.35057077
0.14900000 29546405.42247149
0.15000000 27266643.04790159
0.15100000 25176182.46589840
0.15200000 23258205.15932383
0.15300000 21497483.36815565
0.15400000 19880220.61370548
0.15500000 18393909.10320381
0.15600000 17027202.13465922
0.15700000 15769799.84156609
0.15800000 14612346.80984974
0.15900000 13546340.26882880
0.16000000 12564047.70691036
0.16100000 11658432.89379206
0.16200000 10823089.40636615
0.16300000 10052180.85725223
0.16400000 9340387.11462069
0.16500000 8682855.88118646
0.16600000 8075159.07023766
0.16700000 7513253.47844037
0.16800000 6993445.30990954
0.16900000 6512358.15451360
0.17000000 6066904.06633773
0.17100000 5654257.42632269
0.17200000 5271831.30689981
0.17300000 4917256.08646018
0.17400000 4588360.08817201
0.17500000 4283152.04138162
0.17600000 3999805.18494258
0.17700000 3736642.85061498
0.17800000 3492125.38142660
0.17900000 3264838.25482271
0.18000000 3053481.29375720
0.18100000 2856858.86077528
0.18200000 2673870.94076720
0.18300000 2503505.02757457
0.18400000 2344828.73813066
0.18500000 2196983.08542406
0.18600000 2059176.34838857
0.18700000 1930678.48292889
0.18800000 1810816.02376672
0.18900000 1698967.43170477
0.19000000 1594558.84531664
0.19100000 1497060.20003199
0.19200000 1405981.68114749
0.19300000 1320870.48049589
0.19400000 1241307.82938719
0.19500000 1166906.28302939
0.19600000 1097307.23397369
0.19700000 1032178.63423424
0.19800000 971212.90763239
0.19900000 914125.03562823
0.20000000 860650.80144953
0.20100000 810545.17872482
0.20200000 763580.85209014
0.20300000 719546.85838018
0.20400000 678247.33804700
0.20500000 639500.38738433
0.20600000 603137.00298093
0.20700000 569000.11059363
0.20800000 536943.67132498
0.20900000 506831.85862066
0.21000000 478538.30017318
0.21100000 451945.37933734
0.21200000 426943.59113380
0.21300000 403430.94834538
0.21400000 381312.43359926
0.21500000 360499.49368252
0.21600000 340909.57265982
0.21700000 322465.68065514
0.21800000 305095.99542614
0.21900000 288733.49410257
0.22000000 273315.61268165
0.22100000 258783.93107519
0.22200000 245083.88168727
0.22300000 232164.47966928
0.22400000 219978.07315275
0.22500000 208480.11190004
0.22600000 197628.93294139
0.22700000 187385.56188336
0.22800000 177713.52868103
0.22900000 168578.69676393
0.23000000 159949.10449520
0.23100000 151794.81802557
0.23200000 144087.79467871
0.23300000 136801.75607328
0.23400000 129912.07025003
0.23500000 123395.64213014
0.23600000 117230.81168397
0.23700000 111397.25923787
0.23800000 105875.91739167
0.23900000 100648.88906015
0.24000000 95699.37118949
0.24100000 91011.58373452
0.24200000 86570.70351412
0.24300000 82362.80259147
0.24400000 78374.79085280
0.24500000 74594.36248293
0.24600000 71009.94605882
0.24700000 67610.65800319
0.24800000 64386.25915959
0.24900000 61327.11426833
0.25000000 58424.15413879
0.25100000 55668.84032891
0.25200000 53053.13215677
0.25300000 50569.45588161
0.25400000 48210.67590411
0.25500000 45970.06784625
0.25600000 43841.29338133
0.25700000 41818.37669430
0.25800000 39895.68246098
0.25900000 38067.89524267
0.26000000 36330.00020045
0.26100000 34677.26503981
0.26200000 33105.22310292
0.26300000 31609.65753161
0.26400000 30186.58642956
0.26500000 28832.24895708
0.26600000 27543.09229689
0.26700000 26315.75943307
0.26800000 25147.07768994
0.26900000 24034.04798084
0.27000000 22973.83472048
0.27100000 21963.75635778
0.27200000 21001.27648869
0.27300000 20083.99551176
0.27400000 19209.64279142
0.27500000 18376.06929623
0.27600000 17581.24068203
0.27700000 16823.23079133
0.27800000 16100.21554275
0.27900000 15410.46718566
0.28000000 14752.34889710
0.28100000 14124.30969939
0.28200000 13524.87967846
0.28300000 12952.66548399
0.28400000 12406.34609395
0.28500000 11884.66882711
0.28600000 11386.44558821
0.28700000 10910.54933146
0.28800000 10455.91072898
0.28900000 10021.51503166
0.29000000 9606.39911077
0.29100000 9209.64866917
0.29200000 8830.39561206
0.29300000 8467.81556757
0.29400000 8121.12554810
0.29500000 7789.58174409
0.29600000 7472.47744229
0.29700000 7169.14106105
0.29800000 6878.93429580
0.29900000 6601.25036805
0.30000000 6335.51237198
0.30100000 6081.17171277
0.30200000 5837.70663135
0.30300000 5604.62081047
0.30400000 5381.44205745
0.30500000 5167.72105907
0.30600000 4963.03020450
0.30700000 4766.96247226
0.30800000 4579.13037770
0.30900000 4399.16497732
0.31000000 4226.71492680
0.31100000 4061.44558979
0.31200000 3903.03819429
0.31300000 3751.18903425
0.31400000 3605.60871363
0.31500000 3466.02143059
0.31600000 3332.16429962
0.31700000 3203.78670940
0.31800000 3080.64971444
0.31900000 2962.52545867
0.32000000 2849.19662914
0.32100000 2740.45593822
0.32200000 2636.10563264
0.32300000 2535.95702809
0.32400000 2439.83006779
0.32500000 2347.55290375
0.32600000 2258.96149966
0.32700000 2173.89925401
0.32800000 2092.21664246
0.32900000 2013.77087847
0.33000000 1938.42559109
0.33100000 1866.05051907
0.33200000 1796.52122043
0.33300000 1729.71879658
0.33400000 1665.52963038
0.33500000 1603.84513713
0.33600000 1544.56152819
0.33700000 1487.57958617
0.33800000 1432.80445134
0.33900000 1380.14541863
0.34000000 1329.51574460
0.34100000 1280.83246384
0.34200000 1234.01621453
0.34300000 1188.99107234
0.34400000 1145.68439255
0.34500000 1104.02665979
0.34600000 1063.95134510
0.34700000 1025.39476982
0.34800000 988.29597617
0.34900000 952.59660391
0.35000000 918.24077300
0.35100000 885.17497182
0.35200000 853.34795079
0.35300000 822.71062094
0.35400000 793.21595738
0.35500000 764.81890728
0.35600000 737.47630222
0.35700000 711.14677461
0.35800000 685.79067812
0.35900000 661.37001173
0.36000000 637.84834740
0.36100000 615.19076104
0.36200000 593.36376674
0.36300000 572.33525400
0.36400000 552.07442789
0.36500000 532.55175192
0.36600000 513.73889359
0.36700000 495.60867238
0.36800000 478.13501013
0.36900000 461.29288371
0.37000000 445.05827978
0.37100000 429.40815169
0.37200000 414.32037818
0.37300000 399.77372414
0.37400000 385.74780294
0.37500000 372.22304058
0.37600000 359.18064138
0.37700000 346.60255523
0.37800000 334.47144626
0.37900000 322.77066297
0.38000000 311.48420961
0.38100000 300.59671883
0.38200000 290.09342560
0.38300000 279.96014222
0.38400000 270.18323441
0.38500000 260.74959849
0.38600000 251.64663956
0.38700000 242.86225057
0.38800000 234.38479235
0.38900000 226.20307449
0.39000000 218.30633704
0.39100000 210.68423300
0.39200000 203.32681158
0.39300000 196.22450214
0.39400000 189.36809885
0.39500000 182.74874601
0.39600000 176.35792393
0.39700000 170.18743552
0.39800000 164.22939332
0.39900000 158.47620720
0.40000000 152.92057248
0.40100000 147.55545862
0.40200000 142.37409832
0.40300000 137.36997716
0.40400000 132.53682357
0.40500000 127.86859932
0.40600000 123.35949030
0.40700000 119.00389781
0.40800000 114.79643008
0.40900000 110.73189420
0.41000000 106.80528845
0.41100000 103.01179478
0.41200000 99.34677175
0.41300000 95.80574770
0.41400000 92.38441419
0.41500000 89.07861973
0.41600000 85.88436372
0.41700000 82.79779071
0.41800000 79.81518482
0.41900000 76.93296444
0.42000000 74.14767710
0.42100000 71.45599457
0.42200000 68.85470815
0.42300000 66.34072413
0.42400000 63.91105951
0.42500000 61.56283776
0.42600000 59.29328484
0.42700000 57.09972540
0.42800000 54.97957902
0.42900000 52.93035670
0.43000000 50.94965746
0.43100000 49.03516504
0.43200000 47.18464479
0.43300000 45.39594060
0.43400000 43.66697206
0.43500000 41.99573160
0.43600000 40.38028186
0.43700000 38.81875309
0.43800000 37.30934067
0.43900000 35.85030274
0.44000000 34.43995788
0.44100000 33.07668294
0.44200000 31.75891092
0.44300000 30.48512889
0.44400000 29.25387609
0.44500000 28.06374200
0.44600000 26.91336454
0.44700000 25.80142834
0.44800000 24.72666305
0.44900000 23.68784170
0.45000000 22.68377920
0.45100000 21.71333080
0.45200000 20.77539067
0.45300000 19.86889051
0.45400000 18.99279822
0.45500000 18.14611661
0.45600000 17.32788217
0.45700000 16.53716388
0.45800000 15.77306205
0.45900000 15.03470724
0.46000000 14.32125919
0.46100000 13.63190580
0.46200000 12.96586211
0.46300000 12.32236940
0.46400000 11.70069425
0.46500000 11.10012768
0.46600000 10.51998425
0.46700000 9.95960130
0.46800000 9.41833814
0.46900000 8.89557529
0.47000000 8.39071373
0.47100000 7.90317422
0.47200000 7.43239664
0.47300000 6.97783927
0.47400000 6.53897821
0.47500000 6.11530676
0.47600000 5.70633482
0.47700000 5.31158835
0.47800000 4.93060878
0.47900000 4.56295254
0.48000000 4.20819050
0.48100000 3.86590752
0.48200000 3.53570194
0.48300000 3.21718516
0.48400000 2.90998120
0.48500000 2.61372622
0.48600000 2.32806819
0.48700000 2.05266645
0.48800000 1.78719131
0.48900000 1.53132375
0.49000000 1.28475500
0.49100000 1.04718622
0.49200000 0.81832818
0.49300000 0.59790094
0.49400000 0.38563352
0.49500000 0.18126362
0.49600000 -0.01546266
0.49700000 -0.20479111
0.49800000 -0.38695967
0.49900000 -0.56219871
0.50000000 -0.73073123
0.50100000 -0.89277317
0.50200000 -1.04853356
0.50300000 -1.19821483
0.50400000 -1.34201297
0.50500000 -1.48011774
0.50600000 -1.61271291
0.50700000 -1.73997642
0.50800000 -1.86208060
0.50900000 -1.97919232
0.51000000 -2.09147317
0.51100000 -2.19907968
0.51200000 -2.30216341
0.51300000 -2.40087117
0.51400000 -2.49534512
0.51500000 -2.58572299
0.51600000 -2.67213814
0.51700000 -2.75471977
0.51800000 -2.83359301
0.51900000 -2.90887907
0.52000000 -2.98069537
0.52100000 -3.04915563
0.52200000 -3.11437002
0.52300000 -3.17644527
0.52400000 -3.23548476
0.52500000 -3.29158865
0.52600000 -3.34485396
0.52700000 -3.39537468
0.52800000 -3.44324187
0.52900000 -3.48854374
0.53000000 -3.53136577
0.53100000 -3.57179075
0.53200000 -3.60989890
0.53300000 -3.64576794
0.53400000 -3.67947317
0.53500000 -3.71108754
0.53600000 -3.74068174
0.53700000 -3.76832423
0.53800000 -3.79408138
0.53900000 -3.81801746
0.54000000 -3.84019476
0.54100000 -3.86067362
0.54200000 -3.87951252
0.54300000 -3.89676809
0.54400000 -3.91249522
0.54500000 -3.92674710
0.54600000 -3.93957525
0.54700000 -3.95102958
0.54800000 -3.96115846
0.54900000 -3.97000875
0.55000000 -3.97762585
0.55100000 -3.98405375
0.55200000 -3.98933507
0.55300000 -3.99351109
0.55400000 -3.99662182
0.55500000 -3.99870600
0.55600000 -3.99980120
0.55700000 -3.99994377
0.55800000 -3.99916895
0.55900000 -3.99751089
0.56000000 -3.99500264
0.56100000 -3.99167626
0.56200000 -3.98756275
0.56300000 -3.98269220
0.56400000 -3.97709371
0.56500000 -3.97079549
0.56600000 -3.96382485
0.56700000 -3.95620826
0.56800000 -3.94797134
0.56900000 -3.93913891
0.57000000 -3.92973502
0.57100000 -3.91978293
0.57200000 -3.90930520
0.57300000 -3.89832365
0.57400000 -3.88685943
0.57500000 -3.87493301
0.57600000 -3.86256419
0.57700000 -3.84977218
0.57800000 -3.83657554
0.57900000 -3.82299228
0.58000000 -3.80903978
0.58100000 -3.79473492
0.58200000 -3.78009400
0.58300000 -3.76513281
0.58400000 -3.74986663
0.58500000 -3.73431026
0.58600000 -3.71847800
0.58700000 -3.70238370
0.58800000 -3.68604077
0.58900000 -3.66946215
0.59000000 -3.65266041
0.59100000 -3.63564766
0.59200000 -3.61843563
0.59300000 -3.60103569
0.59400000 -3.58345880
0.59500000 -3.56571558
0.59600000 -3.54781628
0.59700000 -3.52977084
0.59800000 -3.51158883
0.59900000 -3.49327954
0.60000000 -3.47485192
0.60100000 -3.45631462
0.60200000 -3.43767602
0.60300000 -3.41894419
0.60400000 -3.40012695
0.60500000 -3.38123184
0.60600000 -3.36226614
0.60700000 -3.34323688
0.60800000 -3.32415085
0.60900000 -3.30501461
0.61000000 -3.28583449
0.61100000 -3.26661658
0.61200000 -3.24736678
0.61300000 -3.22809077
0.61400000 -3.20879403
0.61500000 -3.18948185
0.61600000 -3.17015931
0.61700000 -3.15083133
0.61800000 -3.13150264
0.61900000 -3.11217780
0.62000000 -3.09286120
0.62100000 -3.07355708
0.62200000 -3.05426949
0.62300000 -3.03500236
0.62400000 -3.01575945
0.62500000 -2.99654441
0.62600000 -2.97736071
0.62700000 -2.95821170
0.62800000 -2.93910062
0.62900000 -2.92003055
0.63000000 -2.90100447
0.63100000 -2.88202523
0.63200000 -2.86309556
0.63300000 -2.84421811
0.63400000 -2.82539538
0.63500000 -2.80662979
0.63600000 -2.78792365
0.63700000 -2.76927917
0.63800000 -2.75069848
0.63900000 -2.73218360
0.64000000 -2.71373646
0.64100000 -2.69535891
0.64200000 -2.67705273
0.64300000 -2.65881959
0.64400000 -2.64066109
0.64500000 -2.62257878
0.64600000 -2.60457410
0.64700000 -2.58664844
0.64800000 -2.56880312
0.64900000 -2.55103937
0.65000000 -2.53335839
0.65100000 -2.51576128
0.65200000 -2.49824913
0.65300000 -2.48082291
0.65400000 -2.46348358
0.65500000 -2.44623202
0.65600000 -2.42906907
0.65700000 -2.41199551
0.65800000 -2.39501208
0.65900000 -2.37811946
0.66000000 -2.36131829
0.66100000 -2.34460917
0.66200000 -2.32799263
0.66300000 -2.31146920
0.66400000 -2.29503934
0.66500000 -2.27870348
0.66600000 -2.26246200
0.66700000 -2.24631526
0.66800000 -2.23026358
0.66900000 -2.21430724
0.67000000 -2.19844649
0.67100000 -2.18268155
0.67200000 -2.16701261
0.67300000 -2.15143982
0.67400000 -2.13596331
0.67500000 -2.12058318
0.67600000 -2.10529952
0.67700000 -2.09011236
0.67800000 -2.07502173
0.67900000 -2.06002763
0.68000000 -2.04513004
0.68100000 -2.03032891
0.68200000 -2.01562417
0.68300000 -2.00101574
0.68400000 -1.98650350
0.68500000 -1.97208734
0.68600000 -1.95776710
0.68700000 -1.94354263
0.68800000 -1.92941373
0.68900000 -1.91538023
0.69000000 -1.90144190
0.69100000 -1.88759851
0.69200000 -1.87384983
0.69300000 -1.86019560
0.69400000 -1.84663555
0.69500000 -1.83316940
0.69600000 -1.81979686
0.69700000 -1.80651761
0.69800000 -1.79333134
0.69900000 -1.78023773
0.70000000 -1.76723643
0.70100000 -1.75432709
0.70200000 -1.74150937
0.70300000 -1.72878288
0.70400000 -1.71614727
0.70500000 -1.70360214
0.70600000 -1.69114710
0.70700000 -1.67878175
0.70800000 -1.66650569
0.70900000 -1.65431851
0.71000000 -1.64221978
0.71100000 -1.63020909
0.71200000 -1.61828600
0.71300000 -1.60645007
0.71400000 -1.59470087
0.71500000 -1.58303795
0.71600000 -1.57146085
0.71700000 -1.55996913
0.71800000 -1.54856233
0.71900000 -1.53723998
0.72000000 -1.52600162
0.72100000 -1.51484678
0.72200000 -1.50377498
0.72300000 -1.49278576
0.72400000 -1.48187863
0.72500000 -1.47105311
0.72600000 -1.46030873
0.72700000 -1.44964500
0.72800000 -1.43906143
0.72900000 -1.42855754
0.73000000 -1.41813284
0.73100000 -1.40778683
0.73200000 -1.39751904
0.73300000 -1.38732895
0.73400000 -1.37721609
0.73500000 -1.36717996
0.73600000 -1.35722006
0.73700000 -1.34733591
0.73800000 -1.33752700
0.73900000 -1.32779284
0.74000000 -1.31813294
0.74100000 -1.30854680
0.74200000 -1.29903394
0.74300000 -1.28959385
0.74400000 -1.28022604
0.74500000 -1.27093002
0.74600000 -1.26170530
0.74700000 -1.25255139
0.74800000 -1.24346780
0.74900000 -1.23445403
0.75000000 -1.22550961
0.75100000 -1.21663403
0.75200000 -1.20782683
0.75300000 -1.19908750
0.75400000 -1.19041558
0.75500000 -1.18181057
0.75600000 -1.17327200
0.75700000 -1.16479939
0.75800000 -1.15639226
0.75900000 -1.14805013
0.76000000 -1.13977254
0.76100000 -1.13155901
0.76200000 -1.12340907
0.76300000 -1.11532225
0.76400000 -1.10729809
0.76500000 -1.09933611
0.76600000 -1.09143587
0.76700000 -1.08359690
0.76800000 -1.07581873
0.76900000 -1.06810092
0.77000000 -1.06044302
0.77100000 -1.05284456
0.77200000 -1.04530510
0.77300000 -1.03782419
0.77400000 -1.03040139
0.77500000 -1.02303626
0.77600000 -1.01572835
0.77700000 -1.00847723
0.77800000 -1.00128246
0.77900000 -0.99414361
0.78000000 -0.98706025
0.78100000 -0.98003194
0.78200000 -0.97305827
0.78300000 -0.96613881
0.78400000 -0.95927314
0.78500000 -0.95246084
0.78600000 -0.94570150
0.78700000 -0.93899469
0.78800000 -0.93234002
0.78900000 -0.92573708
0.79000000 -0.91918545
0.79100000 -0.91268473
0.79200000 -0.90623453
0.79300000 -0.89983444
0.79400000 -0.89348408
0.79500000 -0.88718304
0.79600000 -0.88093094
0.79700000 -0.87472739
0.79800000 -0.86857200
0.79900000 -0.86246439
0.80000000 -0.85640419
0.80100000 -0.85039101
0.80200000 -0.84442448
0.80300000 -0.83850423
0.80400000 -0.83262989
0.80500000 -0.82680109
0.80600000 -0.82101746
0.80700000 -0.81527865
0.80800000 -0.80958430
0.80900000 -0.80393404
0.81000000 -0.79832753
0.81100000 -0.79276441
0.81200000 -0.78724433
0.81300000 -0.78176696
0.81400000 -0.77633193
0.81500000 -0.77093892
0.81600000 -0.76558757
0.81700000 -0.76027757
0.81800000 -0.75500856
0.81900000 -0.74978023
0.82000000 -0.74459224
0.82100000 -0.73944426
0.82200000 -0.73433597
0.82300000 -0.72926705
0.82400000 -0.72423718
0.82500000 -0.71924605
0.82600000 -0.71429333
0.82700000 -0.70937872
0.82800000 -0.70450191
0.82900000 -0.69966258
0.83000000 -0.69486044
0.83100000 -0.69009518
0.83200000 -0.68536651
0.83300000 -0.68067412
0.83400000 -0.67601772
0.83500000 -0.67139701
0.83600000 -0.66681171
0.83700000 -0.66226153
0.83800000 -0.65774618
0.83900000 -0.65326537
0.84000000 -0.64881883
0.84100000 -0.64440627
0.84200000 -0.64002743
0.84300000 -0.63568201
0.84400000 -0.63136976
0.84500000 -0.62709039
0.84600000 -0.62284365
0.84700000 -0.61862926
0.84800000 -0.61444696
0.84900000 -0.61029649
0.85000000 -0.60617759
0.85100000 -0.60209000
0.85200000 -0.59803346
0.85300000 -0.59400773
0.85400000 -0.59001254
0.85500000 -0.58604766
0.85600000 -0.58211283
0.85700000 -0.57820780
0.85800000 -0.57433234
0.85900000 -0.57048621
0.86000000 -0.56666915
0.86100000 -0.56288095
0.86200000 -0.55912135
0.86300000 -0.55539013
0.86400000 -0.55168705
0.86500000 -0.54801189
0.86600000 -0.54436442
0.86700000 -0.54074440
0.86800000 -0.53715163
0.86900000 -0.53358587
0.87000000 -0.53004691
0.87100000 -0.52653452
0.87200000 -0.52304849
0.87300000 -0.51958860
0.87400000 -0.51615465
0.87500000 -0.51274642
0.87600000 -0.50936370
0.87700000 -0.50600628
0.87800000 -0.50267396
0.87900000 -0.49936653
0.88000000 -0.49608379
0.88100000 -0.49282553
0.88200000 -0.48959157
0.88300000 -0.48638170
0.88400000 -0.48319573
0.88500000 -0.48003346
0.88600000 -0.47689470
0.88700000 -0.47377925
0.88800000 -0.47068694
0.88900000 -0.46761757
0.89000000 -0.46457095
0.89100000 -0.46154690
0.89200000 -0.45854524
0.89300000 -0.45556578
0.89400000 -0.45260835
0.89500000 -0.44967277
0.89600000 -0.44675886
0.89700000 -0.44386644
0.89800000 -0.44099535
0.89900000 -0.43814540
0.90000000 -0.43531643
0.90100000 -0.43250827
0.90200000 -0.42972075
0.90300000 -0.42695370
0.90400000 -0.42420695
0.90500000 -0.42148036
0.90600000 -0.41877374
0.90700000 -0.41608694
0.90800000 -0.41341980
0.90900000 -0.41077217
0.91000000 -0.40814388
0.91100000 -0.40553478
0.91200000 -0.40294471
0.91300000 -0.40037353
0.91400000 -0.39782107
0.91500000 -0.39528720
0.91600000 -0.39277175
0.91700000 -0.39027459
0.91800000 -0.38779556
0.91900000 -0.38533453
0.92000000 -0.38289134
0.92100000 -0.38046585
0.92200000 -0.37805792
0.92300000 -0.37566741
0.92400000 -0.37329419
0.92500000 -0.37093811
0.92600000 -0.36859903
0.92700000 -0.36627682
0.92800000 -0.36397135
0.92900000 -0.36168249
0.93000000 -0.35941009
0.93100000 -0.35715403
0.93200000 -0.35491418
0.93300000 -0.35269040
0.93400000 -0.35048258
0.93500000 -0.34829058
0.93600000 -0.34611429
0.93700000 -0.34395356
0.93800000 -0.34180829
0.93900000 -0.33967834
0.94000000 -0.33756360
0.94100000 -0.33546395
0.94200000 -0.33337926
0.94300000 -0.33130942
0.94400000 -0.32925431
0.94500000 -0.32721381
0.94600000 -0.32518781
0.94700000 -0.32317620
0.94800000 -0.32117886
0.94900000 -0.31919567
0.95000000 -0.31722653
0.95100000 -0.31527132
0.95200000 -0.31332994
0.95300000 -0.31140228
0.95400000 -0.30948823
0.95500000 -0.30758767
0.95600000 -0.30570052
0.95700000 -0.30382665
0.95800000 -0.30196597
0.95900000 -0.30011838
0.96000000 -0.29828376
0.96100000 -0.29646203
0.96200000 -0.29465307
0.96300000 -0.29285679
0.96400000 -0.29107309
0.96500000 -0.28930187
0.96600000 -0.28754303
0.96700000 -0.28579648
0.96800000 -0.28406213
0.96900000 -0.28233986
0.97000000 -0.28062960
0.97100000 -0.27893125
0.97200000 -0.27724472
0.97300000 -0.27556991
0.97400000 -0.27390673
0.97500000 -0.27225509
0.97600000 -0.27061491
0.97700000 -0.26898609
0.97800000 -0.26736855
0.97900000 -0.26576220
0.98000000 -0.26416695
0.98100000 -0.26258272
0.98200000 -0.26100942
0.98300000 -0.25944697
0.98400000 -0.25789528
0.98500000 -0.25635427
0.98600000 -0.25482387
0.98700000 -0.25330397
0.98800000 -0.25179452
0.98900000 -0.25029542
0.99000000 -0.24880660
0.99100000 -0.24732797
0.99200000 -0.24585947
0.99300000 -0.24440100
0.99400000 -0.24295250
0.99500000 -0.24151389
0.99600000 -0.24008509
0.99700000 -0.23866603
0.99800000 -0.23725664
0.99900000 -0.23585683
1.00000000 -0.23446654
1.00100000 -0.23308569
1.00200000 -0.23171422
1.00300000 -0.23035204
1.00400000 -0.22899910
1.00500000 -0.22765532
1.00600000 -0.22632062
1.00700000 -0.22499495
1.00800000 -0.22367823
1.00900000 -0.22237040
1.01000000 -0.22107138
1.01100000 -0.21978111
1.01200000 -0.21849953
1.01300000 -0.21722657
1.01400000 -0.21596216
1.01500000 -0.21470625
1.01600000 -0.21345875
1.01700000 -0.21221962
1.01800000 -0.21098879
1.01900000 -0.20976619
1.02000000 -0.20855177
1.02100000 -0.20734547
1.02200000 -0.20614721
1.02300000 -0.20495695
1.02400000 -0.20377462
1.02500000 -0.20260016
1.02600000 -0.20143351
1.02700000 -0.20027462
1.02800000 -0.19912343
1.02900000 -0.19797988
1.03000000 -0.19684391
1.03100000 -0.19571546
1.03200000 -0.19459449
1.03300000 -0.19348093
1.03400000 -0.19237473
1.03500000 -0.19127583
1.03600000 -0.19018418
1.03700000 -0.18909973
1.03800000 -0.18802242
1.03900000 -0.18695221
1.04000000 -0.18588903
1.04100000 -0.18483283
1.04200000 -0.18378357
1.04300000 -0.18274119
1.04400000 -0.18170564
1.04500000 -0.18067688
1.04600000 -0.17965484
1.04700000 -0.17863949
1.04800000 -0.17763077
1.04900000 -0.17662863
1.05000000 -0.17563303
1.05100000 -0.17464391
1.05200000 -0.17366123
1.05300000 -0.17268495
1.05400000 -0.17171501
1.05500000 -0.17075137
1.05600000 -0.16979398
1.05700000 -0.16884280
1.05800000 -0.16789778
1.05900000 -0.16695887
1.06000000 -0.16602604
1.06100000 -0.16509924
1.06200000 -0.16417842
1.06300000 -0.16326354
1.06400000 -0.16235455
1.06500000 -0.16145142
1.06600000 -0.16055410
1.06700000 -0.15966255
1.06800000 -0.15877673
1.06900000 -0.15789660
1.07000000 -0.15702211
1.07100000 -0.15615322
1.07200000 -0.15528989
1.07300000 -0.15443209
1.07400000 -0.15357977
1.07500000 -0.15273290
1.07600000 -0.15189143
1.07700000 -0.15105532
1.07800000 -0.15022454
1.07900000 -0.14939905
1.08000000 -0.14857882
1.08100000 -0.14776379
1.08200000 -0.14695394
1.08300000 -0.14614922
1.08400000 -0.14534961
1.08500000 -0.14455506
1.08600000 -0.14376554
1.08700000 -0.14298102
1.08800000 -0.14220145
1.08900000 -0.14142680
1.09000000 -0.14065704
1.09100000 -0.13989213
1.09200000 -0.13913204
1.09300000 -0.13837673
1.09400000 -0.13762616
1.09500000 -0.13688032
1.09600000 -0.13613915
1.09700000 -0.13540264
1.09800000 -0.13467073
1.09900000 -0.13394341
1.10000000 -0.13322065
1.10100000 -0.13250239
1.10200000 -0.13178863
1.10300000 -0.13107932
1.10400000 -0.13037443
1.10500000 -0.12967393
1.10600000 -0.12897780
1.10700000 -0.12828599
1.10800000 -0.12759849
1.10900000 -0.12691525
1.11000000 -0.12623625
1.11100000 -0.12556146
1.11200000 -0.12489086
1.11300000 -0.12422440
1.11400000 -0.12356206
1.11500000 -0.12290382
1.11600000 -0.12224964
1.11700000 -0.12159950
1.11800000 -0.12095336
1.11900000 -0.12031121
1.12000000 -0.11967300
1.12100000 -0.11903872
1.12200000 -0.11840834
1.12300000 -0.11778183
1.12400000 -0.11715916
1.12500000 -0.11654031
1.12600000 -0.11592524
1.12700000 -0.11531394
1.12800000 -0.11470638
1.12900000 -0.11410253
1.13000000 -0.11350237
1.13100000 -0.11290586
1.13200000 -0.11231299
1.13300000 -0.11172373
1.13400000 -0.11113806
1.13500000 -0.11055594
1.13600000 -0.10997737
1.13700000 -0.10940230
1.13800000 -0.10883072
1.13900000 -0.10826261
1.14000000 -0.10769793
1.14100000 -0.10713667
1.14200000 -0.10657881
1.14300000 -0.10602431
1.14400000 -0.10547316
1.14500000 -0.10492533
1.14600000 -0.10438080
1.14700000 -0.10383955
1.14800000 -0.10330156
1.14900000 -0.10276680
1.15000000 -0.10223526
1.15100000 -0.10170690
1.15200000 -0.10118171
1.15300000 -0.10065967
1.15400000 -0.10014075
1.15500000 -0.09962493
1.15600000 -0.09911220
1.15700000 -0.09860253
1.15800000 -0.09809591
1.15900000 -0.09759230
1.16000000 -0.09709169
1.16100000 -0.09659407
1.16200000 -0.09609940
1.16300000 -0.09560767
1.16400000 -0.09511886
1.16500000 -0.09463296
1.16600000 -0.09414993
1.16700000 -0.09366977
1.16800000 -0.09319245
1.16900000 -0.09271795
1.17000000 -0.09224625
1.17100000 -0.09177735
1.17200000 -0.09131120
1.17300000 -0.09084781
1.17400000 -0.09038715
1.17500000 -0.08992919
1.17600000 -0.08947393
1.17700000 -0.08902135
1.17800000 -0.08857143
1.17900000 -0.08812414
1.18000000 -0.08767948
1.18100000 -0.08723742
1.18200000 -0.08679795
1.18300000 -0.08636105
1.18400000 -0.08592670
1.18500000 -0.08549489
1.18600000 -0.08506560
1.18700000 -0.08463882
1.18800000 -0.08421451
1.18900000 -0.08379268
1.19000000 -0.08337331
1.19100000 -0.08295637
1.19200000 -0.08254185
1.19300000 -0.08212973
1.19400000 -0.08172001
1.19500000 -0.08131266
1.19600000 -0.08090767
1.19700000 -0.08050502
1.19800000 -0.08010470
1.19900000 -0.07970669
1.20000000 -0.07931098
1.20100000 -0.07891754
1.20200000 -0.07852638
1.20300000 -0.07813747
1.20400000 -0.07775079
1.20500000 -0.07736634
1.20600000 -0.07698410
1.20700000 -0.07660405
1.20800000 -0.07622618
1.20900000 -0.07585047
1.21000000 -0.07547692
1.21100000 -0.07510550
1.21200000 -0.07473621
1.21300000 -0.07436902
1.21400000 -0.07400393
1.21500000 -0.07364093
1.21600000 -0.07327999
1.21700000 -0.07292111
1.21800000 -0.07256427
1.21900000 -0.07220946
1.22000000 -0.07185666
1.22100000 -0.07150587
1.22200000 -0.07115707
1.22300000 -0.07081024
1.22400000 -0.07046538
1.22500000 -0.07012247
1.22600000 -0.06978150
1.22700000 -0.06944245
1.22800000 -0.06910532
1.22900000 -0.06877009
1.23000000 -0.06843676
1.23100000 -0.06810530
1.23200000 -0.06777570
1.23300000 -0.06744796
1.23400000 -0.06712206
1.23500000 -0.06679799
1.23600000 -0.06647574
1.23700000 -0.06615529
1.23800000 -0.06583665
1.23900000 -0.06551978
1.24000000 -0.06520469
1.24100000 -0.06489136
1.24200000 -0.06457977
1.24300000 -0.06426993
1.24400000 -0.06396182
1.24500000 -0.06365542
1.24600000 -0.06335073
1.24700000 -0.06304773
1.24800000 -0.06274642
1.24900000 -0.06244678
1.25000000 -0.06214881
1.25100000 -0.06185249
1.25200000 -0.06155781
1.25300000 -0.06126476
1.25400000 -0.06097333
1.25500000 -0.06068352
1.25600000 -0.06039531
1.25700000 -0.06010869
1.25800000 -0.05982365
1.25900000 -0.05954018
1.26000000 -0.05925827
1.26100000 -0.05897792
1.26200000 -0.05869910
1.26300000 -0.05842182
1.26400000 -0.05814606
1.26500000 -0.05787182
1.26600000 -0.05759908
1.26700000 -0.05732783
1.26800000 -0.05705807
1.26900000 -0.05678979
1.27000000 -0.05652297
1.27100000 -0.05625761
1.27200000 -0.05599370
1.27300000 -0.05573123
1.27400000 -0.05547018
1.27500000 -0.05521057
1.27600000 -0.05495236
1.27700000 -0.05469556
1.27800000 -0.05444015
1.27900000 -0.05418613
1.28000000 -0.05393349
1.28100000 -0.05368222
1.28200000 -0.05343231
1.28300000 -0.05318375
1.28400000 -0.05293654
1.28500000 -0.05269066
1.28600000 -0.05244611
1.28700000 -0.05220288
1.28800000 -0.05196097
1.28900000 -0.05172035
1.29000000 -0.05148104
1.29100000 -0.05124301
1.29200000 -0.05100626
1.29300000 -0.05077078
1.29400000 -0.05053657
1.29500000 -0.05030362
1.29600000 -0.05007191
1.29700000 -0.04984145
1.29800000 -0.04961221
1.29900000 -0.04938421
1.30000000 -0.04915742
1.30100000 -0.04893185
1.30200000 -0.04870748
1.30300000 -0.04848431
1.30400000 -0.04826232
1.30500000 -0.04804152
1.30600000 -0.04782189
1.30700000 -0.04760343
1.30800000 -0.04738613
1.30900000 -0.04716999
1.31000000 -0.04695499
1.31100000 -0.04674114
1.31200000 -0.04652841
1.31300000 -0.04631681
1.31400000 -0.04610634
1.31500000 -0.04589697
1.31600000 -0.04568871
1.31700000 -0.04548155
1.31800000 -0.04527548
1.31900000 -0.04507050
1.32000000 -0.04486660
1.32100000 -0.04466377
1.32200000 -0.04446201
1.32300000 -0.04426131
1.32400000 -0.04406166
1.32500000 -0.04386306
1.32600000 -0.04366550
1.32700000 -0.04346898
1.32800000 -0.04327349
1.32900000 -0.04307902
1.33000000 -0.04288556
1.33100000 -0.04269312
1.33200000 -0.04250168
1.33300000 -0.04231124
1.33400000 -0.04212180
1.33500000 -0.04193334
1.33600000 -0.04174586
1.33700000 -0.04155935
1.33800000 -0.04137382
1.33900000 -0.04118925
1.34000000 -0.04100564
1.34100000 -0.04082298
1.34200000 -0.04064127
1.34300000 -0.04046050
1.34400000 -0.04028066
1.34500000 -0.04010176
1.34600000 -0.03992378
1.34700000 -0.03974672
1.34800000 -0.03957057
1.34900000 -0.03939533
1.35000000 -0.03922099
1.35100000 -0.03904755
1.35200000 -0.03887501
1.35300000 -0.03870335
1.35400000 -0.03853258
1.35500000 -0.03836268
1.35600000 -0.03819365
1.35700000 -0.03802549
1.35800000 -0.03785819
1.35900000 -0.03769175
1.36000000 -0.03752616
1.36100000 -0.03736141
1.36200000 -0.03719751
1.36300000 -0.03703444
1.36400000 -0.03687221
1.36500000 -0.03671081
1.36600000 -0.03655022
1.36700000 -0.03639046
1.36800000 -0.03623150
1.36900000 -0.03607336
1.37000000 -0.03591601
1.37100000 -0.03575947
1.37200000 -0.03560372
1.37300000 -0.03544876
1.37400000 -0.03529459
1.37500000 -0.03514119
1.37600000 -0.03498858
1.37700000 -0.03483673
1.37800000 -0.03468565
1.37900000 -0.03453533
1.38000000 -0.03438578
1.38100000 -0.03423697
1.38200000 -0.03408892
1.38300000 -0.03394161
1.38400000 -0.03379504
1.38500000 -0.03364921
1.38600000 -0.03350411
1.38700000 -0.03335974
1.38800000 -0.03321609
1.38900000 -0.03307316
1.39000000 -0.03293095
1.39100000 -0.03278945
1.39200000 -0.03264866
1.39300000 -0.03250857
1.39400000 -0.03236919
1.39500000 -0.03223050
1.39600000 -0.03209249
1.39700000 -0.03195518
1.39800000 -0.03181855
1.39900000 -0.03168261
1.40000000 -0.03154733
1.40100000 -0.03141273
1.40200000 -0.03127880
1.40300000 -0.03114554
1.40400000 -0.03101293
1.40500000 -0.03088098
1.40600000 -0.03074969
1.40700000 -0.03061904
1.40800000 -0.03048905
1.40900000 -0.03035969
1.41000000 -0.03023097
1.41100000 -0.03010289
1.41200000 -0.02997544
1.41300000 -0.02984862
1.41400000 -0.02972243
1.41500000 -0.02959685
1.41600000 -0.02947189
1.41700000 -0.02934755
1.41800000 -0.02922382
1.41900000 -0.02910069
1.42000000 -0.02897817
1.42100000 -0.02885625
1.42200000 -0.02873493
1.42300000 -0.02861420
1.42400000 -0.02849406
1.42500000 -0.02837451
1.42600000 -0.02825554
1.42700000 -0.02813715
1.42800000 -0.02801934
1.42900000 -0.02790211
1.43000000 -0.02778544
1.43100000 -0.02766935
1.43200000 -0.02755382
1.43300000 -0.02743885
1.43400000 -0.02732444
1.43500000 -0.02721058
1.43600000 -0.02709728
1.43700000 -0.02698453
1.43800000 -0.02687232
1.43900000 -0.02676066
1.44000000 -0.02664953
1.44100000 -0.02653895
1.44200000 -0.02642890
1.44300000 -0.02631937
1.44400000 -0.02621038
1.44500000 -0.02610192
1.44600000 -0.02599397
1.44700000 -0.02588655
1.44800000 -0.02577964
1.44900000 -0.02567325
1.45000000 -0.02556737
1.45100000 -0.02546200
1.45200000 -0.02535713
1.45300000 -0.02525277
1.45400000 -0.02514890
1.45500000 -0.02504554
1.45600000 -0.02494267
1.45700000 -0.02484029
1.45800000 -0.02473840
1.45900000 -0.02463699
1.46000000 -0.02453607
1.46100000 -0.02443564
1.46200000 -0.02433568
1.46300000 -0.02423619
1.46400000 -0.02413718
1.46500000 -0.02403865
1.46600000 -0.02394058
1.46700000 -0.02384297
1.46800000 -0.02374583
1.46900000 -0.02364915
1.47000000 -0.02355293
1.47100000 -0.02345717
1.47200000 -0.02336186
1.47300000 -0.02326700
1.47400000 -0.02317258
1.47500000 -0.02307862
1.47600000 -0.02298510
1.47700000 -0.02289202
1.47800000 -0.02279937
1.47900000 -0.02270717
1.48000000 -0.02261540
1.48100000 -0.02252406
1.48200000 -0.02243315
1.48300000 -0.02234267
1.48400000 -0.02225261
1.48500000 -0.02216298
1.48600000 -0.02207377
1.48700000 -0.02198497
1.48800000 -0.02189659
1.48900000 -0.02180863
1.49000000 -0.02172108
1.49100000 -0.02163393
1.49200000 -0.02154719
1.49300000 -0.02146086
1.49400000 -0.02137493
1.49500000 -0.02128941
1.49600000 -0.02120428
1.49700000 -0.02111954
1.49800000 -0.02103520
1.49900000 -0.02095126
1.50000000 -0.02086770
1.50100000 -0.02078453
1.50200000 -0.02070175
1.50300000 -0.02061935
1.50400000 -0.02053734
1.50500000 -0.02045570
1.50600000 -0.02037445
1.50700000 -0.02029356
1.50800000 -0.02021306
1.50900000 -0.02013292
1.51000000 -0.02005315
1.51100000 -0.01997376
1.51200000 -0.01989473
1.51300000 -0.01981606
1.51400000 -0.01973775
1.51500000 -0.01965981
1.51600000 -0.01958222
1.51700000 -0.01950499
1.51800000 -0.01942812
1.51900000 -0.01935160
1.52000000 -0.01927543
1.52100000 -0.01919961
1.52200000 -0.01912413
1.52300000 -0.01904901
1.52400000 -0.01897422
1.52500000 -0.01889978
1.52600000 -0.01882568
1.52700000 -0.01875191
1.52800000 -0.01867849
1.52900000 -0.01860540
1.53000000 -0.01853264
1.53100000 -0.01846021
1.53200000 -0.01838811
1.53300000 -0.01831634
1.53400000 -0.01824490
1.53500000 -0.01817378
1.53600000 -0.01810299
1.53700000 -0.01803251
1.53800000 -0.01796236
1.53900000 -0.01789252
1.54000000 -0.01782300
1.54100000 -0.01775379
1.54200000 -0.01768490
1.54300000 -0.01761632
1.54400000 -0.01754805
1.54500000 -0.01748009
1.54600000 -0.01741243
1.54700000 -0.01734508
1.54800000 -0.01727803
1.54900000 -0.01721128
1.55000000 -0.01714484
1.55100000 -0.01707869
1.55200000 -0.01701284
1.55300000 -0.01694729
1.55400000 -0.01688203
1.55500000 -0.01681706
1.55600000 -0.01675239
1.55700000 -0.01668800
1.55800000 -0.01662391
1.55900000 -0.01656010
1.56000000 -0.01649657
1.56100000 -0.01643333
1.56200000 -0.01637037
1.56300000 -0.01630769
1.56400000 -0.01624530
1.56500000 -0.01618318
1.56600000 -0.01612133
1.56700000 -0.01605976
1.56800000 -0.01599847
1.56900000 -0.01593745
1.57000000 -0.01587670
1.57100000 -0.01581622
1.57200000 -0.01575601
1.57300000 -0.01569606
1.57400000 -0.01563638
1.57500000 -0.01557697
1.57600000 -0.01551782
1.57700000 -0.01545893
1.57800000 -0.01540030
1.57900000 -0.01534193
1.58000000 -0.01528381
1.58100000 -0.01522596
1.58200000 -0.01516836
1.58300000 -0.01511101
1.58400000 -0.01505392
1.58500000 -0.01499707
1.58600000 -0.01494048
1.58700000 -0.01488413
1.58800000 -0.01482804
1.58900000 -0.01477219
1.59000000 -0.01471658
1.59100000 -0.01466122
1.59200000 -0.01460610
1.59300000 -0.01455123
1.59400000 -0.01449659
1.59500000 -0.01444219
1.59600000 -0.01438803
1.59700000 -0.01433411
1.59800000 -0.01428042
1.59900000 -0.01422696
1.60000000 -0.01417374
1.60100000 -0.01412076
1.60200000 -0.01406800
1.60300000 -0.01401547
1.60400000 -0.01396317
1.60500000 -0.01391110
1.60600000 -0.01385925
1.60700000 -0.01380763
1.60800000 -0.01375623
1.60900000 -0.01370506
1.61000000 -0.01365411
1.61100000 -0.01360338
1.61200000 -0.01355287
1.61300000 -0.01350257
1.61400000 -0.01345250
1.61500000 -0.01340264
1.61600000 -0.01335299
1.61700000 -0.01330357
1.61800000 -0.01325435
1.61900000 -0.01320534
1.62000000 -0.01315655
1.62100000 -0.01310797
1.62200000 -0.01305959
1.62300000 -0.01301143
1.62400000 -0.01296347
1.62500000 -0.01291572
1.62600000 -0.01286817
1.62700000 -0.01282083
1.62800000 -0.01277368
1.62900000 -0.01272675
1.63000000 -0.01268001
1.63100000 -0.01263347
1.63200000 -0.01258713
1.63300000 -0.01254099
1.63400000 -0.01249505
1.63500000 -0.01244930
1.63600000 -0.01240375
1.63700000 -0.01235839
1.63800000 -0.01231322
1.63900000 -0.01226825
1.64000000 -0.01222347
1.64100000 -0.01217888
1.64200000 -0.01213448
1.64300000 -0.01209026
1.64400000 -0.01204624
1.64500000 -0.01200240
1.64600000 -0.01195875
1.64700000 -0.01191528
1.64800000 -0.01187200
1.64900000 -0.01182890
1.65000000 -0.01178598
1.65100000 -0.01174325
1.65200000 -0.01170069
1.65300000 -0.01165832
1.65400000 -0.01161612
1.65500000 -0.01157410
1.65600000 -0.01153226
1.65700000 -0.01149059
1.65800000 -0.01144910
1.65900000 -0.01140779
1.66000000 -0.01136665
1.66100000 -0.01132568
1.66200000 -0.01128488
1.66300000 -0.01124426
1.66400000 -0.01120380
1.66500000 -0.01116352
1.66600000 -0.01112340
1.66700000 -0.01108345
1.66800000 -0.01104367
1.66900000 -0.01100405
1.67000000 -0.01096460
1.67100000 -0.01092532
1.67200000 -0.01088620
1.67300000 -0.01084724
1.67400000 -0.01080845
1.67500000 -0.01076981
1.67600000 -0.01073134
1.67700000 -0.01069303
1.67800000 -0.01065488
1.67900000 -0.01061688
1.68000000 -0.01057905
1.68100000 -0.01054137
1.68200000 -0.01050385
1.68300000 -0.01046648
1.68400000 -0.01042927
1.68500000 -0.01039221
1.68600000 -0.01035531
1.68700000 -0.01031855
1.68800000 -0.01028196
1.68900000 -0.01024551
1.69000000 -0.01020921
1.69100000 -0.01017306
1.69200000 -0.01013706
1.69300000 -0.01010121
1.69400000 -0.01006551
1.69500000 -0.01002996
1.69600000 -0.00999455
1.69700000 -0.00995928
1.69800000 -0.00992417
1.69900000 -0.00988919
1.70000000 -0.00985436
1.70100000 -0.00981967
1.70200000 -0.00978513
1.70300000 -0.00975073
1.70400000 -0.00971646
1.70500000 -0.00968234
1.70600000 -0.00964836
1.70700000 -0.00961452
1.70800000 -0.00958081
1.70900000 -0.00954724
1.71000000 -0.00951381
1.71100000 -0.00948052
1.71200000 -0.00944736
1.71300000 -0.00941434
1.71400000 -0.00938145
1.71500000 -0.00934870
1.71600000 -0.00931607
1.71700000 -0.00928359
1.71800000 -0.00925123
1.71900000 -0.00921900
1.72000000 -0.00918691
1.72100000 -0.00915495
1.72200000 -0.00912311
1.72300000 -0.00909141
1.72400000 -0.00905983
1.72500000 -0.00902838
1.72600000 -0.00899706
1.72700000 -0.00896586
1.72800000 -0.00893479
1.72900000 -0.00890385
1.73000000 -0.00887303
1.73100000 -0.00884234
1.73200000 -0.00881177
1.73300000 -0.00878132
1.73400000 -0.00875100
1.73500000 -0.00872079
1.73600000 -0.00869071
1.73700000 -0.00866075
1.73800000 -0.00863091
1.73900000 -0.00860119
1.74000000 -0.00857159
1.74100000 -0.00854211
1.74200000 -0.00851274
1.74300000 -0.00848350
1.74400000 -0.00845437
1.74500000 -0.00842536
1.74600000 -0.00839646
1.74700000 -0.00836768
1.74800000 -0.00833901
1.74900000 -0.00831046
1.75000000 -0.00828202
1.75100000 -0.00825370
1.75200000 -0.00822549
1.75300000 -0.00819739
1.75400000 -0.00816940
1.75500000 -0.00814153
1.75600000 -0.00811376
1.75700000 -0.00808611
1.75800000 -0.00805856
1.75900000 -0.00803113
1.76000000 -0.00800380
1.76100000 -0.00797658
1.76200000 -0.00794947
1.76300000 -0.00792247
1.76400000 -0.00789558
1.76500000 -0.00786879
1.76600000 -0.00784210
1.76700000 -0.00781552
1.76800000 -0.00778905
1.76900000 -0.00776268
1.77000000 -0.00773642
1.77100000 -0.00771026
1.77200000 -0.00768420
1.77300000 -0.00765825
1.77400000 -0.00763239
1.77500000 -0.00760664
1.77600000 -0.00758099
1.77700000 -0.00755544
1.77800000 -0.00752999
1.77900000 -0.00750465
1.78000000 -0.00747940
1.78100000 -0.00745425
1.78200000 -0.00742919
1.78300000 -0.00740424
1.78400000 -0.00737939
1.78500000 -0.00735463
1.78600000 -0.00732996
1.78700000 -0.00730540
1.78800000 -0.00728093
1.78900000 -0.00725656
1.79000000 -0.00723228
1.79100000 -0.00720809
1.79200000 -0.00718400
1.79300000 -0.00716001
1.79400000 -0.00713611
1.79500000 -0.00711230
1.79600000 -0.00708858
1.79700000 -0.00706495
1.79800000 -0.00704142
1.79900000 -0.00701798
1.80000000 -0.00699463
1.80100000 -0.00697137
1.80200000 -0.00694820
1.80300000 -0.00692512
1.80400000 -0.00690213
1.80500000 -0.00687923
1.80600000 -0.00685641
1.80700000 -0.00683369
1.80800000 -0.00681105
1.80900000 -0.00678850
1.81000000 -0.00676604
1.81100000 -0.00674366
1.81200000 -0.00672137
1.81300000 -0.00669917
1.81400000 -0.00667705
1.81500000 -0.00665502
1.81600000 -0.00663307
1.81700000 -0.00661120
1.81800000 -0.00658942
1.81900000 -0.00656773
1.82000000 -0.00654611
1.82100000 -0.00652458
1.82200000 -0.00650314
1.82300000 -0.00648177
1.82400000 -0.00646049
1.82500000 -0.00643928
1.82600000 -0.00641816
1.82700000 -0.00639712
1.82800000 -0.00637616
1.82900000 -0.00635528
1.83000000 -0.00633448
1.83100000 -0.00631376
1.83200000 -0.00629312
1.83300000 -0.00627256
1.83400000 -0.00625207
1.83500000 -0.00623166
1.83600000 -0.00621134
1.83700000 -0.00619108
1.83800000 -0.00617091
1.83900000 -0.00615081
1.84000000 -0.00613079
1.84100000 -0.00611084
1.84200000 -0.00609097
1.84300000 -0.00607118
1.84400000 -0.00605146
1.84500000 -0.00603181
1.84600000 -0.00601224
1.84700000 -0.00599274
1.84800000 -0.00597332
1.84900000 -0.00595397
1.85000000 -0.00593469
1.85100000 -0.00591549
1.85200000 -0.00589636
1.85300000 -0.00587730
1.85400000 -0.00585831
1.85500000 -0.00583939
1.85600000 -0.00582055
1.85700000 -0.00580177
1.85800000 -0.00578307
1.85900000 -0.00576444
1.86000000 -0.00574587
1.86100000 -0.00572738
1.86200000 -0.00570895
1.86300000 -0.00569060
1.86400000 -0.00567231
1.86500000 -0.00565410
1.86600000 -0.00563595
1.86700000 -0.00561786
1.86800000 -0.00559985
1.86900000 -0.00558190
1.87000000 -0.00556402
1.87100000 -0.00554621
1.87200000 -0.00552846
1.87300000 -0.00551078
1.87400000 -0.00549317
1.87500000 -0.00547562
1.87600000 -0.00545814
1.87700000 -0.00544072
1.87800000 -0.00542337
1.87900000 -0.00540608
1.88000000 -0.00538885
1.88100000 -0.00537169
1.88200000 -0.00535459
1.88300000 -0.00533756
1.88400000 -0.00532059
1.88500000 -0.00530368
1.88600000 -0.00528684
1.88700000 -0.00527006
1.88800000 -0.00525334
1.88900000 -0.00523668
1.89000000 -0.00522008
1.89100000 -0.00520354
1.89200000 -0.00518707
1.89300000 -0.00517066
1.89400000 -0.00515430
1.89500000 -0.00513801
1.89600000 -0.00512178
1.89700000 -0.00510560
1.89800000 -0.00508949
1.89900000 -0.00507344
1.90000000 -0.00505744
1.90100000 -0.00504150
1.90200000 -0.00502563
1.90300000 -0.00500981
1.90400000 -0.00499404
1.90500000 -0.00497834
1.90600000 -0.00496269
1.90700000 -0.00494711
1.90800000 -0.00493157
1.90900000 -0.00491610
1.91000000 -0.00490068
1.91100000 -0.00488532
1.91200000 -0.00487001
1.91300000 -0.00485476
1.91400000 -0.00483957
1.91500000 -0.00482443
1.91600000 -0.00480935
1.91700000 -0.00479432
1.91800000 -0.00477934
1.91900000 -0.00476442
1.92000000 -0.00474956
1.92100000 -0.00473475
1.92200000 -0.00471999
1.92300000 -0.00470529
1.92400000 -0.00469064
1.92500000 -0.00467604
1.92600000 -0.00466150
1.92700000 -0.00464701
1.92800000 -0.00463257
1.92900000 -0.00461818
1.93000000 -0.00460385
1.93100000 -0.00458956
1.93200000 -0.00457533
1.93300000 -0.00456115
1.93400000 -0.00454703
1.93500000 -0.00453295
1.93600000 -0.00451892
1.93700000 -0.00450495
1.93800000 -0.00449102
1.93900000 -0.00447715
1.94000000 -0.00446332
1.94100000 -0.00444955
1.94200000 -0.00443582
1.94300000 -0.00442214
1.94400000 -0.00440852
1.94500000 -0.00439494
1.94600000 -0.00438141
1.94700000 -0.00436793
1.94800000 -0.00435449
1.94900000 -0.00434111
1.95000000 -0.00432777
1.95100000 -0.00431448
1.95200000 -0.00430124
1.95300000 -0.00428805
1.95400000 -0.00427490
1.95500000 -0.00426180
1.95600000 -0.00424875
1.95700000 -0.00423574
1.95800000 -0.00422278
1.95900000 -0.00420987
1.96000000 -0.00419700
1.96100000 -0.00418418
1.96200000 -0.00417141
1.96300000 -0.00415868
1.96400000 -0.00414599
1.96500000 -0.00413335
1.96600000 -0.00412075
1.96700000 -0.00410820
1.96800000 -0.00409570
1.96900000 -0.00408324
1.97000000 -0.00407082
1.97100000 -0.00405845
1.97200000 -0.00404612
1.97300000 -0.00403383
1.97400000 -0.00402159
1.97500000 -0.00400939
1.97600000 -0.00399723
1.97700000 -0.00398512
1.97800000 -0.00397305
1.97900000 -0.00396102
1.98000000 -0.00394904
1.98100000 -0.00393710
1.98200000 -0.00392520
1.98300000 -0.00391334
1.98400000 -0.00390152
1.98500000 -0.00388974
1.98600000 -0.00387801
1.98700000 -0.00386632
1.98800000 -0.00385467
1.98900000 -0.00384306
1.99000000 -0.00383149
1.99100000 -0.00381996
1.99200000 -0.00380847
1.99300000 -0.00379702
1.99400000 -0.00378561
1.99500000 -0.00377424
1.99600000 -0.00376291
1.99700000 -0.00375163
1.99800000 -0.00374038
1.99900000 -0.00372917
2.00000000 -0.00371799
