0.10000000 2929312500.00000000
0.10100000 2599595635.18078470
0.10200000 2309705611.06856108
0.10300000 2054509811.15659213
0.10400000 1829577800.74444866
0.10500000 1631079792.79332995
0.10600000 1455700572.15182757
0.10700000 1300566408.50415802
0.10800000 1163182901.17309499
0.10900000 1041382039.70462286
0.11000000 933277046.03704190
0.11100000 837223797.61729395
0.11200000 751787824.69300365
0.11300000 675716036.20320857
0.11400000 607912462.94697106
0.11500000 547417418.71403062
0.11600000 493389573.65588129
0.11700000 445090512.51046640
0.11800000 401871415.96004838
0.11900000 363161558.53366739
0.12000000 328458362.82304627
0.12100000 297318788.81866282
0.12200000 269351870.09476095
0.12300000 244212236.37657711
0.12400000 221594485.53874418
0.12500000 201228288.00000000
0.12600000 182874123.37003341
0.12700000 166319563.54852045
0.12800000 151376028.67414305
0.12900000 137875952.70743454
0.13000000 125670304.28607209
0.13100000 114626416.05005634
0.13200000 104626082.09477319
0.13300000 95563888.73856595
0.13400000 87345748.52828011
0.13500000 79887611.46950676
0.13600000 73114330.95778574
0.13700000 66958664.88731103
0.13800000 61360394.99621758
0.13900000 56265549.73297298
0.14000000 51625717.84824219
0.14100000 47397441.57458723
0.14200000 43541679.68976135
0.14300000 40023331.99988407
0.14400000 36810817.85350452
0.14500000 33875702.22959165
0.14600000 31192363.75159038
0.14700000 28737699.68276572
0.14800000 26490863.56961016
0.14900000 24433031.73254879
0.15000000 22547195.26720744
0.15100000 20817974.62428818
0.15200000 19231454.18952012
0.15300000 17775034.59401353
0.15400000 16437300.75551026
0.15500000 15207903.88754958
0.15600000 14077455.92082398
0.15700000 13037434.96276957
0.15800000 12080100.58098476
0.15900000 11198417.83623859
0.16000000 10385989.11407007
0.16100000 9636992.91242805
0.16200000 8946128.83830933
0.16300000 8308568.15053234
0.16400000 7719909.26003791
0.16500000 7176137.66465903
0.16600000 6673589.85321197
0.16700000 6208920.76496245
0.16800000 5779074.43582363
0.16900000 5381257.50275646
0.17000000 5012915.27338876
0.17100000 4671710.09938969
0.17200000 4355501.82010721
0.17300000 4062330.06781516
0.17400000 3790398.24798990
0.17500000 3538059.02766485
0.17600000 3303801.18237888
0.17700000 3086237.66778829
0.17800000 2884094.79587227
0.17900000 2696202.40801954
0.18000000 2521484.94831106
0.18100000 2358953.35015803
0.18200000 2207697.65824990
0.18300000 2066880.31562975
0.18400000 1935730.05274755
0.18500000 1813536.32163699
0.18600000 1699644.22399986
0.18700000 1593449.88703449
0.18800000 1494396.24537543
0.18900000 1401969.19157667
0.19000000 1315694.06122001
0.19100000 1235132.42200842
0.19200000 1159879.13915038
0.19300000 1089559.69199108
0.19400000 1023827.71923027
0.19500000 962362.77221303
0.19600000 904868.25771319
0.19700000 851069.55337184
0.19800000 800712.28052456
0.19900000 753560.72056908
0.20000000 709396.36230469
0.20100000 668016.56883086
0.20200000 629233.35363718
0.20300000 592872.25646087
0.20400000 558771.31034287
0.20500000 526780.09208633
0.20600000 496758.84902159
0.20700000 468577.69561598
0.20800000 442115.87404152
0.20900000 417261.07333502
0.21000000 393908.80225776
0.21100000 371961.81139140
0.21200000 351329.56039647
0.21300000 331927.72671377
0.21400000 313677.75231116
0.21500000 296506.42537057
0.21600000 280345.49407666
0.21700000 265131.30991054
0.21800000 250804.49807302
0.21900000 237309.65286240
0.22000000 224595.05601551
0.22100000 212612.41618726
0.22200000 201316.62789665
0.22300000 190665.54840594
0.22400000 180619.79112676
0.22500000 171142.53426271
0.22600000 162199.34350405
0.22700000 153758.00768658
0.22800000 145788.38641551
0.22900000 138262.26873616
0.23000000 131153.24200699
0.23100000 124436.57019880
0.23200000 118089.08090561
0.23300000 112089.06040981
0.23400000 106416.15619644
0.23500000 101051.28635887
0.23600000 95976.55538256
0.23700000 91175.17583325
0.23800000 86631.39551331
0.23900000 82330.42968360
0.24000000 78258.39797949
0.24100000 74402.26567827
0.24200000 70749.78900153
0.24300000 67289.46416008
0.24400000 64010.47987166
0.24500000 60902.67310162
0.24600000 57956.48779614
0.24700000 55162.93639446
0.24800000 52513.56392291
0.24900000 50000.41448806
0.25000000 47616.00000000
0.25100000 45353.27096917
0.25200000 43205.58923192
0.25300000 41166.70247028
0.25400000 39230.72040171
0.25500000 37392.09252315
0.25600000 35645.58730268
0.25700000 33986.27271922
0.25800000 32409.49805834
0.25900000 30910.87687867
0.26000000 29486.27106944
0.26100000 28131.77592556
0.26200000 26843.70617167
0.26300000 25618.58287154
0.26400000 24453.12116373
0.26500000 23344.21876842
0.26600000 22288.94521437
0.26700000 21284.53173834
0.26800000 20328.36181278
0.26900000 19417.96226052
0.27000000 18550.99491808
0.27100000 17725.24881199
0.27200000 16938.63281470
0.27300000 16189.16874912
0.27400000 15474.98491291
0.27500000 14794.30999554
0.27600000 14145.46736302
0.27700000 13526.86968687
0.27800000 12937.01389541
0.27900000 12374.47642702
0.28000000 11837.90876632
0.28100000 11326.03324546
0.28200000 10837.63909392
0.28300000 10371.57872136
0.28400000 9926.76421890
0.28500000 9502.16406543
0.28600000 9096.80002620
0.28700000 8709.74423185
0.28800000 8340.11642681
0.28900000 7987.08137681
0.29000000 7649.84642559
0.29100000 7327.65919199
0.29200000 7019.80539875
0.29300000 6725.60682508
0.29400000 6444.41937574
0.29500000 6175.63125934
0.29600000 5918.66126963
0.29700000 5672.95716348
0.29800000 5437.99412978
0.29900000 5213.27334411
0.30000000 4998.32060379
0.30100000 4792.68503886
0.30200000 4595.93789442
0.30300000 4407.67138018
0.30400000 4227.49758330
0.30500000 4055.04744085
0.30600000 3889.96976848
0.30700000 3731.93034203
0.30800000 3580.61102895
0.30900000 3435.70896691
0.31000000 3296.93578657
0.31100000 3164.01687639
0.31200000 3036.69068668
0.31300000 2914.70807103
0.31400000 2797.83166278
0.31500000 2685.83528465
0.31600000 2578.50338966
0.31700000 2475.63053158
0.31800000 2377.02086330
0.31900000 2282.48766151
0.32000000 2191.85287628
0.32100000 2104.94670415
0.32200000 2021.60718344
0.32300000 1941.67981052
0.32400000 1865.01717601
0.32500000 1791.47861966
0.32600000 1720.92990304
0.32700000 1653.24289896
0.32800000 1588.29529679
0.32900000 1525.97032282
0.33000000 1466.15647482
0.33100000 1408.74726998
0.33200000 1353.64100576
0.33300000 1300.74053256
0.33400000 1249.95303802
0.33500000 1201.18984197
0.33600000 1154.36620173
0.33700000 1109.40112702
0.33800000 1066.21720413
0.33900000 1024.74042879
0.34000000 984.90004720
0.34100000 946.62840504
0.34200000 909.86080379
0.34300000 874.53536410
0.34400000 840.59289585
0.34500000 807.97677452
0.34600000 776.63282363
0.34700000 746.50920272
0.34800000 717.55630095
0.34900000 689.72663560
0.35000000 662.97475565
0.35100000 637.25714983
0.35200000 612.53215914
0.35300000 588.75989350
0.35400000 565.90215238
0.35500000 543.92234920
0.35600000 522.78543926
0.35700000 502.45785111
0.35800000 482.90742113
0.35900000 464.10333119
0.36000000 446.01604917
0.36100000 428.61727235
0.36200000 411.87987332
0.36300000 395.77784850
0.36400000 380.28626899
0.36500000 365.38123368
0.36600000 351.03982456
0.36700000 337.24006403
0.36800000 323.96087422
0.36900000 311.18203810
0.37000000 298.88416244
0.37100000 287.04864239
0.37200000 275.65762771
0.37300000 264.69399048
0.37400000 254.14129431
0.37500000 243.98376490
0.37600000 234.20626196
0.37700000 224.79425235
0.37800000 215.73378444
0.37900000 207.01146359
0.38000000 198.61442876
0.38100000 190.53033011
0.38200000 182.74730762
0.38300000 175.25397065
0.38400000 168.03937837
0.38500000 161.09302109
0.38600000 154.40480241
0.38700000 147.96502208
0.38800000 141.76435969
0.38900000 135.79385903
0.39000000 130.04491312
0.39100000 124.50924992
0.39200000 119.17891861
0.39300000 114.04627650
0.39400000 109.10397651
0.39500000 104.34495514
0.39600000 99.76242096
0.39700000 95.34984367
0.39800000 91.10094352
0.39900000 87.00968123
0.40000000 83.07024837
0.40100000 79.27705804
0.40200000 75.62473607
0.40300000 72.10811253
0.40400000 68.72221355
0.40500000 65.46225359
0.40600000 62.32362791
0.40700000 59.30190549
0.40800000 56.39282210
0.40900000 53.59227380
0.41000000 50.89631056
0.41100000 48.30113029
0.41200000 45.80307302
0.41300000 43.39861533
0.41400000 41.08436507
0.41500000 38.85705621
0.41600000 36.71354396
0.41700000 34.65080008
0.41800000 32.66590834
0.41900000 30.75606026
0.42000000 28.91855087
0.42100000 27.15077482
0.42200000 25.45022249
0.42300000 23.81447636
0.42400000 22.24120749
0.42500000 20.72817212
0.42600000 19.27320844
0.42700000 17.87423347
0.42800000 16.52924008
0.42900000 15.23629410
0.43000000 13.99353161
0.43100000 12.79915621
0.43200000 11.65143656
0.43300000 10.54870388
0.43400000 9.48934963
0.43500000 8.47182324
0.43600000 7.49462997
0.43700000 6.55632879
0.43800000 5.65553040
0.43900000 4.79089531
0.44000000 3.96113200
0.44100000 3.16499511
0.44200000 2.40128376
0.44300000 1.66883991
0.44400000 0.96654676
0.44500000 0.29332725
0.44600000 -0.35185738
0.44700000 -0.97000905
0.44800000 -1.56209414
0.44900000 -2.12904480
0.45000000 -2.67176022
0.45100000 -3.19110779
0.45200000 -3.68792429
0.45300000 -4.16301701
0.45400000 -4.61716476
0.45500000 -5.05111896
0.45600000 -5.46560462
0.45700000 -5.86132127
0.45800000 -6.23894390
0.45900000 -6.59912380
0.46000000 -6.94248949
0.46100000 -7.26964746
0.46200000 -7.58118299
0.46300000 -7.87766091
0.46400000 -8.15962634
0.46500000 -8.42760537
0.46600000 -8.68210572
0.46700000 -8.92361746
0.46800000 -9.15261358
0.46900000 -9.36955059
0.47000000 -9.57486916
0.47100000 -9.76899462
0.47200000 -9.95233753
0.47300000 -10.12529419
0.47400000 -10.28824716
0.47500000 -10.44156573
0.47600000 -10.58560638
0.47700000 -10.72071322
0.47800000 -10.84721848
0.47900000 -10.96544284
0.48000000 -11.07569591
0.48100000 -11.17827656
0.48200000 -11.27347334
0.48300000 -11.36156480
0.48400000 -11.44281987
0.48500000 -11.51749816
0.48600000 -11.58585032
0.48700000 -11.64811833
0.48800000 -11.70453578
0.48900000 -11.75532822
0.49000000 -11.80071338
0.49100000 -11.84090145
0.49200000 -11.87609537
0.49300000 -11.90649105
0.49400000 -11.93227762
0.49500000 -11.95363766
0.49600000 -11.97074745
0.49700000 -11.98377714
0.49800000 -11.99289100
0.49900000 -11.99824759
0.50000000 -12.00000000
0.50100000 -11.98870824
0.50200000 -11.95572876
0.50300000 -11.90236742
0.50400000 -11.82988062
0.50500000 -11.73947672
0.50600000 -11.63231736
0.50700000 -11.50951879
0.50800000 -11.37215309
0.50900000 -11.22124950
0.51000000 -11.05779560
0.51100000 -10.88273852
0.51200000 -10.69698616
0.51300000 -10.50140827
0.51400000 -10.29683765
0.51500000 -10.08407120
0.51600000 -9.86387104
0.51700000 -9.63696553
0.51800000 -9.40405036
0.51900000 -9.16578949
0.52000000 -8.92281618
0.52100000 -8.67573396
0.52200000 -8.42511756
0.52300000 -8.17151382
0.52400000 -7.91544263
0.52500000 -7.65739776
0.52600000 -7.39784778
0.52700000 -7.13723683
0.52800000 -6.87598551
0.52900000 -6.61449163
0.53000000 -6.35313101
0.53100000 -6.09225823
0.53200000 -5.83220740
0.53300000 -5.57329286
0.53400000 -5.31580990
0.53500000 -5.06003543
0.53600000 -4.80622867
0.53700000 -4.55463181
0.53800000 -4.30547064
0.53900000 -4.05895514
0.54000000 -3.81528016
0.54100000 -3.57462592
0.54200000 -3.33715864
0.54300000 -3.10303110
0.54400000 -2.87238314
0.54500000 -2.64534224
0.54600000 -2.42202398
0.54700000 -2.20253258
0.54800000 -1.98696138
0.54900000 -1.77539328
0.55000000 -1.56790123
0.55100000 -1.36454868
0.55200000 -1.16538997
0.55300000 -0.97047077
0.55400000 -0.77982852
0.55500000 -0.59349276
0.55600000 -0.41148557
0.55700000 -0.23382189
0.55800000 -0.06050993
0.55900000 0.10844854
0.56000000 0.27305779
0.56100000 0.43332787
0.56200000 0.58927424
0.56300000 0.74091749
0.56400000 0.88828306
0.56500000 1.03140092
0.56600000 1.17030534
0.56700000 1.30503457
0.56800000 1.43563063
0.56900000 1.56213903
0.57000000 1.68460858
0.57100000 1.80309108
0.57200000 1.91764118
0.57300000 2.02831611
0.57400000 2.13517553
0.57500000 2.23828125
0.57600000 2.33769712
0.57700000 2.43348882
0.57800000 2.52572365
0.57900000 2.61447042
0.58000000 2.69979924
0.58100000 2.78178139
0.58200000 2.86048917
0.58300000 2.93599574
0.58400000 3.00837502
0.58500000 3.07770150
0.58600000 3.14405017
0.58700000 3.20749639
0.58800000 3.26811575
0.58900000 3.32598397
0.59000000 3.38117683
0.59100000 3.43377003
0.59200000 3.48383911
0.59300000 3.53145936
0.59400000 3.57670575
0.59500000 3.61965281
0.59600000 3.66037461
0.59700000 3.69894464
0.59800000 3.73543576
0.59900000 3.76992012
0.60000000 3.80246914
0.60100000 3.83315339
0.60200000 3.86204258
0.60300000 3.88920552
0.60400000 3.91471002
0.60500000 3.93862288
0.60600000 3.96100984
0.60700000 3.98193555
0.60800000 4.00146350
0.60900000 4.01965602
0.61000000 4.03657425
0.61100000 4.05227808
0.61200000 4.06682612
0.61300000 4.08027572
0.61400000 4.09268290
0.61500000 4.10410234
0.61600000 4.11458738
0.61700000 4.12418995
0.61800000 4.13296064
0.61900000 4.14094857
0.62000000 4.14820147
0.62100000 4.15476564
0.62200000 4.16068590
0.62300000 4.16600563
0.62400000 4.17076674
0.62500000 4.17500965
0.62600000 4.17877329
0.62700000 4.18209513
0.62800000 4.18501108
0.62900000 4.18755561
0.63000000 4.18976162
0.63100000 4.19166053
0.63200000 4.19328223
0.63300000 4.19465510
0.63400000 4.19580597
0.63500000 4.19676016
0.63600000 4.19754147
0.63700000 4.19817215
0.63800000 4.19867292
0.63900000 4.19906299
0.64000000 4.19936001
0.64100000 4.19958010
0.64200000 4.19973786
0.64300000 4.19984634
0.64400000 4.19991706
0.64500000 4.19996000
0.64600000 4.19998362
0.64700000 4.19999482
0.64800000 4.19999898
0.64900000 4.19999994
0.65000000 4.20000000
0.65100000 4.19971720
0.65200000 4.19886880
0.65300000 4.19745479
0.65400000 4.19547512
0.65500000 4.19292971
0.65600000 4.18981833
0.65700000 4.18614062
0.65800000 4.18189594
0.65900000 4.17708336
0.66000000 4.17170150
0.66100000 4.16574848
0.66200000 4.15922174
0.66300000 4.15211795
0.66400000 4.14443285
0.66500000 4.13616112
0.66600000 4.12729621
0.66700000 4.11783014
0.66800000 4.10775338
0.66900000 4.09705465
0.67000000 4.08572071
0.67100000 4.07373620
0.67200000 4.06108343
0.67300000 4.04774222
0.67400000 4.03368966
0.67500000 4.01889998
0.67600000 4.00334434
0.67700000 3.98699068
0.67800000 3.96980353
0.67900000 3.95174393
0.68000000 3.93276929
0.68100000 3.91283329
0.68200000 3.89188586
0.68300000 3.86987312
0.68400000 3.84673749
0.68500000 3.82241769
0.68600000 3.79684895
0.68700000 3.76996320
0.68800000 3.74168937
0.68900000 3.71195380
0.69000000 3.68068070
0.69100000 3.64779270
0.69200000 3.61321163
0.69300000 3.57685926
0.69400000 3.53865825
0.69500000 3.49853325
0.69600000 3.45641201
0.69700000 3.41222676
0.69800000 3.36591552
0.69900000 3.31742370
0.70000000 3.26670558
0.70100000 3.21372600
0.70200000 3.15846198
0.70300000 3.10090431
0.70400000 3.04105915
0.70500000 2.97894944
0.70600000 2.91461622
0.70700000 2.84811969
0.70800000 2.77953998
0.70900000 2.70897770
0.71000000 2.63655406
0.71100000 2.56241059
0.71200000 2.48670848
0.71300000 2.40962746
0.71400000 2.33136429
0.71500000 2.25213081
0.71600000 2.17215160
0.71700000 2.09166137
0.71800000 2.01090202
0.71900000 1.93011962
0.72000000 1.84956116
0.72100000 1.76947139
0.72200000 1.69008967
0.72300000 1.61164705
0.72400000 1.53436348
0.72500000 1.45844541
0.72600000 1.38408372
0.72700000 1.31145197
0.72800000 1.24070517
0.72900000 1.17197888
0.73000000 1.10538872
0.73100000 1.04103033
0.73200000 0.97897959
0.73300000 0.91929321
0.73400000 0.86200959
0.73500000 0.80714986
0.73600000 0.75471912
0.73700000 0.70470784
0.73800000 0.65709322
0.73900000 0.61184074
0.74000000 0.56890560
0.74100000 0.52823417
0.74200000 0.48976543
0.74300000 0.45343227
0.74400000 0.41916273
0.74500000 0.38688115
0.74600000 0.35650923
0.74700000 0.32796696
0.74800000 0.30117344
0.74900000 0.27604763
0.75000000 0.25250896
0.75100000 0.23047790
0.75200000 0.20987638
0.75300000 0.19062818
0.75400000 0.17265924
0.75500000 0.15589788
0.75600000 0.14027500
0.75700000 0.12572416
0.75800000 0.11218175
0.75900000 0.09958696
0.76000000 0.08788182
0.76100000 0.07701122
0.76200000 0.06692283
0.76300000 0.05756707
0.76400000 0.04889705
0.76500000 0.04086847
0.76600000 0.03343955
0.76700000 0.02657092
0.76800000 0.02022554
0.76900000 0.01436860
0.77000000 0.00896738
0.77100000 0.00399120
0.77200000 -0.00058874
0.77300000 -0.00479939
0.77400000 -0.00866601
0.77500000 -0.01221225
0.77600000 -0.01546021
0.77700000 -0.01843057
0.77800000 -0.02114266
0.77900000 -0.02361454
0.78000000 -0.02586306
0.78100000 -0.02790397
0.78200000 -0.02975197
0.78300000 -0.03142076
0.78400000 -0.03292315
0.78500000 -0.03427106
0.78600000 -0.03547563
0.78700000 -0.03654723
0.78800000 -0.03749552
0.78900000 -0.03832954
0.79000000 -0.03905767
0.79100000 -0.03968776
0.79200000 -0.04022709
0.79300000 -0.04068247
0.79400000 -0.04106022
0.79500000 -0.04136625
0.79600000 -0.04160604
0.79700000 -0.04178471
0.79800000 -0.04190702
0.79900000 -0.04197741
0.80000000 -0.04200000
0.80100000 -0.04197864
0.80200000 -0.04191691
0.80300000 -0.04181813
0.80400000 -0.04168539
0.80500000 -0.04152159
0.80600000 -0.04132940
0.80700000 -0.04111132
0.80800000 -0.04086965
0.80900000 -0.04060657
0.81000000 -0.04032406
0.81100000 -0.04002400
0.81200000 -0.03970811
0.81300000 -0.03937800
0.81400000 -0.03903517
0.81500000 -0.03868098
0.81600000 -0.03831675
0.81700000 -0.03794364
0.81800000 -0.03756278
0.81900000 -0.03717518
0.82000000 -0.03678180
0.82100000 -0.03638351
0.82200000 -0.03598114
0.82300000 -0.03557542
0.82400000 -0.03516706
0.82500000 -0.03475671
0.82600000 -0.03434495
0.82700000 -0.03393233
0.82800000 -0.03351936
0.82900000 -0.03310649
0.83000000 -0.03269417
0.83100000 -0.03228278
0.83200000 -0.03187268
0.83300000 -0.03146420
0.83400000 -0.03105764
0.83500000 -0.03065328
0.83600000 -0.03025137
0.83700000 -0.02985214
0.83800000 -0.02945579
0.83900000 -0.02906252
0.84000000 -0.02867249
0.84100000 -0.02828585
0.84200000 -0.02790274
0.84300000 -0.02752329
0.84400000 -0.02714759
0.84500000 -0.02677576
0.84600000 -0.02640786
0.84700000 -0.02604398
0.84800000 -0.02568417
0.84900000 -0.02532849
0.85000000 -0.02497699
0.85100000 -0.02462969
0.85200000 -0.02428663
0.85300000 -0.02394784
0.85400000 -0.02361331
0.85500000 -0.02328308
0.85600000 -0.02295713
0.85700000 -0.02263548
0.85800000 -0.02231810
0.85900000 -0.02200500
0.86000000 -0.02169617
0.86100000 -0.02139157
0.86200000 -0.02109120
0.86300000 -0.02079502
0.86400000 -0.02050302
0.86500000 -0.02021517
0.86600000 -0.01993143
0.86700000 -0.01965177
0.86800000 -0.01937615
0.86900000 -0.01910454
0.87000000 -0.01883691
0.87100000 -0.01857321
0.87200000 -0.01831340
0.87300000 -0.01805744
0.87400000 -0.01780528
0.87500000 -0.01755690
0.87600000 -0.01731223
0.87700000 -0.01707124
0.87800000 -0.01683388
0.87900000 -0.01660010
0.88000000 -0.01636986
0.88100000 -0.01614312
0.88200000 -0.01591983
0.88300000 -0.01569993
0.88400000 -0.01548340
0.88500000 -0.01527017
0.88600000 -0.01506020
0.88700000 -0.01485345
0.88800000 -0.01464987
0.88900000 -0.01444941
0.89000000 -0.01425203
0.89100000 -0.01405769
0.89200000 -0.01386634
0.89300000 -0.01367793
0.89400000 -0.01349242
0.89500000 -0.01330976
0.89600000 -0.01312992
0.89700000 -0.01295284
0.89800000 -0.01277850
0.89900000 -0.01260683
0.90000000 -0.01243781
0.90100000 -0.01227139
0.90200000 -0.01210752
0.90300000 -0.01194618
0.90400000 -0.01178731
0.90500000 -0.01163089
0.90600000 -0.01147686
0.90700000 -0.01132520
0.90800000 -0.01117586
0.90900000 -0.01102881
0.91000000 -0.01088401
0.91100000 -0.01074142
0.91200000 -0.01060100
0.91300000 -0.01046273
0.91400000 -0.01032657
0.91500000 -0.01019248
0.91600000 -0.01006042
0.91700000 -0.00993037
0.91800000 -0.00980230
0.91900000 -0.00967616
0.92000000 -0.00955193
0.92100000 -0.00942958
0.92200000 -0.00930908
0.92300000 -0.00919039
0.92400000 -0.00907348
0.92500000 -0.00895834
0.92600000 -0.00884491
0.92700000 -0.00873319
0.92800000 -0.00862314
0.92900000 -0.00851473
0.93000000 -0.00840794
0.93100000 -0.00830274
0.93200000 -0.00819910
0.93300000 -0.00809699
0.93400000 -0.00799640
0.93500000 -0.00789730
0.93600000 -0.00779966
0.93700000 -0.00770345
0.93800000 -0.00760866
0.93900000 -0.00751527
0.94000000 -0.00742324
0.94100000 -0.00733256
0.94200000 -0.00724320
0.94300000 -0.00715514
0.94400000 -0.00706837
0.94500000 -0.00698285
0.94600000 -0.00689857
0.94700000 -0.00681552
0.94800000 -0.00673366
0.94900000 -0.00665298
0.95000000 -0.00657346
0.95100000 -0.00649508
0.95200000 -0.00641783
0.95300000 -0.00634168
0.95400000 -0.00626662
0.95500000 -0.00619262
0.95600000 -0.00611968
0.95700000 -0.00604777
0.95800000 -0.00597688
0.95900000 -0.00590699
0.96000000 -0.00583809
0.96100000 -0.00577015
0.96200000 -0.00570317
0.96300000 -0.00563713
0.96400000 -0.00557201
0.96500000 -0.00550780
0.96600000 -0.00544448
0.96700000 -0.00538205
0.96800000 -0.00532048
0.96900000 -0.00525976
0.97000000 -0.00519988
0.97100000 -0.00514082
0.97200000 -0.00508258
0.97300000 -0.00502514
0.97400000 -0.00496848
0.97500000 -0.00491260
0.97600000 -0.00485748
0.97700000 -0.00480311
0.97800000 -0.00474948
0.97900000 -0.00469657
0.98000000 -0.00464438
0.98100000 -0.00459290
0.98200000 -0.00454211
0.98300000 -0.00449199
0.98400000 -0.00444256
0.98500000 -0.00439378
0.98600000 -0.00434565
0.98700000 -0.00429817
0.98800000 -0.00425132
0.98900000 -0.00420508
0.99000000 -0.00415946
0.99100000 -0.00411445
0.99200000 -0.00407002
0.99300000 -0.00402618
0.99400000 -0.00398292
0.99500000 -0.00394022
0.99600000 -0.00389808
0.99700000 -0.00385649
0.99800000 -0.00381544
0.99900000 -0.00377492
1.00000000 -0.00373493
1.00100000 -0.00369545
1.00200000 -0.00365648
1.00300000 -0.00361802
1.00400000 -0.00358005
1.00500000 -0.00354257
1.00600000 -0.00350556
1.00700000 -0.00346903
1.00800000 -0.00343296
1.00900000 -0.00339735
1.01000000 -0.00336219
1.01100000 -0.00332748
1.01200000 -0.00329321
1.01300000 -0.00325936
1.01400000 -0.00322594
1.01500000 -0.00319295
1.01600000 -0.00316036
1.01700000 -0.00312818
1.01800000 -0.00309640
1.01900000 -0.00306502
1.02000000 -0.00303403
1.02100000 -0.00300342
1.02200000 -0.00297319
1.02300000 -0.00294333
1.02400000 -0.00291384
1.02500000 -0.00288471
1.02600000 -0.00285594
1.02700000 -0.00282752
1.02800000 -0.00279944
1.02900000 -0.00277171
1.03000000 -0.00274431
1.03100000 -0.00271725
1.03200000 -0.00269052
1.03300000 -0.00266410
1.03400000 -0.00263801
1.03500000 -0.00261223
1.03600000 -0.00258675
1.03700000 -0.00256159
1.03800000 -0.00253672
1.03900000 -0.00251215
1.04000000 -0.00248787
1.04100000 -0.00246388
1.04200000 -0.00244017
1.04300000 -0.00241675
1.04400000 -0.00239360
1.04500000 -0.00237072
1.04600000 -0.00234811
1.04700000 -0.00232577
1.04800000 -0.00230369
1.04900000 -0.00228186
1.05000000 -0.00226029
1.05100000 -0.00223897
1.05200000 -0.00221790
1.05300000 -0.00219707
1.05400000 -0.00217648
1.05500000 -0.00215613
1.05600000 -0.00213601
1.05700000 -0.00211613
1.05800000 -0.00209647
1.05900000 -0.00207704
1.06000000 -0.00205782
1.06100000 -0.00203883
1.06200000 -0.00202005
1.06300000 -0.00200149
1.06400000 -0.00198313
1.06500000 -0.00196499
1.06600000 -0.00194704
1.06700000 -0.00192930
1.06800000 -0.00191176
1.06900000 -0.00189441
1.07000000 -0.00187726
1.07100000 -0.00186030
1.07200000 -0.00184353
1.07300000 -0.00182694
1.07400000 -0.00181054
1.07500000 -0.00179432
1.07600000 -0.00177828
1.07700000 -0.00176242
1.07800000 -0.00174673
1.07900000 -0.00173121
1.08000000 -0.00171586
1.08100000 -0.00170068
1.08200000 -0.00168567
1.08300000 -0.00167082
1.08400000 -0.00165613
1.08500000 -0.00164160
1.08600000 -0.00162722
1.08700000 -0.00161300
1.08800000 -0.00159894
1.08900000 -0.00158503
1.09000000 -0.00157126
1.09100000 -0.00155764
1.09200000 -0.00154417
1.09300000 -0.00153085
1.09400000 -0.00151766
1.09500000 -0.00150462
1.09600000 -0.00149171
1.09700000 -0.00147894
1.09800000 -0.00146630
1.09900000 -0.00145380
1.10000000 -0.00144143
1.10100000 -0.00142919
1.10200000 -0.00141708
1.10300000 -0.00140509
1.10400000 -0.00139323
1.10500000 -0.00138150
1.10600000 -0.00136988
1.10700000 -0.00135839
1.10800000 -0.00134701
1.10900000 -0.00133576
1.11000000 -0.00132462
1.11100000 -0.00131359
1.11200000 -0.00130268
1.11300000 -0.00129188
1.11400000 -0.00128119
1.11500000 -0.00127060
1.11600000 -0.00126013
1.11700000 -0.00124977
1.11800000 -0.00123951
1.11900000 -0.00122935
1.12000000 -0.00121930
1.12100000 -0.00120934
1.12200000 -0.00119949
1.12300000 -0.00118974
1.12400000 -0.00118008
1.12500000 -0.00117053
1.12600000 -0.00116107
1.12700000 -0.00115170
1.12800000 -0.00114242
1.12900000 -0.00113324
1.13000000 -0.00112415
1.13100000 -0.00111515
1.13200000 -0.00110624
1.13300000 -0.00109742
1.13400000 -0.00108868
1.13500000 -0.00108003
1.13600000 -0.00107147
1.13700000 -0.00106299
1.13800000 -0.00105459
1.13900000 -0.00104627
1.14000000 -0.00103804
1.14100000 -0.00102989
1.14200000 -0.00102181
1.14300000 -0.00101381
1.14400000 -0.00100589
1.14500000 -0.00099805
1.14600000 -0.00099028
1.14700000 -0.00098259
1.14800000 -0.00097497
1.14900000 -0.00096743
1.15000000 -0.00095996
1.15100000 -0.00095256
1.15200000 -0.00094522
1.15300000 -0.00093796
1.15400000 -0.00093077
1.15500000 -0.00092365
1.15600000 -0.00091659
1.15700000 -0.00090960
1.15800000 -0.00090268
1.15900000 -0.00089582
1.16000000 -0.00088903
1.16100000 -0.00088230
1.16200000 -0.00087563
1.16300000 -0.00086903
1.16400000 -0.00086248
1.16500000 -0.00085600
1.16600000 -0.00084958
1.16700000 -0.00084322
1.16800000 -0.00083692
1.16900000 -0.00083067
1.17000000 -0.00082449
1.17100000 -0.00081836
1.17200000 -0.00081228
1.17300000 -0.00080627
1.17400000 -0.00080031
1.17500000 -0.00079440
1.17600000 -0.00078855
1.17700000 -0.00078275
1.17800000 -0.00077700
1.17900000 -0.00077130
1.18000000 -0.00076566
1.18100000 -0.00076007
1.18200000 -0.00075453
1.18300000 -0.00074904
1.18400000 -0.00074360
1.18500000 -0.00073820
1.18600000 -0.00073286
1.18700000 -0.00072756
1.18800000 -0.00072231
1.18900000 -0.00071711
1.19000000 -0.00071196
1.19100000 -0.00070685
1.19200000 -0.00070178
1.19300000 -0.00069677
1.19400000 -0.00069179
1.19500000 -0.00068686
1.19600000 -0.00068197
1.19700000 -0.00067713
1.19800000 -0.00067233
1.19900000 -0.00066757
1.20000000 -0.00066285
1.20100000 -0.00065818
1.20200000 -0.00065354
1.20300000 -0.00064895
1.20400000 -0.00064440
1.20500000 -0.00063988
1.20600000 -0.00063541
1.20700000 -0.00063097
1.20800000 -0.00062657
1.20900000 -0.00062221
1.21000000 -0.00061789
1.21100000 -0.00061360
1.21200000 -0.00060935
1.21300000 -0.00060514
1.21400000 -0.00060097
1.21500000 -0.00059683
1.21600000 -0.00059272
1.21700000 -0.00058865
1.21800000 -0.00058462
1.21900000 -0.00058062
1.22000000 -0.00057665
1.22100000 -0.00057272
1.22200000 -0.00056882
1.22300000 -0.00056495
1.22400000 -0.00056112
1.22500000 -0.00055732
1.22600000 -0.00055355
1.22700000 -0.00054981
1.22800000 -0.00054610
1.22900000 -0.00054243
1.23000000 -0.00053878
1.23100000 -0.00053517
1.23200000 -0.00053158
1.23300000 -0.00052803
1.23400000 -0.00052450
1.23500000 -0.00052100
1.23600000 -0.00051754
1.23700000 -0.00051410
1.23800000 -0.00051069
1.23900000 -0.00050731
1.24000000 -0.00050395
1.24100000 -0.00050063
1.24200000 -0.00049733
1.24300000 -0.00049405
1.24400000 -0.00049081
1.24500000 -0.00048759
1.24600000 -0.00048440
1.24700000 -0.00048123
1.24800000 -0.00047809
1.24900000 -0.00047497
1.25000000 -0.00047188
1.25100000 -0.00046881
1.25200000 -0.00046577
1.25300000 -0.00046276
1.25400000 -0.00045977
1.25500000 -0.00045680
1.25600000 -0.00045385
1.25700000 -0.00045093
1.25800000 -0.00044803
1.25900000 -0.00044516
1.26000000 -0.00044231
1.26100000 -0.00043948
1.26200000 -0.00043667
1.26300000 -0.00043389
1.26400000 -0.00043113
1.26500000 -0.00042839
1.26600000 -0.00042567
1.26700000 -0.00042297
1.26800000 -0.00042030
1.26900000 -0.00041764
1.27000000 -0.00041501
1.27100000 -0.00041239
1.27200000 -0.00040980
1.27300000 -0.00040723
1.27400000 -0.00040468
1.27500000 -0.00040214
1.27600000 -0.00039963
1.27700000 -0.00039714
1.27800000 -0.00039466
1.27900000 -0.00039221
1.28000000 -0.00038977
1.28100000 -0.00038735
1.28200000 -0.00038495
1.28300000 -0.00038257
1.28400000 -0.00038021
1.28500000 -0.00037787
1.28600000 -0.00037554
1.28700000 -0.00037324
1.28800000 -0.00037094
1.28900000 -0.00036867
1.29000000 -0.00036642
1.29100000 -0.00036418
1.29200000 -0.00036196
1.29300000 -0.00035975
1.29400000 -0.00035756
1.29500000 -0.00035539
1.29600000 -0.00035324
1.29700000 -0.00035110
1.29800000 -0.00034898
1.29900000 -0.00034687
1.30000000 -0.00034478
1.30100000 -0.00034270
1.30200000 -0.00034064
1.30300000 -0.00033860
1.30400000 -0.00033657
1.30500000 -0.00033456
1.30600000 -0.00033256
1.30700000 -0.00033057
1.30800000 -0.00032860
1.30900000 -0.00032665
1.31000000 -0.00032471
1.31100000 -0.00032278
1.31200000 -0.00032087
1.31300000 -0.00031897
1.31400000 -0.00031709
1.31500000 -0.00031522
1.31600000 -0.00031336
1.31700000 -0.00031152
1.31800000 -0.00030969
1.31900000 -0.00030787
1.32000000 -0.00030607
1.32100000 -0.00030428
1.32200000 -0.00030251
1.32300000 -0.00030074
1.32400000 -0.00029899
1.32500000 -0.00029725
1.32600000 -0.00029553
1.32700000 -0.00029382
1.32800000 -0.00029211
1.32900000 -0.00029043
1.33000000 -0.00028875
1.33100000 -0.00028709
1.33200000 -0.00028543
1.33300000 -0.00028379
1.33400000 -0.00028216
1.33500000 -0.00028055
1.33600000 -0.00027894
1.33700000 -0.00027735
1.33800000 -0.00027576
1.33900000 -0.00027419
1.34000000 -0.00027263
1.34100000 -0.00027108
1.34200000 -0.00026954
1.34300000 -0.00026802
1.34400000 -0.00026650
1.34500000 -0.00026499
1.34600000 -0.00026350
1.34700000 -0.00026201
1.34800000 -0.00026054
1.34900000 -0.00025907
1.35000000 -0.00025762
1.35100000 -0.00025617
1.35200000 -0.00025474
1.35300000 -0.00025332
1.35400000 -0.00025190
1.35500000 -0.00025050
1.35600000 -0.00024910
1.35700000 -0.00024772
1.35800000 -0.00024634
1.35900000 -0.00024498
1.36000000 -0.00024362
1.36100000 -0.00024227
1.36200000 -0.00024094
1.36300000 -0.00023961
1.36400000 -0.00023829
1.36500000 -0.00023698
1.36600000 -0.00023568
1.36700000 -0.00023438
1.36800000 -0.00023310
1.36900000 -0.00023182
1.37000000 -0.00023056
1.37100000 -0.00022930
1.37200000 -0.00022805
1.37300000 -0.00022681
1.37400000 -0.00022558
1.37500000 -0.00022435
1.37600000 -0.00022314
1.37700000 -0.00022193
1.37800000 -0.00022073
1.37900000 -0.00021954
1.38000000 -0.00021836
1.38100000 -0.00021718
1.38200000 -0.00021601
1.38300000 -0.00021485
1.38400000 -0.00021370
1.38500000 -0.00021256
1.38600000 -0.00021142
1.38700000 -0.00021029
1.38800000 -0.00020917
1.38900000 -0.00020806
1.39000000 -0.00020695
1.39100000 -0.00020585
1.39200000 -0.00020476
1.39300000 -0.00020367
1.39400000 -0.00020260
1.39500000 -0.00020153
1.39600000 -0.00020046
1.39700000 -0.00019941
1.39800000 -0.00019836
1.39900000 -0.00019731
1.40000000 -0.00019628
1.40100000 -0.00019525
1.40200000 -0.00019423
1.40300000 -0.00019321
1.40400000 -0.00019220
1.40500000 -0.00019120
1.40600000 -0.00019020
1.40700000 -0.00018921
1.40800000 -0.00018823
1.40900000 -0.00018725
1.41000000 -0.00018628
1.41100000 -0.00018532
1.41200000 -0.00018436
1.41300000 -0.00018341
1.41400000 -0.00018246
1.41500000 -0.00018152
1.41600000 -0.00018059
1.41700000 -0.00017966
1.41800000 -0.00017874
1.41900000 -0.00017782
1.42000000 -0.00017691
1.42100000 -0.00017601
1.42200000 -0.00017511
1.42300000 -0.00017422
1.42400000 -0.00017333
1.42500000 -0.00017245
1.42600000 -0.00017157
1.42700000 -0.00017070
1.42800000 -0.00016984
1.42900000 -0.00016898
1.43000000 -0.00016812
1.43100000 -0.00016727
1.43200000 -0.00016643
1.43300000 -0.00016559
1.43400000 -0.00016476
1.43500000 -0.00016393
1.43600000 -0.00016311
1.43700000 -0.00016229
1.43800000 -0.00016148
1.43900000 -0.00016067
1.44000000 -0.00015987
1.44100000 -0.00015907
1.44200000 -0.00015828
1.44300000 -0.00015749
1.44400000 -0.00015671
1.44500000 -0.00015593
1.44600000 -0.00015516
1.44700000 -0.00015439
1.44800000 -0.00015363
1.44900000 -0.00015287
1.45000000 -0.00015212
1.45100000 -0.00015137
1.45200000 -0.00015062
1.45300000 -0.00014988
1.45400000 -0.00014915
1.45500000 -0.00014842
1.45600000 -0.00014769
1.45700000 -0.00014697
1.45800000 -0.00014625
1.45900000 -0.00014554
1.46000000 -0.00014483
1.46100000 -0.00014412
1.46200000 -0.00014342
1.46300000 -0.00014273
1.46400000 -0.00014203
1.46500000 -0.00014135
1.46600000 -0.00014066
1.46700000 -0.00013998
1.46800000 -0.00013931
1.46900000 -0.00013864
1.47000000 -0.00013797
1.47100000 -0.00013731
1.47200000 -0.00013665
1.47300000 -0.00013599
1.47400000 -0.00013534
1.47500000 -0.00013469
1.47600000 -0.00013405
1.47700000 -0.00013341
1.47800000 -0.00013277
1.47900000 -0.00013214
1.48000000 -0.00013151
1.48100000 -0.00013088
1.48200000 -0.00013026
1.48300000 -0.00012965
1.48400000 -0.00012903
1.48500000 -0.00012842
1.48600000 -0.00012782
1.48700000 -0.00012721
1.48800000 -0.00012661
1.48900000 -0.00012602
1.49000000 -0.00012542
1.49100000 -0.00012483
1.49200000 -0.00012425
1.49300000 -0.00012367
1.49400000 -0.00012309
1.49500000 -0.00012251
1.49600000 -0.00012194
1.49700000 -0.00012137
1.49800000 -0.00012081
1.49900000 -0.00012024
1.50000000 -0.00011968
1.50100000 -0.00011913
1.50200000 -0.00011858
1.50300000 -0.00011803
1.50400000 -0.00011748
1.50500000 -0.00011694
1.50600000 -0.00011640
1.50700000 -0.00011586
1.50800000 -0.00011533
1.50900000 -0.00011480
1.51000000 -0.00011427
1.51100000 -0.00011375
1.51200000 -0.00011322
1.51300000 -0.00011271
1.51400000 -0.00011219
1.51500000 -0.00011168
1.51600000 -0.00011117
1.51700000 -0.00011066
1.51800000 -0.00011016
1.51900000 -0.00010966
1.52000000 -0.00010916
1.52100000 -0.00010866
1.52200000 -0.00010817
1.52300000 -0.00010768
1.52400000 -0.00010719
1.52500000 -0.00010671
1.52600000 -0.00010623
1.52700000 -0.00010575
1.52800000 -0.00010527
1.52900000 -0.00010480
1.53000000 -0.00010433
1.53100000 -0.00010386
1.53200000 -0.00010339
1.53300000 -0.00010293
1.53400000 -0.00010247
1.53500000 -0.00010201
1.53600000 -0.00010156
1.53700000 -0.00010110
1.53800000 -0.00010065
1.53900000 -0.00010021
1.54000000 -0.00009976
1.54100000 -0.00009932
1.54200000 -0.00009888
1.54300000 -0.00009844
1.54400000 -0.00009800
1.54500000 -0.00009757
1.54600000 -0.00009714
1.54700000 -0.00009671
1.54800000 -0.00009628
1.54900000 -0.00009586
1.55000000 -0.00009544
1.55100000 -0.00009502
1.55200000 -0.00009460
1.55300000 -0.00009419
1.55400000 -0.00009378
1.55500000 -0.00009337
1.55600000 -0.00009296
1.55700000 -0.00009255
1.55800000 -0.00009215
1.55900000 -0.00009175
1.56000000 -0.00009135
1.56100000 -0.00009095
1.56200000 -0.00009056
1.56300000 -0.00009017
1.56400000 -0.00008978
1.56500000 -0.00008939
1.56600000 -0.00008900
1.56700000 -0.00008862
1.56800000 -0.00008824
1.56900000 -0.00008786
1.57000000 -0.00008748
1.57100000 -0.00008710
1.57200000 -0.00008673
1.57300000 -0.00008636
1.57400000 -0.00008599
1.57500000 -0.00008562
1.57600000 -0.00008525
1.57700000 -0.00008489
1.57800000 -0.00008453
1.57900000 -0.00008417
1.58000000 -0.00008381
1.58100000 -0.00008345
1.58200000 -0.00008310
1.58300000 -0.00008274
1.58400000 -0.00008239
1.58500000 -0.00008204
1.58600000 -0.00008170
1.58700000 -0.00008135
1.58800000 -0.00008101
1.58900000 -0.00008067
1.59000000 -0.00008033
1.59100000 -0.00007999
1.59200000 -0.00007965
1.59300000 -0.00007932
1.59400000 -0.00007899
1.59500000 -0.00007865
1.59600000 -0.00007833
1.59700000 -0.00007800
1.59800000 -0.00007767
1.59900000 -0.00007735
1.60000000 -0.00007703
1.60100000 -0.00007670
1.60200000 -0.00007639
1.60300000 -0.00007607
1.60400000 -0.00007575
1.60500000 -0.00007544
1.60600000 -0.00007513
1.60700000 -0.00007481
1.60800000 -0.00007451
1.60900000 -0.00007420
1.61000000 -0.00007389
1.61100000 -0.00007359
1.61200000 -0.00007328
1.61300000 -0.00007298
1.61400000 -0.00007268
1.61500000 -0.00007238
1.61600000 -0.00007209
1.61700000 -0.00007179
1.61800000 -0.00007150
1.61900000 -0.00007121
1.62000000 -0.00007092
1.62100000 -0.00007063
1.62200000 -0.00007034
1.62300000 -0.00007005
1.62400000 -0.00006977
1.62500000 -0.00006948
1.62600000 -0.00006920
1.62700000 -0.00006892
1.62800000 -0.00006864
1.62900000 -0.00006836
1.63000000 -0.00006809
1.63100000 -0.00006781
1.63200000 -0.00006754
1.63300000 -0.00006727
1.63400000 -0.00006699
1.63500000 -0.00006673
1.63600000 -0.00006646
1.63700000 -0.00006619
1.63800000 -0.00006592
1.63900000 -0.00006566
1.64000000 -0.00006540
1.64100000 -0.00006514
1.64200000 -0.00006488
1.64300000 -0.00006462
1.64400000 -0.00006436
1.64500000 -0.00006410
1.64600000 -0.00006385
1.64700000 -0.00006359
1.64800000 -0.00006334
1.64900000 -0.00006309
1.65000000 -0.00006284
1.65100000 -0.00006259
1.65200000 -0.00006234
1.65300000 -0.00006210
1.65400000 -0.00006185
1.65500000 -0.00006161
1.65600000 -0.00006137
1.65700000 -0.00006112
1.65800000 -0.00006088
1.65900000 -0.00006064
1.66000000 -0.00006041
1.66100000 -0.00006017
1.66200000 -0.00005993
1.66300000 -0.00005970
1.66400000 -0.00005947
1.66500000 -0.00005923
1.66600000 -0.00005900
1.66700000 -0.00005877
1.66800000 -0.00005854
1.66900000 -0.00005832
1.67000000 -0.00005809
1.67100000 -0.00005786
1.67200000 -0.00005764
1.67300000 -0.00005742
1.67400000 -0.00005719
1.67500000 -0.00005697
1.67600000 -0.00005675
1.67700000 -0.00005653
1.67800000 -0.00005631
1.67900000 -0.00005610
1.68000000 -0.00005588
1.68100000 -0.00005567
1.68200000 -0.00005545
1.68300000 -0.00005524
1.68400000 -0.00005503
1.68500000 -0.00005482
1.68600000 -0.00005461
1.68700000 -0.00005440
1.68800000 -0.00005419
1.68900000 -0.00005398
1.69000000 -0.00005378
1.69100000 -0.00005357
1.69200000 -0.00005337
1.69300000 -0.00005317
1.69400000 -0.00005296
1.69500000 -0.00005276
1.69600000 -0.00005256
1.69700000 -0.00005236
1.69800000 -0.00005216
1.69900000 -0.00005197
1.70000000 -0.00005177
1.70100000 -0.00005158
1.70200000 -0.00005138
1.70300000 -0.00005119
1.70400000 -0.00005100
1.70500000 -0.00005080
1.70600000 -0.00005061
1.70700000 -0.00005042
1.70800000 -0.00005023
1.70900000 -0.00005005
1.71000000 -0.00004986
1.71100000 -0.00004967
1.71200000 -0.00004949
1.71300000 -0.00004930
1.71400000 -0.00004912
1.71500000 -0.00004893
1.71600000 -0.00004875
1.71700000 -0.00004857
1.71800000 -0.00004839
1.71900000 -0.00004821
1.72000000 -0.00004803
1.72100000 -0.00004785
1.72200000 -0.00004768
1.72300000 -0.00004750
1.72400000 -0.00004732
1.72500000 -0.00004715
1.72600000 -0.00004698
1.72700000 -0.00004680
1.72800000 -0.00004663
1.72900000 -0.00004646
1.73000000 -0.00004629
1.73100000 -0.00004612
1.73200000 -0.00004595
1.73300000 -0.00004578
1.73400000 -0.00004561
1.73500000 -0.00004545
1.73600000 -0.00004528
1.73700000 -0.00004512
1.73800000 -0.00004495
1.73900000 -0.00004479
1.74000000 -0.00004462
1.74100000 -0.00004446
1.74200000 -0.00004430
1.74300000 -0.00004414
1.74400000 -0.00004398
1.74500000 -0.00004382
1.74600000 -0.00004366
1.74700000 -0.00004350
1.74800000 -0.00004335
1.74900000 -0.00004319
1.75000000 -0.00004303
1.75100000 -0.00004288
1.75200000 -0.00004272
1.75300000 -0.00004257
1.75400000 -0.00004242
1.75500000 -0.00004226
1.75600000 -0.00004211
1.75700000 -0.00004196
1.75800000 -0.00004181
1.75900000 -0.00004166
1.76000000 -0.00004151
1.76100000 -0.00004136
1.76200000 -0.00004122
1.76300000 -0.00004107
1.76400000 -0.00004092
1.76500000 -0.00004078
1.76600000 -0.00004063
1.76700000 -0.00004049
1.76800000 -0.00004034
1.76900000 -0.00004020
1.77000000 -0.00004006
1.77100000 -0.00003992
1.77200000 -0.00003977
1.77300000 -0.00003963
1.77400000 -0.00003949
1.77500000 -0.00003935
1.77600000 -0.00003922
1.77700000 -0.00003908
1.77800000 -0.00003894
1.77900000 -0.00003880
1.78000000 -0.00003867
1.78100000 -0.00003853
1.78200000 -0.00003840
1.78300000 -0.00003826
1.78400000 -0.00003813
1.78500000 -0.00003799
1.78600000 -0.00003786
1.78700000 -0.00003773
1.78800000 -0.00003760
1.78900000 -0.00003747
1.79000000 -0.00003734
1.79100000 -0.00003721
1.79200000 -0.00003708
1.79300000 -0.00003695
1.79400000 -0.00003682
1.79500000 -0.00003669
1.79600000 -0.00003656
1.79700000 -0.00003644
1.79800000 -0.00003631
1.79900000 -0.00003619
1.80000000 -0.00003606
1.80100000 -0.00003594
1.80200000 -0.00003581
1.80300000 -0.00003569
1.80400000 -0.00003557
1.80500000 -0.00003544
1.80600000 -0.00003532
1.80700000 -0.00003520
1.80800000 -0.00003508
1.80900000 -0.00003496
1.81000000 -0.00003484
1.81100000 -0.00003472
1.81200000 -0.00003460
1.81300000 -0.00003448
1.81400000 -0.00003437
1.81500000 -0.00003425
1.81600000 -0.00003413
1.81700000 -0.00003402
1.81800000 -0.00003390
1.81900000 -0.00003379
1.82000000 -0.00003367
1.82100000 -0.00003356
1.82200000 -0.00003344
1.82300000 -0.00003333
1.82400000 -0.00003322
1.82500000 -0.00003310
1.82600000 -0.00003299
1.82700000 -0.00003288
1.82800000 -0.00003277
1.82900000 -0.00003266
1.83000000 -0.00003255
1.83100000 -0.00003244
1.83200000 -0.00003233
1.83300000 -0.00003222
1.83400000 -0.00003211
1.83500000 -0.00003201
1.83600000 -0.00003190
1.83700000 -0.00003179
1.83800000 -0.00003169
1.83900000 -0.00003158
1.84000000 -0.00003148
1.84100000 -0.00003137
1.84200000 -0.00003127
1.84300000 -0.00003116
1.84400000 -0.00003106
1.84500000 -0.00003095
1.84600000 -0.00003085
1.84700000 -0.00003075
1.84800000 -0.00003065
1.84900000 -0.00003055
1.85000000 -0.00003044
1.85100000 -0.00003034
1.85200000 -0.00003024
1.85300000 -0.00003014
1.85400000 -0.00003004
1.85500000 -0.00002994
1.85600000 -0.00002985
1.85700000 -0.00002975
1.85800000 -0.00002965
1.85900000 -0.00002955
1.86000000 -0.00002946
1.86100000 -0.00002936
1.86200000 -0.00002926
1.86300000 -0.00002917
1.86400000 -0.00002907
1.86500000 -0.00002898
1.86600000 -0.00002888
1.86700000 -0.00002879
1.86800000 -0.00002869
1.86900000 -0.00002860
1.87000000 -0.00002851
1.87100000 -0.00002841
1.87200000 -0.00002832
1.87300000 -0.00002823
1.87400000 -0.00002814
1.87500000 -0.00002805
1.87600000 -0.00002796
1.87700000 -0.00002786
1.87800000 -0.00002777
1.87900000 -0.00002768
1.88000000 -0.00002760
1.88100000 -0.00002751
1.88200000 -0.00002742
1.88300000 -0.00002733
1.88400000 -0.00002724
1.88500000 -0.00002715
1.88600000 -0.00002707
1.88700000 -0.00002698
1.88800000 -0.00002689
1.88900000 -0.00002681
1.89000000 -0.00002672
1.89100000 -0.00002663
1.89200000 -0.00002655
1.89300000 -0.00002646
1.89400000 -0.00002638
1.89500000 -0.00002630
1.89600000 -0.00002621
1.89700000 -0.00002613
1.89800000 -0.00002604
1.89900000 -0.00002596
1.90000000 -0.00002588
1.90100000 -0.00002580
1.90200000 -0.00002571
1.90300000 -0.00002563
1.90400000 -0.00002555
1.90500000 -0.00002547
1.90600000 -0.00002539
1.90700000 -0.00002531
1.90800000 -0.00002523
1.90900000 -0.00002515
1.91000000 -0.00002507
1.91100000 -0.00002499
1.91200000 -0.00002491
1.91300000 -0.00002483
1.91400000 -0.00002476
1.91500000 -0.00002468
1.91600000 -0.00002460
1.91700000 -0.00002452
1.91800000 -0.00002445
1.91900000 -0.00002437
1.92000000 -0.00002429
1.92100000 -0.00002422
1.92200000 -0.00002414
1.92300000 -0.00002407
1.92400000 -0.00002399
1.92500000 -0.00002392
1.92600000 -0.00002384
1.92700000 -0.00002377
1.92800000 -0.00002369
1.92900000 -0.00002362
1.93000000 -0.00002355
1.93100000 -0.00002347
1.93200000 -0.00002340
1.93300000 -0.00002333
1.93400000 -0.00002326
1.93500000 -0.00002318
1.93600000 -0.00002311
1.93700000 -0.00002304
1.93800000 -0.00002297
1.93900000 -0.00002290
1.94000000 -0.00002283
1.94100000 -0.00002276
1.94200000 -0.00002269
1.94300000 -0.00002262
1.94400000 -0.00002255
1.94500000 -0.00002248
1.94600000 -0.00002241
1.94700000 -0.00002234
1.94800000 -0.00002227
1.94900000 -0.00002221
1.95000000 -0.00002214
1.95100000 -0.00002207
1.95200000 -0.00002200
1.95300000 -0.00002194
1.95400000 -0.00002187
1.95500000 -0.00002180
1.95600000 -0.00002174
1.95700000 -0.00002167
1.95800000 -0.00002160
1.95900000 -0.00002154
1.96000000 -0.00002147
1.96100000 -0.00002141
1.96200000 -0.00002134
1.96300000 -0.00002128
1.96400000 -0.00002121
1.96500000 -0.00002115
1.96600000 -0.00002108
1.96700000 -0.00002102
1.96800000 -0.00002096
1.96900000 -0.00002089
1.97000000 -0.00002083
1.97100000 -0.00002077
1.97200000 -0.00002071
1.97300000 -0.00002064
1.97400000 -0.00002058
1.97500000 -0.00002052
1.97600000 -0.00002046
1.97700000 -0.00002040
1.97800000 -0.00002034
1.97900000 -0.00002028
1.98000000 -0.00002021
1.98100000 -0.00002015
1.98200000 -0.00002009
1.98300000 -0.00002003
1.98400000 -0.00001997
1.98500000 -0.00001991
1.98600000 -0.00001986
1.98700000 -0.00001980
1.98800000 -0.00001974
1.98900000 -0.00001968
1.99000000 -0.00001962
1.99100000 -0.00001956
1.99200000 -0.00001950
1.99300000 -0.00001945
1.99400000 -0.00001939
1.99500000 -0.00001933
1.99600000 -0.00001927
1.99700000 -0.00001922
1.99800000 -0.00001916
1.99900000 -0.00001910
2.00000000 -0.00001905
