0.10000000 5354582936.75996876
0.10100000 4751900825.06925488
0.10200000 4222016293.00119019
0.10300000 3755547743.05495977
0.10400000 3344397048.13005924
0.10500000 2981563964.58137894
0.10600000 2660988800.47716713
0.10700000 2377418824.97827578
0.10800000 2126294659.24624586
0.10900000 1903653512.20026088
0.11000000 1706046639.66205597
0.11100000 1530468832.33434367
0.11200000 1374298092.41054606
0.11300000 1235243953.24888778
0.11400000 1111303141.94043040
0.11500000 1000721489.32614493
0.11600000 901961163.09183526
0.11700000 813672442.75200868
0.11800000 734669375.36044347
0.11900000 663908751.55648959
0.12000000 600471926.28954303
0.12100000 543549079.91843522
0.12200000 492425575.55831063
0.12300000 446470119.36932677
0.12400000 405124473.46411830
0.12500000 367894507.51422083
0.12600000 334342406.00899148
0.12700000 304079874.33925754
0.12800000 276762209.17332596
0.12900000 252083117.57688269
0.13000000 229770185.51332533
0.13100000 209580910.17729324
0.13200000 191299222.42295286
0.13300000 174732435.65398809
0.13400000 159708566.20037633
0.13500000 146073977.63398063
0.13600000 133691307.85327375
0.13700000 122437643.25151040
0.13800000 112202909.00310814
0.13900000 102888448.57073994
0.14000000 94405769.04478721
0.14100000 86675431.95734532
0.14200000 79626071.83298244
0.14300000 73193527.00592962
0.14400000 67320069.19779398
0.14500000 61953720.05348504
0.14600000 57047644.31194863
0.14700000 52559610.57342075
0.14800000 48451511.74273829
0.14900000 44688938.20148812
0.15000000 41240797.60995115
0.15100000 38078975.97967133
0.15200000 35178035.30347729
0.15300000 32514943.59433543
0.15400000 30068833.67822954
0.15500000 27820787.51859576
0.15600000 25753643.22867206
0.15700000 23851822.26036871
0.15800000 22101174.54989773
0.15900000 20488839.65660356
0.16000000 19003122.15670192
0.16100000 17633379.75186048
0.16200000 16369922.72712880
0.16300000 15203923.54659400
0.16400000 14127335.51086379
0.16500000 13132819.52029452
0.16600000 12213678.09373446
0.16700000 11363795.88614106
0.16800000 10577586.03123818
0.16900000 9849941.70870183
0.17000000 9176192.40033581
0.17100000 8552064.35731307
0.17200000 7973644.85168596
0.17300000 7437349.83077102
0.17400000 6939894.63336016
0.17500000 6478267.46258970
0.17600000 6049705.34222565
0.17700000 5651672.31155516
0.17800000 5281839.63940773
0.17900000 4938067.86041935
0.18000000 4618390.45680776
0.18100000 4320999.02692262
0.18200000 4044229.79791040
0.18300000 3786551.35420653
0.18400000 3546553.46642263
0.18500000 3322936.91670389
0.18600000 3114504.22693771
0.18700000 2920151.20542995
0.18800000 2738859.23594716
0.18900000 2569688.24045346
0.19000000 2411770.25354142
0.19100000 2264303.55254839
0.19200000 2126547.29273557
0.19300000 1997816.60175004
0.19400000 1877478.09194812
0.19500000 1764945.75308196
0.19600000 1659677.19138520
0.19700000 1561170.18427929
0.19800000 1468959.52279398
0.19900000 1382614.11638770
0.20000000 1301734.33719241
0.20100000 1225949.58282129
0.20200000 1154916.03878634
0.20300000 1088314.62330002
0.20400000 1025849.09879609
0.20500000 967244.33591880
0.20600000 912244.71700865
0.20700000 860612.66727286
0.20800000 812127.30287903
0.20900000 766583.18616375
0.21000000 723789.17901194
0.21100000 683567.38624772
0.21200000 645752.18158988
0.21300000 610189.30937239
0.21400000 576735.05581889
0.21500000 545255.48419481
0.21600000 515625.72864798
0.21700000 487729.34199090
0.21800000 461457.69308204
0.21900000 436709.40983013
0.22000000 413389.86418099
0.22100000 391410.69575123
0.22200000 370689.37105199
0.22300000 351148.77549978
0.22400000 332716.83564353
0.22500000 315326.16924881
0.22600000 298913.76107386
0.22700000 283420.66234858
0.22800000 268791.71213006
0.22900000 254975.27885545
0.23000000 241923.02054899
0.23100000 229589.66226368
0.23200000 217932.78945155
0.23300000 206912.65606084
0.23400000 196492.00625317
0.23500000 186635.90872184
0.23600000 177311.60267200
0.23700000 168488.35459727
0.23800000 160137.32505491
0.23900000 152231.44470348
0.24000000 144745.29892410
0.24100000 137655.02039846
0.24200000 130938.18906510
0.24300000 124573.73891960
0.24400000 118541.87116486
0.24500000 112823.97325543
0.24600000 107402.54341397
0.24700000 102261.12022983
0.24800000 97384.21697888
0.24900000 92757.26033086
0.25000000 88366.53313492
0.25100000 84199.12099748
0.25200000 80242.86238711
0.25300000 76486.30202093
0.25400000 72918.64730497
0.25500000 69529.72761746
0.25600000 66309.95623926
0.25700000 63250.29475013
0.25800000 60342.21972223
0.25900000 57577.69155454
0.26000000 54949.12530319
0.26100000 52449.36337272
0.26200000 50071.64994316
0.26300000 47809.60701656
0.26400000 45657.21197471
0.26500000 43608.77654759
0.26600000 41658.92709905
0.26700000 39802.58614252
0.26800000 38034.95500604
0.26900000 36351.49757101
0.27000000 34747.92501473
0.27100000 33220.18149114
0.27200000 31764.43068914
0.27300000 30377.04321154
0.27400000 29054.58472202
0.27500000 27793.80481055
0.27600000 26591.62653157
0.27700000 25445.13657189
0.27800000 24351.57600842
0.27900000 23308.33161832
0.28000000 22312.92770686
0.28100000 21363.01842033
0.28200000 20456.38051367
0.28300000 19590.90654453
0.28400000 18764.59846710
0.28500000 17975.56160101
0.28600000 17221.99895217
0.28700000 16502.20586384
0.28800000 15814.56497758
0.28900000 15157.54148539
0.29000000 14529.67865504
0.29100000 13929.59361212
0.29200000 13355.97336325
0.29300000 12807.57104595
0.29400000 12283.20239150
0.29500000 11781.74238793
0.29600000 11302.12213146
0.29700000 10843.32585484
0.29800000 10404.38812240
0.29900000 9984.39118168
0.30000000 9582.46246262
0.30100000 9197.77221557
0.30200000 8829.53127992
0.30300000 8476.98897584
0.30400000 8139.43111190
0.30500000 7816.17810185
0.30600000 7506.58318430
0.30700000 7210.03073930
0.30800000 6925.93469628
0.30900000 6653.73702819
0.31000000 6392.90632679
0.31100000 6142.93645456
0.31200000 5903.34526886
0.31300000 5673.67341431
0.31400000 5453.48317937
0.31500000 5242.35741377
0.31600000 5039.89850318
0.31700000 4845.72739796
0.31800000 4659.48269308
0.31900000 4480.81975623
0.32000000 4309.40990158
0.32100000 4144.93960655
0.32200000 3987.10976937
0.32300000 3835.63500499
0.32400000 3690.24297753
0.32500000 3550.67376692
0.32600000 3416.67926824
0.32700000 3288.02262169
0.32800000 3164.47767172
0.32900000 3045.82845369
0.33000000 2931.86870653
0.33100000 2822.40141009
0.33200000 2717.23834589
0.33300000 2616.19967983
0.33400000 2519.11356594
0.33500000 2425.81576991
0.33600000 2336.14931139
0.33700000 2249.96412408
0.33800000 2167.11673265
0.33900000 2087.46994568
0.34000000 2010.89256370
0.34100000 1937.25910157
0.34200000 1866.44952448
0.34300000 1798.34899692
0.34400000 1732.84764373
0.34500000 1669.84032294
0.34600000 1609.22640946
0.34700000 1550.90958936
0.34800000 1494.79766396
0.34900000 1440.80236342
0.35000000 1388.83916916
0.35100000 1338.82714488
0.35200000 1290.68877557
0.35300000 1244.34981418
0.35400000 1199.73913554
0.35500000 1156.78859727
0.35600000 1115.43290710
0.35700000 1075.60949660
0.35800000 1037.25840065
0.35900000 1000.32214274
0.36000000 964.74562544
0.36100000 930.47602607
0.36200000 897.46269719
0.36300000 865.65707168
0.36400000 835.01257218
0.36500000 805.48452478
0.36600000 777.03007656
0.36700000 749.60811697
0.36800000 723.17920282
0.36900000 697.70548661
0.37000000 673.15064817
0.37100000 649.47982942
0.37200000 626.65957200
0.37300000 604.65775777
0.37400000 583.44355195
0.37500000 562.98734888
0.37600000 543.26072009
0.37700000 524.23636478
0.37800000 505.88806247
0.37900000 488.19062775
0.38000000 471.11986703
0.38100000 454.65253723
0.38200000 438.76630622
0.38300000 423.43971511
0.38400000 408.65214204
0.38500000 394.38376772
0.38600000 380.61554234
0.38700000 367.32915399
0.38800000 354.50699844
0.38900000 342.13215017
0.39000000 330.18833477
0.39100000 318.65990242
0.39200000 307.53180252
0.39300000 296.78955949
0.39400000 286.41924952
0.39500000 276.40747834
0.39600000 266.74135995
0.39700000 257.40849622
0.39800000 248.39695740
0.39900000 239.69526339
0.40000000 231.29236588
0.40100000 223.17763116
0.40200000 215.34082371
0.40300000 207.77209046
0.40400000 200.46194566
0.40500000 193.40125647
0.40600000 186.58122908
0.40700000 179.99339544
0.40800000 173.62960049
0.40900000 167.48198998
0.41000000 161.54299878
0.41100000 155.80533960
0.41200000 150.26199227
0.41300000 144.90619340
0.41400000 139.73142647
0.41500000 134.73141234
0.41600000 129.90010012
0.41700000 125.23165844
0.41800000 120.72046704
0.41900000 116.36110872
0.42000000 112.14836162
0.42100000 108.07719179
0.42200000 104.14274607
0.42300000 100.34034525
0.42400000 96.66547751
0.42500000 93.11379211
0.42600000 89.68109333
0.42700000 86.36333467
0.42800000 83.15661327
0.42900000 80.05716451
0.43000000 77.06135691
0.43100000 74.16568713
0.43200000 71.36677524
0.43300000 68.66136016
0.43400000 66.04629524
0.43500000 63.51854405
0.43600000 61.07517632
0.43700000 58.71336405
0.43800000 56.43037777
0.43900000 54.22358289
0.44000000 52.09043629
0.44100000 50.02848295
0.44200000 48.03535276
0.44300000 46.10875745
0.44400000 44.24648759
0.44500000 42.44640977
0.44600000 40.70646387
0.44700000 39.02466037
0.44800000 37.39907786
0.44900000 35.82786057
0.45000000 34.30921604
0.45100000 32.84141284
0.45200000 31.42277839
0.45300000 30.05169690
0.45400000 28.72660731
0.45500000 27.44600138
0.45600000 26.20842179
0.45700000 25.01246036
0.45800000 23.85675635
0.45900000 22.73999470
0.46000000 21.66090453
0.46100000 20.61825752
0.46200000 19.61086644
0.46300000 18.63758372
0.46400000 17.69730006
0.46500000 16.78894311
0.46600000 15.91147617
0.46700000 15.06389697
0.46800000 14.24523644
0.46900000 13.45455762
0.47000000 12.69095451
0.47100000 11.95355101
0.47200000 11.24149992
0.47300000 10.55398190
0.47400000 9.89020454
0.47500000 9.24940148
0.47600000 8.63083142
0.47700000 8.03377738
0.47800000 7.45754578
0.47900000 6.90146572
0.48000000 6.36488813
0.48100000 5.84718512
0.48200000 5.34774918
0.48300000 4.86599256
0.48400000 4.40134656
0.48500000 3.95326091
0.48600000 3.52120314
0.48700000 3.10465800
0.48800000 2.70312686
0.48900000 2.31612717
0.49000000 1.94319194
0.49100000 1.58386916
0.49200000 1.23772138
0.49300000 0.90432517
0.49400000 0.58327070
0.49500000 0.27416123
0.49600000 -0.02338727
0.49700000 -0.30974655
0.49800000 -0.58527650
0.49900000 -0.85032555
0.50000000 -1.10523099
0.50100000 -1.35031942
0.50200000 -1.58590701
0.50300000 -1.81229994
0.50400000 -2.02979461
0.50500000 -2.23867808
0.50600000 -2.43922827
0.50700000 -2.63171434
0.50800000 -2.81639691
0.50900000 -2.99352838
0.51000000 -3.16335318
0.51100000 -3.32610802
0.51200000 -3.48202216
0.51300000 -3.63131764
0.51400000 -3.77420950
0.51500000 -3.91090602
0.51600000 -4.04160893
0.51700000 -4.16651365
0.51800000 -4.28580943
0.51900000 -4.39967960
0.52000000 -4.50830174
0.52100000 -4.61184789
0.52200000 -4.71048466
0.52300000 -4.80437347
0.52400000 -4.89367071
0.52500000 -4.97852784
0.52600000 -5.05909161
0.52700000 -5.13550420
0.52800000 -5.20790332
0.52900000 -5.27642241
0.53000000 -5.34119072
0.53100000 -5.40233351
0.53200000 -5.45997208
0.53300000 -5.51422401
0.53400000 -5.56520317
0.53500000 -5.61301991
0.53600000 -5.65778113
0.53700000 -5.69959040
0.53800000 -5.73854808
0.53900000 -5.77475141
0.54000000 -5.80829457
0.54100000 -5.83926885
0.54200000 -5.86776268
0.54300000 -5.89386173
0.54400000 -5.91764903
0.54500000 -5.93920499
0.54600000 -5.95860756
0.54700000 -5.97593224
0.54800000 -5.99125217
0.54900000 -6.00463823
0.55000000 -6.01615910
0.55100000 -6.02588130
0.55200000 -6.03386929
0.55300000 -6.04018552
0.55400000 -6.04489050
0.55500000 -6.04804283
0.55600000 -6.04969931
0.55700000 -6.04991495
0.55800000 -6.04874304
0.55900000 -6.04623522
0.56000000 -6.04244150
0.56100000 -6.03741034
0.56200000 -6.03118867
0.56300000 -6.02382195
0.56400000 -6.01535423
0.56500000 -6.00582817
0.56600000 -5.99528508
0.56700000 -5.98376499
0.56800000 -5.97130665
0.56900000 -5.95794760
0.57000000 -5.94372421
0.57100000 -5.92867168
0.57200000 -5.91282412
0.57300000 -5.89621453
0.57400000 -5.87887489
0.57500000 -5.86083617
0.57600000 -5.84212834
0.57700000 -5.82278042
0.57800000 -5.80282051
0.57900000 -5.78227582
0.58000000 -5.76117267
0.58100000 -5.73953656
0.58200000 -5.71739217
0.58300000 -5.69476337
0.58400000 -5.67167328
0.58500000 -5.64814427
0.58600000 -5.62419798
0.58700000 -5.59985535
0.58800000 -5.57513666
0.58900000 -5.55006151
0.59000000 -5.52464887
0.59100000 -5.49891708
0.59200000 -5.47288390
0.59300000 -5.44656648
0.59400000 -5.41998144
0.59500000 -5.39314481
0.59600000 -5.36607213
0.59700000 -5.33877839
0.59800000 -5.31127811
0.59900000 -5.28358530
0.60000000 -5.25571352
0.60100000 -5.22767586
0.60200000 -5.19948497
0.60300000 -5.17115309
0.60400000 -5.14269201
0.60500000 -5.11411316
0.60600000 -5.08542753
0.60700000 -5.05664577
0.60800000 -5.02777816
0.60900000 -4.99883460
0.61000000 -4.96982466
0.61100000 -4.94075758
0.61200000 -4.91164226
0.61300000 -4.88248729
0.61400000 -4.85330098
0.61500000 -4.82409130
0.61600000 -4.79486596
0.61700000 -4.76563239
0.61800000 -4.73639775
0.61900000 -4.70716893
0.62000000 -4.67795257
0.62100000 -4.64875508
0.62200000 -4.61958260
0.62300000 -4.59044106
0.62400000 -4.56133617
0.62500000 -4.53227342
0.62600000 -4.50325807
0.62700000 -4.47429520
0.62800000 -4.44538969
0.62900000 -4.41654621
0.63000000 -4.38776926
0.63100000 -4.35906315
0.63200000 -4.33043204
0.63300000 -4.30187989
0.63400000 -4.27341051
0.63500000 -4.24502755
0.63600000 -4.21673452
0.63700000 -4.18853475
0.63800000 -4.16043145
0.63900000 -4.13242769
0.64000000 -4.10452639
0.64100000 -4.07673035
0.64200000 -4.04904225
0.64300000 -4.02146462
0.64400000 -3.99399991
0.64500000 -3.96665041
0.64600000 -3.93941833
0.64700000 -3.91230577
0.64800000 -3.88531471
0.64900000 -3.85844705
0.65000000 -3.83170456
0.65100000 -3.80508894
0.65200000 -3.77860180
0.65300000 -3.75224465
0.65400000 -3.72601891
0.65500000 -3.69992593
0.65600000 -3.67396697
0.65700000 -3.64814321
0.65800000 -3.62245577
0.65900000 -3.59690569
0.66000000 -3.57149392
0.66100000 -3.54622136
0.66200000 -3.52108886
0.66300000 -3.49609717
0.66400000 -3.47124700
0.66500000 -3.44653901
0.66600000 -3.42197377
0.66700000 -3.39755183
0.66800000 -3.37327367
0.66900000 -3.34913970
0.67000000 -3.32515032
0.67100000 -3.30130584
0.67200000 -3.27760657
0.67300000 -3.25405272
0.67400000 -3.23064450
0.67500000 -3.20738207
0.67600000 -3.18426552
0.67700000 -3.16129494
0.67800000 -3.13847037
0.67900000 -3.11579179
0.68000000 -3.09325918
0.68100000 -3.07087247
0.68200000 -3.04863155
0.68300000 -3.02653630
0.68400000 -3.00458655
0.68500000 -2.98278210
0.68600000 -2.96112274
0.68700000 -2.93960822
0.68800000 -2.91823827
0.68900000 -2.89701260
0.69000000 -2.87593087
0.69100000 -2.85499275
0.69200000 -2.83419787
0.69300000 -2.81354585
0.69400000 -2.79303628
0.69500000 -2.77266872
0.69600000 -2.75244275
0.69700000 -2.73235788
0.69800000 -2.71241365
0.69900000 -2.69260956
0.70000000 -2.67294509
0.70100000 -2.65341973
0.70200000 -2.63403292
0.70300000 -2.61478411
0.70400000 -2.59567274
0.70500000 -2.57669823
0.70600000 -2.55785998
0.70700000 -2.53915740
0.70800000 -2.52058986
0.70900000 -2.50215674
0.71000000 -2.48385742
0.71100000 -2.46569125
0.71200000 -2.44765757
0.71300000 -2.42975573
0.71400000 -2.41198506
0.71500000 -2.39434489
0.71600000 -2.37683454
0.71700000 -2.35945332
0.71800000 -2.34220053
0.71900000 -2.32507547
0.72000000 -2.30807745
0.72100000 -2.29120575
0.72200000 -2.27445966
0.72300000 -2.25783846
0.72400000 -2.24134143
0.72500000 -2.22496784
0.72600000 -2.20871696
0.72700000 -2.19258807
0.72800000 -2.17658042
0.72900000 -2.16069328
0.73000000 -2.14492592
0.73100000 -2.12927759
0.73200000 -2.11374754
0.73300000 -2.09833504
0.73400000 -2.08303934
0.73500000 -2.06785969
0.73600000 -2.05279534
0.73700000 -2.03784556
0.73800000 -2.02300958
0.73900000 -2.00828667
0.74000000 -1.99367607
0.74100000 -1.97917704
0.74200000 -1.96478883
0.74300000 -1.95051070
0.74400000 -1.93634189
0.74500000 -1.92228166
0.74600000 -1.90832927
0.74700000 -1.89448398
0.74800000 -1.88074505
0.74900000 -1.86711172
0.75000000 -1.85358328
0.75100000 -1.84015897
0.75200000 -1.82683808
0.75300000 -1.81361985
0.75400000 -1.80050356
0.75500000 -1.78748849
0.75600000 -1.77457390
0.75700000 -1.76175908
0.75800000 -1.74904329
0.75900000 -1.73642583
0.76000000 -1.72390597
0.76100000 -1.71148300
0.76200000 -1.69915622
0.76300000 -1.68692490
0.76400000 -1.67478836
0.76500000 -1.66274587
0.76600000 -1.65079675
0.76700000 -1.63894031
0.76800000 -1.62717583
0.76900000 -1.61550265
0.77000000 -1.60392006
0.77100000 -1.59242739
0.77200000 -1.58102396
0.77300000 -1.56970909
0.77400000 -1.55848211
0.77500000 -1.54734234
0.77600000 -1.53628913
0.77700000 -1.52532181
0.77800000 -1.51443972
0.77900000 -1.50364221
0.78000000 -1.49292862
0.78100000 -1.48229831
0.78200000 -1.47175063
0.78300000 -1.46128495
0.78400000 -1.45090062
0.78500000 -1.44059702
0.78600000 -1.43037351
0.78700000 -1.42022947
0.78800000 -1.41016428
0.78900000 -1.40017733
0.79000000 -1.39026799
0.79100000 -1.38043565
0.79200000 -1.37067972
0.79300000 -1.36099959
0.79400000 -1.35139466
0.79500000 -1.34186434
0.79600000 -1.33240804
0.79700000 -1.32302517
0.79800000 -1.31371515
0.79900000 -1.30447739
0.80000000 -1.29531134
0.80100000 -1.28621640
0.80200000 -1.27719203
0.80300000 -1.26823765
0.80400000 -1.25935271
0.80500000 -1.25053665
0.80600000 -1.24178891
0.80700000 -1.23310896
0.80800000 -1.22449625
0.80900000 -1.21595024
0.81000000 -1.20747039
0.81100000 -1.19905617
0.81200000 -1.19070706
0.81300000 -1.18242252
0.81400000 -1.17420204
0.81500000 -1.16604511
0.81600000 -1.15795121
0.81700000 -1.14991982
0.81800000 -1.14195045
0.81900000 -1.13404260
0.82000000 -1.12619576
0.82100000 -1.11840944
0.82200000 -1.11068316
0.82300000 -1.10301642
0.82400000 -1.09540874
0.82500000 -1.08785965
0.82600000 -1.08036866
0.82700000 -1.07293531
0.82800000 -1.06555913
0.82900000 -1.05823965
0.83000000 -1.05097642
0.83100000 -1.04376897
0.83200000 -1.03661685
0.83300000 -1.02951961
0.83400000 -1.02247680
0.83500000 -1.01548798
0.83600000 -1.00855272
0.83700000 -1.00167056
0.83800000 -0.99484109
0.83900000 -0.98806387
0.84000000 -0.98133848
0.84100000 -0.97466449
0.84200000 -0.96804148
0.84300000 -0.96146904
0.84400000 -0.95494676
0.84500000 -0.94847422
0.84600000 -0.94205102
0.84700000 -0.93567675
0.84800000 -0.92935103
0.84900000 -0.92307344
0.85000000 -0.91684360
0.85100000 -0.91066112
0.85200000 -0.90452561
0.85300000 -0.89843669
0.85400000 -0.89239397
0.85500000 -0.88639708
0.85600000 -0.88044565
0.85700000 -0.87453930
0.85800000 -0.86867767
0.85900000 -0.86286039
0.86000000 -0.85708710
0.86100000 -0.85135743
0.86200000 -0.84567104
0.86300000 -0.84002757
0.86400000 -0.83442666
0.86500000 -0.82886798
0.86600000 -0.82335118
0.86700000 -0.81787591
0.86800000 -0.81244184
0.86900000 -0.80704863
0.87000000 -0.80169594
0.87100000 -0.79638346
0.87200000 -0.79111084
0.87300000 -0.78587776
0.87400000 -0.78068391
0.87500000 -0.77552896
0.87600000 -0.77041259
0.87700000 -0.76533449
0.87800000 -0.76029436
0.87900000 -0.75529187
0.88000000 -0.75032673
0.88100000 -0.74539862
0.88200000 -0.74050725
0.88300000 -0.73565233
0.88400000 -0.73083354
0.88500000 -0.72605061
0.88600000 -0.72130323
0.88700000 -0.71659112
0.88800000 -0.71191400
0.88900000 -0.70727157
0.89000000 -0.70266356
0.89100000 -0.69808969
0.89200000 -0.69354967
0.89300000 -0.68904325
0.89400000 -0.68457014
0.89500000 -0.68013007
0.89600000 -0.67572278
0.89700000 -0.67134800
0.89800000 -0.66700546
0.89900000 -0.66269492
0.90000000 -0.65841610
0.90100000 -0.65416876
0.90200000 -0.64995263
0.90300000 -0.64576747
0.90400000 -0.64161302
0.90500000 -0.63748904
0.90600000 -0.63339528
0.90700000 -0.62933150
0.90800000 -0.62529745
0.90900000 -0.62129291
0.91000000 -0.61731762
0.91100000 -0.61337135
0.91200000 -0.60945388
0.91300000 -0.60556496
0.91400000 -0.60170437
0.91500000 -0.59787189
0.91600000 -0.59406728
0.91700000 -0.59029032
0.91800000 -0.58654079
0.91900000 -0.58281847
0.92000000 -0.57912314
0.92100000 -0.57545459
0.92200000 -0.57181260
0.92300000 -0.56819696
0.92400000 -0.56460746
0.92500000 -0.56104389
0.92600000 -0.55750603
0.92700000 -0.55399370
0.92800000 -0.55050667
0.92900000 -0.54704476
0.93000000 -0.54360776
0.93100000 -0.54019547
0.93200000 -0.53680769
0.93300000 -0.53344423
0.93400000 -0.53010490
0.93500000 -0.52678951
0.93600000 -0.52349786
0.93700000 -0.52022976
0.93800000 -0.51698504
0.93900000 -0.51376349
0.94000000 -0.51056495
0.94100000 -0.50738922
0.94200000 -0.50423613
0.94300000 -0.50110550
0.94400000 -0.49799714
0.94500000 -0.49491089
0.94600000 -0.49184657
0.94700000 -0.48880400
0.94800000 -0.48578302
0.94900000 -0.48278345
0.95000000 -0.47980512
0.95100000 -0.47684788
0.95200000 -0.47391154
0.95300000 -0.47099595
0.95400000 -0.46810094
0.95500000 -0.46522636
0.95600000 -0.46237203
0.95700000 -0.45953781
0.95800000 -0.45672354
0.95900000 -0.45392905
0.96000000 -0.45115419
0.96100000 -0.44839882
0.96200000 -0.44566277
0.96300000 -0.44294589
0.96400000 -0.44024805
0.96500000 -0.43756908
0.96600000 -0.43490884
0.96700000 -0.43226718
0.96800000 -0.42964396
0.96900000 -0.42703904
0.97000000 -0.42445227
0.97100000 -0.42188352
0.97200000 -0.41933263
0.97300000 -0.41679948
0.97400000 -0.41428392
0.97500000 -0.41178583
0.97600000 -0.40930505
0.97700000 -0.40684147
0.97800000 -0.40439494
0.97900000 -0.40196533
0.98000000 -0.39955252
0.98100000 -0.39715637
0.98200000 -0.39477675
0.98300000 -0.39241354
0.98400000 -0.39006661
0.98500000 -0.38773584
0.98600000 -0.38542110
0.98700000 -0.38312226
0.98800000 -0.38083921
0.98900000 -0.37857182
0.99000000 -0.37631998
0.99100000 -0.37408356
0.99200000 -0.37186244
0.99300000 -0.36965651
0.99400000 -0.36746566
0.99500000 -0.36528976
0.99600000 -0.36312870
0.99700000 -0.36098237
0.99800000 -0.35885066
0.99900000 -0.35673345
1.00000000 -0.35463064
1.00100000 -0.35254211
1.00200000 -0.35046775
1.00300000 -0.34840747
1.00400000 -0.34636114
1.00500000 -0.34432867
1.00600000 -0.34230994
1.00700000 -0.34030486
1.00800000 -0.33831332
1.00900000 -0.33633522
1.01000000 -0.33437046
1.01100000 -0.33241893
1.01200000 -0.33048054
1.01300000 -0.32855519
1.01400000 -0.32664277
1.01500000 -0.32474320
1.01600000 -0.32285636
1.01700000 -0.32098218
1.01800000 -0.31912054
1.01900000 -0.31727137
1.02000000 -0.31543456
1.02100000 -0.31361002
1.02200000 -0.31179766
1.02300000 -0.30999738
1.02400000 -0.30820911
1.02500000 -0.30643274
1.02600000 -0.30466819
1.02700000 -0.30291537
1.02800000 -0.30117419
1.02900000 -0.29944456
1.03000000 -0.29772641
1.03100000 -0.29601964
1.03200000 -0.29432416
1.03300000 -0.29263990
1.03400000 -0.29096677
1.03500000 -0.28930469
1.03600000 -0.28765357
1.03700000 -0.28601334
1.03800000 -0.28438392
1.03900000 -0.28276521
1.04000000 -0.28115715
1.04100000 -0.27955966
1.04200000 -0.27797265
1.04300000 -0.27639605
1.04400000 -0.27482979
1.04500000 -0.27327378
1.04600000 -0.27172795
1.04700000 -0.27019223
1.04800000 -0.26866653
1.04900000 -0.26715080
1.05000000 -0.26564495
1.05100000 -0.26414891
1.05200000 -0.26266261
1.05300000 -0.26118598
1.05400000 -0.25971895
1.05500000 -0.25826144
1.05600000 -0.25681339
1.05700000 -0.25537473
1.05800000 -0.25394539
1.05900000 -0.25252530
1.06000000 -0.25111439
1.06100000 -0.24971260
1.06200000 -0.24831985
1.06300000 -0.24693610
1.06400000 -0.24556126
1.06500000 -0.24419528
1.06600000 -0.24283808
1.06700000 -0.24148961
1.06800000 -0.24014981
1.06900000 -0.23881860
1.07000000 -0.23749593
1.07100000 -0.23618174
1.07200000 -0.23487596
1.07300000 -0.23357854
1.07400000 -0.23228941
1.07500000 -0.23100851
1.07600000 -0.22973578
1.07700000 -0.22847118
1.07800000 -0.22721462
1.07900000 -0.22596607
1.08000000 -0.22472546
1.08100000 -0.22349273
1.08200000 -0.22226783
1.08300000 -0.22105070
1.08400000 -0.21984129
1.08500000 -0.21863953
1.08600000 -0.21744539
1.08700000 -0.21625879
1.08800000 -0.21507969
1.08900000 -0.21390804
1.09000000 -0.21274377
1.09100000 -0.21158685
1.09200000 -0.21043721
1.09300000 -0.20929480
1.09400000 -0.20815957
1.09500000 -0.20703148
1.09600000 -0.20591047
1.09700000 -0.20479649
1.09800000 -0.20368948
1.09900000 -0.20258941
1.10000000 -0.20149623
1.10100000 -0.20040987
1.10200000 -0.19933030
1.10300000 -0.19825747
1.10400000 -0.19719133
1.10500000 -0.19613182
1.10600000 -0.19507892
1.10700000 -0.19403256
1.10800000 -0.19299271
1.10900000 -0.19195931
1.11000000 -0.19093233
1.11100000 -0.18991171
1.11200000 -0.18889742
1.11300000 -0.18788940
1.11400000 -0.18688762
1.11500000 -0.18589203
1.11600000 -0.18490258
1.11700000 -0.18391924
1.11800000 -0.18294196
1.11900000 -0.18197070
1.12000000 -0.18100542
1.12100000 -0.18004607
1.12200000 -0.17909262
1.12300000 -0.17814502
1.12400000 -0.17720323
1.12500000 -0.17626721
1.12600000 -0.17533693
1.12700000 -0.17441234
1.12800000 -0.17349340
1.12900000 -0.17258008
1.13000000 -0.17167233
1.13100000 -0.17077011
1.13200000 -0.16987340
1.13300000 -0.16898215
1.13400000 -0.16809631
1.13500000 -0.16721587
1.13600000 -0.16634077
1.13700000 -0.16547098
1.13800000 -0.16460647
1.13900000 -0.16374719
1.14000000 -0.16289312
1.14100000 -0.16204422
1.14200000 -0.16120044
1.14300000 -0.16036177
1.14400000 -0.15952815
1.14500000 -0.15869956
1.14600000 -0.15787596
1.14700000 -0.15705733
1.14800000 -0.15624361
1.14900000 -0.15543479
1.15000000 -0.15463082
1.15100000 -0.15383168
1.15200000 -0.15303733
1.15300000 -0.15224774
1.15400000 -0.15146288
1.15500000 -0.15068271
1.15600000 -0.14990721
1.15700000 -0.14913633
1.15800000 -0.14837006
1.15900000 -0.14760835
1.16000000 -0.14685118
1.16100000 -0.14609852
1.16200000 -0.14535034
1.16300000 -0.14460660
1.16400000 -0.14386728
1.16500000 -0.14313235
1.16600000 -0.14240177
1.16700000 -0.14167553
1.16800000 -0.14095358
1.16900000 -0.14023590
1.17000000 -0.13952246
1.17100000 -0.13881323
1.17200000 -0.13810819
1.17300000 -0.13740731
1.17400000 -0.13671056
1.17500000 -0.13601790
1.17600000 -0.13532933
1.17700000 -0.13464479
1.17800000 -0.13396428
1.17900000 -0.13328776
1.18000000 -0.13261521
1.18100000 -0.13194660
1.18200000 -0.13128190
1.18300000 -0.13062109
1.18400000 -0.12996414
1.18500000 -0.12931103
1.18600000 -0.12866172
1.18700000 -0.12801621
1.18800000 -0.12737445
1.18900000 -0.12673643
1.19000000 -0.12610213
1.19100000 -0.12547150
1.19200000 -0.12484454
1.19300000 -0.12422122
1.19400000 -0.12360152
1.19500000 -0.12298540
1.19600000 -0.12237285
1.19700000 -0.12176384
1.19800000 -0.12115836
1.19900000 -0.12055637
1.20000000 -0.11995785
1.20100000 -0.11936279
1.20200000 -0.11877115
1.20300000 -0.11818292
1.20400000 -0.11759807
1.20500000 -0.11701659
1.20600000 -0.11643845
1.20700000 -0.11586362
1.20800000 -0.11529209
1.20900000 -0.11472384
1.21000000 -0.11415884
1.21100000 -0.11359707
1.21200000 -0.11303851
1.21300000 -0.11248315
1.21400000 -0.11193095
1.21500000 -0.11138190
1.21600000 -0.11083598
1.21700000 -0.11029318
1.21800000 -0.10975345
1.21900000 -0.10921680
1.22000000 -0.10868320
1.22100000 -0.10815263
1.22200000 -0.10762506
1.22300000 -0.10710049
1.22400000 -0.10657888
1.22500000 -0.10606023
1.22600000 -0.10554451
1.22700000 -0.10503171
1.22800000 -0.10452180
1.22900000 -0.10401477
1.23000000 -0.10351059
1.23100000 -0.10300926
1.23200000 -0.10251075
1.23300000 -0.10201504
1.23400000 -0.10152211
1.23500000 -0.10103196
1.23600000 -0.10054455
1.23700000 -0.10005988
1.23800000 -0.09957793
1.23900000 -0.09909867
1.24000000 -0.09862209
1.24100000 -0.09814818
1.24200000 -0.09767691
1.24300000 -0.09720827
1.24400000 -0.09674225
1.24500000 -0.09627882
1.24600000 -0.09581798
1.24700000 -0.09535969
1.24800000 -0.09490396
1.24900000 -0.09445076
1.25000000 -0.09400007
1.25100000 -0.09355188
1.25200000 -0.09310618
1.25300000 -0.09266295
1.25400000 -0.09222217
1.25500000 -0.09178382
1.25600000 -0.09134790
1.25700000 -0.09091439
1.25800000 -0.09048326
1.25900000 -0.09005452
1.26000000 -0.08962813
1.26100000 -0.08920410
1.26200000 -0.08878239
1.26300000 -0.08836301
1.26400000 -0.08794592
1.26500000 -0.08753113
1.26600000 -0.08711861
1.26700000 -0.08670835
1.26800000 -0.08630034
1.26900000 -0.08589455
1.27000000 -0.08549099
1.27100000 -0.08508964
1.27200000 -0.08469047
1.27300000 -0.08429348
1.27400000 -0.08389865
1.27500000 -0.08350598
1.27600000 -0.08311544
1.27700000 -0.08272703
1.27800000 -0.08234073
1.27900000 -0.08195652
1.28000000 -0.08157440
1.28100000 -0.08119435
1.28200000 -0.08081636
1.28300000 -0.08044042
1.28400000 -0.08006651
1.28500000 -0.07969462
1.28600000 -0.07932474
1.28700000 -0.07895686
1.28800000 -0.07859096
1.28900000 -0.07822704
1.29000000 -0.07786507
1.29100000 -0.07750505
1.29200000 -0.07714697
1.29300000 -0.07679081
1.29400000 -0.07643657
1.29500000 -0.07608422
1.29600000 -0.07573377
1.29700000 -0.07538519
1.29800000 -0.07503848
1.29900000 -0.07469362
1.30000000 -0.07435060
1.30100000 -0.07400942
1.30200000 -0.07367006
1.30300000 -0.07333251
1.30400000 -0.07299676
1.30500000 -0.07266280
1.30600000 -0.07233061
1.30700000 -0.07200019
1.30800000 -0.07167153
1.30900000 -0.07134461
1.31000000 -0.07101943
1.31100000 -0.07069597
1.31200000 -0.07037422
1.31300000 -0.07005418
1.31400000 -0.06973583
1.31500000 -0.06941917
1.31600000 -0.06910417
1.31700000 -0.06879084
1.31800000 -0.06847917
1.31900000 -0.06816913
1.32000000 -0.06786073
1.32100000 -0.06755395
1.32200000 -0.06724879
1.32300000 -0.06694523
1.32400000 -0.06664326
1.32500000 -0.06634288
1.32600000 -0.06604407
1.32700000 -0.06574683
1.32800000 -0.06545115
1.32900000 -0.06515701
1.33000000 -0.06486441
1.33100000 -0.06457334
1.33200000 -0.06428379
1.33300000 -0.06399575
1.33400000 -0.06370922
1.33500000 -0.06342417
1.33600000 -0.06314061
1.33700000 -0.06285852
1.33800000 -0.06257790
1.33900000 -0.06229874
1.34000000 -0.06202103
1.34100000 -0.06174476
1.34200000 -0.06146992
1.34300000 -0.06119650
1.34400000 -0.06092450
1.34500000 -0.06065391
1.34600000 -0.06038471
1.34700000 -0.06011691
1.34800000 -0.05985048
1.34900000 -0.05958543
1.35000000 -0.05932175
1.35100000 -0.05905943
1.35200000 -0.05879845
1.35300000 -0.05853882
1.35400000 -0.05828052
1.35500000 -0.05802355
1.35600000 -0.05776789
1.35700000 -0.05751355
1.35800000 -0.05726051
1.35900000 -0.05700877
1.36000000 -0.05675831
1.36100000 -0.05650914
1.36200000 -0.05626123
1.36300000 -0.05601460
1.36400000 -0.05576922
1.36500000 -0.05552509
1.36600000 -0.05528221
1.36700000 -0.05504056
1.36800000 -0.05480015
1.36900000 -0.05456095
1.37000000 -0.05432297
1.37100000 -0.05408620
1.37200000 -0.05385063
1.37300000 -0.05361625
1.37400000 -0.05338307
1.37500000 -0.05315106
1.37600000 -0.05292022
1.37700000 -0.05269056
1.37800000 -0.05246205
1.37900000 -0.05223469
1.38000000 -0.05200849
1.38100000 -0.05178342
1.38200000 -0.05155949
1.38300000 -0.05133668
1.38400000 -0.05111500
1.38500000 -0.05089443
1.38600000 -0.05067496
1.38700000 -0.05045660
1.38800000 -0.05023934
1.38900000 -0.05002316
1.39000000 -0.04980807
1.39100000 -0.04959405
1.39200000 -0.04938110
1.39300000 -0.04916922
1.39400000 -0.04895840
1.39500000 -0.04874862
1.39600000 -0.04853990
1.39700000 -0.04833221
1.39800000 -0.04812556
1.39900000 -0.04791994
1.40000000 -0.04771534
1.40100000 -0.04751176
1.40200000 -0.04730919
1.40300000 -0.04710762
1.40400000 -0.04690706
1.40500000 -0.04670749
1.40600000 -0.04650890
1.40700000 -0.04631131
1.40800000 -0.04611468
1.40900000 -0.04591903
1.41000000 -0.04572435
1.41100000 -0.04553063
1.41200000 -0.04533786
1.41300000 -0.04514604
1.41400000 -0.04495517
1.41500000 -0.04476524
1.41600000 -0.04457624
1.41700000 -0.04438817
1.41800000 -0.04420102
1.41900000 -0.04401479
1.42000000 -0.04382948
1.42100000 -0.04364508
1.42200000 -0.04346157
1.42300000 -0.04327897
1.42400000 -0.04309726
1.42500000 -0.04291644
1.42600000 -0.04273650
1.42700000 -0.04255744
1.42800000 -0.04237925
1.42900000 -0.04220194
1.43000000 -0.04202548
1.43100000 -0.04184989
1.43200000 -0.04167515
1.43300000 -0.04150126
1.43400000 -0.04132821
1.43500000 -0.04115601
1.43600000 -0.04098464
1.43700000 -0.04081410
1.43800000 -0.04064438
1.43900000 -0.04047549
1.44000000 -0.04030742
1.44100000 -0.04014016
1.44200000 -0.03997370
1.44300000 -0.03980805
1.44400000 -0.03964320
1.44500000 -0.03947915
1.44600000 -0.03931589
1.44700000 -0.03915341
1.44800000 -0.03899171
1.44900000 -0.03883079
1.45000000 -0.03867065
1.45100000 -0.03851127
1.45200000 -0.03835266
1.45300000 -0.03819481
1.45400000 -0.03803772
1.45500000 -0.03788137
1.45600000 -0.03772578
1.45700000 -0.03757093
1.45800000 -0.03741682
1.45900000 -0.03726345
1.46000000 -0.03711081
1.46100000 -0.03695890
1.46200000 -0.03680771
1.46300000 -0.03665724
1.46400000 -0.03650749
1.46500000 -0.03635845
1.46600000 -0.03621012
1.46700000 -0.03606250
1.46800000 -0.03591557
1.46900000 -0.03576934
1.47000000 -0.03562381
1.47100000 -0.03547897
1.47200000 -0.03533481
1.47300000 -0.03519133
1.47400000 -0.03504853
1.47500000 -0.03490641
1.47600000 -0.03476496
1.47700000 -0.03462417
1.47800000 -0.03448405
1.47900000 -0.03434459
1.48000000 -0.03420579
1.48100000 -0.03406764
1.48200000 -0.03393014
1.48300000 -0.03379329
1.48400000 -0.03365708
1.48500000 -0.03352151
1.48600000 -0.03338657
1.48700000 -0.03325227
1.48800000 -0.03311860
1.48900000 -0.03298555
1.49000000 -0.03285313
1.49100000 -0.03272132
1.49200000 -0.03259013
1.49300000 -0.03245956
1.49400000 -0.03232959
1.49500000 -0.03220023
1.49600000 -0.03207147
1.49700000 -0.03194331
1.49800000 -0.03181575
1.49900000 -0.03168878
1.50000000 -0.03156240
1.50100000 -0.03143661
1.50200000 -0.03131140
1.50300000 -0.03118677
1.50400000 -0.03106273
1.50500000 -0.03093925
1.50600000 -0.03081635
1.50700000 -0.03069402
1.50800000 -0.03057225
1.50900000 -0.03045104
1.51000000 -0.03033040
1.51100000 -0.03021031
1.51200000 -0.03009077
1.51300000 -0.02997179
1.51400000 -0.02985335
1.51500000 -0.02973546
1.51600000 -0.02961811
1.51700000 -0.02950130
1.51800000 -0.02938503
1.51900000 -0.02926929
1.52000000 -0.02915409
1.52100000 -0.02903941
1.52200000 -0.02892525
1.52300000 -0.02881162
1.52400000 -0.02869851
1.52500000 -0.02858592
1.52600000 -0.02847384
1.52700000 -0.02836227
1.52800000 -0.02825121
1.52900000 -0.02814066
1.53000000 -0.02803061
1.53100000 -0.02792107
1.53200000 -0.02781202
1.53300000 -0.02770347
1.53400000 -0.02759541
1.53500000 -0.02748784
1.53600000 -0.02738077
1.53700000 -0.02727417
1.53800000 -0.02716807
1.53900000 -0.02706244
1.54000000 -0.02695729
1.54100000 -0.02685261
1.54200000 -0.02674841
1.54300000 -0.02664469
1.54400000 -0.02654142
1.54500000 -0.02643863
1.54600000 -0.02633630
1.54700000 -0.02623443
1.54800000 -0.02613302
1.54900000 -0.02603207
1.55000000 -0.02593157
1.55100000 -0.02583152
1.55200000 -0.02573193
1.55300000 -0.02563278
1.55400000 -0.02553407
1.55500000 -0.02543581
1.55600000 -0.02533799
1.55700000 -0.02524060
1.55800000 -0.02514366
1.55900000 -0.02504714
1.56000000 -0.02495106
1.56100000 -0.02485541
1.56200000 -0.02476019
1.56300000 -0.02466539
1.56400000 -0.02457101
1.56500000 -0.02447705
1.56600000 -0.02438351
1.56700000 -0.02429039
1.56800000 -0.02419769
1.56900000 -0.02410539
1.57000000 -0.02401351
1.57100000 -0.02392203
1.57200000 -0.02383096
1.57300000 -0.02374029
1.57400000 -0.02365003
1.57500000 -0.02356016
1.57600000 -0.02347070
1.57700000 -0.02338163
1.57800000 -0.02329295
1.57900000 -0.02320466
1.58000000 -0.02311677
1.58100000 -0.02302926
1.58200000 -0.02294214
1.58300000 -0.02285540
1.58400000 -0.02276905
1.58500000 -0.02268307
1.58600000 -0.02259747
1.58700000 -0.02251225
1.58800000 -0.02242741
1.58900000 -0.02234293
1.59000000 -0.02225883
1.59100000 -0.02217510
1.59200000 -0.02209173
1.59300000 -0.02200873
1.59400000 -0.02192609
1.59500000 -0.02184381
1.59600000 -0.02176190
1.59700000 -0.02168034
1.59800000 -0.02159913
1.59900000 -0.02151828
1.60000000 -0.02143779
1.60100000 -0.02135764
1.60200000 -0.02127785
1.60300000 -0.02119840
1.60400000 -0.02111930
1.60500000 -0.02104054
1.60600000 -0.02096212
1.60700000 -0.02088404
1.60800000 -0.02080631
1.60900000 -0.02072890
1.61000000 -0.02065184
1.61100000 -0.02057511
1.61200000 -0.02049871
1.61300000 -0.02042264
1.61400000 -0.02034690
1.61500000 -0.02027149
1.61600000 -0.02019640
1.61700000 -0.02012164
1.61800000 -0.02004720
1.61900000 -0.01997308
1.62000000 -0.01989928
1.62100000 -0.01982580
1.62200000 -0.01975264
1.62300000 -0.01967979
1.62400000 -0.01960725
1.62500000 -0.01953502
1.62600000 -0.01946311
1.62700000 -0.01939150
1.62800000 -0.01932020
1.62900000 -0.01924920
1.63000000 -0.01917851
1.63100000 -0.01910812
1.63200000 -0.01903803
1.63300000 -0.01896825
1.63400000 -0.01889876
1.63500000 -0.01882956
1.63600000 -0.01876067
1.63700000 -0.01869206
1.63800000 -0.01862375
1.63900000 -0.01855573
1.64000000 -0.01848800
1.64100000 -0.01842055
1.64200000 -0.01835340
1.64300000 -0.01828652
1.64400000 -0.01821994
1.64500000 -0.01815363
1.64600000 -0.01808761
1.64700000 -0.01802186
1.64800000 -0.01795640
1.64900000 -0.01789121
1.65000000 -0.01782630
1.65100000 -0.01776166
1.65200000 -0.01769730
1.65300000 -0.01763320
1.65400000 -0.01756938
1.65500000 -0.01750583
1.65600000 -0.01744254
1.65700000 -0.01737952
1.65800000 -0.01731677
1.65900000 -0.01725428
1.66000000 -0.01719205
1.66100000 -0.01713009
1.66200000 -0.01706838
1.66300000 -0.01700694
1.66400000 -0.01694575
1.66500000 -0.01688482
1.66600000 -0.01682414
1.66700000 -0.01676372
1.66800000 -0.01670355
1.66900000 -0.01664363
1.67000000 -0.01658396
1.67100000 -0.01652455
1.67200000 -0.01646538
1.67300000 -0.01640645
1.67400000 -0.01634778
1.67500000 -0.01628934
1.67600000 -0.01623116
1.67700000 -0.01617321
1.67800000 -0.01611550
1.67900000 -0.01605804
1.68000000 -0.01600081
1.68100000 -0.01594382
1.68200000 -0.01588707
1.68300000 -0.01583055
1.68400000 -0.01577427
1.68500000 -0.01571822
1.68600000 -0.01566240
1.68700000 -0.01560681
1.68800000 -0.01555146
1.68900000 -0.01549633
1.69000000 -0.01544143
1.69100000 -0.01538676
1.69200000 -0.01533231
1.69300000 -0.01527808
1.69400000 -0.01522408
1.69500000 -0.01517031
1.69600000 -0.01511675
1.69700000 -0.01506342
1.69800000 -0.01501030
1.69900000 -0.01495740
1.70000000 -0.01490472
1.70100000 -0.01485226
1.70200000 -0.01480001
1.70300000 -0.01474797
1.70400000 -0.01469615
1.70500000 -0.01464454
1.70600000 -0.01459314
1.70700000 -0.01454195
1.70800000 -0.01449098
1.70900000 -0.01444020
1.71000000 -0.01438964
1.71100000 -0.01433928
1.71200000 -0.01428913
1.71300000 -0.01423919
1.71400000 -0.01418944
1.71500000 -0.01413990
1.71600000 -0.01409056
1.71700000 -0.01404142
1.71800000 -0.01399248
1.71900000 -0.01394374
1.72000000 -0.01389520
1.72100000 -0.01384686
1.72200000 -0.01379871
1.72300000 -0.01375075
1.72400000 -0.01370299
1.72500000 -0.01365543
1.72600000 -0.01360805
1.72700000 -0.01356087
1.72800000 -0.01351388
1.72900000 -0.01346707
1.73000000 -0.01342046
1.73100000 -0.01337404
1.73200000 -0.01332780
1.73300000 -0.01328175
1.73400000 -0.01323588
1.73500000 -0.01319020
1.73600000 -0.01314470
1.73700000 -0.01309939
1.73800000 -0.01305425
1.73900000 -0.01300930
1.74000000 -0.01296453
1.74100000 -0.01291994
1.74200000 -0.01287553
1.74300000 -0.01283129
1.74400000 -0.01278723
1.74500000 -0.01274335
1.74600000 -0.01269965
1.74700000 -0.01265611
1.74800000 -0.01261276
1.74900000 -0.01256957
1.75000000 -0.01252656
1.75100000 -0.01248372
1.75200000 -0.01244105
1.75300000 -0.01239855
1.75400000 -0.01235622
1.75500000 -0.01231406
1.75600000 -0.01227206
1.75700000 -0.01223024
1.75800000 -0.01218858
1.75900000 -0.01214708
1.76000000 -0.01210575
1.76100000 -0.01206458
1.76200000 -0.01202358
1.76300000 -0.01198274
1.76400000 -0.01194206
1.76500000 -0.01190154
1.76600000 -0.01186118
1.76700000 -0.01182098
1.76800000 -0.01178094
1.76900000 -0.01174106
1.77000000 -0.01170133
1.77100000 -0.01166177
1.77200000 -0.01162235
1.77300000 -0.01158310
1.77400000 -0.01154399
1.77500000 -0.01150505
1.77600000 -0.01146625
1.77700000 -0.01142761
1.77800000 -0.01138912
1.77900000 -0.01135078
1.78000000 -0.01131259
1.78100000 -0.01127455
1.78200000 -0.01123666
1.78300000 -0.01119891
1.78400000 -0.01116132
1.78500000 -0.01112387
1.78600000 -0.01108657
1.78700000 -0.01104942
1.78800000 -0.01101241
1.78900000 -0.01097554
1.79000000 -0.01093882
1.79100000 -0.01090224
1.79200000 -0.01086581
1.79300000 -0.01082951
1.79400000 -0.01079336
1.79500000 -0.01075735
1.79600000 -0.01072148
1.79700000 -0.01068574
1.79800000 -0.01065015
1.79900000 -0.01061469
1.80000000 -0.01057938
1.80100000 -0.01054420
1.80200000 -0.01050915
1.80300000 -0.01047424
1.80400000 -0.01043947
1.80500000 -0.01040483
1.80600000 -0.01037033
1.80700000 -0.01033595
1.80800000 -0.01030172
1.80900000 -0.01026761
1.81000000 -0.01023363
1.81100000 -0.01019979
1.81200000 -0.01016608
1.81300000 -0.01013249
1.81400000 -0.01009904
1.81500000 -0.01006571
1.81600000 -0.01003252
1.81700000 -0.00999945
1.81800000 -0.00996650
1.81900000 -0.00993369
1.82000000 -0.00990100
1.82100000 -0.00986843
1.82200000 -0.00983599
1.82300000 -0.00980368
1.82400000 -0.00977149
1.82500000 -0.00973942
1.82600000 -0.00970747
1.82700000 -0.00967565
1.82800000 -0.00964395
1.82900000 -0.00961237
1.83000000 -0.00958090
1.83100000 -0.00954956
1.83200000 -0.00951834
1.83300000 -0.00948724
1.83400000 -0.00945626
1.83500000 -0.00942539
1.83600000 -0.00939464
1.83700000 -0.00936401
1.83800000 -0.00933350
1.83900000 -0.00930310
1.84000000 -0.00927282
1.84100000 -0.00924265
1.84200000 -0.00921259
1.84300000 -0.00918265
1.84400000 -0.00915283
1.84500000 -0.00912311
1.84600000 -0.00909351
1.84700000 -0.00906402
1.84800000 -0.00903464
1.84900000 -0.00900538
1.85000000 -0.00897622
1.85100000 -0.00894718
1.85200000 -0.00891824
1.85300000 -0.00888941
1.85400000 -0.00886069
1.85500000 -0.00883208
1.85600000 -0.00880358
1.85700000 -0.00877518
1.85800000 -0.00874689
1.85900000 -0.00871871
1.86000000 -0.00869063
1.86100000 -0.00866266
1.86200000 -0.00863479
1.86300000 -0.00860703
1.86400000 -0.00857937
1.86500000 -0.00855182
1.86600000 -0.00852437
1.86700000 -0.00849702
1.86800000 -0.00846977
1.86900000 -0.00844263
1.87000000 -0.00841559
1.87100000 -0.00838864
1.87200000 -0.00836180
1.87300000 -0.00833506
1.87400000 -0.00830842
1.87500000 -0.00828188
1.87600000 -0.00825543
1.87700000 -0.00822909
1.87800000 -0.00820284
1.87900000 -0.00817669
1.88000000 -0.00815064
1.88100000 -0.00812468
1.88200000 -0.00809882
1.88300000 -0.00807306
1.88400000 -0.00804739
1.88500000 -0.00802182
1.88600000 -0.00799634
1.88700000 -0.00797096
1.88800000 -0.00794567
1.88900000 -0.00792047
1.89000000 -0.00789537
1.89100000 -0.00787036
1.89200000 -0.00784544
1.89300000 -0.00782062
1.89400000 -0.00779588
1.89500000 -0.00777124
1.89600000 -0.00774669
1.89700000 -0.00772223
1.89800000 -0.00769785
1.89900000 -0.00767357
1.90000000 -0.00764938
1.90100000 -0.00762527
1.90200000 -0.00760126
1.90300000 -0.00757733
1.90400000 -0.00755349
1.90500000 -0.00752974
1.90600000 -0.00750608
1.90700000 -0.00748250
1.90800000 -0.00745901
1.90900000 -0.00743560
1.91000000 -0.00741228
1.91100000 -0.00738905
1.91200000 -0.00736590
1.91300000 -0.00734283
1.91400000 -0.00731985
1.91500000 -0.00729695
1.91600000 -0.00727414
1.91700000 -0.00725141
1.91800000 -0.00722876
1.91900000 -0.00720619
1.92000000 -0.00718371
1.92100000 -0.00716131
1.92200000 -0.00713899
1.92300000 -0.00711675
1.92400000 -0.00709459
1.92500000 -0.00707251
1.92600000 -0.00705051
1.92700000 -0.00702860
1.92800000 -0.00700676
1.92900000 -0.00698500
1.93000000 -0.00696332
1.93100000 -0.00694172
1.93200000 -0.00692019
1.93300000 -0.00689875
1.93400000 -0.00687738
1.93500000 -0.00685609
1.93600000 -0.00683487
1.93700000 -0.00681373
1.93800000 -0.00679267
1.93900000 -0.00677168
1.94000000 -0.00675077
1.94100000 -0.00672994
1.94200000 -0.00670918
1.94300000 -0.00668849
1.94400000 -0.00666788
1.94500000 -0.00664734
1.94600000 -0.00662688
1.94700000 -0.00660649
1.94800000 -0.00658617
1.94900000 -0.00656593
1.95000000 -0.00654576
1.95100000 -0.00652566
1.95200000 -0.00650563
1.95300000 -0.00648568
1.95400000 -0.00646579
1.95500000 -0.00644598
1.95600000 -0.00642624
1.95700000 -0.00640656
1.95800000 -0.00638696
1.95900000 -0.00636743
1.96000000 -0.00634797
1.96100000 -0.00632857
1.96200000 -0.00630925
1.96300000 -0.00629000
1.96400000 -0.00627081
1.96500000 -0.00625169
1.96600000 -0.00623264
1.96700000 -0.00621366
1.96800000 -0.00619474
1.96900000 -0.00617590
1.97000000 -0.00615711
1.97100000 -0.00613840
1.97200000 -0.00611975
1.97300000 -0.00610117
1.97400000 -0.00608265
1.97500000 -0.00606420
1.97600000 -0.00604582
1.97700000 -0.00602750
1.97800000 -0.00600924
1.97900000 -0.00599105
1.98000000 -0.00597292
1.98100000 -0.00595486
1.98200000 -0.00593686
1.98300000 -0.00591892
1.98400000 -0.00590105
1.98500000 -0.00588324
1.98600000 -0.00586549
1.98700000 -0.00584781
1.98800000 -0.00583018
1.98900000 -0.00581262
1.99000000 -0.00579512
1.99100000 -0.00577768
1.99200000 -0.00576031
1.99300000 -0.00574299
1.99400000 -0.00572574
1.99500000 -0.00570854
1.99600000 -0.00569141
1.99700000 -0.00567433
1.99800000 -0.00565732
1.99900000 -0.00564036
2.00000000 -0.00562347
