0.10000000 2521649843.75000000
0.10100000 2237818575.95145893
0.10200000 1988271580.19485307
0.10300000 1768590529.10396647
0.10400000 1574961556.80751276
0.10500000 1404087854.96292496
0.10600000 1253115575.86069822
0.10700000 1119570916.65399623
0.10800000 1001306614.09317267
0.10900000 896456372.51239622
0.11000000 803395990.46355355
0.11100000 720710152.44888723
0.11200000 647164019.08989394
0.11300000 581678887.83159542
0.11400000 523311311.85351759
0.11500000 471235161.27632803
0.11600000 424726191.32210445
0.11700000 383148749.51942647
0.11800000 345944310.57227504
0.11900000 312621574.97106534
0.12000000 282747907.33017230
0.12100000 255941924.04139891
0.12200000 231867068.17324007
0.12300000 210226033.48083678
0.12400000 190755919.63460228
0.12500000 173224017.91999999
0.12600000 157424141.20103711
0.12700000 143173424.28801799
0.12800000 130309531.35032481
0.12900000 118688215.95564988
0.13000000 108181186.93959375
0.13100000 98674239.81642349
0.13200000 90065619.00325058
0.13300000 82264580.88911551
0.13400000 75190131.85809447
0.13500000 68769918.87333374
0.13600000 62939253.23282722
0.13700000 57640250.69049358
0.13800000 52821073.35924397
0.13900000 48435260.72846758
0.14000000 44441138.78102849
0.14100000 40801297.62212384
0.14200000 37482129.26626956
0.14300000 34453418.29656687
0.14400000 31687979.03555848
0.14500000 29161333.66930681
0.14600000 26851426.46282739
0.14700000 24738369.81024749
0.14800000 22804218.38950608
0.14900000 21032768.14976909
0.15000000 19409377.25918773
0.15100000 17920806.48907474
0.15200000 16555076.81481190
0.15300000 15301342.27967998
0.15400000 14149776.40036841
0.15500000 13091470.59653226
0.15600000 12118343.30517597
0.15700000 11223058.59711747
0.15800000 10398953.25013105
0.15900000 9639971.35402872
0.16000000 8940605.62902865
0.16100000 8295844.73211515
0.16200000 7701125.90831128
0.16300000 7152292.41624992
0.16400000 6645555.22134930
0.16500000 6177458.50632732
0.16600000 5744848.59863997
0.16700000 5344845.95850518
0.16800000 4974819.91017151
0.16900000 4632365.83362286
0.17000000 4315284.56450882
0.17100000 4021563.77722462
0.17200000 3749361.15014229
0.17300000 3496989.13337755
0.17400000 3262901.15847798
0.17500000 3045679.14631483
0.17600000 2844022.18449782
0.17700000 2656736.25902108
0.17800000 2482724.93678004
0.17900000 2320980.90623682
0.18000000 2170578.29300444
0.18100000 2030665.67559437
0.18200000 1900459.73414345
0.18300000 1779239.47170461
0.18400000 1666340.95374019
0.18500000 1561152.51687584
0.18600000 1463110.40282655
0.18700000 1371694.77775553
0.18800000 1286426.10122735
0.18900000 1206861.81241558
0.19000000 1132593.30436689
0.19100000 1063243.15994558
0.19200000 998462.62561862
0.19300000 937929.30152232
0.19400000 881345.02830406
0.19500000 828433.95308005
0.19600000 778940.75851477
0.19700000 732629.04052759
0.19800000 689279.82148489
0.19900000 648690.18695655
0.20000000 610672.03521729
0.20100000 575050.92966857
0.20200000 541665.04525601
0.20300000 510364.20077007
0.20400000 481008.96965349
0.20500000 453469.86260432
0.20600000 427626.57586609
0.20700000 403367.29964275
0.20800000 380588.08157074
0.20900000 359192.24062923
0.21000000 339089.82727689
0.21100000 320197.12597277
0.21200000 302436.19657463
0.21300000 285734.45141277
0.21400000 270024.26511452
0.21500000 255242.61450650
0.21600000 241330.74615099
0.21700000 228233.86928133
0.21800000 215900.87209119
0.21900000 204284.05950572
0.22000000 193338.91072002
0.22100000 183023.85493453
0.22200000 173300.06384770
0.22300000 164131.25958612
0.22400000 155483.53686162
0.22500000 147325.19824448
0.22600000 139626.60153307
0.22700000 132360.01828353
0.22800000 125499.50263935
0.22900000 119020.76967038
0.23000000 112901.08249435
0.23100000 107119.14751280
0.23200000 101655.01714624
0.23300000 96489.99950278
0.23400000 91606.57445910
0.23500000 86988.31567393
0.23600000 82619.81809182
0.23700000 78486.63052979
0.23800000 74575.19297105
0.23900000 70872.77821930
0.24000000 67367.43759401
0.24100000 64047.95037138
0.24200000 60903.77669881
0.24300000 57925.01373114
0.24400000 55102.35475618
0.24500000 52427.05109498
0.24600000 49890.87657784
0.24700000 47486.09441290
0.24800000 45205.42627697
0.24900000 43042.02347181
0.25000000 40989.44000000
0.25100000 39041.60742596
0.25200000 37192.81139714
0.25300000 35437.66970984
0.25400000 33771.11181247
0.25500000 32188.35964701
0.25600000 30684.90973639
0.25700000 29256.51643246
0.25800000 27899.17624522
0.25900000 26609.11317972
0.26000000 25382.76501227
0.26100000 24216.77044259
0.26200000 23107.95706278
0.26300000 22053.33008858
0.26400000 21050.06180178
0.26500000 20095.48165648
0.26600000 19187.06700537
0.26700000 18322.43440476
0.26800000 17499.33146051
0.26900000 16715.62917926
0.27000000 15969.31479198
0.27100000 15258.48501899
0.27200000 14581.33974799
0.27300000 13936.17609820
0.27400000 13321.38284586
0.27500000 12735.43518782
0.27600000 12176.88982167
0.27700000 11644.38032212
0.27800000 11136.61279497
0.27900000 10652.36179093
0.28000000 10190.46646301
0.28100000 9749.82695213
0.28200000 9329.40098668
0.28300000 8928.20068263
0.28400000 8545.28953177
0.28500000 8179.77956632
0.28600000 7830.82868922
0.28700000 7497.63815958
0.28800000 7179.45022408
0.28900000 6875.54588520
0.29000000 6585.24279803
0.29100000 6307.89328778
0.29200000 6042.88248075
0.29300000 5789.62654193
0.29400000 5547.57101262
0.29500000 5316.18924241
0.29600000 5094.98090961
0.29700000 4883.47062489
0.29800000 4681.20661339
0.29900000 4487.75947039
0.30000000 4302.72098643
0.30100000 4125.70303762
0.30200000 3956.33653745
0.30300000 3794.27044644
0.30400000 3639.17083629
0.30500000 3490.72000533
0.30600000 3348.61564237
0.30700000 3212.57003610
0.30800000 3082.30932743
0.30900000 2957.57280235
0.31000000 2838.11222294
0.31100000 2723.69119443
0.31200000 2614.08456612
0.31300000 2509.07786448
0.31400000 2408.46675638
0.31500000 2312.05654087
0.31600000 2219.66166793
0.31700000 2131.10528260
0.31800000 2046.21879316
0.31900000 1964.84146195
0.32000000 1886.82001767
0.32100000 1812.00828783
0.32200000 1740.26685041
0.32300000 1671.46270355
0.32400000 1605.46895235
0.32500000 1542.16451176
0.32600000 1481.43382487
0.32700000 1423.16659552
0.32800000 1367.25753465
0.32900000 1313.60611957
0.33000000 1262.11636540
0.33100000 1212.69660824
0.33200000 1165.25929912
0.33300000 1119.72080845
0.33400000 1076.00124023
0.33500000 1034.02425563
0.33600000 993.71690532
0.33700000 955.00947017
0.33800000 917.83530989
0.33900000 882.13071911
0.34000000 847.83479063
0.34100000 814.88928534
0.34200000 783.23850860
0.34300000 752.82919260
0.34400000 723.61038451
0.34500000 695.53334007
0.34600000 668.55142234
0.34700000 642.62000535
0.34800000 617.69638240
0.34900000 593.73967881
0.35000000 570.71076882
0.35100000 548.57219648
0.35200000 527.28810033
0.35300000 506.82414166
0.35400000 487.14743618
0.35500000 468.22648894
0.35600000 450.03113229
0.35700000 432.53246683
0.35800000 415.70280502
0.35900000 399.51561760
0.36000000 383.94548233
0.36100000 368.96803528
0.36200000 354.55992428
0.36300000 340.69876458
0.36400000 327.36309655
0.36500000 314.53234533
0.36600000 302.18678231
0.36700000 290.30748846
0.36800000 278.87631922
0.36900000 267.87587113
0.37000000 257.28944983
0.37100000 247.10103966
0.37200000 237.29527452
0.37300000 227.85741014
0.37400000 218.77329751
0.37500000 210.02935761
0.37600000 201.61255717
0.37700000 193.51038556
0.37800000 185.71083277
0.37900000 178.20236824
0.38000000 170.97392076
0.38100000 164.01485917
0.38200000 157.31497398
0.38300000 150.86445973
0.38400000 144.65389821
0.38500000 138.67424232
0.38600000 132.91680074
0.38700000 127.37322317
0.38800000 122.03548630
0.38900000 116.89588031
0.39000000 111.94699605
0.39100000 107.18171264
0.39200000 102.59318577
0.39300000 98.17483636
0.39400000 93.92033978
0.39500000 89.82361555
0.39600000 85.87881737
0.39700000 82.08032376
0.39800000 78.42272888
0.39900000 74.90083393
0.40000000 71.50963880
0.40100000 68.24433413
0.40200000 65.10029364
0.40300000 62.07306687
0.40400000 59.15837217
0.40500000 56.35208996
0.40600000 53.65025636
0.40700000 51.04905697
0.40800000 48.54482103
0.40900000 46.13401569
0.41000000 43.81324067
0.41100000 41.57922299
0.41200000 39.42881202
0.41300000 37.35897470
0.41400000 35.36679093
0.41500000 33.44944922
0.41600000 31.60424243
0.41700000 29.82856373
0.41800000 28.11990277
0.41900000 26.47584187
0.42000000 24.89405254
0.42100000 23.37229199
0.42200000 21.90839986
0.42300000 20.50029507
0.42400000 19.14597279
0.42500000 17.84350150
0.42600000 16.59102026
0.42700000 15.38673598
0.42800000 14.22892083
0.42900000 13.11590984
0.43000000 12.04609846
0.43100000 11.01794031
0.43200000 10.02994497
0.43300000 9.08067592
0.43400000 8.16874847
0.43500000 7.29282784
0.43600000 6.45162730
0.43700000 5.64390637
0.43800000 4.86846909
0.43900000 4.12416238
0.44000000 3.40987446
0.44100000 2.72453329
0.44200000 2.06710510
0.44300000 1.43659302
0.44400000 0.83203567
0.44500000 0.25250588
0.44600000 -0.30289056
0.44700000 -0.83501612
0.44800000 -1.34470270
0.44900000 -1.83275273
0.45000000 -2.29994025
0.45100000 -2.74701196
0.45200000 -3.17468816
0.45300000 -3.58366381
0.45400000 -3.97460933
0.45500000 -4.34817157
0.45600000 -4.70497465
0.45700000 -5.04562073
0.45800000 -5.37069087
0.45900000 -5.68074574
0.46000000 -5.97632637
0.46100000 -6.25795485
0.46200000 -6.52613502
0.46300000 -6.78135310
0.46400000 -7.02407835
0.46500000 -7.25476362
0.46600000 -7.47384601
0.46700000 -7.68174737
0.46800000 -7.87887485
0.46900000 -8.06562147
0.47000000 -8.24236654
0.47100000 -8.40947620
0.47200000 -8.56730389
0.47300000 -8.71619075
0.47400000 -8.85646610
0.47500000 -8.98844784
0.47600000 -9.11244282
0.47700000 -9.22874730
0.47800000 -9.33764724
0.47900000 -9.43941871
0.48000000 -9.53432823
0.48100000 -9.62263307
0.48200000 -9.70458164
0.48300000 -9.78041370
0.48400000 -9.85036077
0.48500000 -9.91464634
0.48600000 -9.97348615
0.48700000 -10.02708853
0.48800000 -10.07565455
0.48900000 -10.11937838
0.49000000 -10.15844743
0.49100000 -10.19304267
0.49200000 -10.22333876
0.49300000 -10.24950438
0.49400000 -10.27170231
0.49500000 -10.29008975
0.49600000 -10.30481843
0.49700000 -10.31603482
0.49800000 -10.32388033
0.49900000 -10.32849147
0.50000000 -10.33000000
0.50100000 -10.32135971
0.50200000 -10.29612431
0.50300000 -10.25529299
0.50400000 -10.19982717
0.50500000 -10.13065144
0.50600000 -10.04865469
0.50700000 -9.95469104
0.50800000 -9.84958085
0.50900000 -9.73411165
0.51000000 -9.60903915
0.51100000 -9.47508807
0.51200000 -9.33295311
0.51300000 -9.18329981
0.51400000 -9.02676540
0.51500000 -8.86395966
0.51600000 -8.69546576
0.51700000 -8.52184104
0.51800000 -8.34361780
0.51900000 -8.16130411
0.52000000 -7.97538453
0.52100000 -7.78632088
0.52200000 -7.59455292
0.52300000 -7.40049910
0.52400000 -7.20455721
0.52500000 -7.00710510
0.52600000 -6.80850130
0.52700000 -6.60908567
0.52800000 -6.40918003
0.52900000 -6.20908878
0.53000000 -6.00909950
0.53100000 -5.80948352
0.53200000 -5.61049648
0.53300000 -5.41237891
0.53400000 -5.21535676
0.53500000 -5.01964192
0.53600000 -4.82543275
0.53700000 -4.63291456
0.53800000 -4.44226012
0.53900000 -4.25363012
0.54000000 -4.06717363
0.54100000 -3.88302857
0.54200000 -3.70132213
0.54300000 -3.52217121
0.54400000 -3.34568281
0.54500000 -3.17195447
0.54600000 -3.00107464
0.54700000 -2.83312308
0.54800000 -2.66817119
0.54900000 -2.50628241
0.55000000 -2.34751257
0.55100000 -2.19191021
0.55200000 -2.03951692
0.55300000 -1.89036764
0.55400000 -1.74449101
0.55500000 -1.60190965
0.55600000 -1.46264044
0.55700000 -1.32669483
0.55800000 -1.19407908
0.55900000 -1.06479456
0.56000000 -0.93883800
0.56100000 -0.81620171
0.56200000 -0.69687386
0.56300000 -0.58083869
0.56400000 -0.46807674
0.56500000 -0.35856507
0.56600000 -0.25227747
0.56700000 -0.14918466
0.56800000 -0.04925449
0.56900000 0.04754787
0.57000000 0.14125975
0.57100000 0.23192080
0.57200000 0.31957284
0.57300000 0.40425966
0.57400000 0.48602690
0.57500000 0.56492188
0.57600000 0.64099343
0.57700000 0.71429181
0.57800000 0.78486854
0.57900000 0.85277625
0.58000000 0.91806860
0.58100000 0.98080013
0.58200000 1.04102616
0.58300000 1.09880267
0.58400000 1.15418622
0.58500000 1.20723381
0.58600000 1.25800284
0.58700000 1.30655094
0.58800000 1.35293598
0.58900000 1.39721588
0.59000000 1.43944864
0.59100000 1.47969218
0.59200000 1.51800429
0.59300000 1.55444261
0.59400000 1.58906447
0.59500000 1.62192693
0.59600000 1.65308665
0.59700000 1.68259986
0.59800000 1.71052233
0.59900000 1.73690925
0.60000000 1.76181527
0.60100000 1.78529441
0.60200000 1.80739999
0.60300000 1.82818467
0.60400000 1.84770034
0.60500000 1.86599810
0.60600000 1.88312827
0.60700000 1.89914031
0.60800000 1.91408281
0.60900000 1.92800346
0.61000000 1.94094904
0.61100000 1.95296537
0.61200000 1.96409732
0.61300000 1.97438875
0.61400000 1.98388254
0.61500000 1.99262053
0.61600000 2.00064353
0.61700000 2.00799128
0.61800000 2.01470247
0.61900000 2.02081472
0.62000000 2.02636453
0.62100000 2.03138734
0.62200000 2.03591743
0.62300000 2.03998801
0.62400000 2.04363114
0.62500000 2.04687775
0.62600000 2.04975764
0.62700000 2.05229946
0.62800000 2.05453070
0.62900000 2.05647773
0.63000000 2.05816574
0.63100000 2.05961876
0.63200000 2.06085966
0.63300000 2.06191016
0.63400000 2.06279079
0.63500000 2.06352092
0.63600000 2.06411877
0.63700000 2.06460135
0.63800000 2.06498454
0.63900000 2.06528301
0.64000000 2.06551029
0.64100000 2.06567870
0.64200000 2.06579941
0.64300000 2.06588242
0.64400000 2.06593653
0.64500000 2.06596939
0.64600000 2.06598746
0.64700000 2.06599603
0.64800000 2.06599922
0.64900000 2.06599995
0.65000000 2.06600000
0.65100000 2.06586089
0.65200000 2.06544356
0.65300000 2.06474800
0.65400000 2.06377419
0.65500000 2.06252209
0.65600000 2.06099159
0.65700000 2.05918250
0.65800000 2.05709453
0.65900000 2.05472719
0.66000000 2.05207984
0.66100000 2.04915151
0.66200000 2.04594098
0.66300000 2.04244659
0.66400000 2.03866625
0.66500000 2.03459735
0.66600000 2.03023666
0.66700000 2.02558025
0.66800000 2.02062345
0.66900000 2.01536069
0.67000000 2.00978547
0.67100000 2.00389023
0.67200000 1.99766628
0.67300000 1.99110367
0.67400000 1.98419115
0.67500000 1.97691604
0.67600000 1.96926415
0.67700000 1.96121970
0.67800000 1.95276526
0.67900000 1.94388166
0.68000000 1.93454794
0.68100000 1.92474133
0.68200000 1.91443719
0.68300000 1.90360902
0.68400000 1.89222849
0.68500000 1.88026546
0.68600000 1.86768808
0.68700000 1.85446285
0.68800000 1.84055482
0.68900000 1.82592775
0.69000000 1.81054436
0.69100000 1.79436660
0.69200000 1.77735601
0.69300000 1.75947410
0.69400000 1.74068284
0.69500000 1.72094516
0.69600000 1.70022553
0.69700000 1.67849059
0.69800000 1.65570987
0.69900000 1.63185651
0.70000000 1.60690803
0.70100000 1.58084713
0.70200000 1.55366249
0.70300000 1.52534960
0.70400000 1.49591148
0.70500000 1.46535942
0.70600000 1.43371360
0.70700000 1.40100364
0.70800000 1.36726895
0.70900000 1.33255903
0.71000000 1.29693350
0.71100000 1.26046197
0.71200000 1.22322374
0.71300000 1.18530722
0.71400000 1.14680920
0.71500000 1.10783387
0.71600000 1.06849172
0.71700000 1.02889819
0.71800000 0.98917228
0.71900000 0.94943503
0.72000000 0.90980794
0.72100000 0.87041140
0.72200000 0.83136316
0.72300000 0.79277686
0.72400000 0.75476070
0.72500000 0.71741624
0.72600000 0.68083737
0.72700000 0.64510947
0.72800000 0.61030878
0.72900000 0.57650199
0.73000000 0.54374598
0.73100000 0.51208778
0.73200000 0.48156472
0.73300000 0.45220471
0.73400000 0.42402662
0.73500000 0.39704086
0.73600000 0.37124993
0.73700000 0.34664914
0.73800000 0.32322729
0.73900000 0.30096737
0.74000000 0.27984737
0.74100000 0.25984090
0.74200000 0.24091795
0.74300000 0.22304549
0.74400000 0.20618814
0.74500000 0.19030868
0.74600000 0.17536859
0.74700000 0.16132851
0.74800000 0.14814865
0.74900000 0.13578914
0.75000000 0.12421036
0.75100000 0.11337318
0.75200000 0.10323919
0.75300000 0.09377091
0.75400000 0.08493190
0.75500000 0.07668691
0.75600000 0.06900194
0.75700000 0.06184431
0.75800000 0.05518274
0.75900000 0.04898730
0.76000000 0.04322949
0.76100000 0.03788219
0.76200000 0.03291966
0.76300000 0.02831752
0.76400000 0.02405269
0.76500000 0.02010340
0.76600000 0.01644907
0.76700000 0.01307036
0.76800000 0.00994904
0.76900000 0.00706798
0.77000000 0.00441110
0.77100000 0.00196329
0.77200000 -0.00028960
0.77300000 -0.00236084
0.77400000 -0.00426285
0.77500000 -0.00600726
0.77600000 -0.00760495
0.77700000 -0.00906609
0.77800000 -0.01040018
0.77900000 -0.01161610
0.78000000 -0.01272216
0.78100000 -0.01372610
0.78200000 -0.01463513
0.78300000 -0.01545602
0.78400000 -0.01619505
0.78500000 -0.01685810
0.78600000 -0.01745063
0.78700000 -0.01797775
0.78800000 -0.01844423
0.78900000 -0.01885448
0.79000000 -0.01921266
0.79100000 -0.01952260
0.79200000 -0.01978790
0.79300000 -0.02001190
0.79400000 -0.02019772
0.79500000 -0.02034825
0.79600000 -0.02046621
0.79700000 -0.02055410
0.79800000 -0.02061426
0.79900000 -0.02064889
0.80000000 -0.02066000
0.80100000 -0.02064949
0.80200000 -0.02061913
0.80300000 -0.02057054
0.80400000 -0.02050524
0.80500000 -0.02042467
0.80600000 -0.02033013
0.80700000 -0.02022285
0.80800000 -0.02010398
0.80900000 -0.01997456
0.81000000 -0.01983560
0.81100000 -0.01968800
0.81200000 -0.01953261
0.81300000 -0.01937023
0.81400000 -0.01920158
0.81500000 -0.01902736
0.81600000 -0.01884819
0.81700000 -0.01866466
0.81800000 -0.01847731
0.81900000 -0.01828665
0.82000000 -0.01809314
0.82100000 -0.01789722
0.82200000 -0.01769929
0.82300000 -0.01749972
0.82400000 -0.01729885
0.82500000 -0.01709699
0.82600000 -0.01689444
0.82700000 -0.01669147
0.82800000 -0.01648833
0.82900000 -0.01628524
0.83000000 -0.01608242
0.83100000 -0.01588005
0.83200000 -0.01567832
0.83300000 -0.01547739
0.83400000 -0.01527740
0.83500000 -0.01507850
0.83600000 -0.01488079
0.83700000 -0.01468441
0.83800000 -0.01448944
0.83900000 -0.01429599
0.84000000 -0.01410413
0.84100000 -0.01391394
0.84200000 -0.01372549
0.84300000 -0.01353884
0.84400000 -0.01335403
0.84500000 -0.01317112
0.84600000 -0.01299015
0.84700000 -0.01281116
0.84800000 -0.01263417
0.84900000 -0.01245921
0.85000000 -0.01228630
0.85100000 -0.01211546
0.85200000 -0.01194671
0.85300000 -0.01178005
0.85400000 -0.01161550
0.85500000 -0.01145306
0.85600000 -0.01129272
0.85700000 -0.01113450
0.85800000 -0.01097838
0.85900000 -0.01082437
0.86000000 -0.01067245
0.86100000 -0.01052261
0.86200000 -0.01037486
0.86300000 -0.01022917
0.86400000 -0.01008554
0.86500000 -0.00994394
0.86600000 -0.00980436
0.86700000 -0.00966680
0.86800000 -0.00953122
0.86900000 -0.00939762
0.87000000 -0.00926597
0.87100000 -0.00913625
0.87200000 -0.00900845
0.87300000 -0.00888254
0.87400000 -0.00875850
0.87500000 -0.00863632
0.87600000 -0.00851597
0.87700000 -0.00839742
0.87800000 -0.00828066
0.87900000 -0.00816567
0.88000000 -0.00805241
0.88100000 -0.00794088
0.88200000 -0.00783104
0.88300000 -0.00772287
0.88400000 -0.00761636
0.88500000 -0.00751147
0.88600000 -0.00740818
0.88700000 -0.00730648
0.88800000 -0.00720634
0.88900000 -0.00710773
0.89000000 -0.00701064
0.89100000 -0.00691505
0.89200000 -0.00682092
0.89300000 -0.00672824
0.89400000 -0.00663698
0.89500000 -0.00654713
0.89600000 -0.00645867
0.89700000 -0.00637157
0.89800000 -0.00628580
0.89900000 -0.00620136
0.90000000 -0.00611822
0.90100000 -0.00603635
0.90200000 -0.00595575
0.90300000 -0.00587638
0.90400000 -0.00579824
0.90500000 -0.00572129
0.90600000 -0.00564552
0.90700000 -0.00557092
0.90800000 -0.00549746
0.90900000 -0.00542512
0.91000000 -0.00535389
0.91100000 -0.00528375
0.91200000 -0.00521468
0.91300000 -0.00514667
0.91400000 -0.00507969
0.91500000 -0.00501373
0.91600000 -0.00494877
0.91700000 -0.00488480
0.91800000 -0.00482180
0.91900000 -0.00475975
0.92000000 -0.00469864
0.92100000 -0.00463846
0.92200000 -0.00457918
0.92300000 -0.00452080
0.92400000 -0.00446329
0.92500000 -0.00440665
0.92600000 -0.00435086
0.92700000 -0.00429590
0.92800000 -0.00424176
0.92900000 -0.00418844
0.93000000 -0.00413591
0.93100000 -0.00408416
0.93200000 -0.00403317
0.93300000 -0.00398295
0.93400000 -0.00393347
0.93500000 -0.00388472
0.93600000 -0.00383669
0.93700000 -0.00378936
0.93800000 -0.00374274
0.93900000 -0.00369680
0.94000000 -0.00365153
0.94100000 -0.00360692
0.94200000 -0.00356296
0.94300000 -0.00351965
0.94400000 -0.00347696
0.94500000 -0.00343490
0.94600000 -0.00339344
0.94700000 -0.00335259
0.94800000 -0.00331232
0.94900000 -0.00327263
0.95000000 -0.00323352
0.95100000 -0.00319496
0.95200000 -0.00315696
0.95300000 -0.00311950
0.95400000 -0.00308258
0.95500000 -0.00304618
0.95600000 -0.00301030
0.95700000 -0.00297493
0.95800000 -0.00294006
0.95900000 -0.00290568
0.96000000 -0.00287178
0.96100000 -0.00283836
0.96200000 -0.00280542
0.96300000 -0.00277293
0.96400000 -0.00274090
0.96500000 -0.00270931
0.96600000 -0.00267817
0.96700000 -0.00264745
0.96800000 -0.00261717
0.96900000 -0.00258730
0.97000000 -0.00255785
0.97100000 -0.00252880
0.97200000 -0.00250015
0.97300000 -0.00247189
0.97400000 -0.00244402
0.97500000 -0.00241653
0.97600000 -0.00238942
0.97700000 -0.00236267
0.97800000 -0.00233629
0.97900000 -0.00231027
0.98000000 -0.00228459
0.98100000 -0.00225927
0.98200000 -0.00223428
0.98300000 -0.00220963
0.98400000 -0.00218531
0.98500000 -0.00216132
0.98600000 -0.00213765
0.98700000 -0.00211429
0.98800000 -0.00209124
0.98900000 -0.00206850
0.99000000 -0.00204606
0.99100000 -0.00202392
0.99200000 -0.00200206
0.99300000 -0.00198050
0.99400000 -0.00195922
0.99500000 -0.00193821
0.99600000 -0.00191748
0.99700000 -0.00189702
0.99800000 -0.00187683
0.99900000 -0.00185690
1.00000000 -0.00183723
1.00100000 -0.00181781
1.00200000 -0.00179864
1.00300000 -0.00177972
1.00400000 -0.00176104
1.00500000 -0.00174260
1.00600000 -0.00172440
1.00700000 -0.00170643
1.00800000 -0.00168869
1.00900000 -0.00167117
1.01000000 -0.00165388
1.01100000 -0.00163680
1.01200000 -0.00161994
1.01300000 -0.00160330
1.01400000 -0.00158686
1.01500000 -0.00157063
1.01600000 -0.00155460
1.01700000 -0.00153877
1.01800000 -0.00152314
1.01900000 -0.00150770
1.02000000 -0.00149245
1.02100000 -0.00147740
1.02200000 -0.00146252
1.02300000 -0.00144784
1.02400000 -0.00143333
1.02500000 -0.00141900
1.02600000 -0.00140485
1.02700000 -0.00139087
1.02800000 -0.00137706
1.02900000 -0.00136342
1.03000000 -0.00134994
1.03100000 -0.00133663
1.03200000 -0.00132348
1.03300000 -0.00131048
1.03400000 -0.00129765
1.03500000 -0.00128497
1.03600000 -0.00127244
1.03700000 -0.00126006
1.03800000 -0.00124782
1.03900000 -0.00123574
1.04000000 -0.00122380
1.04100000 -0.00121199
1.04200000 -0.00120033
1.04300000 -0.00118881
1.04400000 -0.00117742
1.04500000 -0.00116617
1.04600000 -0.00115505
1.04700000 -0.00114406
1.04800000 -0.00113319
1.04900000 -0.00112246
1.05000000 -0.00111185
1.05100000 -0.00110136
1.05200000 -0.00109099
1.05300000 -0.00108075
1.05400000 -0.00107062
1.05500000 -0.00106061
1.05600000 -0.00105072
1.05700000 -0.00104093
1.05800000 -0.00103126
1.05900000 -0.00102170
1.06000000 -0.00101225
1.06100000 -0.00100291
1.06200000 -0.00099367
1.06300000 -0.00098454
1.06400000 -0.00097551
1.06500000 -0.00096659
1.06600000 -0.00095776
1.06700000 -0.00094903
1.06800000 -0.00094040
1.06900000 -0.00093187
1.07000000 -0.00092343
1.07100000 -0.00091509
1.07200000 -0.00090684
1.07300000 -0.00089868
1.07400000 -0.00089061
1.07500000 -0.00088264
1.07600000 -0.00087475
1.07700000 -0.00086694
1.07800000 -0.00085922
1.07900000 -0.00085159
1.08000000 -0.00084404
1.08100000 -0.00083657
1.08200000 -0.00082919
1.08300000 -0.00082188
1.08400000 -0.00081466
1.08500000 -0.00080751
1.08600000 -0.00080044
1.08700000 -0.00079344
1.08800000 -0.00078653
1.08900000 -0.00077968
1.09000000 -0.00077291
1.09100000 -0.00076621
1.09200000 -0.00075959
1.09300000 -0.00075303
1.09400000 -0.00074654
1.09500000 -0.00074013
1.09600000 -0.00073378
1.09700000 -0.00072750
1.09800000 -0.00072128
1.09900000 -0.00071513
1.10000000 -0.00070905
1.10100000 -0.00070303
1.10200000 -0.00069707
1.10300000 -0.00069117
1.10400000 -0.00068534
1.10500000 -0.00067956
1.10600000 -0.00067385
1.10700000 -0.00066820
1.10800000 -0.00066260
1.10900000 -0.00065706
1.11000000 -0.00065158
1.11100000 -0.00064616
1.11200000 -0.00064079
1.11300000 -0.00063548
1.11400000 -0.00063022
1.11500000 -0.00062502
1.11600000 -0.00061987
1.11700000 -0.00061477
1.11800000 -0.00060972
1.11900000 -0.00060472
1.12000000 -0.00059978
1.12100000 -0.00059488
1.12200000 -0.00059004
1.12300000 -0.00058524
1.12400000 -0.00058049
1.12500000 -0.00057579
1.12600000 -0.00057113
1.12700000 -0.00056653
1.12800000 -0.00056196
1.12900000 -0.00055745
1.13000000 -0.00055298
1.13100000 -0.00054855
1.13200000 -0.00054417
1.13300000 -0.00053983
1.13400000 -0.00053553
1.13500000 -0.00053127
1.13600000 -0.00052706
1.13700000 -0.00052289
1.13800000 -0.00051876
1.13900000 -0.00051467
1.14000000 -0.00051062
1.14100000 -0.00050661
1.14200000 -0.00050263
1.14300000 -0.00049870
1.14400000 -0.00049480
1.14500000 -0.00049095
1.14600000 -0.00048713
1.14700000 -0.00048334
1.14800000 -0.00047959
1.14900000 -0.00047588
1.15000000 -0.00047221
1.15100000 -0.00046857
1.15200000 -0.00046496
1.15300000 -0.00046139
1.15400000 -0.00045785
1.15500000 -0.00045435
1.15600000 -0.00045088
1.15700000 -0.00044744
1.15800000 -0.00044403
1.15900000 -0.00044066
1.16000000 -0.00043732
1.16100000 -0.00043401
1.16200000 -0.00043073
1.16300000 -0.00042748
1.16400000 -0.00042426
1.16500000 -0.00042107
1.16600000 -0.00041791
1.16700000 -0.00041478
1.16800000 -0.00041168
1.16900000 -0.00040861
1.17000000 -0.00040557
1.17100000 -0.00040255
1.17200000 -0.00039957
1.17300000 -0.00039661
1.17400000 -0.00039367
1.17500000 -0.00039077
1.17600000 -0.00038789
1.17700000 -0.00038504
1.17800000 -0.00038221
1.17900000 -0.00037941
1.18000000 -0.00037663
1.18100000 -0.00037388
1.18200000 -0.00037116
1.18300000 -0.00036846
1.18400000 -0.00036578
1.18500000 -0.00036313
1.18600000 -0.00036050
1.18700000 -0.00035789
1.18800000 -0.00035531
1.18900000 -0.00035275
1.19000000 -0.00035022
1.19100000 -0.00034770
1.19200000 -0.00034521
1.19300000 -0.00034274
1.19400000 -0.00034030
1.19500000 -0.00033787
1.19600000 -0.00033547
1.19700000 -0.00033308
1.19800000 -0.00033072
1.19900000 -0.00032838
1.20000000 -0.00032606
1.20100000 -0.00032376
1.20200000 -0.00032148
1.20300000 -0.00031922
1.20400000 -0.00031698
1.20500000 -0.00031476
1.20600000 -0.00031256
1.20700000 -0.00031038
1.20800000 -0.00030821
1.20900000 -0.00030607
1.21000000 -0.00030394
1.21100000 -0.00030183
1.21200000 -0.00029974
1.21300000 -0.00029767
1.21400000 -0.00029562
1.21500000 -0.00029358
1.21600000 -0.00029156
1.21700000 -0.00028956
1.21800000 -0.00028758
1.21900000 -0.00028561
1.22000000 -0.00028366
1.22100000 -0.00028172
1.22200000 -0.00027980
1.22300000 -0.00027790
1.22400000 -0.00027602
1.22500000 -0.00027415
1.22600000 -0.00027229
1.22700000 -0.00027045
1.22800000 -0.00026863
1.22900000 -0.00026682
1.23000000 -0.00026503
1.23100000 -0.00026325
1.23200000 -0.00026149
1.23300000 -0.00025974
1.23400000 -0.00025800
1.23500000 -0.00025628
1.23600000 -0.00025458
1.23700000 -0.00025289
1.23800000 -0.00025121
1.23900000 -0.00024955
1.24000000 -0.00024790
1.24100000 -0.00024626
1.24200000 -0.00024464
1.24300000 -0.00024303
1.24400000 -0.00024143
1.24500000 -0.00023985
1.24600000 -0.00023828
1.24700000 -0.00023672
1.24800000 -0.00023517
1.24900000 -0.00023364
1.25000000 -0.00023212
1.25100000 -0.00023061
1.25200000 -0.00022912
1.25300000 -0.00022763
1.25400000 -0.00022616
1.25500000 -0.00022470
1.25600000 -0.00022325
1.25700000 -0.00022182
1.25800000 -0.00022039
1.25900000 -0.00021898
1.26000000 -0.00021757
1.26100000 -0.00021618
1.26200000 -0.00021480
1.26300000 -0.00021343
1.26400000 -0.00021207
1.26500000 -0.00021073
1.26600000 -0.00020939
1.26700000 -0.00020806
1.26800000 -0.00020675
1.26900000 -0.00020544
1.27000000 -0.00020414
1.27100000 -0.00020286
1.27200000 -0.00020158
1.27300000 -0.00020032
1.27400000 -0.00019906
1.27500000 -0.00019782
1.27600000 -0.00019658
1.27700000 -0.00019535
1.27800000 -0.00019414
1.27900000 -0.00019293
1.28000000 -0.00019173
1.28100000 -0.00019054
1.28200000 -0.00018936
1.28300000 -0.00018819
1.28400000 -0.00018703
1.28500000 -0.00018588
1.28600000 -0.00018473
1.28700000 -0.00018360
1.28800000 -0.00018247
1.28900000 -0.00018135
1.29000000 -0.00018024
1.29100000 -0.00017914
1.29200000 -0.00017805
1.29300000 -0.00017696
1.29400000 -0.00017589
1.29500000 -0.00017482
1.29600000 -0.00017376
1.29700000 -0.00017271
1.29800000 -0.00017166
1.29900000 -0.00017063
1.30000000 -0.00016960
1.30100000 -0.00016858
1.30200000 -0.00016756
1.30300000 -0.00016656
1.30400000 -0.00016556
1.30500000 -0.00016457
1.30600000 -0.00016359
1.30700000 -0.00016261
1.30800000 -0.00016164
1.30900000 -0.00016068
1.31000000 -0.00015973
1.31100000 -0.00015878
1.31200000 -0.00015784
1.31300000 -0.00015690
1.31400000 -0.00015598
1.31500000 -0.00015506
1.31600000 -0.00015414
1.31700000 -0.00015324
1.31800000 -0.00015234
1.31900000 -0.00015145
1.32000000 -0.00015056
1.32100000 -0.00014968
1.32200000 -0.00014880
1.32300000 -0.00014794
1.32400000 -0.00014708
1.32500000 -0.00014622
1.32600000 -0.00014537
1.32700000 -0.00014453
1.32800000 -0.00014369
1.32900000 -0.00014286
1.33000000 -0.00014204
1.33100000 -0.00014122
1.33200000 -0.00014041
1.33300000 -0.00013960
1.33400000 -0.00013880
1.33500000 -0.00013800
1.33600000 -0.00013721
1.33700000 -0.00013643
1.33800000 -0.00013565
1.33900000 -0.00013488
1.34000000 -0.00013411
1.34100000 -0.00013335
1.34200000 -0.00013259
1.34300000 -0.00013184
1.34400000 -0.00013109
1.34500000 -0.00013035
1.34600000 -0.00012962
1.34700000 -0.00012888
1.34800000 -0.00012816
1.34900000 -0.00012744
1.35000000 -0.00012672
1.35100000 -0.00012601
1.35200000 -0.00012531
1.35300000 -0.00012461
1.35400000 -0.00012391
1.35500000 -0.00012322
1.35600000 -0.00012253
1.35700000 -0.00012185
1.35800000 -0.00012118
1.35900000 -0.00012051
1.36000000 -0.00011984
1.36100000 -0.00011918
1.36200000 -0.00011852
1.36300000 -0.00011786
1.36400000 -0.00011721
1.36500000 -0.00011657
1.36600000 -0.00011593
1.36700000 -0.00011529
1.36800000 -0.00011466
1.36900000 -0.00011404
1.37000000 -0.00011341
1.37100000 -0.00011279
1.37200000 -0.00011218
1.37300000 -0.00011157
1.37400000 -0.00011096
1.37500000 -0.00011036
1.37600000 -0.00010976
1.37700000 -0.00010917
1.37800000 -0.00010858
1.37900000 -0.00010799
1.38000000 -0.00010741
1.38100000 -0.00010683
1.38200000 -0.00010626
1.38300000 -0.00010569
1.38400000 -0.00010512
1.38500000 -0.00010456
1.38600000 -0.00010400
1.38700000 -0.00010344
1.38800000 -0.00010289
1.38900000 -0.00010234
1.39000000 -0.00010180
1.39100000 -0.00010126
1.39200000 -0.00010072
1.39300000 -0.00010019
1.39400000 -0.00009966
1.39500000 -0.00009913
1.39600000 -0.00009861
1.39700000 -0.00009809
1.39800000 -0.00009757
1.39900000 -0.00009706
1.40000000 -0.00009655
1.40100000 -0.00009604
1.40200000 -0.00009554
1.40300000 -0.00009504
1.40400000 -0.00009454
1.40500000 -0.00009405
1.40600000 -0.00009356
1.40700000 -0.00009307
1.40800000 -0.00009259
1.40900000 -0.00009211
1.41000000 -0.00009163
1.41100000 -0.00009116
1.41200000 -0.00009069
1.41300000 -0.00009022
1.41400000 -0.00008975
1.41500000 -0.00008929
1.41600000 -0.00008883
1.41700000 -0.00008838
1.41800000 -0.00008792
1.41900000 -0.00008747
1.42000000 -0.00008702
1.42100000 -0.00008658
1.42200000 -0.00008614
1.42300000 -0.00008570
1.42400000 -0.00008526
1.42500000 -0.00008483
1.42600000 -0.00008440
1.42700000 -0.00008397
1.42800000 -0.00008354
1.42900000 -0.00008312
1.43000000 -0.00008270
1.43100000 -0.00008228
1.43200000 -0.00008187
1.43300000 -0.00008146
1.43400000 -0.00008105
1.43500000 -0.00008064
1.43600000 -0.00008023
1.43700000 -0.00007983
1.43800000 -0.00007943
1.43900000 -0.00007904
1.44000000 -0.00007864
1.44100000 -0.00007825
1.44200000 -0.00007786
1.44300000 -0.00007747
1.44400000 -0.00007709
1.44500000 -0.00007670
1.44600000 -0.00007632
1.44700000 -0.00007595
1.44800000 -0.00007557
1.44900000 -0.00007520
1.45000000 -0.00007483
1.45100000 -0.00007446
1.45200000 -0.00007409
1.45300000 -0.00007373
1.45400000 -0.00007337
1.45500000 -0.00007301
1.45600000 -0.00007265
1.45700000 -0.00007229
1.45800000 -0.00007194
1.45900000 -0.00007159
1.46000000 -0.00007124
1.46100000 -0.00007089
1.46200000 -0.00007055
1.46300000 -0.00007021
1.46400000 -0.00006987
1.46500000 -0.00006953
1.46600000 -0.00006919
1.46700000 -0.00006886
1.46800000 -0.00006853
1.46900000 -0.00006820
1.47000000 -0.00006787
1.47100000 -0.00006754
1.47200000 -0.00006722
1.47300000 -0.00006689
1.47400000 -0.00006657
1.47500000 -0.00006626
1.47600000 -0.00006594
1.47700000 -0.00006562
1.47800000 -0.00006531
1.47900000 -0.00006500
1.48000000 -0.00006469
1.48100000 -0.00006438
1.48200000 -0.00006408
1.48300000 -0.00006377
1.48400000 -0.00006347
1.48500000 -0.00006317
1.48600000 -0.00006287
1.48700000 -0.00006258
1.48800000 -0.00006228
1.48900000 -0.00006199
1.49000000 -0.00006170
1.49100000 -0.00006141
1.49200000 -0.00006112
1.49300000 -0.00006083
1.49400000 -0.00006055
1.49500000 -0.00006026
1.49600000 -0.00005998
1.49700000 -0.00005970
1.49800000 -0.00005943
1.49900000 -0.00005915
1.50000000 -0.00005887
1.50100000 -0.00005860
1.50200000 -0.00005833
1.50300000 -0.00005806
1.50400000 -0.00005779
1.50500000 -0.00005752
1.50600000 -0.00005726
1.50700000 -0.00005699
1.50800000 -0.00005673
1.50900000 -0.00005647
1.51000000 -0.00005621
1.51100000 -0.00005595
1.51200000 -0.00005570
1.51300000 -0.00005544
1.51400000 -0.00005519
1.51500000 -0.00005493
1.51600000 -0.00005468
1.51700000 -0.00005443
1.51800000 -0.00005419
1.51900000 -0.00005394
1.52000000 -0.00005369
1.52100000 -0.00005345
1.52200000 -0.00005321
1.52300000 -0.00005297
1.52400000 -0.00005273
1.52500000 -0.00005249
1.52600000 -0.00005225
1.52700000 -0.00005202
1.52800000 -0.00005178
1.52900000 -0.00005155
1.53000000 -0.00005132
1.53100000 -0.00005109
1.53200000 -0.00005086
1.53300000 -0.00005063
1.53400000 -0.00005041
1.53500000 -0.00005018
1.53600000 -0.00004996
1.53700000 -0.00004973
1.53800000 -0.00004951
1.53900000 -0.00004929
1.54000000 -0.00004907
1.54100000 -0.00004885
1.54200000 -0.00004864
1.54300000 -0.00004842
1.54400000 -0.00004821
1.54500000 -0.00004800
1.54600000 -0.00004778
1.54700000 -0.00004757
1.54800000 -0.00004736
1.54900000 -0.00004715
1.55000000 -0.00004695
1.55100000 -0.00004674
1.55200000 -0.00004654
1.55300000 -0.00004633
1.55400000 -0.00004613
1.55500000 -0.00004593
1.55600000 -0.00004573
1.55700000 -0.00004553
1.55800000 -0.00004533
1.55900000 -0.00004513
1.56000000 -0.00004494
1.56100000 -0.00004474
1.56200000 -0.00004455
1.56300000 -0.00004435
1.56400000 -0.00004416
1.56500000 -0.00004397
1.56600000 -0.00004378
1.56700000 -0.00004359
1.56800000 -0.00004340
1.56900000 -0.00004322
1.57000000 -0.00004303
1.57100000 -0.00004285
1.57200000 -0.00004266
1.57300000 -0.00004248
1.57400000 -0.00004230
1.57500000 -0.00004212
1.57600000 -0.00004194
1.57700000 -0.00004176
1.57800000 -0.00004158
1.57900000 -0.00004140
1.58000000 -0.00004123
1.58100000 -0.00004105
1.58200000 -0.00004088
1.58300000 -0.00004070
1.58400000 -0.00004053
1.58500000 -0.00004036
1.58600000 -0.00004019
1.58700000 -0.00004002
1.58800000 -0.00003985
1.58900000 -0.00003968
1.59000000 -0.00003951
1.59100000 -0.00003935
1.59200000 -0.00003918
1.59300000 -0.00003902
1.59400000 -0.00003885
1.59500000 -0.00003869
1.59600000 -0.00003853
1.59700000 -0.00003837
1.59800000 -0.00003821
1.59900000 -0.00003805
1.60000000 -0.00003789
1.60100000 -0.00003773
1.60200000 -0.00003757
1.60300000 -0.00003742
1.60400000 -0.00003726
1.60500000 -0.00003711
1.60600000 -0.00003695
1.60700000 -0.00003680
1.60800000 -0.00003665
1.60900000 -0.00003650
1.61000000 -0.00003635
1.61100000 -0.00003620
1.61200000 -0.00003605
1.61300000 -0.00003590
1.61400000 -0.00003575
1.61500000 -0.00003561
1.61600000 -0.00003546
1.61700000 -0.00003531
1.61800000 -0.00003517
1.61900000 -0.00003503
1.62000000 -0.00003488
1.62100000 -0.00003474
1.62200000 -0.00003460
1.62300000 -0.00003446
1.62400000 -0.00003432
1.62500000 -0.00003418
1.62600000 -0.00003404
1.62700000 -0.00003390
1.62800000 -0.00003376
1.62900000 -0.00003363
1.63000000 -0.00003349
1.63100000 -0.00003336
1.63200000 -0.00003322
1.63300000 -0.00003309
1.63400000 -0.00003296
1.63500000 -0.00003282
1.63600000 -0.00003269
1.63700000 -0.00003256
1.63800000 -0.00003243
1.63900000 -0.00003230
1.64000000 -0.00003217
1.64100000 -0.00003204
1.64200000 -0.00003191
1.64300000 -0.00003179
1.64400000 -0.00003166
1.64500000 -0.00003153
1.64600000 -0.00003141
1.64700000 -0.00003128
1.64800000 -0.00003116
1.64900000 -0.00003103
1.65000000 -0.00003091
1.65100000 -0.00003079
1.65200000 -0.00003067
1.65300000 -0.00003055
1.65400000 -0.00003043
1.65500000 -0.00003031
1.65600000 -0.00003019
1.65700000 -0.00003007
1.65800000 -0.00002995
1.65900000 -0.00002983
1.66000000 -0.00002971
1.66100000 -0.00002960
1.66200000 -0.00002948
1.66300000 -0.00002937
1.66400000 -0.00002925
1.66500000 -0.00002914
1.66600000 -0.00002902
1.66700000 -0.00002891
1.66800000 -0.00002880
1.66900000 -0.00002869
1.67000000 -0.00002857
1.67100000 -0.00002846
1.67200000 -0.00002835
1.67300000 -0.00002824
1.67400000 -0.00002813
1.67500000 -0.00002802
1.67600000 -0.00002792
1.67700000 -0.00002781
1.67800000 -0.00002770
1.67900000 -0.00002759
1.68000000 -0.00002749
1.68100000 -0.00002738
1.68200000 -0.00002728
1.68300000 -0.00002717
1.68400000 -0.00002707
1.68500000 -0.00002696
1.68600000 -0.00002686
1.68700000 -0.00002676
1.68800000 -0.00002666
1.68900000 -0.00002655
1.69000000 -0.00002645
1.69100000 -0.00002635
1.69200000 -0.00002625
1.69300000 -0.00002615
1.69400000 -0.00002605
1.69500000 -0.00002595
1.69600000 -0.00002586
1.69700000 -0.00002576
1.69800000 -0.00002566
1.69900000 -0.00002556
1.70000000 -0.00002547
1.70100000 -0.00002537
1.70200000 -0.00002527
1.70300000 -0.00002518
1.70400000 -0.00002508
1.70500000 -0.00002499
1.70600000 -0.00002490
1.70700000 -0.00002480
1.70800000 -0.00002471
1.70900000 -0.00002462
1.71000000 -0.00002453
1.71100000 -0.00002443
1.71200000 -0.00002434
1.71300000 -0.00002425
1.71400000 -0.00002416
1.71500000 -0.00002407
1.71600000 -0.00002398
1.71700000 -0.00002389
1.71800000 -0.00002380
1.71900000 -0.00002372
1.72000000 -0.00002363
1.72100000 -0.00002354
1.72200000 -0.00002345
1.72300000 -0.00002337
1.72400000 -0.00002328
1.72500000 -0.00002319
1.72600000 -0.00002311
1.72700000 -0.00002302
1.72800000 -0.00002294
1.72900000 -0.00002285
1.73000000 -0.00002277
1.73100000 -0.00002269
1.73200000 -0.00002260
1.73300000 -0.00002252
1.73400000 -0.00002244
1.73500000 -0.00002236
1.73600000 -0.00002227
1.73700000 -0.00002219
1.73800000 -0.00002211
1.73900000 -0.00002203
1.74000000 -0.00002195
1.74100000 -0.00002187
1.74200000 -0.00002179
1.74300000 -0.00002171
1.74400000 -0.00002163
1.74500000 -0.00002155
1.74600000 -0.00002148
1.74700000 -0.00002140
1.74800000 -0.00002132
1.74900000 -0.00002124
1.75000000 -0.00002117
1.75100000 -0.00002109
1.75200000 -0.00002102
1.75300000 -0.00002094
1.75400000 -0.00002086
1.75500000 -0.00002079
1.75600000 -0.00002072
1.75700000 -0.00002064
1.75800000 -0.00002057
1.75900000 -0.00002049
1.76000000 -0.00002042
1.76100000 -0.00002035
1.76200000 -0.00002027
1.76300000 -0.00002020
1.76400000 -0.00002013
1.76500000 -0.00002006
1.76600000 -0.00001999
1.76700000 -0.00001992
1.76800000 -0.00001985
1.76900000 -0.00001977
1.77000000 -0.00001970
1.77100000 -0.00001963
1.77200000 -0.00001957
1.77300000 -0.00001950
1.77400000 -0.00001943
1.77500000 -0.00001936
1.77600000 -0.00001929
1.77700000 -0.00001922
1.77800000 -0.00001915
1.77900000 -0.00001909
1.78000000 -0.00001902
1.78100000 -0.00001895
1.78200000 -0.00001889
1.78300000 -0.00001882
1.78400000 -0.00001876
1.78500000 -0.00001869
1.78600000 -0.00001862
1.78700000 -0.00001856
1.78800000 -0.00001849
1.78900000 -0.00001843
1.79000000 -0.00001837
1.79100000 -0.00001830
1.79200000 -0.00001824
1.79300000 -0.00001817
1.79400000 -0.00001811
1.79500000 -0.00001805
1.79600000 -0.00001799
1.79700000 -0.00001792
1.79800000 -0.00001786
1.79900000 -0.00001780
1.80000000 -0.00001774
1.80100000 -0.00001768
1.80200000 -0.00001762
1.80300000 -0.00001756
1.80400000 -0.00001750
1.80500000 -0.00001744
1.80600000 -0.00001738
1.80700000 -0.00001732
1.80800000 -0.00001726
1.80900000 -0.00001720
1.81000000 -0.00001714
1.81100000 -0.00001708
1.81200000 -0.00001702
1.81300000 -0.00001696
1.81400000 -0.00001691
1.81500000 -0.00001685
1.81600000 -0.00001679
1.81700000 -0.00001673
1.81800000 -0.00001668
1.81900000 -0.00001662
1.82000000 -0.00001656
1.82100000 -0.00001651
1.82200000 -0.00001645
1.82300000 -0.00001639
1.82400000 -0.00001634
1.82500000 -0.00001628
1.82600000 -0.00001623
1.82700000 -0.00001617
1.82800000 -0.00001612
1.82900000 -0.00001607
1.83000000 -0.00001601
1.83100000 -0.00001596
1.83200000 -0.00001590
1.83300000 -0.00001585
1.83400000 -0.00001580
1.83500000 -0.00001574
1.83600000 -0.00001569
1.83700000 -0.00001564
1.83800000 -0.00001559
1.83900000 -0.00001553
1.84000000 -0.00001548
1.84100000 -0.00001543
1.84200000 -0.00001538
1.84300000 -0.00001533
1.84400000 -0.00001528
1.84500000 -0.00001523
1.84600000 -0.00001518
1.84700000 -0.00001513
1.84800000 -0.00001508
1.84900000 -0.00001503
1.85000000 -0.00001498
1.85100000 -0.00001493
1.85200000 -0.00001488
1.85300000 -0.00001483
1.85400000 -0.00001478
1.85500000 -0.00001473
1.85600000 -0.00001468
1.85700000 -0.00001463
1.85800000 -0.00001458
1.85900000 -0.00001454
1.86000000 -0.00001449
1.86100000 -0.00001444
1.86200000 -0.00001439
1.86300000 -0.00001435
1.86400000 -0.00001430
1.86500000 -0.00001425
1.86600000 -0.00001421
1.86700000 -0.00001416
1.86800000 -0.00001411
1.86900000 -0.00001407
1.87000000 -0.00001402
1.87100000 -0.00001398
1.87200000 -0.00001393
1.87300000 -0.00001389
1.87400000 -0.00001384
1.87500000 -0.00001380
1.87600000 -0.00001375
1.87700000 -0.00001371
1.87800000 -0.00001366
1.87900000 -0.00001362
1.88000000 -0.00001357
1.88100000 -0.00001353
1.88200000 -0.00001349
1.88300000 -0.00001344
1.88400000 -0.00001340
1.88500000 -0.00001336
1.88600000 -0.00001331
1.88700000 -0.00001327
1.88800000 -0.00001323
1.88900000 -0.00001319
1.89000000 -0.00001314
1.89100000 -0.00001310
1.89200000 -0.00001306
1.89300000 -0.00001302
1.89400000 -0.00001298
1.89500000 -0.00001293
1.89600000 -0.00001289
1.89700000 -0.00001285
1.89800000 -0.00001281
1.89900000 -0.00001277
1.90000000 -0.00001273
1.90100000 -0.00001269
1.90200000 -0.00001265
1.90300000 -0.00001261
1.90400000 -0.00001257
1.90500000 -0.00001253
1.90600000 -0.00001249
1.90700000 -0.00001245
1.90800000 -0.00001241
1.90900000 -0.00001237
1.91000000 -0.00001233
1.91100000 -0.00001229
1.91200000 -0.00001225
1.91300000 -0.00001222
1.91400000 -0.00001218
1.91500000 -0.00001214
1.91600000 -0.00001210
1.91700000 -0.00001206
1.91800000 -0.00001203
1.91900000 -0.00001199
1.92000000 -0.00001195
1.92100000 -0.00001191
1.92200000 -0.00001188
1.92300000 -0.00001184
1.92400000 -0.00001180
1.92500000 -0.00001176
1.92600000 -0.00001173
1.92700000 -0.00001169
1.92800000 -0.00001166
1.92900000 -0.00001162
1.93000000 -0.00001158
1.93100000 -0.00001155
1.93200000 -0.00001151
1.93300000 -0.00001148
1.93400000 -0.00001144
1.93500000 -0.00001140
1.93600000 -0.00001137
1.93700000 -0.00001133
1.93800000 -0.00001130
1.93900000 -0.00001126
1.94000000 -0.00001123
1.94100000 -0.00001120
1.94200000 -0.00001116
1.94300000 -0.00001113
1.94400000 -0.00001109
1.94500000 -0.00001106
1.94600000 -0.00001102
1.94700000 -0.00001099
1.94800000 -0.00001096
1.94900000 -0.00001092
1.95000000 -0.00001089
1.95100000 -0.00001086
1.95200000 -0.00001082
1.95300000 -0.00001079
1.95400000 -0.00001076
1.95500000 -0.00001072
1.95600000 -0.00001069
1.95700000 -0.00001066
1.95800000 -0.00001063
1.95900000 -0.00001059
1.96000000 -0.00001056
1.96100000 -0.00001053
1.96200000 -0.00001050
1.96300000 -0.00001047
1.96400000 -0.00001043
1.96500000 -0.00001040
1.96600000 -0.00001037
1.96700000 -0.00001034
1.96800000 -0.00001031
1.96900000 -0.00001028
1.97000000 -0.00001025
1.97100000 -0.00001022
1.97200000 -0.00001019
1.97300000 -0.00001015
1.97400000 -0.00001012
1.97500000 -0.00001009
1.97600000 -0.00001006
1.97700000 -0.00001003
1.97800000 -0.00001000
1.97900000 -0.00000997
1.98000000 -0.00000994
1.98100000 -0.00000991
1.98200000 -0.00000988
1.98300000 -0.00000985
1.98400000 -0.00000983
1.98500000 -0.00000980
1.98600000 -0.00000977
1.98700000 -0.00000974
1.98800000 -0.00000971
1.98900000 -0.00000968
1.99000000 -0.00000965
1.99100000 -0.00000962
1.99200000 -0.00000959
1.99300000 -0.00000957
1.99400000 -0.00000954
1.99500000 -0.00000951
1.99600000 -0.00000948
1.99700000 -0.00000945
1.99800000 -0.00000943
1.99900000 -0.00000940
2.00000000 -0.00000937
