0.10000000 4133206994.16017437
0.10100000 3667996174.06172228
0.10200000 3258977865.83728218
0.10300000 2898910406.62258911
0.10400000 2581542845.41609573
0.10500000 2301471688.36281633
0.10600000 2054019454.25262308
0.10700000 1835131555.80967736
0.10800000 1641288604.74049067
0.10900000 1469431719.33474684
0.11000000 1316898811.11104155
0.11100000 1181370156.52915454
0.11200000 1060821833.31524789
0.11300000 953485828.37558770
0.11400000 857815813.69616699
0.11500000 772457744.65340447
0.11600000 696224567.21303654
0.11700000 628074431.01683974
0.11800000 567091898.00549936
0.11900000 512471714.01137298
0.12000000 463504776.16068858
0.12100000 419565984.00315577
0.12200000 380103708.73674560
0.12300000 344630654.12475306
0.12400000 312715915.88056737
0.12500000 283978074.39527464
0.12600000 258079179.51437855
0.12700000 234719506.30815420
0.12800000 213632977.98998880
0.12900000 194583166.79075077
0.13000000 177359796.09045112
0.13100000 161775677.77321643
0.13200000 147664027.88680825
0.13300000 134876111.48828503
0.13400000 123279174.24062108
0.13500000 112754624.05796522
0.13600000 103196431.02062619
0.13700000 94509718.01397580
0.13800000 86609518.18917604
0.13900000 79419678.48352984
0.14000000 72871891.14696799
0.14100000 66904837.56046325
0.14200000 61463430.65455008
0.14300000 56498143.98639526
0.14400000 51964417.05019799
0.14500000 47822127.71070664
0.14600000 44035123.79120663
0.14700000 40570806.83931816
0.14800000 37399761.95679138
0.14900000 34495428.33073546
0.15000000 31833805.75842511
0.15100000 29393193.02893638
0.15200000 27153954.52351058
0.15300000 25098311.83232173
0.15400000 23210157.56650114
0.15500000 21474888.87799044
0.15600000 19879258.49221464
0.15700000 18411241.31502841
0.15800000 17059914.90049957
0.15900000 15815352.26385762
0.16000000 14668525.69781785
0.16100000 13611220.40350222
0.16200000 12635956.88193248
0.16300000 11735921.15084198
0.16400000 10904901.95631965
0.16500000 10137234.24128520
0.16600000 9427748.21450247
0.16700000 8771723.43607914
0.16800000 8164847.39931939
0.16900000 7603178.14539463
0.17000000 7083110.49744930
0.17100000 6601345.54523174
0.17200000 6154863.05080553
0.17300000 5740896.48094226
0.17400000 5356910.40294082
0.17500000 5000580.00831304
0.17600000 4669772.55342046
0.17700000 4362530.52809299
0.17800000 4077056.38281556
0.17900000 3811698.66250551
0.18000000 3564939.41046153
0.18100000 3335382.71995514
0.18200000 3121744.32334571
0.18300000 2922842.11969331
0.18400000 2737587.55176755
0.18500000 2564977.75223259
0.18600000 2404088.38674366
0.18700000 2254067.12881948
0.18800000 2114127.70774764
0.18900000 1983544.47651532
0.19000000 1861647.45190718
0.19100000 1747817.78353735
0.19200000 1641483.61273969
0.19300000 1542116.28597896
0.19400000 1449226.89080954
0.19500000 1362363.08543682
0.19600000 1281106.19566428
0.19700000 1205068.55546847
0.19800000 1133891.06966081
0.19900000 1067240.97909596
0.20000000 1004809.81069232
0.20100000 946311.49616122
0.20200000 891480.64481524
0.20300000 840070.95715886
0.20400000 791853.76716987
0.20500000 746616.70227120
0.20600000 704162.45098023
0.20700000 664307.62911806
0.20800000 626881.73627191
0.20900000 591726.19493962
0.21000000 558693.46545219
0.21100000 527646.23037634
0.21200000 498456.64264872
0.21300000 471005.63219324
0.21400000 445182.26622714
0.21500000 420883.15887434
0.21600000 398011.92608034
0.21700000 376478.68216488
0.21800000 356199.57466002
0.21900000 337096.35436475
0.22000000 319095.97780582
0.22100000 302130.23953029
0.22200000 286135.43186989
0.22300000 271052.03001388
0.22400000 256824.40040583
0.22500000 243400.53064330
0.22600000 230731.77920908
0.22700000 218772.64349882
0.22800000 207480.54473510
0.22900000 196815.62847189
0.23000000 186740.57949815
0.23100000 177220.45004485
0.23200000 168222.50028740
0.23300000 159716.05021556
0.23400000 151672.34201691
0.23500000 144064.41218694
0.23600000 136866.97264103
0.23700000 130056.30016021
0.23800000 123610.13355478
0.23900000 117507.57797773
0.24000000 111729.01586372
0.24100000 106256.02401005
0.24200000 101071.29635273
0.24300000 96158.57202554
0.24400000 91502.56832064
0.24500000 87088.91819882
0.24600000 82904.11202368
0.24700000 78935.44321873
0.24800000 75170.95756882
0.24900000 71599.40590828
0.25000000 68210.19995704
0.25100000 64993.37108401
0.25200000 61939.53179303
0.25300000 59039.83974177
0.25400000 56285.96411805
0.25500000 53670.05421050
0.25600000 51184.71002270
0.25700000 48822.95479060
0.25800000 46578.20927319
0.25900000 44444.26769582
0.26000000 42415.27523403
0.26100000 40485.70693398
0.26200000 38650.34797266
0.26300000 36904.27516816
0.26400000 35242.83965651
0.26500000 33661.65065739
0.26600000 32156.56025662
0.26700000 30723.64913811
0.26800000 29359.21320301
0.26900000 28059.75101763
0.27000000 26821.95203616
0.27100000 25642.68554771
0.27200000 24518.99030054
0.27300000 23448.06475998
0.27400000 22427.25795898
0.27500000 21454.06090335
0.27600000 20526.09849627
0.27700000 19641.12194888
0.27800000 18797.00164617
0.27900000 17991.72043926
0.28000000 17223.36733736
0.28100000 16490.13157404
0.28200000 15790.29702460
0.28300000 15122.23695256
0.28400000 14484.40906468
0.28500000 13875.35085565
0.28600000 13293.67522424
0.28700000 12738.06634448
0.28800000 12207.27577608
0.28900000 11700.11879947
0.29000000 11215.47096183
0.29100000 10752.26482125
0.29200000 10309.48687708
0.29300000 9886.17467514
0.29400000 9481.41407740
0.29500000 9094.33668622
0.29600000 8724.11741387
0.29700000 8369.97218878
0.29800000 8031.15579035
0.29900000 7706.95980470
0.30000000 7396.71069429
0.30100000 7099.76797466
0.30200000 6815.52249210
0.30300000 6543.39479623
0.30400000 6282.83360208
0.30500000 6033.31433647
0.30600000 5794.33776375
0.30700000 5565.42868637
0.30800000 5346.13471597
0.30900000 5136.02511102
0.31000000 4934.68967704
0.31100000 4741.73772608
0.31200000 4556.79709183
0.31300000 4379.51319749
0.31400000 4209.54817316
0.31500000 4046.58002022
0.31600000 3890.30181981
0.31700000 3740.42098322
0.31800000 3596.65854160
0.31900000 3458.74847299
0.32000000 3326.43706453
0.32100000 3199.48230787
0.32200000 3077.65332611
0.32300000 2960.72983030
0.32400000 2848.50160414
0.32500000 2740.76801513
0.32600000 2637.33755086
0.32700000 2538.02737906
0.32800000 2442.66293007
0.32900000 2351.07750062
0.33000000 2263.11187760
0.33100000 2178.61398102
0.33200000 2097.43852485
0.33300000 2019.44669501
0.33400000 1944.50584346
0.33500000 1872.48919760
0.33600000 1803.27558417
0.33700000 1736.74916685
0.33800000 1672.79919694
0.33900000 1611.31977626
0.34000000 1552.20963182
0.34100000 1495.37190154
0.34200000 1440.71393047
0.34300000 1388.14707696
0.34400000 1337.58652830
0.34500000 1288.95112531
0.34600000 1242.16319540
0.34700000 1197.14839377
0.34800000 1153.83555218
0.34900000 1112.15653507
0.35000000 1072.04610247
0.35100000 1033.44177960
0.35200000 996.28373255
0.35300000 960.51464995
0.35400000 926.07963025
0.35500000 892.92607426
0.35600000 861.00358284
0.35700000 830.26385936
0.35800000 800.66061670
0.35900000 772.14948870
0.36000000 744.68794559
0.36100000 718.23521351
0.36200000 692.75219767
0.36300000 668.20140905
0.36400000 644.54689456
0.36500000 621.75417037
0.36600000 599.79015827
0.36700000 578.62312500
0.36800000 558.22262433
0.36900000 538.55944173
0.37000000 519.60554165
0.37100000 501.33401709
0.37200000 483.71904153
0.37300000 466.73582294
0.37400000 450.36055994
0.37500000 434.57039988
0.37600000 419.34339881
0.37700000 404.65848323
0.37800000 390.49541351
0.37900000 376.83474902
0.38000000 363.65781472
0.38100000 350.94666923
0.38200000 338.68407439
0.38300000 326.85346604
0.38400000 315.43892617
0.38500000 304.42515624
0.38600000 293.79745169
0.38700000 283.54167755
0.38800000 273.64424507
0.38900000 264.09208947
0.39000000 254.87264850
0.39100000 245.97384203
0.39200000 237.38405252
0.39300000 229.09210625
0.39400000 221.08725541
0.39500000 213.35916097
0.39600000 205.89787619
0.39700000 198.69383097
0.39800000 191.73781670
0.39900000 185.02097190
0.40000000 178.53476837
0.40100000 172.27099794
0.40200000 166.22175979
0.40300000 160.37944834
0.40400000 154.73674152
0.40500000 149.28658970
0.40600000 144.02220493
0.40700000 138.93705070
0.40800000 134.02483211
0.40900000 129.27948648
0.41000000 124.69517426
0.41100000 120.26627040
0.41200000 115.98735601
0.41300000 111.85321044
0.41400000 107.85880357
0.41500000 103.99928853
0.41600000 100.26999464
0.41700000 96.66642065
0.41800000 93.18422828
0.41900000 89.81923599
0.42000000 86.56741302
0.42100000 83.42487366
0.42200000 80.38787176
0.42300000 77.45279543
0.42400000 74.61616198
0.42500000 71.87461308
0.42600000 69.22491006
0.42700000 66.66392941
0.42800000 64.18865851
0.42900000 61.79619145
0.43000000 59.48372508
0.43100000 57.24855519
0.43200000 55.08807279
0.43300000 52.99976066
0.43400000 50.98118988
0.43500000 49.03001665
0.43600000 47.14397908
0.43700000 45.32089424
0.43800000 43.55865524
0.43900000 41.85522845
0.44000000 40.20865082
0.44100000 38.61702733
0.44200000 37.07852850
0.44300000 35.59138798
0.44400000 34.15390034
0.44500000 32.76441878
0.44600000 31.42135310
0.44700000 30.12316759
0.44800000 28.86837911
0.44900000 27.65555518
0.45000000 26.48331222
0.45100000 25.35031371
0.45200000 24.25526861
0.45300000 23.19692967
0.45400000 22.17409193
0.45500000 21.18559115
0.45600000 20.23030244
0.45700000 19.30713883
0.45800000 18.41504994
0.45900000 17.55302070
0.46000000 16.72007011
0.46100000 15.91525002
0.46200000 15.13764401
0.46300000 14.38636627
0.46400000 13.66056054
0.46500000 12.95939906
0.46600000 12.28208161
0.46700000 11.62783452
0.46800000 10.99590978
0.46900000 10.38558415
0.47000000 9.79615827
0.47100000 9.22695591
0.47200000 8.67732308
0.47300000 8.14662735
0.47400000 7.63425706
0.47500000 7.13962064
0.47600000 6.66214591
0.47700000 6.20127940
0.47800000 5.75648575
0.47900000 5.32724709
0.48000000 4.91306241
0.48100000 4.51344702
0.48200000 4.12793201
0.48300000 3.75606368
0.48400000 3.39740305
0.48500000 3.05152536
0.48600000 2.71801961
0.48700000 2.39648808
0.48800000 2.08654586
0.48900000 1.78782048
0.49000000 1.49995146
0.49100000 1.22258991
0.49200000 0.95539815
0.49300000 0.69804935
0.49400000 0.45022713
0.49500000 0.21162528
0.49600000 -0.01805265
0.49700000 -0.23909362
0.49800000 -0.45177542
0.49900000 -0.65636699
0.50000000 -0.85312872
0.50100000 -1.04231267
0.50200000 -1.22416294
0.50300000 -1.39891582
0.50400000 -1.56680014
0.50500000 -1.72803746
0.50600000 -1.88284232
0.50700000 -2.03142247
0.50800000 -2.17397910
0.50900000 -2.31070703
0.51000000 -2.44179493
0.51100000 -2.56742553
0.51200000 -2.68777579
0.51300000 -2.80301709
0.51400000 -2.91331543
0.51500000 -3.01883159
0.51600000 -3.11972128
0.51700000 -3.21613533
0.51800000 -3.30821984
0.51900000 -3.39611632
0.52000000 -3.47996184
0.52100000 -3.55988919
0.52200000 -3.63602700
0.52300000 -3.70849985
0.52400000 -3.77742846
0.52500000 -3.84292975
0.52600000 -3.90511700
0.52700000 -3.96409994
0.52800000 -4.01998488
0.52900000 -4.07287482
0.53000000 -4.12286953
0.53100000 -4.17006570
0.53200000 -4.21455696
0.53300000 -4.25643407
0.53400000 -4.29578493
0.53500000 -4.33269471
0.53600000 -4.36724593
0.53700000 -4.39951854
0.53800000 -4.42959001
0.53900000 -4.45753538
0.54000000 -4.48342738
0.54100000 -4.50733645
0.54200000 -4.52933086
0.54300000 -4.54947674
0.54400000 -4.56783817
0.54500000 -4.58447724
0.54600000 -4.59945410
0.54700000 -4.61282703
0.54800000 -4.62465250
0.54900000 -4.63498521
0.55000000 -4.64387818
0.55100000 -4.65138276
0.55200000 -4.65754869
0.55300000 -4.66242420
0.55400000 -4.66605597
0.55500000 -4.66848926
0.55600000 -4.66976790
0.55700000 -4.66993435
0.55800000 -4.66902975
0.55900000 -4.66709396
0.56000000 -4.66416559
0.56100000 -4.66028203
0.56200000 -4.65547952
0.56300000 -4.64979314
0.56400000 -4.64325691
0.56500000 -4.63590373
0.56600000 -4.62776551
0.56700000 -4.61887314
0.56800000 -4.60925654
0.56900000 -4.59894468
0.57000000 -4.58796563
0.57100000 -4.57634657
0.57200000 -4.56411382
0.57300000 -4.55129287
0.57400000 -4.53790839
0.57500000 -4.52398428
0.57600000 -4.50954369
0.57700000 -4.49460902
0.57800000 -4.47920195
0.57900000 -4.46334348
0.58000000 -4.44705395
0.58100000 -4.43035302
0.58200000 -4.41325974
0.58300000 -4.39579255
0.58400000 -4.37796929
0.58500000 -4.35980723
0.58600000 -4.34132307
0.58700000 -4.32253297
0.58800000 -4.30345260
0.58900000 -4.28409707
0.59000000 -4.26448103
0.59100000 -4.24461864
0.59200000 -4.22452360
0.59300000 -4.20420917
0.59400000 -4.18368815
0.59500000 -4.16297294
0.59600000 -4.14207551
0.59700000 -4.12100745
0.59800000 -4.09977996
0.59900000 -4.07840386
0.60000000 -4.05688961
0.60100000 -4.03524732
0.60200000 -4.01348675
0.60300000 -3.99161734
0.60400000 -3.96964822
0.60500000 -3.94758817
0.60600000 -3.92544571
0.60700000 -3.90322905
0.60800000 -3.88094612
0.60900000 -3.85860456
0.61000000 -3.83621176
0.61100000 -3.81377486
0.61200000 -3.79130072
0.61300000 -3.76879598
0.61400000 -3.74626703
0.61500000 -3.72372006
0.61600000 -3.70116100
0.61700000 -3.67859558
0.61800000 -3.65602934
0.61900000 -3.63346759
0.62000000 -3.61091546
0.62100000 -3.58837789
0.62200000 -3.56585962
0.62300000 -3.54336525
0.62400000 -3.52089916
0.62500000 -3.49846560
0.62600000 -3.47606863
0.62700000 -3.45371217
0.62800000 -3.43139997
0.62900000 -3.40913567
0.63000000 -3.38692271
0.63100000 -3.36476445
0.63200000 -3.34266407
0.63300000 -3.32062464
0.63400000 -3.29864910
0.63500000 -3.27674028
0.63600000 -3.25490086
0.63700000 -3.23313343
0.63800000 -3.21144048
0.63900000 -3.18982435
0.64000000 -3.16828731
0.64100000 -3.14683153
0.64200000 -3.12545906
0.64300000 -3.10417187
0.64400000 -3.08297183
0.64500000 -3.06186073
0.64600000 -3.04084027
0.64700000 -3.01991206
0.64800000 -2.99907764
0.64900000 -2.97833846
0.65000000 -2.95769592
0.65100000 -2.93715130
0.65200000 -2.91670585
0.65300000 -2.89636074
0.65400000 -2.87611707
0.65500000 -2.85597588
0.65600000 -2.83593814
0.65700000 -2.81600476
0.65800000 -2.79617660
0.65900000 -2.77645447
0.66000000 -2.75683911
0.66100000 -2.73733120
0.66200000 -2.71793140
0.66300000 -2.69864029
0.66400000 -2.67945843
0.66500000 -2.66038631
0.66600000 -2.64142438
0.66700000 -2.62257307
0.66800000 -2.60383273
0.66900000 -2.58520370
0.67000000 -2.56668628
0.67100000 -2.54828071
0.67200000 -2.52998722
0.67300000 -2.51180598
0.67400000 -2.49373716
0.67500000 -2.47578087
0.67600000 -2.45793719
0.67700000 -2.44020618
0.67800000 -2.42258787
0.67900000 -2.40508226
0.68000000 -2.38768932
0.68100000 -2.37040900
0.68200000 -2.35324122
0.68300000 -2.33618587
0.68400000 -2.31924284
0.68500000 -2.30241197
0.68600000 -2.28569309
0.68700000 -2.26908602
0.68800000 -2.25259053
0.68900000 -2.23620642
0.69000000 -2.21993342
0.69100000 -2.20377126
0.69200000 -2.18771968
0.69300000 -2.17177837
0.69400000 -2.15594701
0.69500000 -2.14022528
0.69600000 -2.12461283
0.69700000 -2.10910931
0.69800000 -2.09371434
0.69900000 -2.07842755
0.70000000 -2.06324853
0.70100000 -2.04817688
0.70200000 -2.03321219
0.70300000 -2.01835402
0.70400000 -2.00360194
0.70500000 -1.98895549
0.70600000 -1.97441423
0.70700000 -1.95997769
0.70800000 -1.94564539
0.70900000 -1.93141686
0.71000000 -1.91729160
0.71100000 -1.90326911
0.71200000 -1.88934890
0.71300000 -1.87553046
0.71400000 -1.86181326
0.71500000 -1.84819680
0.71600000 -1.83468055
0.71700000 -1.82126396
0.71800000 -1.80794652
0.71900000 -1.79472768
0.72000000 -1.78160689
0.72100000 -1.76858361
0.72200000 -1.75565729
0.72300000 -1.74282737
0.72400000 -1.73009330
0.72500000 -1.71745451
0.72600000 -1.70491045
0.72700000 -1.69246054
0.72800000 -1.68010423
0.72900000 -1.66784093
0.73000000 -1.65567009
0.73100000 -1.64359113
0.73200000 -1.63160347
0.73300000 -1.61970655
0.73400000 -1.60789979
0.73500000 -1.59618260
0.73600000 -1.58455442
0.73700000 -1.57301467
0.73800000 -1.56156277
0.73900000 -1.55019814
0.74000000 -1.53892021
0.74100000 -1.52772839
0.74200000 -1.51662212
0.74300000 -1.50560082
0.74400000 -1.49466390
0.74500000 -1.48381080
0.74600000 -1.47304094
0.74700000 -1.46235375
0.74800000 -1.45174866
0.74900000 -1.44122508
0.75000000 -1.43078247
0.75100000 -1.42042023
0.75200000 -1.41013782
0.75300000 -1.39993466
0.75400000 -1.38981019
0.75500000 -1.37976384
0.75600000 -1.36979506
0.75700000 -1.35990329
0.75800000 -1.35008796
0.75900000 -1.34034853
0.76000000 -1.33068444
0.76100000 -1.32109515
0.76200000 -1.31158009
0.76300000 -1.30213873
0.76400000 -1.29277052
0.76500000 -1.28347491
0.76600000 -1.27425138
0.76700000 -1.26509938
0.76800000 -1.25601837
0.76900000 -1.24700783
0.77000000 -1.23806722
0.77100000 -1.22919602
0.77200000 -1.22039370
0.77300000 -1.21165975
0.77400000 -1.20299363
0.77500000 -1.19439483
0.77600000 -1.18586285
0.77700000 -1.17739717
0.77800000 -1.16899727
0.77900000 -1.16066266
0.78000000 -1.15239284
0.78100000 -1.14418729
0.78200000 -1.13604553
0.78300000 -1.12796706
0.78400000 -1.11995139
0.78500000 -1.11199803
0.78600000 -1.10410650
0.78700000 -1.09627630
0.78800000 -1.08850698
0.78900000 -1.08079804
0.79000000 -1.07314901
0.79100000 -1.06555942
0.79200000 -1.05802881
0.79300000 -1.05055671
0.79400000 -1.04314266
0.79500000 -1.03578620
0.79600000 -1.02848687
0.79700000 -1.02124422
0.79800000 -1.01405781
0.79900000 -1.00692718
0.80000000 -0.99985189
0.80100000 -0.99283151
0.80200000 -0.98586558
0.80300000 -0.97895369
0.80400000 -0.97209540
0.80500000 -0.96529027
0.80600000 -0.95853789
0.80700000 -0.95183783
0.80800000 -0.94518967
0.80900000 -0.93859299
0.81000000 -0.93204739
0.81100000 -0.92555245
0.81200000 -0.91910776
0.81300000 -0.91271292
0.81400000 -0.90636753
0.81500000 -0.90007118
0.81600000 -0.89382349
0.81700000 -0.88762406
0.81800000 -0.88147250
0.81900000 -0.87536842
0.82000000 -0.86931144
0.82100000 -0.86330117
0.82200000 -0.85733725
0.82300000 -0.85141928
0.82400000 -0.84554691
0.82500000 -0.83971976
0.82600000 -0.83393746
0.82700000 -0.82819966
0.82800000 -0.82250597
0.82900000 -0.81685606
0.83000000 -0.81124957
0.83100000 -0.80568613
0.83200000 -0.80016540
0.83300000 -0.79468703
0.83400000 -0.78925069
0.83500000 -0.78385601
0.83600000 -0.77850268
0.83700000 -0.77319034
0.83800000 -0.76791866
0.83900000 -0.76268732
0.84000000 -0.75749598
0.84100000 -0.75234433
0.84200000 -0.74723202
0.84300000 -0.74215875
0.84400000 -0.73712419
0.84500000 -0.73212803
0.84600000 -0.72716996
0.84700000 -0.72224966
0.84800000 -0.71736682
0.84900000 -0.71252115
0.85000000 -0.70771233
0.85100000 -0.70294007
0.85200000 -0.69820406
0.85300000 -0.69350402
0.85400000 -0.68883964
0.85500000 -0.68421064
0.85600000 -0.67961673
0.85700000 -0.67505761
0.85800000 -0.67053301
0.85900000 -0.66604265
0.86000000 -0.66158624
0.86100000 -0.65716350
0.86200000 -0.65277417
0.86300000 -0.64841797
0.86400000 -0.64409463
0.86500000 -0.63980388
0.86600000 -0.63554546
0.86700000 -0.63131909
0.86800000 -0.62712453
0.86900000 -0.62296150
0.87000000 -0.61882976
0.87100000 -0.61472905
0.87200000 -0.61065911
0.87300000 -0.60661969
0.87400000 -0.60261056
0.87500000 -0.59863144
0.87600000 -0.59468212
0.87700000 -0.59076233
0.87800000 -0.58687184
0.87900000 -0.58301042
0.88000000 -0.57917782
0.88100000 -0.57537381
0.88200000 -0.57159816
0.88300000 -0.56785064
0.88400000 -0.56413102
0.88500000 -0.56043906
0.88600000 -0.55677456
0.88700000 -0.55313728
0.88800000 -0.54952700
0.88900000 -0.54594351
0.89000000 -0.54238658
0.89100000 -0.53885601
0.89200000 -0.53535157
0.89300000 -0.53187305
0.89400000 -0.52842025
0.89500000 -0.52499296
0.89600000 -0.52159097
0.89700000 -0.51821407
0.89800000 -0.51486207
0.89900000 -0.51153476
0.90000000 -0.50823193
0.90100000 -0.50495340
0.90200000 -0.50169897
0.90300000 -0.49846844
0.90400000 -0.49526162
0.90500000 -0.49207832
0.90600000 -0.48891834
0.90700000 -0.48578150
0.90800000 -0.48266762
0.90900000 -0.47957651
0.91000000 -0.47650798
0.91100000 -0.47346185
0.91200000 -0.47043795
0.91300000 -0.46743609
0.91400000 -0.46445610
0.91500000 -0.46149780
0.91600000 -0.45856102
0.91700000 -0.45564559
0.91800000 -0.45275132
0.91900000 -0.44987806
0.92000000 -0.44702563
0.92100000 -0.44419388
0.92200000 -0.44138262
0.92300000 -0.43859171
0.92400000 -0.43582096
0.92500000 -0.43307024
0.92600000 -0.43033937
0.92700000 -0.42762819
0.92800000 -0.42493656
0.92900000 -0.42226430
0.93000000 -0.41961128
0.93100000 -0.41697733
0.93200000 -0.41436230
0.93300000 -0.41176605
0.93400000 -0.40918841
0.93500000 -0.40662926
0.93600000 -0.40408843
0.93700000 -0.40156578
0.93800000 -0.39906118
0.93900000 -0.39657446
0.94000000 -0.39410551
0.94100000 -0.39165416
0.94200000 -0.38922029
0.94300000 -0.38680375
0.94400000 -0.38440441
0.94500000 -0.38202213
0.94600000 -0.37965677
0.94700000 -0.37730821
0.94800000 -0.37497631
0.94900000 -0.37266094
0.95000000 -0.37036197
0.95100000 -0.36807927
0.95200000 -0.36581271
0.95300000 -0.36356216
0.95400000 -0.36132750
0.95500000 -0.35910861
0.95600000 -0.35690535
0.95700000 -0.35471762
0.95800000 -0.35254527
0.95900000 -0.35038821
0.96000000 -0.34824629
0.96100000 -0.34611942
0.96200000 -0.34400746
0.96300000 -0.34191030
0.96400000 -0.33982783
0.96500000 -0.33775993
0.96600000 -0.33570649
0.96700000 -0.33366739
0.96800000 -0.33164253
0.96900000 -0.32963179
0.97000000 -0.32763506
0.97100000 -0.32565224
0.97200000 -0.32368321
0.97300000 -0.32172786
0.97400000 -0.31978610
0.97500000 -0.31785782
0.97600000 -0.31594291
0.97700000 -0.31404126
0.97800000 -0.31215278
0.97900000 -0.31027737
0.98000000 -0.30841492
0.98100000 -0.30656533
0.98200000 -0.30472850
0.98300000 -0.30290434
0.98400000 -0.30109274
0.98500000 -0.29929362
0.98600000 -0.29750686
0.98700000 -0.29573239
0.98800000 -0.29397010
0.98900000 -0.29221990
0.99000000 -0.29048170
0.99100000 -0.28875541
0.99200000 -0.28704093
0.99300000 -0.28533817
0.99400000 -0.28364705
0.99500000 -0.28196747
0.99600000 -0.28029935
0.99700000 -0.27864259
0.99800000 -0.27699712
0.99900000 -0.27536285
1.00000000 -0.27373968
1.00100000 -0.27212754
1.00200000 -0.27052635
1.00300000 -0.26893601
1.00400000 -0.26735645
1.00500000 -0.26578758
1.00600000 -0.26422933
1.00700000 -0.26268160
1.00800000 -0.26114433
1.00900000 -0.25961744
1.01000000 -0.25810084
1.01100000 -0.25659445
1.01200000 -0.25509820
1.01300000 -0.25361202
1.01400000 -0.25213583
1.01500000 -0.25066954
1.01600000 -0.24921309
1.01700000 -0.24776641
1.01800000 -0.24632941
1.01900000 -0.24490203
1.02000000 -0.24348420
1.02100000 -0.24207583
1.02200000 -0.24067687
1.02300000 -0.23928724
1.02400000 -0.23790687
1.02500000 -0.23653568
1.02600000 -0.23517363
1.02700000 -0.23382062
1.02800000 -0.23247660
1.02900000 -0.23114151
1.03000000 -0.22981526
1.03100000 -0.22849780
1.03200000 -0.22718906
1.03300000 -0.22588898
1.03400000 -0.22459749
1.03500000 -0.22331453
1.03600000 -0.22204003
1.03700000 -0.22077394
1.03800000 -0.21951618
1.03900000 -0.21826670
1.04000000 -0.21702544
1.04100000 -0.21579233
1.04200000 -0.21456732
1.04300000 -0.21335034
1.04400000 -0.21214134
1.04500000 -0.21094025
1.04600000 -0.20974703
1.04700000 -0.20856160
1.04800000 -0.20738392
1.04900000 -0.20621392
1.05000000 -0.20505156
1.05100000 -0.20389676
1.05200000 -0.20274949
1.05300000 -0.20160968
1.05400000 -0.20047727
1.05500000 -0.19935222
1.05600000 -0.19823447
1.05700000 -0.19712396
1.05800000 -0.19602065
1.05900000 -0.19492448
1.06000000 -0.19383540
1.06100000 -0.19275336
1.06200000 -0.19167830
1.06300000 -0.19061018
1.06400000 -0.18954894
1.06500000 -0.18849454
1.06600000 -0.18744692
1.06700000 -0.18640603
1.06800000 -0.18537184
1.06900000 -0.18434428
1.07000000 -0.18332331
1.07100000 -0.18230888
1.07200000 -0.18130095
1.07300000 -0.18029947
1.07400000 -0.17930439
1.07500000 -0.17831566
1.07600000 -0.17733324
1.07700000 -0.17635709
1.07800000 -0.17538716
1.07900000 -0.17442340
1.08000000 -0.17346577
1.08100000 -0.17251422
1.08200000 -0.17156872
1.08300000 -0.17062922
1.08400000 -0.16969567
1.08500000 -0.16876804
1.08600000 -0.16784627
1.08700000 -0.16693034
1.08800000 -0.16602019
1.08900000 -0.16511579
1.09000000 -0.16421709
1.09100000 -0.16332406
1.09200000 -0.16243665
1.09300000 -0.16155483
1.09400000 -0.16067855
1.09500000 -0.15980777
1.09600000 -0.15894246
1.09700000 -0.15808258
1.09800000 -0.15722808
1.09900000 -0.15637894
1.10000000 -0.15553510
1.10100000 -0.15469655
1.10200000 -0.15386322
1.10300000 -0.15303510
1.10400000 -0.15221215
1.10500000 -0.15139432
1.10600000 -0.15058158
1.10700000 -0.14977390
1.10800000 -0.14897123
1.10900000 -0.14817355
1.11000000 -0.14738082
1.11100000 -0.14659301
1.11200000 -0.14581007
1.11300000 -0.14503199
1.11400000 -0.14425871
1.11500000 -0.14349021
1.11600000 -0.14272646
1.11700000 -0.14196741
1.11800000 -0.14121305
1.11900000 -0.14046333
1.12000000 -0.13971823
1.12100000 -0.13897771
1.12200000 -0.13824174
1.12300000 -0.13751029
1.12400000 -0.13678332
1.12500000 -0.13606081
1.12600000 -0.13534272
1.12700000 -0.13462903
1.12800000 -0.13391970
1.12900000 -0.13321470
1.13000000 -0.13251401
1.13100000 -0.13181759
1.13200000 -0.13112542
1.13300000 -0.13043746
1.13400000 -0.12975368
1.13500000 -0.12907407
1.13600000 -0.12839858
1.13700000 -0.12772719
1.13800000 -0.12705987
1.13900000 -0.12639659
1.14000000 -0.12573733
1.14100000 -0.12508206
1.14200000 -0.12443075
1.14300000 -0.12378338
1.14400000 -0.12313991
1.14500000 -0.12250032
1.14600000 -0.12186459
1.14700000 -0.12123268
1.14800000 -0.12060457
1.14900000 -0.11998024
1.15000000 -0.11935966
1.15100000 -0.11874280
1.15200000 -0.11812964
1.15300000 -0.11752016
1.15400000 -0.11691432
1.15500000 -0.11631211
1.15600000 -0.11571350
1.15700000 -0.11511846
1.15800000 -0.11452697
1.15900000 -0.11393901
1.16000000 -0.11335455
1.16100000 -0.11277357
1.16200000 -0.11219605
1.16300000 -0.11162196
1.16400000 -0.11105127
1.16500000 -0.11048398
1.16600000 -0.10992005
1.16700000 -0.10935945
1.16800000 -0.10880218
1.16900000 -0.10824820
1.17000000 -0.10769750
1.17100000 -0.10715005
1.17200000 -0.10660583
1.17300000 -0.10606482
1.17400000 -0.10552699
1.17500000 -0.10499233
1.17600000 -0.10446082
1.17700000 -0.10393243
1.17800000 -0.10340714
1.17900000 -0.10288493
1.18000000 -0.10236579
1.18100000 -0.10184969
1.18200000 -0.10133661
1.18300000 -0.10082653
1.18400000 -0.10031943
1.18500000 -0.09981529
1.18600000 -0.09931409
1.18700000 -0.09881582
1.18800000 -0.09832045
1.18900000 -0.09782796
1.19000000 -0.09733833
1.19100000 -0.09685156
1.19200000 -0.09636761
1.19300000 -0.09588646
1.19400000 -0.09540811
1.19500000 -0.09493253
1.19600000 -0.09445970
1.19700000 -0.09398961
1.19800000 -0.09352223
1.19900000 -0.09305756
1.20000000 -0.09259556
1.20100000 -0.09213623
1.20200000 -0.09167955
1.20300000 -0.09122549
1.20400000 -0.09077405
1.20500000 -0.09032520
1.20600000 -0.08987893
1.20700000 -0.08943522
1.20800000 -0.08899406
1.20900000 -0.08855542
1.21000000 -0.08811930
1.21100000 -0.08768567
1.21200000 -0.08725452
1.21300000 -0.08682583
1.21400000 -0.08639959
1.21500000 -0.08597578
1.21600000 -0.08555439
1.21700000 -0.08513539
1.21800000 -0.08471878
1.21900000 -0.08430454
1.22000000 -0.08389265
1.22100000 -0.08348310
1.22200000 -0.08307587
1.22300000 -0.08267095
1.22400000 -0.08226833
1.22500000 -0.08186798
1.22600000 -0.08146990
1.22700000 -0.08107406
1.22800000 -0.08068046
1.22900000 -0.08028909
1.23000000 -0.07989991
1.23100000 -0.07951293
1.23200000 -0.07912813
1.23300000 -0.07874549
1.23400000 -0.07836500
1.23500000 -0.07798665
1.23600000 -0.07761042
1.23700000 -0.07723631
1.23800000 -0.07686428
1.23900000 -0.07649434
1.24000000 -0.07612647
1.24100000 -0.07576066
1.24200000 -0.07539689
1.24300000 -0.07503515
1.24400000 -0.07467542
1.24500000 -0.07431770
1.24600000 -0.07396198
1.24700000 -0.07360823
1.24800000 -0.07325645
1.24900000 -0.07290662
1.25000000 -0.07255873
1.25100000 -0.07221278
1.25200000 -0.07186874
1.25300000 -0.07152661
1.25400000 -0.07118637
1.25500000 -0.07084801
1.25600000 -0.07051152
1.25700000 -0.07017689
1.25800000 -0.06984411
1.25900000 -0.06951316
1.26000000 -0.06918403
1.26100000 -0.06885672
1.26200000 -0.06853120
1.26300000 -0.06820748
1.26400000 -0.06788553
1.26500000 -0.06756535
1.26600000 -0.06724693
1.26700000 -0.06693025
1.26800000 -0.06661530
1.26900000 -0.06630208
1.27000000 -0.06599057
1.27100000 -0.06568076
1.27200000 -0.06537264
1.27300000 -0.06506621
1.27400000 -0.06476144
1.27500000 -0.06445834
1.27600000 -0.06415688
1.27700000 -0.06385706
1.27800000 -0.06355887
1.27900000 -0.06326231
1.28000000 -0.06296735
1.28100000 -0.06267399
1.28200000 -0.06238222
1.28300000 -0.06209203
1.28400000 -0.06180341
1.28500000 -0.06151635
1.28600000 -0.06123084
1.28700000 -0.06094687
1.28800000 -0.06066443
1.28900000 -0.06038351
1.29000000 -0.06010411
1.29100000 -0.05982621
1.29200000 -0.05954981
1.29300000 -0.05927489
1.29400000 -0.05900145
1.29500000 -0.05872947
1.29600000 -0.05845896
1.29700000 -0.05818989
1.29800000 -0.05792226
1.29900000 -0.05765607
1.30000000 -0.05739129
1.30100000 -0.05712793
1.30200000 -0.05686598
1.30300000 -0.05660543
1.30400000 -0.05634626
1.30500000 -0.05608847
1.30600000 -0.05583206
1.30700000 -0.05557701
1.30800000 -0.05532331
1.30900000 -0.05507096
1.31000000 -0.05481995
1.31100000 -0.05457028
1.31200000 -0.05432192
1.31300000 -0.05407488
1.31400000 -0.05382915
1.31500000 -0.05358471
1.31600000 -0.05334157
1.31700000 -0.05309971
1.31800000 -0.05285913
1.31900000 -0.05261981
1.32000000 -0.05238175
1.32100000 -0.05214495
1.32200000 -0.05190940
1.32300000 -0.05167508
1.32400000 -0.05144199
1.32500000 -0.05121012
1.32600000 -0.05097947
1.32700000 -0.05075003
1.32800000 -0.05052180
1.32900000 -0.05029475
1.33000000 -0.05006889
1.33100000 -0.04984422
1.33200000 -0.04962071
1.33300000 -0.04939837
1.33400000 -0.04917720
1.33500000 -0.04895717
1.33600000 -0.04873829
1.33700000 -0.04852055
1.33800000 -0.04830394
1.33900000 -0.04808845
1.34000000 -0.04787408
1.34100000 -0.04766083
1.34200000 -0.04744868
1.34300000 -0.04723763
1.34400000 -0.04702767
1.34500000 -0.04681880
1.34600000 -0.04661101
1.34700000 -0.04640429
1.34800000 -0.04619864
1.34900000 -0.04599405
1.35000000 -0.04579051
1.35100000 -0.04558802
1.35200000 -0.04538657
1.35300000 -0.04518616
1.35400000 -0.04498678
1.35500000 -0.04478842
1.35600000 -0.04459108
1.35700000 -0.04439476
1.35800000 -0.04419944
1.35900000 -0.04400511
1.36000000 -0.04381179
1.36100000 -0.04361945
1.36200000 -0.04342809
1.36300000 -0.04323771
1.36400000 -0.04304831
1.36500000 -0.04285987
1.36600000 -0.04267238
1.36700000 -0.04248586
1.36800000 -0.04230028
1.36900000 -0.04211564
1.37000000 -0.04193195
1.37100000 -0.04174918
1.37200000 -0.04156735
1.37300000 -0.04138643
1.37400000 -0.04120643
1.37500000 -0.04102734
1.37600000 -0.04084916
1.37700000 -0.04067188
1.37800000 -0.04049550
1.37900000 -0.04032000
1.38000000 -0.04014539
1.38100000 -0.03997166
1.38200000 -0.03979881
1.38300000 -0.03962683
1.38400000 -0.03945571
1.38500000 -0.03928545
1.38600000 -0.03911605
1.38700000 -0.03894749
1.38800000 -0.03877978
1.38900000 -0.03861292
1.39000000 -0.03844689
1.39100000 -0.03828169
1.39200000 -0.03811731
1.39300000 -0.03795376
1.39400000 -0.03779103
1.39500000 -0.03762910
1.39600000 -0.03746799
1.39700000 -0.03730768
1.39800000 -0.03714816
1.39900000 -0.03698944
1.40000000 -0.03683151
1.40100000 -0.03667437
1.40200000 -0.03651800
1.40300000 -0.03636241
1.40400000 -0.03620760
1.40500000 -0.03605355
1.40600000 -0.03590026
1.40700000 -0.03574773
1.40800000 -0.03559596
1.40900000 -0.03544494
1.41000000 -0.03529466
1.41100000 -0.03514513
1.41200000 -0.03499633
1.41300000 -0.03484827
1.41400000 -0.03470093
1.41500000 -0.03455432
1.41600000 -0.03440843
1.41700000 -0.03426326
1.41800000 -0.03411880
1.41900000 -0.03397506
1.42000000 -0.03383201
1.42100000 -0.03368967
1.42200000 -0.03354803
1.42300000 -0.03340707
1.42400000 -0.03326681
1.42500000 -0.03312723
1.42600000 -0.03298834
1.42700000 -0.03285012
1.42800000 -0.03271258
1.42900000 -0.03257571
1.43000000 -0.03243951
1.43100000 -0.03230396
1.43200000 -0.03216908
1.43300000 -0.03203486
1.43400000 -0.03190128
1.43500000 -0.03176835
1.43600000 -0.03163607
1.43700000 -0.03150443
1.43800000 -0.03137343
1.43900000 -0.03124307
1.44000000 -0.03111333
1.44100000 -0.03098422
1.44200000 -0.03085573
1.44300000 -0.03072787
1.44400000 -0.03060062
1.44500000 -0.03047399
1.44600000 -0.03034796
1.44700000 -0.03022255
1.44800000 -0.03009773
1.44900000 -0.02997352
1.45000000 -0.02984990
1.45100000 -0.02972688
1.45200000 -0.02960445
1.45300000 -0.02948260
1.45400000 -0.02936134
1.45500000 -0.02924066
1.45600000 -0.02912056
1.45700000 -0.02900103
1.45800000 -0.02888208
1.45900000 -0.02876369
1.46000000 -0.02864587
1.46100000 -0.02852860
1.46200000 -0.02841190
1.46300000 -0.02829576
1.46400000 -0.02818016
1.46500000 -0.02806512
1.46600000 -0.02795062
1.46700000 -0.02783667
1.46800000 -0.02772326
1.46900000 -0.02761039
1.47000000 -0.02749805
1.47100000 -0.02738624
1.47200000 -0.02727497
1.47300000 -0.02716422
1.47400000 -0.02705399
1.47500000 -0.02694429
1.47600000 -0.02683510
1.47700000 -0.02672643
1.47800000 -0.02661827
1.47900000 -0.02651062
1.48000000 -0.02640348
1.48100000 -0.02629684
1.48200000 -0.02619071
1.48300000 -0.02608507
1.48400000 -0.02597993
1.48500000 -0.02587528
1.48600000 -0.02577112
1.48700000 -0.02566746
1.48800000 -0.02556427
1.48900000 -0.02546157
1.49000000 -0.02535936
1.49100000 -0.02525761
1.49200000 -0.02515635
1.49300000 -0.02505556
1.49400000 -0.02495524
1.49500000 -0.02485538
1.49600000 -0.02475599
1.49700000 -0.02465707
1.49800000 -0.02455860
1.49900000 -0.02446059
1.50000000 -0.02436304
1.50100000 -0.02426594
1.50200000 -0.02416930
1.50300000 -0.02407310
1.50400000 -0.02397734
1.50500000 -0.02388203
1.50600000 -0.02378717
1.50700000 -0.02369274
1.50800000 -0.02359874
1.50900000 -0.02350518
1.51000000 -0.02341206
1.51100000 -0.02331936
1.51200000 -0.02322709
1.51300000 -0.02313525
1.51400000 -0.02304383
1.51500000 -0.02295283
1.51600000 -0.02286225
1.51700000 -0.02277208
1.51800000 -0.02268233
1.51900000 -0.02259299
1.52000000 -0.02250406
1.52100000 -0.02241554
1.52200000 -0.02232743
1.52300000 -0.02223971
1.52400000 -0.02215240
1.52500000 -0.02206549
1.52600000 -0.02197898
1.52700000 -0.02189286
1.52800000 -0.02180713
1.52900000 -0.02172180
1.53000000 -0.02163685
1.53100000 -0.02155230
1.53200000 -0.02146812
1.53300000 -0.02138433
1.53400000 -0.02130092
1.53500000 -0.02121789
1.53600000 -0.02113524
1.53700000 -0.02105296
1.53800000 -0.02097105
1.53900000 -0.02088952
1.54000000 -0.02080835
1.54100000 -0.02072756
1.54200000 -0.02064712
1.54300000 -0.02056705
1.54400000 -0.02048735
1.54500000 -0.02040800
1.54600000 -0.02032901
1.54700000 -0.02025038
1.54800000 -0.02017210
1.54900000 -0.02009417
1.55000000 -0.02001660
1.55100000 -0.01993937
1.55200000 -0.01986249
1.55300000 -0.01978596
1.55400000 -0.01970977
1.55500000 -0.01963392
1.55600000 -0.01955841
1.55700000 -0.01948324
1.55800000 -0.01940841
1.55900000 -0.01933391
1.56000000 -0.01925975
1.56100000 -0.01918591
1.56200000 -0.01911241
1.56300000 -0.01903923
1.56400000 -0.01896638
1.56500000 -0.01889386
1.56600000 -0.01882166
1.56700000 -0.01874977
1.56800000 -0.01867821
1.56900000 -0.01860697
1.57000000 -0.01853605
1.57100000 -0.01846544
1.57200000 -0.01839514
1.57300000 -0.01832515
1.57400000 -0.01825548
1.57500000 -0.01818611
1.57600000 -0.01811705
1.57700000 -0.01804830
1.57800000 -0.01797985
1.57900000 -0.01791170
1.58000000 -0.01784385
1.58100000 -0.01777631
1.58200000 -0.01770906
1.58300000 -0.01764210
1.58400000 -0.01757545
1.58500000 -0.01750908
1.58600000 -0.01744301
1.58700000 -0.01737723
1.58800000 -0.01731173
1.58900000 -0.01724653
1.59000000 -0.01718161
1.59100000 -0.01711698
1.59200000 -0.01705262
1.59300000 -0.01698856
1.59400000 -0.01692477
1.59500000 -0.01686126
1.59600000 -0.01679802
1.59700000 -0.01673507
1.59800000 -0.01667239
1.59900000 -0.01660998
1.60000000 -0.01654785
1.60100000 -0.01648598
1.60200000 -0.01642439
1.60300000 -0.01636306
1.60400000 -0.01630200
1.60500000 -0.01624121
1.60600000 -0.01618068
1.60700000 -0.01612041
1.60800000 -0.01606040
1.60900000 -0.01600066
1.61000000 -0.01594117
1.61100000 -0.01588194
1.61200000 -0.01582297
1.61300000 -0.01576425
1.61400000 -0.01570579
1.61500000 -0.01564758
1.61600000 -0.01558962
1.61700000 -0.01553191
1.61800000 -0.01547445
1.61900000 -0.01541724
1.62000000 -0.01536027
1.62100000 -0.01530355
1.62200000 -0.01524708
1.62300000 -0.01519084
1.62400000 -0.01513485
1.62500000 -0.01507910
1.62600000 -0.01502359
1.62700000 -0.01496831
1.62800000 -0.01491328
1.62900000 -0.01485848
1.63000000 -0.01480391
1.63100000 -0.01474958
1.63200000 -0.01469547
1.63300000 -0.01464161
1.63400000 -0.01458797
1.63500000 -0.01453456
1.63600000 -0.01448137
1.63700000 -0.01442842
1.63800000 -0.01437569
1.63900000 -0.01432318
1.64000000 -0.01427090
1.64100000 -0.01421884
1.64200000 -0.01416700
1.64300000 -0.01411538
1.64400000 -0.01406398
1.64500000 -0.01401280
1.64600000 -0.01396184
1.64700000 -0.01391109
1.64800000 -0.01386056
1.64900000 -0.01381024
1.65000000 -0.01376013
1.65100000 -0.01371024
1.65200000 -0.01366056
1.65300000 -0.01361108
1.65400000 -0.01356182
1.65500000 -0.01351276
1.65600000 -0.01346391
1.65700000 -0.01341527
1.65800000 -0.01336683
1.65900000 -0.01331859
1.66000000 -0.01327056
1.66100000 -0.01322273
1.66200000 -0.01317510
1.66300000 -0.01312767
1.66400000 -0.01308044
1.66500000 -0.01303340
1.66600000 -0.01298657
1.66700000 -0.01293993
1.66800000 -0.01289348
1.66900000 -0.01284723
1.67000000 -0.01280118
1.67100000 -0.01275531
1.67200000 -0.01270964
1.67300000 -0.01266416
1.67400000 -0.01261886
1.67500000 -0.01257376
1.67600000 -0.01252884
1.67700000 -0.01248411
1.67800000 -0.01243957
1.67900000 -0.01239521
1.68000000 -0.01235104
1.68100000 -0.01230705
1.68200000 -0.01226324
1.68300000 -0.01221962
1.68400000 -0.01217617
1.68500000 -0.01213291
1.68600000 -0.01208982
1.68700000 -0.01204691
1.68800000 -0.01200418
1.68900000 -0.01196163
1.69000000 -0.01191925
1.69100000 -0.01187705
1.69200000 -0.01183502
1.69300000 -0.01179317
1.69400000 -0.01175148
1.69500000 -0.01170997
1.69600000 -0.01166863
1.69700000 -0.01162746
1.69800000 -0.01158646
1.69900000 -0.01154563
1.70000000 -0.01150497
1.70100000 -0.01146447
1.70200000 -0.01142414
1.70300000 -0.01138397
1.70400000 -0.01134397
1.70500000 -0.01130413
1.70600000 -0.01126446
1.70700000 -0.01122495
1.70800000 -0.01118560
1.70900000 -0.01114641
1.71000000 -0.01110738
1.71100000 -0.01106851
1.71200000 -0.01102979
1.71300000 -0.01099124
1.71400000 -0.01095284
1.71500000 -0.01091460
1.71600000 -0.01087652
1.71700000 -0.01083859
1.71800000 -0.01080081
1.71900000 -0.01076319
1.72000000 -0.01072572
1.72100000 -0.01068840
1.72200000 -0.01065123
1.72300000 -0.01061422
1.72400000 -0.01057735
1.72500000 -0.01054063
1.72600000 -0.01050407
1.72700000 -0.01046765
1.72800000 -0.01043137
1.72900000 -0.01039525
1.73000000 -0.01035927
1.73100000 -0.01032343
1.73200000 -0.01028774
1.73300000 -0.01025219
1.73400000 -0.01021679
1.73500000 -0.01018152
1.73600000 -0.01014641
1.73700000 -0.01011143
1.73800000 -0.01007659
1.73900000 -0.01004189
1.74000000 -0.01000733
1.74100000 -0.00997291
1.74200000 -0.00993863
1.74300000 -0.00990448
1.74400000 -0.00987048
1.74500000 -0.00983660
1.74600000 -0.00980287
1.74700000 -0.00976926
1.74800000 -0.00973580
1.74900000 -0.00970246
1.75000000 -0.00966926
1.75100000 -0.00963619
1.75200000 -0.00960326
1.75300000 -0.00957045
1.75400000 -0.00953778
1.75500000 -0.00950523
1.75600000 -0.00947282
1.75700000 -0.00944053
1.75800000 -0.00940837
1.75900000 -0.00937634
1.76000000 -0.00934444
1.76100000 -0.00931266
1.76200000 -0.00928101
1.76300000 -0.00924948
1.76400000 -0.00921808
1.76500000 -0.00918681
1.76600000 -0.00915565
1.76700000 -0.00912462
1.76800000 -0.00909372
1.76900000 -0.00906293
1.77000000 -0.00903227
1.77100000 -0.00900173
1.77200000 -0.00897130
1.77300000 -0.00894100
1.77400000 -0.00891082
1.77500000 -0.00888075
1.77600000 -0.00885081
1.77700000 -0.00882098
1.77800000 -0.00879127
1.77900000 -0.00876167
1.78000000 -0.00873220
1.78100000 -0.00870283
1.78200000 -0.00867358
1.78300000 -0.00864445
1.78400000 -0.00861543
1.78500000 -0.00858653
1.78600000 -0.00855773
1.78700000 -0.00852905
1.78800000 -0.00850049
1.78900000 -0.00847203
1.79000000 -0.00844368
1.79100000 -0.00841545
1.79200000 -0.00838732
1.79300000 -0.00835931
1.79400000 -0.00833140
1.79500000 -0.00830361
1.79600000 -0.00827592
1.79700000 -0.00824833
1.79800000 -0.00822086
1.79900000 -0.00819349
1.80000000 -0.00816623
1.80100000 -0.00813907
1.80200000 -0.00811202
1.80300000 -0.00808508
1.80400000 -0.00805824
1.80500000 -0.00803150
1.80600000 -0.00800486
1.80700000 -0.00797833
1.80800000 -0.00795190
1.80900000 -0.00792558
1.81000000 -0.00789935
1.81100000 -0.00787323
1.81200000 -0.00784720
1.81300000 -0.00782128
1.81400000 -0.00779546
1.81500000 -0.00776973
1.81600000 -0.00774411
1.81700000 -0.00771858
1.81800000 -0.00769315
1.81900000 -0.00766782
1.82000000 -0.00764259
1.82100000 -0.00761745
1.82200000 -0.00759241
1.82300000 -0.00756747
1.82400000 -0.00754262
1.82500000 -0.00751786
1.82600000 -0.00749321
1.82700000 -0.00746864
1.82800000 -0.00744417
1.82900000 -0.00741979
1.83000000 -0.00739551
1.83100000 -0.00737132
1.83200000 -0.00734722
1.83300000 -0.00732321
1.83400000 -0.00729929
1.83500000 -0.00727547
1.83600000 -0.00725173
1.83700000 -0.00722809
1.83800000 -0.00720454
1.83900000 -0.00718107
1.84000000 -0.00715769
1.84100000 -0.00713441
1.84200000 -0.00711121
1.84300000 -0.00708810
1.84400000 -0.00706507
1.84500000 -0.00704214
1.84600000 -0.00701929
1.84700000 -0.00699653
1.84800000 -0.00697385
1.84900000 -0.00695126
1.85000000 -0.00692875
1.85100000 -0.00690633
1.85200000 -0.00688400
1.85300000 -0.00686174
1.85400000 -0.00683958
1.85500000 -0.00681749
1.85600000 -0.00679549
1.85700000 -0.00677357
1.85800000 -0.00675173
1.85900000 -0.00672998
1.86000000 -0.00670831
1.86100000 -0.00668672
1.86200000 -0.00666520
1.86300000 -0.00664378
1.86400000 -0.00662243
1.86500000 -0.00660116
1.86600000 -0.00657997
1.86700000 -0.00655886
1.86800000 -0.00653783
1.86900000 -0.00651687
1.87000000 -0.00649600
1.87100000 -0.00647520
1.87200000 -0.00645448
1.87300000 -0.00643384
1.87400000 -0.00641328
1.87500000 -0.00639279
1.87600000 -0.00637238
1.87700000 -0.00635204
1.87800000 -0.00633178
1.87900000 -0.00631159
1.88000000 -0.00629149
1.88100000 -0.00627145
1.88200000 -0.00625149
1.88300000 -0.00623160
1.88400000 -0.00621179
1.88500000 -0.00619205
1.88600000 -0.00617238
1.88700000 -0.00615279
1.88800000 -0.00613327
1.88900000 -0.00611382
1.89000000 -0.00609444
1.89100000 -0.00607514
1.89200000 -0.00605590
1.89300000 -0.00603674
1.89400000 -0.00601765
1.89500000 -0.00599863
1.89600000 -0.00597967
1.89700000 -0.00596079
1.89800000 -0.00594198
1.89900000 -0.00592324
1.90000000 -0.00590456
1.90100000 -0.00588596
1.90200000 -0.00586742
1.90300000 -0.00584895
1.90400000 -0.00583055
1.90500000 -0.00581221
1.90600000 -0.00579395
1.90700000 -0.00577575
1.90800000 -0.00575761
1.90900000 -0.00573955
1.91000000 -0.00572155
1.91100000 -0.00570361
1.91200000 -0.00568574
1.91300000 -0.00566794
1.91400000 -0.00565020
1.91500000 -0.00563252
1.91600000 -0.00561491
1.91700000 -0.00559737
1.91800000 -0.00557988
1.91900000 -0.00556247
1.92000000 -0.00554511
1.92100000 -0.00552782
1.92200000 -0.00551059
1.92300000 -0.00549342
1.92400000 -0.00547632
1.92500000 -0.00545928
1.92600000 -0.00544230
1.92700000 -0.00542538
1.92800000 -0.00540852
1.92900000 -0.00539173
1.93000000 -0.00537499
1.93100000 -0.00535832
1.93200000 -0.00534170
1.93300000 -0.00532515
1.93400000 -0.00530865
1.93500000 -0.00529222
1.93600000 -0.00527584
1.93700000 -0.00525953
1.93800000 -0.00524327
1.93900000 -0.00522707
1.94000000 -0.00521093
1.94100000 -0.00519484
1.94200000 -0.00517882
1.94300000 -0.00516285
1.94400000 -0.00514694
1.94500000 -0.00513109
1.94600000 -0.00511529
1.94700000 -0.00509956
1.94800000 -0.00508387
1.94900000 -0.00506825
1.95000000 -0.00505268
1.95100000 -0.00503716
1.95200000 -0.00502170
1.95300000 -0.00500630
1.95400000 -0.00499095
1.95500000 -0.00497566
1.95600000 -0.00496042
1.95700000 -0.00494523
1.95800000 -0.00493010
1.95900000 -0.00491502
1.96000000 -0.00490000
1.96100000 -0.00488503
1.96200000 -0.00487012
1.96300000 -0.00485525
1.96400000 -0.00484044
1.96500000 -0.00482569
1.96600000 -0.00481098
1.96700000 -0.00479633
1.96800000 -0.00478173
1.96900000 -0.00476718
1.97000000 -0.00475268
1.97100000 -0.00473824
1.97200000 -0.00472384
1.97300000 -0.00470950
1.97400000 -0.00469520
1.97500000 -0.00468096
1.97600000 -0.00466677
1.97700000 -0.00465263
1.97800000 -0.00463854
1.97900000 -0.00462449
1.98000000 -0.00461050
1.98100000 -0.00459656
1.98200000 -0.00458267
1.98300000 -0.00456882
1.98400000 -0.00455502
1.98500000 -0.00454128
1.98600000 -0.00452758
1.98700000 -0.00451393
1.98800000 -0.00450032
1.98900000 -0.00448677
1.99000000 -0.00447326
1.99100000 -0.00445980
1.99200000 -0.00444639
1.99300000 -0.00443302
1.99400000 -0.00441970
1.99500000 -0.00440643
1.99600000 -0.00439320
1.99700000 -0.00438002
1.99800000 -0.00436689
1.99900000 -0.00435380
2.00000000 -0.00434076
