0.10000000 5177571930.58608532
0.10100000 4594813194.48845291
0.10200000 4082445506.45569611
0.10300000 3631397404.44157267
0.10400000 3233838468.02658653
0.10500000 2882999866.57868862
0.10600000 2573022228.56056643
0.10700000 2298826467.12775421
0.10800000 2056003926.70917988
0.10900000 1840722817.58207035
0.11000000 1649648403.64016962
0.11100000 1479874821.34808445
0.11200000 1328866750.51267672
0.11300000 1194409442.39768481
0.11400000 1074565847.99198651
0.11500000 967639787.19966078
0.11600000 872144265.13838613
0.11700000 786774180.18169427
0.11800000 710382784.43943703
0.11900000 641961354.81082046
0.12000000 580621614.67666554
0.12100000 525580515.29303235
0.12200000 476147044.13489538
0.12300000 431710776.58025813
0.12400000 391731928.88679206
0.12500000 355732705.61292428
0.12600000 323289764.48803312
0.12700000 294027647.08837301
0.12800000 267613045.23371187
0.12900000 243749791.37599400
0.13000000 222174476.90131456
0.13100000 202652615.62597775
0.13200000 184975281.18583044
0.13300000 168956156.78939345
0.13400000 154428944.17722338
0.13500000 141245085.81136972
0.13600000 129271760.48622337
0.13700000 118390117.85476625
0.13800000 108493721.92862523
0.13900000 99487177.54360802
0.14000000 91284917.17553805
0.14100000 83810128.42156531
0.14200000 76993804.99552846
0.14300000 70773906.27846088
0.14400000 65094612.36480904
0.14500000 59905663.19221281
0.14600000 55161771.77271066
0.14700000 50822102.78586964
0.14800000 46849808.87520975
0.14900000 43211617.93036455
0.15000000 39877465.45755607
0.15100000 36820166.85637640
0.15200000 34015125.04551110
0.15300000 31440069.42592764
0.15400000 29074822.64754426
0.15500000 26901092.06343557
0.15600000 24902283.12193910
0.15700000 23063332.26829041
0.15800000 21370557.20940525
0.15900000 19811522.64316212
0.16000000 18374919.77135640
0.16100000 17050458.10717088
0.16200000 15828768.25681049
0.16300000 14701314.50373138
0.16400000 13660316.15513275
0.16500000 12698676.72623520
0.16600000 11809920.14022258
0.16700000 10988133.21221904
0.16800000 10227913.76574270
0.16900000 9524323.80097615
0.17000000 8872847.19701893
0.17100000 8269351.48599693
0.17200000 7710053.28634097
0.17300000 7191487.02644801
0.17400000 6710476.62895156
0.17500000 6264109.86052062
0.17600000 5849715.08297852
0.17700000 5464840.16902441
0.17800000 5107233.37033640
0.17900000 4774825.94767821
0.18000000 4465716.39211990
0.18100000 4178156.08388385
0.18200000 3910536.25087204
0.18300000 3661376.10282780
0.18400000 3429312.02951609
0.18500000 3213087.76243269
0.18600000 3011545.40951828
0.18700000 2823617.28128350
0.18800000 2648318.43475882
0.18900000 2484739.86886823
0.19000000 2332042.31127559
0.19100000 2189450.54254679
0.19200000 2056248.20867820
0.19300000 1931773.07772524
0.19400000 1815412.70047876
0.19500000 1706600.43893049
0.19600000 1604811.82968652
0.19700000 1509561.25256758
0.19800000 1420398.87741237
0.19900000 1336907.86460628
0.20000000 1258701.79711993
0.20100000 1185422.32388504
0.20200000 1116736.99618184
0.20300000 1052337.28038101
0.20400000 991936.73189374
0.20500000 935269.31654958
0.20600000 882087.86685960
0.20700000 832162.66174318
0.20800000 785280.11931278
0.20900000 741241.59323272
0.21000000 699862.26400328
0.21100000 660970.11728085
0.21200000 624405.00203319
0.21300000 590017.76195512
0.21400000 557669.43413892
0.21500000 527230.50951069
0.21600000 498580.25001498
0.21700000 471606.05795814
0.21800000 446202.89331073
0.21900000 422272.73512500
0.22000000 399724.08354691
0.22100000 378471.49919747
0.22200000 358435.17696763
0.22300000 339540.55151632
0.22400000 321717.93198589
0.22500000 304902.16365381
0.22600000 289032.31442679
0.22700000 274051.38425441
0.22800000 259906.03569601
0.22900000 246546.34401725
0.23000000 233925.56532423
0.23100000 221999.92136240
0.23200000 210728.39971762
0.23300000 200072.56825717
0.23400000 189996.40274067
0.23500000 180466.12661534
0.23600000 171450.06208781
0.23700000 162918.49163538
0.23800000 154843.52918532
0.23900000 147199.00025047
0.24000000 139960.33036462
0.24100000 133104.44121173
0.24200000 126609.65388940
0.24300000 120455.59879003
0.24400000 114623.13162222
0.24500000 109094.25513128
0.24600000 103852.04611103
0.24700000 98880.58732967
0.24800000 94164.90402090
0.24900000 89690.90461744
0.25000000 85445.32542798
0.25100000 81415.67898104
0.25200000 77590.20577927
0.25300000 73957.82922685
0.25400000 70508.11350977
0.25500000 67231.22422515
0.25600000 64117.89157019
0.25700000 61159.37591542
0.25800000 58347.43559918
0.25900000 55674.29679240
0.26000000 53132.62529316
0.26100000 50715.50012073
0.26200000 48416.38878802
0.26300000 46229.12413998
0.26400000 44147.88265323
0.26500000 42167.16409973
0.26600000 40281.77248420
0.26700000 38486.79817087
0.26800000 36777.60112154
0.26900000 35149.79517197
0.27000000 33599.23327871
0.27100000 32121.99367325
0.27200000 30714.36686470
0.27300000 29372.84343595
0.27400000 28094.10258245
0.27500000 26875.00134574
0.27600000 25712.56449747
0.27700000 24603.97503232
0.27800000 23546.56523128
0.27900000 22537.80825903
0.28000000 21575.31026201
0.28100000 20656.80293536
0.28200000 19780.13652975
0.28300000 18943.27327033
0.28400000 18144.28116240
0.28500000 17381.32815965
0.28600000 16652.67667276
0.28700000 15956.67839726
0.28800000 15291.76944113
0.28900000 14656.46573381
0.29000000 14049.35869951
0.29100000 13469.11117866
0.29200000 12914.45358264
0.29300000 12384.18026758
0.29400000 11877.14611409
0.29500000 11392.26330073
0.29600000 10928.49825934
0.29700000 10484.86880179
0.29800000 10060.44140761
0.29900000 9654.32866327
0.30000000 9265.68684402
0.30100000 8893.71362993
0.30200000 8537.64594835
0.30300000 8196.75793532
0.30400000 7870.35900903
0.30500000 7557.79204890
0.30600000 7258.43167408
0.30700000 6971.68261568
0.30800000 6696.97817739
0.30900000 6433.77877933
0.31000000 6181.57058045
0.31100000 5939.86417507
0.31200000 5708.19335915
0.31300000 5486.11396259
0.31400000 5273.20274368
0.31500000 5069.05634224
0.31600000 4873.29028820
0.31700000 4685.53806249
0.31800000 4505.45020736
0.31900000 4332.69348330
0.32000000 4166.95007012
0.32100000 4007.91680964
0.32200000 3855.30448773
0.32300000 3708.83715359
0.32400000 3568.25147414
0.32500000 3433.29612173
0.32600000 3303.73119326
0.32700000 3179.32765899
0.32800000 3059.86683960
0.32900000 2945.13990977
0.33000000 2834.94742697
0.33100000 2729.09888414
0.33200000 2627.41228487
0.33300000 2529.71374000
0.33400000 2435.83708442
0.33500000 2345.62351306
0.33600000 2258.92123498
0.33700000 2175.58514477
0.33800000 2095.47651008
0.33900000 2018.46267475
0.34000000 1944.41677647
0.34100000 1873.21747837
0.34200000 1804.74871376
0.34300000 1738.89944330
0.34400000 1675.56342411
0.34500000 1614.63898995
0.34600000 1556.02884220
0.34700000 1499.63985087
0.34800000 1445.38286515
0.34900000 1393.17253322
0.35000000 1342.92713051
0.35100000 1294.56839629
0.35200000 1248.02137803
0.35300000 1203.21428313
0.35400000 1160.07833767
0.35500000 1118.54765190
0.35600000 1078.55909199
0.35700000 1040.05215787
0.35800000 1002.96886675
0.35900000 967.25364216
0.36000000 932.85320807
0.36100000 899.71648802
0.36200000 867.79450886
0.36300000 837.04030898
0.36400000 807.40885079
0.36500000 778.85693719
0.36600000 751.34313188
0.36700000 724.82768335
0.36800000 699.27245231
0.36900000 674.64084242
0.37000000 650.89773418
0.37100000 628.00942184
0.37200000 605.94355309
0.37300000 584.66907156
0.37400000 564.15616181
0.37500000 544.37619685
0.37600000 525.30168802
0.37700000 506.90623702
0.37800000 489.16449016
0.37900000 472.05209460
0.38000000 455.54565655
0.38100000 439.62270129
0.38200000 424.26163494
0.38300000 409.44170800
0.38400000 395.14298032
0.38500000 381.34628779
0.38600000 368.03321036
0.38700000 355.18604147
0.38800000 342.78775882
0.38900000 330.82199645
0.39000000 319.27301792
0.39100000 308.12569077
0.39200000 297.36546194
0.39300000 286.97833438
0.39400000 276.95084457
0.39500000 267.27004104
0.39600000 257.92346375
0.39700000 248.89912444
0.39800000 240.18548773
0.39900000 231.77145303
0.40000000 223.64633725
0.40100000 215.79985823
0.40200000 208.22211880
0.40300000 200.90359160
0.40400000 193.83510448
0.40500000 187.00782650
0.40600000 180.41325457
0.40700000 174.04320055
0.40800000 167.88977899
0.40900000 161.94539527
0.41000000 156.20273436
0.41100000 150.65474986
0.41200000 145.29465368
0.41300000 140.11590601
0.41400000 135.11220576
0.41500000 130.27748135
0.41600000 125.60588194
0.41700000 121.09176891
0.41800000 116.72970780
0.41900000 112.51446050
0.42000000 108.44097776
0.42100000 104.50439206
0.42200000 100.70001066
0.42300000 97.02330904
0.42400000 93.46992454
0.42500000 90.03565022
0.42600000 86.71642909
0.42700000 83.50834840
0.42800000 80.40763432
0.42900000 77.41064668
0.43000000 74.51387403
0.43100000 71.71392887
0.43200000 69.00754300
0.43300000 66.39156313
0.43400000 63.86294664
0.43500000 61.41875747
0.43600000 59.05616223
0.43700000 56.77242640
0.43800000 54.56491074
0.43900000 52.43106775
0.44000000 50.36843840
0.44100000 48.37464880
0.44200000 46.44740722
0.44300000 44.58450100
0.44400000 42.78379378
0.44500000 41.04322267
0.44600000 39.36079564
0.44700000 37.73458895
0.44800000 36.16274471
0.44900000 34.64346849
0.45000000 33.17502708
0.45100000 31.75574630
0.45200000 30.38400886
0.45300000 29.05825238
0.45400000 27.77696740
0.45500000 26.53869555
0.45600000 25.34202768
0.45700000 24.18560217
0.45800000 23.06810324
0.45900000 21.98825934
0.46000000 20.94484157
0.46100000 19.93666223
0.46200000 18.96257333
0.46300000 18.02146525
0.46400000 17.11226535
0.46500000 16.23393673
0.46600000 15.38547696
0.46700000 14.56591690
0.46800000 13.77431953
0.46900000 13.00977886
0.47000000 12.27141882
0.47100000 11.55839230
0.47200000 10.86988009
0.47300000 10.20508993
0.47400000 9.56325563
0.47500000 8.94363614
0.47600000 8.34551468
0.47700000 7.76819796
0.47800000 7.21101535
0.47900000 6.67331809
0.48000000 6.15447861
0.48100000 5.65388974
0.48200000 5.17096408
0.48300000 4.70513330
0.48400000 4.25584750
0.48500000 3.82257460
0.48600000 3.40479973
0.48700000 3.00202468
0.48800000 2.61376729
0.48900000 2.23956099
0.49000000 1.87895419
0.49100000 1.53150985
0.49200000 1.19680497
0.49300000 0.87443013
0.49400000 0.56398902
0.49500000 0.26509805
0.49600000 -0.02261414
0.49700000 -0.29950699
0.49800000 -0.56592852
0.49900000 -0.82221561
0.50000000 -1.06869443
0.50100000 -1.30568076
0.50200000 -1.53348034
0.50300000 -1.75238919
0.50400000 -1.96269396
0.50500000 -2.16467219
0.50600000 -2.35859262
0.50700000 -2.54471551
0.50800000 -2.72329288
0.50900000 -2.89456876
0.51000000 -3.05877952
0.51100000 -3.21615404
0.51200000 -3.36691399
0.51300000 -3.51127408
0.51400000 -3.64944224
0.51500000 -3.78161987
0.51600000 -3.90800203
0.51700000 -4.02877766
0.51800000 -4.14412977
0.51900000 -4.25423564
0.52000000 -4.35926697
0.52100000 -4.45939010
0.52200000 -4.55476615
0.52300000 -4.64555121
0.52400000 -4.73189647
0.52500000 -4.81394840
0.52600000 -4.89184892
0.52700000 -4.96573547
0.52800000 -5.03574123
0.52900000 -5.10199522
0.53000000 -5.16462243
0.53100000 -5.22374397
0.53200000 -5.27947714
0.53300000 -5.33193561
0.53400000 -5.38122951
0.53500000 -5.42746553
0.53600000 -5.47074704
0.53700000 -5.51117419
0.53800000 -5.54884402
0.53900000 -5.58385053
0.54000000 -5.61628484
0.54100000 -5.64623517
0.54200000 -5.67378705
0.54300000 -5.69902333
0.54400000 -5.72202427
0.54500000 -5.74286764
0.54600000 -5.76162880
0.54700000 -5.77838076
0.54800000 -5.79319424
0.54900000 -5.80613779
0.55000000 -5.81727781
0.55100000 -5.82667861
0.55200000 -5.83440254
0.55300000 -5.84050997
0.55400000 -5.84505941
0.55500000 -5.84810753
0.55600000 -5.84970925
0.55700000 -5.84991776
0.55800000 -5.84878459
0.55900000 -5.84635967
0.56000000 -5.84269137
0.56100000 -5.83782652
0.56200000 -5.83181053
0.56300000 -5.82468734
0.56400000 -5.81649955
0.56500000 -5.80728840
0.56600000 -5.79709384
0.56700000 -5.78595458
0.56800000 -5.77390808
0.56900000 -5.76099066
0.57000000 -5.74723746
0.57100000 -5.73268254
0.57200000 -5.71735886
0.57300000 -5.70129834
0.57400000 -5.68453192
0.57500000 -5.66708952
0.57600000 -5.64900013
0.57700000 -5.63029181
0.57800000 -5.61099173
0.57900000 -5.59112620
0.58000000 -5.57072068
0.58100000 -5.54979982
0.58200000 -5.52838747
0.58300000 -5.50650673
0.58400000 -5.48417995
0.58500000 -5.46142876
0.58600000 -5.43827408
0.58700000 -5.41473617
0.58800000 -5.39083462
0.58900000 -5.36658840
0.59000000 -5.34201585
0.59100000 -5.31713470
0.59200000 -5.29196211
0.59300000 -5.26651470
0.59400000 -5.24080850
0.59500000 -5.21485903
0.59600000 -5.18868132
0.59700000 -5.16228985
0.59800000 -5.13569867
0.59900000 -5.10892133
0.60000000 -5.08197093
0.60100000 -5.05486013
0.60200000 -5.02760117
0.60300000 -5.00020588
0.60400000 -4.97268567
0.60500000 -4.94505156
0.60600000 -4.91731422
0.60700000 -4.88948393
0.60800000 -4.86157062
0.60900000 -4.83358387
0.61000000 -4.80553294
0.61100000 -4.77742675
0.61200000 -4.74927392
0.61300000 -4.72108275
0.61400000 -4.69286127
0.61500000 -4.66461720
0.61600000 -4.63635799
0.61700000 -4.60809082
0.61800000 -4.57982262
0.61900000 -4.55156004
0.62000000 -4.52330951
0.62100000 -4.49507722
0.62200000 -4.46686912
0.62300000 -4.43869094
0.62400000 -4.41054820
0.62500000 -4.38244620
0.62600000 -4.35439004
0.62700000 -4.32638462
0.62800000 -4.29843466
0.62900000 -4.27054468
0.63000000 -4.24271903
0.63100000 -4.21496189
0.63200000 -4.18727726
0.63300000 -4.15966898
0.63400000 -4.13214074
0.63500000 -4.10469606
0.63600000 -4.07733834
0.63700000 -4.05007079
0.63800000 -4.02289653
0.63900000 -3.99581851
0.64000000 -3.96883957
0.64100000 -3.94196241
0.64200000 -3.91518961
0.64300000 -3.88852364
0.64400000 -3.86196685
0.64500000 -3.83552147
0.64600000 -3.80918963
0.64700000 -3.78297335
0.64800000 -3.75687456
0.64900000 -3.73089508
0.65000000 -3.70503664
0.65100000 -3.67930088
0.65200000 -3.65368935
0.65300000 -3.62820350
0.65400000 -3.60284473
0.65500000 -3.57761433
0.65600000 -3.55251351
0.65700000 -3.52754344
0.65800000 -3.50270517
0.65900000 -3.47799971
0.66000000 -3.45342800
0.66100000 -3.42899090
0.66200000 -3.40468923
0.66300000 -3.38052371
0.66400000 -3.35649504
0.66500000 -3.33260384
0.66600000 -3.30885067
0.66700000 -3.28523607
0.66800000 -3.26176049
0.66900000 -3.23842434
0.67000000 -3.21522799
0.67100000 -3.19217177
0.67200000 -3.16925594
0.67300000 -3.14648073
0.67400000 -3.12384634
0.67500000 -3.10135291
0.67600000 -3.07900055
0.67700000 -3.05678933
0.67800000 -3.03471928
0.67900000 -3.01279041
0.68000000 -2.99100268
0.68100000 -2.96935603
0.68200000 -2.94785035
0.68300000 -2.92648551
0.68400000 -2.90526137
0.68500000 -2.88417773
0.68600000 -2.86323438
0.68700000 -2.84243109
0.68800000 -2.82176759
0.68900000 -2.80124358
0.69000000 -2.78085877
0.69100000 -2.76061283
0.69200000 -2.74050538
0.69300000 -2.72053607
0.69400000 -2.70070450
0.69500000 -2.68101025
0.69600000 -2.66145290
0.69700000 -2.64203200
0.69800000 -2.62274709
0.69900000 -2.60359767
0.70000000 -2.58458327
0.70100000 -2.56570337
0.70200000 -2.54695745
0.70300000 -2.52834497
0.70400000 -2.50986538
0.70500000 -2.49151812
0.70600000 -2.47330263
0.70700000 -2.45521831
0.70800000 -2.43726457
0.70900000 -2.41944082
0.71000000 -2.40174643
0.71100000 -2.38418079
0.71200000 -2.36674327
0.71300000 -2.34943323
0.71400000 -2.33225002
0.71500000 -2.31519300
0.71600000 -2.29826150
0.71700000 -2.28145486
0.71800000 -2.26477241
0.71900000 -2.24821347
0.72000000 -2.23177737
0.72100000 -2.21546341
0.72200000 -2.19927091
0.72300000 -2.18319917
0.72400000 -2.16724749
0.72500000 -2.15141518
0.72600000 -2.13570152
0.72700000 -2.12010582
0.72800000 -2.10462735
0.72900000 -2.08926541
0.73000000 -2.07401928
0.73100000 -2.05888825
0.73200000 -2.04387159
0.73300000 -2.02896859
0.73400000 -2.01417853
0.73500000 -1.99950069
0.73600000 -1.98493434
0.73700000 -1.97047876
0.73800000 -1.95613323
0.73900000 -1.94189703
0.74000000 -1.92776943
0.74100000 -1.91374970
0.74200000 -1.89983713
0.74300000 -1.88603100
0.74400000 -1.87233058
0.74500000 -1.85873516
0.74600000 -1.84524401
0.74700000 -1.83185641
0.74800000 -1.81857166
0.74900000 -1.80538902
0.75000000 -1.79230780
0.75100000 -1.77932727
0.75200000 -1.76644673
0.75300000 -1.75366547
0.75400000 -1.74098278
0.75500000 -1.72839796
0.75600000 -1.71591030
0.75700000 -1.70351911
0.75800000 -1.69122368
0.75900000 -1.67902332
0.76000000 -1.66691734
0.76100000 -1.65490505
0.76200000 -1.64298576
0.76300000 -1.63115879
0.76400000 -1.61942345
0.76500000 -1.60777907
0.76600000 -1.59622496
0.76700000 -1.58476046
0.76800000 -1.57338490
0.76900000 -1.56209760
0.77000000 -1.55089791
0.77100000 -1.53978517
0.77200000 -1.52875871
0.77300000 -1.51781788
0.77400000 -1.50696204
0.77500000 -1.49619053
0.77600000 -1.48550272
0.77700000 -1.47489795
0.77800000 -1.46437560
0.77900000 -1.45393503
0.78000000 -1.44357561
0.78100000 -1.43329671
0.78200000 -1.42309772
0.78300000 -1.41297801
0.78400000 -1.40293697
0.78500000 -1.39297398
0.78600000 -1.38308844
0.78700000 -1.37327974
0.78800000 -1.36354728
0.78900000 -1.35389047
0.79000000 -1.34430871
0.79100000 -1.33480142
0.79200000 -1.32536800
0.79300000 -1.31600787
0.79400000 -1.30672046
0.79500000 -1.29750519
0.79600000 -1.28836149
0.79700000 -1.27928880
0.79800000 -1.27028655
0.79900000 -1.26135417
0.80000000 -1.25249113
0.80100000 -1.24369685
0.80200000 -1.23497081
0.80300000 -1.22631244
0.80400000 -1.21772121
0.80500000 -1.20919659
0.80600000 -1.20073804
0.80700000 -1.19234503
0.80800000 -1.18401703
0.80900000 -1.17575353
0.81000000 -1.16755401
0.81100000 -1.15941795
0.81200000 -1.15134484
0.81300000 -1.14333417
0.81400000 -1.13538545
0.81500000 -1.12749816
0.81600000 -1.11967183
0.81700000 -1.11190594
0.81800000 -1.10420002
0.81900000 -1.09655359
0.82000000 -1.08896615
0.82100000 -1.08143723
0.82200000 -1.07396636
0.82300000 -1.06655307
0.82400000 -1.05919688
0.82500000 -1.05189735
0.82600000 -1.04465400
0.82700000 -1.03746638
0.82800000 -1.03033404
0.82900000 -1.02325652
0.83000000 -1.01623340
0.83100000 -1.00926421
0.83200000 -1.00234852
0.83300000 -0.99548590
0.83400000 -0.98867591
0.83500000 -0.98191813
0.83600000 -0.97521213
0.83700000 -0.96855749
0.83800000 -0.96195378
0.83900000 -0.95540061
0.84000000 -0.94889754
0.84100000 -0.94244418
0.84200000 -0.93604011
0.84300000 -0.92968494
0.84400000 -0.92337827
0.84500000 -0.91711970
0.84600000 -0.91090883
0.84700000 -0.90474529
0.84800000 -0.89862868
0.84900000 -0.89255861
0.85000000 -0.88653472
0.85100000 -0.88055662
0.85200000 -0.87462394
0.85300000 -0.86873630
0.85400000 -0.86289334
0.85500000 -0.85709470
0.85600000 -0.85134001
0.85700000 -0.84562891
0.85800000 -0.83996105
0.85900000 -0.83433608
0.86000000 -0.82875364
0.86100000 -0.82321338
0.86200000 -0.81771497
0.86300000 -0.81225806
0.86400000 -0.80684231
0.86500000 -0.80146739
0.86600000 -0.79613296
0.86700000 -0.79083869
0.86800000 -0.78558426
0.86900000 -0.78036934
0.87000000 -0.77519360
0.87100000 -0.77005673
0.87200000 -0.76495841
0.87300000 -0.75989833
0.87400000 -0.75487618
0.87500000 -0.74989164
0.87600000 -0.74494441
0.87700000 -0.74003418
0.87800000 -0.73516066
0.87900000 -0.73032354
0.88000000 -0.72552254
0.88100000 -0.72075734
0.88200000 -0.71602768
0.88300000 -0.71133324
0.88400000 -0.70667376
0.88500000 -0.70204893
0.88600000 -0.69745850
0.88700000 -0.69290216
0.88800000 -0.68837965
0.88900000 -0.68389069
0.89000000 -0.67943501
0.89100000 -0.67501234
0.89200000 -0.67062241
0.89300000 -0.66626496
0.89400000 -0.66193972
0.89500000 -0.65764643
0.89600000 -0.65338483
0.89700000 -0.64915467
0.89800000 -0.64495570
0.89900000 -0.64078765
0.90000000 -0.63665028
0.90100000 -0.63254334
0.90200000 -0.62846659
0.90300000 -0.62441978
0.90400000 -0.62040267
0.90500000 -0.61641502
0.90600000 -0.61245659
0.90700000 -0.60852715
0.90800000 -0.60462646
0.90900000 -0.60075430
0.91000000 -0.59691042
0.91100000 -0.59309461
0.91200000 -0.58930664
0.91300000 -0.58554629
0.91400000 -0.58181332
0.91500000 -0.57810753
0.91600000 -0.57442869
0.91700000 -0.57077659
0.91800000 -0.56715101
0.91900000 -0.56355175
0.92000000 -0.55997858
0.92100000 -0.55643130
0.92200000 -0.55290971
0.92300000 -0.54941359
0.92400000 -0.54594275
0.92500000 -0.54249698
0.92600000 -0.53907608
0.92700000 -0.53567986
0.92800000 -0.53230811
0.92900000 -0.52896064
0.93000000 -0.52563725
0.93100000 -0.52233776
0.93200000 -0.51906198
0.93300000 -0.51580971
0.93400000 -0.51258078
0.93500000 -0.50937498
0.93600000 -0.50619214
0.93700000 -0.50303209
0.93800000 -0.49989462
0.93900000 -0.49677958
0.94000000 -0.49368677
0.94100000 -0.49061602
0.94200000 -0.48756717
0.94300000 -0.48454003
0.94400000 -0.48153443
0.94500000 -0.47855020
0.94600000 -0.47558718
0.94700000 -0.47264519
0.94800000 -0.46972408
0.94900000 -0.46682367
0.95000000 -0.46394380
0.95100000 -0.46108431
0.95200000 -0.45824504
0.95300000 -0.45542583
0.95400000 -0.45262653
0.95500000 -0.44984697
0.95600000 -0.44708701
0.95700000 -0.44434648
0.95800000 -0.44162524
0.95900000 -0.43892313
0.96000000 -0.43624000
0.96100000 -0.43357571
0.96200000 -0.43093011
0.96300000 -0.42830305
0.96400000 -0.42569439
0.96500000 -0.42310398
0.96600000 -0.42053169
0.96700000 -0.41797736
0.96800000 -0.41544086
0.96900000 -0.41292205
0.97000000 -0.41042079
0.97100000 -0.40793696
0.97200000 -0.40547040
0.97300000 -0.40302099
0.97400000 -0.40058859
0.97500000 -0.39817307
0.97600000 -0.39577431
0.97700000 -0.39339216
0.97800000 -0.39102651
0.97900000 -0.38867722
0.98000000 -0.38634417
0.98100000 -0.38402723
0.98200000 -0.38172628
0.98300000 -0.37944119
0.98400000 -0.37717185
0.98500000 -0.37491813
0.98600000 -0.37267990
0.98700000 -0.37045706
0.98800000 -0.36824949
0.98900000 -0.36605705
0.99000000 -0.36387965
0.99100000 -0.36171716
0.99200000 -0.35956947
0.99300000 -0.35743646
0.99400000 -0.35531803
0.99500000 -0.35321407
0.99600000 -0.35112445
0.99700000 -0.34904907
0.99800000 -0.34698783
0.99900000 -0.34494061
1.00000000 -0.34290731
1.00100000 -0.34088782
1.00200000 -0.33888204
1.00300000 -0.33688986
1.00400000 -0.33491118
1.00500000 -0.33294590
1.00600000 -0.33099391
1.00700000 -0.32905511
1.00800000 -0.32712941
1.00900000 -0.32521670
1.01000000 -0.32331689
1.01100000 -0.32142988
1.01200000 -0.31955557
1.01300000 -0.31769386
1.01400000 -0.31584466
1.01500000 -0.31400788
1.01600000 -0.31218343
1.01700000 -0.31037120
1.01800000 -0.30857111
1.01900000 -0.30678306
1.02000000 -0.30500697
1.02100000 -0.30324274
1.02200000 -0.30149030
1.02300000 -0.29974954
1.02400000 -0.29802038
1.02500000 -0.29630273
1.02600000 -0.29459651
1.02700000 -0.29290164
1.02800000 -0.29121802
1.02900000 -0.28954557
1.03000000 -0.28788421
1.03100000 -0.28623386
1.03200000 -0.28459444
1.03300000 -0.28296585
1.03400000 -0.28134804
1.03500000 -0.27974090
1.03600000 -0.27814437
1.03700000 -0.27655836
1.03800000 -0.27498280
1.03900000 -0.27341760
1.04000000 -0.27186270
1.04100000 -0.27031802
1.04200000 -0.26878347
1.04300000 -0.26725899
1.04400000 -0.26574450
1.04500000 -0.26423993
1.04600000 -0.26274521
1.04700000 -0.26126025
1.04800000 -0.25978500
1.04900000 -0.25831937
1.05000000 -0.25686330
1.05100000 -0.25541672
1.05200000 -0.25397955
1.05300000 -0.25255174
1.05400000 -0.25113320
1.05500000 -0.24972387
1.05600000 -0.24832369
1.05700000 -0.24693259
1.05800000 -0.24555050
1.05900000 -0.24417735
1.06000000 -0.24281309
1.06100000 -0.24145763
1.06200000 -0.24011093
1.06300000 -0.23877292
1.06400000 -0.23744353
1.06500000 -0.23612271
1.06600000 -0.23481038
1.06700000 -0.23350649
1.06800000 -0.23221097
1.06900000 -0.23092377
1.07000000 -0.22964483
1.07100000 -0.22837408
1.07200000 -0.22711147
1.07300000 -0.22585693
1.07400000 -0.22461042
1.07500000 -0.22337186
1.07600000 -0.22214121
1.07700000 -0.22091841
1.07800000 -0.21970340
1.07900000 -0.21849612
1.08000000 -0.21729652
1.08100000 -0.21610454
1.08200000 -0.21492013
1.08300000 -0.21374324
1.08400000 -0.21257381
1.08500000 -0.21141178
1.08600000 -0.21025711
1.08700000 -0.20910974
1.08800000 -0.20796962
1.08900000 -0.20683670
1.09000000 -0.20571092
1.09100000 -0.20459224
1.09200000 -0.20348060
1.09300000 -0.20237596
1.09400000 -0.20127827
1.09500000 -0.20018746
1.09600000 -0.19910351
1.09700000 -0.19802635
1.09800000 -0.19695595
1.09900000 -0.19589224
1.10000000 -0.19483519
1.10100000 -0.19378475
1.10200000 -0.19274087
1.10300000 -0.19170350
1.10400000 -0.19067260
1.10500000 -0.18964813
1.10600000 -0.18863003
1.10700000 -0.18761826
1.10800000 -0.18661279
1.10900000 -0.18561355
1.11000000 -0.18462052
1.11100000 -0.18363364
1.11200000 -0.18265288
1.11300000 -0.18167818
1.11400000 -0.18070952
1.11500000 -0.17974684
1.11600000 -0.17879010
1.11700000 -0.17783927
1.11800000 -0.17689429
1.11900000 -0.17595514
1.12000000 -0.17502177
1.12100000 -0.17409413
1.12200000 -0.17317220
1.12300000 -0.17225593
1.12400000 -0.17134527
1.12500000 -0.17044020
1.12600000 -0.16954067
1.12700000 -0.16864664
1.12800000 -0.16775808
1.12900000 -0.16687495
1.13000000 -0.16599721
1.13100000 -0.16512482
1.13200000 -0.16425775
1.13300000 -0.16339596
1.13400000 -0.16253941
1.13500000 -0.16168807
1.13600000 -0.16084190
1.13700000 -0.16000086
1.13800000 -0.15916493
1.13900000 -0.15833406
1.14000000 -0.15750822
1.14100000 -0.15668738
1.14200000 -0.15587150
1.14300000 -0.15506055
1.14400000 -0.15425449
1.14500000 -0.15345329
1.14600000 -0.15265692
1.14700000 -0.15186535
1.14800000 -0.15107853
1.14900000 -0.15029645
1.15000000 -0.14951906
1.15100000 -0.14874634
1.15200000 -0.14797825
1.15300000 -0.14721476
1.15400000 -0.14645584
1.15500000 -0.14570147
1.15600000 -0.14495160
1.15700000 -0.14420621
1.15800000 -0.14346526
1.15900000 -0.14272874
1.16000000 -0.14199660
1.16100000 -0.14126882
1.16200000 -0.14054537
1.16300000 -0.13982622
1.16400000 -0.13911134
1.16500000 -0.13840070
1.16600000 -0.13769428
1.16700000 -0.13699204
1.16800000 -0.13629395
1.16900000 -0.13560000
1.17000000 -0.13491015
1.17100000 -0.13422437
1.17200000 -0.13354263
1.17300000 -0.13286492
1.17400000 -0.13219120
1.17500000 -0.13152145
1.17600000 -0.13085563
1.17700000 -0.13019373
1.17800000 -0.12953571
1.17900000 -0.12888156
1.18000000 -0.12823124
1.18100000 -0.12758473
1.18200000 -0.12694200
1.18300000 -0.12630304
1.18400000 -0.12566780
1.18500000 -0.12503628
1.18600000 -0.12440844
1.18700000 -0.12378427
1.18800000 -0.12316373
1.18900000 -0.12254680
1.19000000 -0.12193346
1.19100000 -0.12132369
1.19200000 -0.12071745
1.19300000 -0.12011474
1.19400000 -0.11951552
1.19500000 -0.11891977
1.19600000 -0.11832747
1.19700000 -0.11773859
1.19800000 -0.11715312
1.19900000 -0.11657103
1.20000000 -0.11599230
1.20100000 -0.11541691
1.20200000 -0.11484483
1.20300000 -0.11427605
1.20400000 -0.11371054
1.20500000 -0.11314827
1.20600000 -0.11258924
1.20700000 -0.11203342
1.20800000 -0.11148078
1.20900000 -0.11093131
1.21000000 -0.11038499
1.21100000 -0.10984179
1.21200000 -0.10930170
1.21300000 -0.10876469
1.21400000 -0.10823075
1.21500000 -0.10769986
1.21600000 -0.10717198
1.21700000 -0.10664712
1.21800000 -0.10612524
1.21900000 -0.10560633
1.22000000 -0.10509037
1.22100000 -0.10457733
1.22200000 -0.10406721
1.22300000 -0.10355998
1.22400000 -0.10305562
1.22500000 -0.10255411
1.22600000 -0.10205544
1.22700000 -0.10155959
1.22800000 -0.10106653
1.22900000 -0.10057626
1.23000000 -0.10008876
1.23100000 -0.09960399
1.23200000 -0.09912196
1.23300000 -0.09864264
1.23400000 -0.09816601
1.23500000 -0.09769206
1.23600000 -0.09722077
1.23700000 -0.09675212
1.23800000 -0.09628609
1.23900000 -0.09582268
1.24000000 -0.09536186
1.24100000 -0.09490361
1.24200000 -0.09444792
1.24300000 -0.09399478
1.24400000 -0.09354416
1.24500000 -0.09309605
1.24600000 -0.09265044
1.24700000 -0.09220731
1.24800000 -0.09176664
1.24900000 -0.09132842
1.25000000 -0.09089263
1.25100000 -0.09045926
1.25200000 -0.09002829
1.25300000 -0.08959971
1.25400000 -0.08917350
1.25500000 -0.08874965
1.25600000 -0.08832814
1.25700000 -0.08790895
1.25800000 -0.08749208
1.25900000 -0.08707751
1.26000000 -0.08666522
1.26100000 -0.08625520
1.26200000 -0.08584744
1.26300000 -0.08544191
1.26400000 -0.08503862
1.26500000 -0.08463754
1.26600000 -0.08423865
1.26700000 -0.08384196
1.26800000 -0.08344743
1.26900000 -0.08305507
1.27000000 -0.08266484
1.27100000 -0.08227675
1.27200000 -0.08189078
1.27300000 -0.08150692
1.27400000 -0.08112515
1.27500000 -0.08074545
1.27600000 -0.08036782
1.27700000 -0.07999225
1.27800000 -0.07961872
1.27900000 -0.07924721
1.28000000 -0.07887773
1.28100000 -0.07851024
1.28200000 -0.07814475
1.28300000 -0.07778123
1.28400000 -0.07741968
1.28500000 -0.07706009
1.28600000 -0.07670244
1.28700000 -0.07634672
1.28800000 -0.07599291
1.28900000 -0.07564102
1.29000000 -0.07529102
1.29100000 -0.07494290
1.29200000 -0.07459666
1.29300000 -0.07425227
1.29400000 -0.07390974
1.29500000 -0.07356904
1.29600000 -0.07323017
1.29700000 -0.07289311
1.29800000 -0.07255786
1.29900000 -0.07222441
1.30000000 -0.07189273
1.30100000 -0.07156283
1.30200000 -0.07123469
1.30300000 -0.07090830
1.30400000 -0.07058364
1.30500000 -0.07026072
1.30600000 -0.06993952
1.30700000 -0.06962002
1.30800000 -0.06930222
1.30900000 -0.06898611
1.31000000 -0.06867168
1.31100000 -0.06835891
1.31200000 -0.06804780
1.31300000 -0.06773834
1.31400000 -0.06743052
1.31500000 -0.06712432
1.31600000 -0.06681974
1.31700000 -0.06651677
1.31800000 -0.06621539
1.31900000 -0.06591561
1.32000000 -0.06561740
1.32100000 -0.06532076
1.32200000 -0.06502569
1.32300000 -0.06473216
1.32400000 -0.06444018
1.32500000 -0.06414973
1.32600000 -0.06386080
1.32700000 -0.06357338
1.32800000 -0.06328747
1.32900000 -0.06300306
1.33000000 -0.06272013
1.33100000 -0.06243869
1.33200000 -0.06215871
1.33300000 -0.06188019
1.33400000 -0.06160313
1.33500000 -0.06132750
1.33600000 -0.06105332
1.33700000 -0.06078056
1.33800000 -0.06050921
1.33900000 -0.06023928
1.34000000 -0.05997075
1.34100000 -0.05970361
1.34200000 -0.05943786
1.34300000 -0.05917348
1.34400000 -0.05891047
1.34500000 -0.05864882
1.34600000 -0.05838852
1.34700000 -0.05812957
1.34800000 -0.05787196
1.34900000 -0.05761567
1.35000000 -0.05736070
1.35100000 -0.05710705
1.35200000 -0.05685470
1.35300000 -0.05660365
1.35400000 -0.05635389
1.35500000 -0.05610541
1.35600000 -0.05585821
1.35700000 -0.05561228
1.35800000 -0.05536760
1.35900000 -0.05512418
1.36000000 -0.05488200
1.36100000 -0.05464107
1.36200000 -0.05440136
1.36300000 -0.05416288
1.36400000 -0.05392561
1.36500000 -0.05368955
1.36600000 -0.05345470
1.36700000 -0.05322104
1.36800000 -0.05298857
1.36900000 -0.05275728
1.37000000 -0.05252717
1.37100000 -0.05229823
1.37200000 -0.05207044
1.37300000 -0.05184382
1.37400000 -0.05161834
1.37500000 -0.05139400
1.37600000 -0.05117079
1.37700000 -0.05094872
1.37800000 -0.05072777
1.37900000 -0.05050793
1.38000000 -0.05028920
1.38100000 -0.05007157
1.38200000 -0.04985504
1.38300000 -0.04963960
1.38400000 -0.04942524
1.38500000 -0.04921197
1.38600000 -0.04899976
1.38700000 -0.04878861
1.38800000 -0.04857853
1.38900000 -0.04836950
1.39000000 -0.04816152
1.39100000 -0.04795458
1.39200000 -0.04774867
1.39300000 -0.04754379
1.39400000 -0.04733994
1.39500000 -0.04713710
1.39600000 -0.04693527
1.39700000 -0.04673445
1.39800000 -0.04653464
1.39900000 -0.04633581
1.40000000 -0.04613798
1.40100000 -0.04594112
1.40200000 -0.04574525
1.40300000 -0.04555035
1.40400000 -0.04535641
1.40500000 -0.04516344
1.40600000 -0.04497142
1.40700000 -0.04478035
1.40800000 -0.04459023
1.40900000 -0.04440105
1.41000000 -0.04421280
1.41100000 -0.04402548
1.41200000 -0.04383909
1.41300000 -0.04365361
1.41400000 -0.04346905
1.41500000 -0.04328539
1.41600000 -0.04310264
1.41700000 -0.04292079
1.41800000 -0.04273983
1.41900000 -0.04255976
1.42000000 -0.04238057
1.42100000 -0.04220226
1.42200000 -0.04202483
1.42300000 -0.04184826
1.42400000 -0.04167256
1.42500000 -0.04149771
1.42600000 -0.04132372
1.42700000 -0.04115058
1.42800000 -0.04097829
1.42900000 -0.04080683
1.43000000 -0.04063621
1.43100000 -0.04046642
1.43200000 -0.04029746
1.43300000 -0.04012932
1.43400000 -0.03996199
1.43500000 -0.03979548
1.43600000 -0.03962977
1.43700000 -0.03946487
1.43800000 -0.03930077
1.43900000 -0.03913746
1.44000000 -0.03897494
1.44100000 -0.03881321
1.44200000 -0.03865226
1.44300000 -0.03849209
1.44400000 -0.03833269
1.44500000 -0.03817405
1.44600000 -0.03801619
1.44700000 -0.03785908
1.44800000 -0.03770273
1.44900000 -0.03754713
1.45000000 -0.03739228
1.45100000 -0.03723817
1.45200000 -0.03708480
1.45300000 -0.03693217
1.45400000 -0.03678027
1.45500000 -0.03662910
1.45600000 -0.03647865
1.45700000 -0.03632892
1.45800000 -0.03617990
1.45900000 -0.03603160
1.46000000 -0.03588401
1.46100000 -0.03573712
1.46200000 -0.03559093
1.46300000 -0.03544543
1.46400000 -0.03530063
1.46500000 -0.03515652
1.46600000 -0.03501309
1.46700000 -0.03487035
1.46800000 -0.03472828
1.46900000 -0.03458689
1.47000000 -0.03444616
1.47100000 -0.03430611
1.47200000 -0.03416671
1.47300000 -0.03402798
1.47400000 -0.03388990
1.47500000 -0.03375248
1.47600000 -0.03361570
1.47700000 -0.03347957
1.47800000 -0.03334409
1.47900000 -0.03320924
1.48000000 -0.03307502
1.48100000 -0.03294144
1.48200000 -0.03280849
1.48300000 -0.03267616
1.48400000 -0.03254445
1.48500000 -0.03241336
1.48600000 -0.03228289
1.48700000 -0.03215302
1.48800000 -0.03202377
1.48900000 -0.03189512
1.49000000 -0.03176707
1.49100000 -0.03163962
1.49200000 -0.03151277
1.49300000 -0.03138651
1.49400000 -0.03126084
1.49500000 -0.03113576
1.49600000 -0.03101125
1.49700000 -0.03088733
1.49800000 -0.03076399
1.49900000 -0.03064122
1.50000000 -0.03051901
1.50100000 -0.03039738
1.50200000 -0.03027631
1.50300000 -0.03015581
1.50400000 -0.03003586
1.50500000 -0.02991647
1.50600000 -0.02979763
1.50700000 -0.02967934
1.50800000 -0.02956159
1.50900000 -0.02944440
1.51000000 -0.02932774
1.51100000 -0.02921162
1.51200000 -0.02909604
1.51300000 -0.02898099
1.51400000 -0.02886646
1.51500000 -0.02875247
1.51600000 -0.02863900
1.51700000 -0.02852605
1.51800000 -0.02841363
1.51900000 -0.02830171
1.52000000 -0.02819031
1.52100000 -0.02807943
1.52200000 -0.02796905
1.52300000 -0.02785917
1.52400000 -0.02774980
1.52500000 -0.02764093
1.52600000 -0.02753255
1.52700000 -0.02742467
1.52800000 -0.02731729
1.52900000 -0.02721039
1.53000000 -0.02710398
1.53100000 -0.02699806
1.53200000 -0.02689261
1.53300000 -0.02678765
1.53400000 -0.02668317
1.53500000 -0.02657916
1.53600000 -0.02647562
1.53700000 -0.02637255
1.53800000 -0.02626995
1.53900000 -0.02616781
1.54000000 -0.02606614
1.54100000 -0.02596492
1.54200000 -0.02586417
1.54300000 -0.02576387
1.54400000 -0.02566402
1.54500000 -0.02556463
1.54600000 -0.02546568
1.54700000 -0.02536718
1.54800000 -0.02526912
1.54900000 -0.02517150
1.55000000 -0.02507433
1.55100000 -0.02497759
1.55200000 -0.02488128
1.55300000 -0.02478541
1.55400000 -0.02468997
1.55500000 -0.02459496
1.55600000 -0.02450037
1.55700000 -0.02440620
1.55800000 -0.02431246
1.55900000 -0.02421914
1.56000000 -0.02412623
1.56100000 -0.02403374
1.56200000 -0.02394167
1.56300000 -0.02385000
1.56400000 -0.02375874
1.56500000 -0.02366789
1.56600000 -0.02357745
1.56700000 -0.02348741
1.56800000 -0.02339776
1.56900000 -0.02330852
1.57000000 -0.02321967
1.57100000 -0.02313122
1.57200000 -0.02304316
1.57300000 -0.02295549
1.57400000 -0.02286821
1.57500000 -0.02278132
1.57600000 -0.02269481
1.57700000 -0.02260868
1.57800000 -0.02252293
1.57900000 -0.02243757
1.58000000 -0.02235258
1.58100000 -0.02226796
1.58200000 -0.02218372
1.58300000 -0.02209985
1.58400000 -0.02201635
1.58500000 -0.02193322
1.58600000 -0.02185045
1.58700000 -0.02176805
1.58800000 -0.02168601
1.58900000 -0.02160432
1.59000000 -0.02152300
1.59100000 -0.02144204
1.59200000 -0.02136142
1.59300000 -0.02128117
1.59400000 -0.02120126
1.59500000 -0.02112170
1.59600000 -0.02104249
1.59700000 -0.02096363
1.59800000 -0.02088511
1.59900000 -0.02080694
1.60000000 -0.02072910
1.60100000 -0.02065161
1.60200000 -0.02057445
1.60300000 -0.02049762
1.60400000 -0.02042114
1.60500000 -0.02034498
1.60600000 -0.02026916
1.60700000 -0.02019366
1.60800000 -0.02011849
1.60900000 -0.02004365
1.61000000 -0.01996913
1.61100000 -0.01989494
1.61200000 -0.01982107
1.61300000 -0.01974751
1.61400000 -0.01967428
1.61500000 -0.01960136
1.61600000 -0.01952876
1.61700000 -0.01945646
1.61800000 -0.01938449
1.61900000 -0.01931282
1.62000000 -0.01924146
1.62100000 -0.01917040
1.62200000 -0.01909966
1.62300000 -0.01902921
1.62400000 -0.01895908
1.62500000 -0.01888924
1.62600000 -0.01881970
1.62700000 -0.01875046
1.62800000 -0.01868151
1.62900000 -0.01861287
1.63000000 -0.01854451
1.63100000 -0.01847645
1.63200000 -0.01840868
1.63300000 -0.01834120
1.63400000 -0.01827400
1.63500000 -0.01820710
1.63600000 -0.01814048
1.63700000 -0.01807414
1.63800000 -0.01800809
1.63900000 -0.01794232
1.64000000 -0.01787682
1.64100000 -0.01781161
1.64200000 -0.01774667
1.64300000 -0.01768201
1.64400000 -0.01761763
1.64500000 -0.01755351
1.64600000 -0.01748967
1.64700000 -0.01742610
1.64800000 -0.01736280
1.64900000 -0.01729977
1.65000000 -0.01723700
1.65100000 -0.01717450
1.65200000 -0.01711226
1.65300000 -0.01705029
1.65400000 -0.01698857
1.65500000 -0.01692712
1.65600000 -0.01686593
1.65700000 -0.01680499
1.65800000 -0.01674431
1.65900000 -0.01668389
1.66000000 -0.01662372
1.66100000 -0.01656380
1.66200000 -0.01650414
1.66300000 -0.01644472
1.66400000 -0.01638556
1.66500000 -0.01632664
1.66600000 -0.01626797
1.66700000 -0.01620955
1.66800000 -0.01615137
1.66900000 -0.01609343
1.67000000 -0.01603573
1.67100000 -0.01597828
1.67200000 -0.01592107
1.67300000 -0.01586409
1.67400000 -0.01580735
1.67500000 -0.01575085
1.67600000 -0.01569459
1.67700000 -0.01563856
1.67800000 -0.01558276
1.67900000 -0.01552719
1.68000000 -0.01547186
1.68100000 -0.01541675
1.68200000 -0.01536188
1.68300000 -0.01530723
1.68400000 -0.01525280
1.68500000 -0.01519861
1.68600000 -0.01514464
1.68700000 -0.01509089
1.68800000 -0.01503736
1.68900000 -0.01498405
1.69000000 -0.01493097
1.69100000 -0.01487810
1.69200000 -0.01482545
1.69300000 -0.01477302
1.69400000 -0.01472081
1.69500000 -0.01466881
1.69600000 -0.01461702
1.69700000 -0.01456545
1.69800000 -0.01451409
1.69900000 -0.01446294
1.70000000 -0.01441200
1.70100000 -0.01436127
1.70200000 -0.01431075
1.70300000 -0.01426044
1.70400000 -0.01421033
1.70500000 -0.01416042
1.70600000 -0.01411072
1.70700000 -0.01406123
1.70800000 -0.01401193
1.70900000 -0.01396284
1.71000000 -0.01391395
1.71100000 -0.01386526
1.71200000 -0.01381677
1.71300000 -0.01376847
1.71400000 -0.01372037
1.71500000 -0.01367247
1.71600000 -0.01362476
1.71700000 -0.01357724
1.71800000 -0.01352992
1.71900000 -0.01348279
1.72000000 -0.01343586
1.72100000 -0.01338911
1.72200000 -0.01334255
1.72300000 -0.01329618
1.72400000 -0.01325000
1.72500000 -0.01320401
1.72600000 -0.01315820
1.72700000 -0.01311258
1.72800000 -0.01306714
1.72900000 -0.01302188
1.73000000 -0.01297681
1.73100000 -0.01293192
1.73200000 -0.01288721
1.73300000 -0.01284268
1.73400000 -0.01279833
1.73500000 -0.01275416
1.73600000 -0.01271016
1.73700000 -0.01266635
1.73800000 -0.01262271
1.73900000 -0.01257924
1.74000000 -0.01253595
1.74100000 -0.01249283
1.74200000 -0.01244989
1.74300000 -0.01240712
1.74400000 -0.01236451
1.74500000 -0.01232208
1.74600000 -0.01227982
1.74700000 -0.01223773
1.74800000 -0.01219581
1.74900000 -0.01215405
1.75000000 -0.01211246
1.75100000 -0.01207104
1.75200000 -0.01202978
1.75300000 -0.01198868
1.75400000 -0.01194775
1.75500000 -0.01190698
1.75600000 -0.01186638
1.75700000 -0.01182593
1.75800000 -0.01178565
1.75900000 -0.01174552
1.76000000 -0.01170556
1.76100000 -0.01166575
1.76200000 -0.01162610
1.76300000 -0.01158661
1.76400000 -0.01154728
1.76500000 -0.01150810
1.76600000 -0.01146907
1.76700000 -0.01143020
1.76800000 -0.01139149
1.76900000 -0.01135292
1.77000000 -0.01131451
1.77100000 -0.01127625
1.77200000 -0.01123814
1.77300000 -0.01120018
1.77400000 -0.01116237
1.77500000 -0.01112471
1.77600000 -0.01108720
1.77700000 -0.01104984
1.77800000 -0.01101262
1.77900000 -0.01097554
1.78000000 -0.01093862
1.78100000 -0.01090184
1.78200000 -0.01086520
1.78300000 -0.01082870
1.78400000 -0.01079235
1.78500000 -0.01075614
1.78600000 -0.01072007
1.78700000 -0.01068415
1.78800000 -0.01064836
1.78900000 -0.01061271
1.79000000 -0.01057721
1.79100000 -0.01054184
1.79200000 -0.01050661
1.79300000 -0.01047151
1.79400000 -0.01043655
1.79500000 -0.01040173
1.79600000 -0.01036705
1.79700000 -0.01033250
1.79800000 -0.01029808
1.79900000 -0.01026380
1.80000000 -0.01022965
1.80100000 -0.01019563
1.80200000 -0.01016174
1.80300000 -0.01012799
1.80400000 -0.01009436
1.80500000 -0.01006087
1.80600000 -0.01002751
1.80700000 -0.00999427
1.80800000 -0.00996116
1.80900000 -0.00992818
1.81000000 -0.00989533
1.81100000 -0.00986261
1.81200000 -0.00983001
1.81300000 -0.00979753
1.81400000 -0.00976519
1.81500000 -0.00973296
1.81600000 -0.00970086
1.81700000 -0.00966889
1.81800000 -0.00963703
1.81900000 -0.00960530
1.82000000 -0.00957369
1.82100000 -0.00954220
1.82200000 -0.00951084
1.82300000 -0.00947959
1.82400000 -0.00944846
1.82500000 -0.00941745
1.82600000 -0.00938656
1.82700000 -0.00935579
1.82800000 -0.00932514
1.82900000 -0.00929460
1.83000000 -0.00926418
1.83100000 -0.00923388
1.83200000 -0.00920369
1.83300000 -0.00917361
1.83400000 -0.00914365
1.83500000 -0.00911381
1.83600000 -0.00908408
1.83700000 -0.00905446
1.83800000 -0.00902495
1.83900000 -0.00899556
1.84000000 -0.00896628
1.84100000 -0.00893711
1.84200000 -0.00890805
1.84300000 -0.00887909
1.84400000 -0.00885025
1.84500000 -0.00882152
1.84600000 -0.00879290
1.84700000 -0.00876439
1.84800000 -0.00873598
1.84900000 -0.00870768
1.85000000 -0.00867949
1.85100000 -0.00865140
1.85200000 -0.00862342
1.85300000 -0.00859555
1.85400000 -0.00856778
1.85500000 -0.00854011
1.85600000 -0.00851255
1.85700000 -0.00848509
1.85800000 -0.00845774
1.85900000 -0.00843049
1.86000000 -0.00840334
1.86100000 -0.00837629
1.86200000 -0.00834935
1.86300000 -0.00832250
1.86400000 -0.00829576
1.86500000 -0.00826911
1.86600000 -0.00824257
1.86700000 -0.00821613
1.86800000 -0.00818978
1.86900000 -0.00816353
1.87000000 -0.00813738
1.87100000 -0.00811133
1.87200000 -0.00808538
1.87300000 -0.00805952
1.87400000 -0.00803376
1.87500000 -0.00800810
1.87600000 -0.00798253
1.87700000 -0.00795705
1.87800000 -0.00793167
1.87900000 -0.00790639
1.88000000 -0.00788120
1.88100000 -0.00785610
1.88200000 -0.00783109
1.88300000 -0.00780618
1.88400000 -0.00778136
1.88500000 -0.00775664
1.88600000 -0.00773200
1.88700000 -0.00770746
1.88800000 -0.00768300
1.88900000 -0.00765864
1.89000000 -0.00763437
1.89100000 -0.00761018
1.89200000 -0.00758609
1.89300000 -0.00756208
1.89400000 -0.00753817
1.89500000 -0.00751434
1.89600000 -0.00749060
1.89700000 -0.00746695
1.89800000 -0.00744338
1.89900000 -0.00741990
1.90000000 -0.00739651
1.90100000 -0.00737320
1.90200000 -0.00734998
1.90300000 -0.00732684
1.90400000 -0.00730379
1.90500000 -0.00728082
1.90600000 -0.00725794
1.90700000 -0.00723514
1.90800000 -0.00721243
1.90900000 -0.00718980
1.91000000 -0.00716725
1.91100000 -0.00714478
1.91200000 -0.00712239
1.91300000 -0.00710009
1.91400000 -0.00707787
1.91500000 -0.00705573
1.91600000 -0.00703367
1.91700000 -0.00701169
1.91800000 -0.00698979
1.91900000 -0.00696797
1.92000000 -0.00694623
1.92100000 -0.00692457
1.92200000 -0.00690299
1.92300000 -0.00688148
1.92400000 -0.00686006
1.92500000 -0.00683871
1.92600000 -0.00681744
1.92700000 -0.00679625
1.92800000 -0.00677513
1.92900000 -0.00675409
1.93000000 -0.00673313
1.93100000 -0.00671224
1.93200000 -0.00669143
1.93300000 -0.00667069
1.93400000 -0.00665003
1.93500000 -0.00662944
1.93600000 -0.00660892
1.93700000 -0.00658848
1.93800000 -0.00656812
1.93900000 -0.00654783
1.94000000 -0.00652761
1.94100000 -0.00650746
1.94200000 -0.00648739
1.94300000 -0.00646738
1.94400000 -0.00644746
1.94500000 -0.00642760
1.94600000 -0.00640781
1.94700000 -0.00638809
1.94800000 -0.00636845
1.94900000 -0.00634887
1.95000000 -0.00632937
1.95100000 -0.00630993
1.95200000 -0.00629057
1.95300000 -0.00627127
1.95400000 -0.00625205
1.95500000 -0.00623289
1.95600000 -0.00621380
1.95700000 -0.00619478
1.95800000 -0.00617582
1.95900000 -0.00615694
1.96000000 -0.00613812
1.96100000 -0.00611937
1.96200000 -0.00610068
1.96300000 -0.00608206
1.96400000 -0.00606351
1.96500000 -0.00604502
1.96600000 -0.00602660
1.96700000 -0.00600825
1.96800000 -0.00598996
1.96900000 -0.00597173
1.97000000 -0.00595357
1.97100000 -0.00593548
1.97200000 -0.00591745
1.97300000 -0.00589948
1.97400000 -0.00588157
1.97500000 -0.00586373
1.97600000 -0.00584595
1.97700000 -0.00582824
1.97800000 -0.00581059
1.97900000 -0.00579300
1.98000000 -0.00577547
1.98100000 -0.00575800
1.98200000 -0.00574060
1.98300000 -0.00572325
1.98400000 -0.00570597
1.98500000 -0.00568875
1.98600000 -0.00567159
1.98700000 -0.00565449
1.98800000 -0.00563745
1.98900000 -0.00562047
1.99000000 -0.00560355
1.99100000 -0.00558669
1.99200000 -0.00556988
1.99300000 -0.00555314
1.99400000 -0.00553646
1.99500000 -0.00551983
1.99600000 -0.00550326
1.99700000 -0.00548675
1.99800000 -0.00547030
1.99900000 -0.00545391
2.00000000 -0.00543757
