0.10000000 4832400468.54701328
0.10100000 4288492314.85588980
0.10200000 3810282472.69198322
0.10300000 3389304244.14546824
0.10400000 3018249236.82481384
0.10500000 2690799875.47344255
0.10600000 2401487413.32319546
0.10700000 2145571369.31923747
0.10800000 1918936998.26190138
0.10900000 1718007963.07659912
0.11000000 1539671843.39749169
0.11100000 1381216499.92487884
0.11200000 1240275633.81183147
0.11300000 1114782146.23783922
0.11400000 1002928124.79252076
0.11500000 903130468.05301678
0.11600000 814001314.12916040
0.11700000 734322568.16958141
0.11800000 663023932.14347458
0.11900000 599163931.15676582
0.12000000 541913507.03155458
0.12100000 490541814.27349693
0.12200000 444403907.85923576
0.12300000 402930058.14157426
0.12400000 365616466.96100593
0.12500000 332017191.90539604
0.12600000 301737113.52216423
0.12700000 274425803.94914818
0.12800000 249772175.55146441
0.12900000 227499805.28426108
0.13000000 207362845.10789359
0.13100000 189142441.25091258
0.13200000 172643595.77344176
0.13300000 157692413.00343388
0.13400000 144133681.23207518
0.13500000 131828746.75727840
0.13600000 120653643.12047516
0.13700000 110497443.33111517
0.13800000 101260807.13338356
0.13900000 92854699.04070084
0.14000000 85199256.03050219
0.14100000 78222786.52679430
0.14200000 71860884.66249324
0.14300000 66055645.85989682
0.14400000 60754971.54048844
0.14500000 55911952.31273196
0.14600000 51484320.32119662
0.14700000 47433962.60014500
0.14800000 43726488.28352910
0.14900000 40330843.40167358
0.15000000 37218967.76038567
0.15100000 34365489.06595131
0.15200000 31747450.04247703
0.15300000 29344064.79753247
0.15400000 27136501.13770798
0.15500000 25107685.92587320
0.15600000 23242130.91380983
0.15700000 21525776.78373772
0.15800000 19945853.39544490
0.15900000 18490754.46695131
0.16000000 17149925.11993264
0.16100000 15913760.90002616
0.16200000 14773517.03968979
0.16300000 13721226.87014929
0.16400000 12749628.41145724
0.16500000 11852098.27781952
0.16600000 11022592.13087440
0.16700000 10255590.99807111
0.16800000 9546052.84802652
0.16900000 8889368.88091107
0.17000000 8281324.05055100
0.17100000 7718061.38693047
0.17200000 7196049.73391824
0.17300000 6712054.55801814
0.17400000 6263111.52035479
0.17500000 5846502.53648591
0.17600000 5459734.07744662
0.17700000 5100517.49108945
0.17800000 4766751.14564731
0.17900000 4456504.21783300
0.18000000 4168001.96597858
0.18100000 3899612.34495826
0.18200000 3649833.83414723
0.18300000 3417284.36263928
0.18400000 3200691.22754835
0.18500000 2998881.91160384
0.18600000 2810775.71555040
0.18700000 2635376.12919794
0.18800000 2471763.87244157
0.18900000 2319090.54427701
0.19000000 2176572.82385721
0.19100000 2043487.17304367
0.19200000 1919164.99476632
0.19300000 1802988.20587689
0.19400000 1694385.18711351
0.19500000 1592827.07633512
0.19600000 1497824.37437408
0.19700000 1408923.83572974
0.19800000 1325705.61891821
0.19900000 1247780.67363253
0.20000000 1174788.34397860
0.20100000 1106394.16895938
0.20200000 1042287.86310305
0.20300000 982181.46168894
0.20400000 925807.61643415
0.20500000 872918.02877961
0.20600000 823282.00906896
0.20700000 776685.15096030
0.20800000 732928.11135860
0.20900000 691825.48701720
0.21000000 653204.77973639
0.21100000 616905.44279546
0.21200000 582778.00189764
0.21300000 550683.24449145
0.21400000 520491.47186299
0.21500000 492081.80887664
0.21600000 465341.56668065
0.21700000 440165.65409427
0.21800000 416456.03375668
0.21900000 394121.21945000
0.22000000 373075.81131045
0.22100000 353240.06591764
0.22200000 334539.49850312
0.22300000 316904.51474857
0.22400000 300270.06985350
0.22500000 284575.35274356
0.22600000 269763.49346500
0.22700000 255781.29197078
0.22800000 242578.96664961
0.22900000 230109.92108277
0.23000000 218330.52763595
0.23100000 207199.92660491
0.23200000 196679.83973644
0.23300000 186734.39704003
0.23400000 177329.97589129
0.23500000 168435.05150765
0.23600000 160020.05794862
0.23700000 152057.25885969
0.23800000 144520.62723964
0.23900000 137385.73356711
0.24000000 130629.64167365
0.24100000 124230.81179762
0.24200000 118169.01029677
0.24300000 112425.22553736
0.24400000 106981.58951407
0.24500000 101821.30478920
0.24600000 96928.57637029
0.24700000 92288.54817436
0.24800000 87887.24375284
0.24900000 83711.51097628
0.25000000 79748.97039945
0.25100000 75987.96704897
0.25200000 72417.52539399
0.25300000 69027.30727839
0.25400000 65807.57260912
0.25500000 62749.14261014
0.25600000 59843.36546551
0.25700000 57082.08418772
0.25800000 54457.60655923
0.25900000 51962.67700624
0.26000000 49590.45027362
0.26100000 47334.46677934
0.26200000 45188.62953548
0.26300000 43147.18253065
0.26400000 41204.69047635
0.26500000 39356.01982642
0.26600000 37596.32098525
0.26700000 35921.01162614
0.26800000 34325.76104677
0.26900000 32806.47549384
0.27000000 31359.28439346
0.27100000 29980.52742837
0.27200000 28666.74240706
0.27300000 27414.65387356
0.27400000 26221.16241029
0.27500000 25083.33458936
0.27600000 23998.39353097
0.27700000 22963.71003017
0.27800000 21976.79421586
0.27900000 21035.28770843
0.28000000 20136.95624454
0.28100000 19279.68273967
0.28200000 18461.46076110
0.28300000 17680.38838564
0.28400000 16934.66241824
0.28500000 16222.57294901
0.28600000 15542.49822791
0.28700000 14892.89983745
0.28800000 14272.31814505
0.28900000 13679.36801822
0.29000000 13112.73478620
0.29100000 12571.17043341
0.29200000 12053.49001047
0.29300000 11558.56824974
0.29400000 11085.33637315
0.29500000 10632.77908068
0.29600000 10199.93170872
0.29700000 9785.87754834
0.29800000 9389.74531377
0.29900000 9010.70675239
0.30000000 8647.97438775
0.30100000 8300.79938794
0.30200000 7968.46955179
0.30300000 7650.30740629
0.30400000 7345.66840842
0.30500000 7053.93924564
0.30600000 6774.53622914
0.30700000 6506.90377464
0.30800000 6250.51296557
0.30900000 6004.86019404
0.31000000 5769.46587509
0.31100000 5543.87323006
0.31200000 5327.64713520
0.31300000 5120.37303175
0.31400000 4921.65589410
0.31500000 4731.11925276
0.31600000 4548.40426899
0.31700000 4373.16885833
0.31800000 4205.08686020
0.31900000 4043.84725108
0.32000000 3889.15339878
0.32100000 3740.72235567
0.32200000 3598.28418855
0.32300000 3461.58134335
0.32400000 3330.36804253
0.32500000 3204.40971362
0.32600000 3083.48244704
0.32700000 2967.37248172
0.32800000 2855.87571696
0.32900000 2748.79724912
0.33000000 2645.95093184
0.33100000 2547.15895853
0.33200000 2452.25146588
0.33300000 2361.06615734
0.33400000 2273.44794546
0.33500000 2189.24861219
0.33600000 2108.32648599
0.33700000 2030.54613512
0.33800000 1955.77807608
0.33900000 1883.89849644
0.34000000 1814.78899137
0.34100000 1748.33631315
0.34200000 1684.43213284
0.34300000 1622.97281375
0.34400000 1563.85919583
0.34500000 1506.99639062
0.34600000 1452.29358606
0.34700000 1399.66386081
0.34800000 1349.02400748
0.34900000 1300.29436434
0.35000000 1253.39865514
0.35100000 1208.26383653
0.35200000 1164.81995283
0.35300000 1122.99999759
0.35400000 1082.73978183
0.35500000 1043.97780844
0.35600000 1006.65515253
0.35700000 970.71534734
0.35800000 936.10427563
0.35900000 902.77006601
0.36000000 870.66299420
0.36100000 839.73538882
0.36200000 809.94154160
0.36300000 781.23762171
0.36400000 753.58159407
0.36500000 726.93314137
0.36600000 701.25358975
0.36700000 676.50583780
0.36800000 652.65428883
0.36900000 629.66478626
0.37000000 607.50455190
0.37100000 586.14212705
0.37200000 565.54731622
0.37300000 545.69113346
0.37400000 526.54575102
0.37500000 508.08445040
0.37600000 490.28157549
0.37700000 473.11248788
0.37800000 456.55352415
0.37900000 440.58195496
0.38000000 425.17594611
0.38100000 410.31452120
0.38200000 395.97752595
0.38300000 382.14559413
0.38400000 368.80011496
0.38500000 355.92320194
0.38600000 343.49766300
0.38700000 331.50697203
0.38800000 319.93524156
0.38900000 308.76719668
0.39000000 297.98815006
0.39100000 287.58397805
0.39200000 277.54109781
0.39300000 267.84644542
0.39400000 258.48745494
0.39500000 249.45203830
0.39600000 240.72856617
0.39700000 232.30584948
0.39800000 224.17312188
0.39900000 216.32002283
0.40000000 208.73658144
0.40100000 201.41320101
0.40200000 194.34064421
0.40300000 187.51001883
0.40400000 180.91276418
0.40500000 174.54063807
0.40600000 168.38570426
0.40700000 162.44032051
0.40800000 156.69712705
0.40900000 151.14903559
0.41000000 145.78921873
0.41100000 140.61109987
0.41200000 135.60834344
0.41300000 130.77484561
0.41400000 126.10472538
0.41500000 121.59231593
0.41600000 117.23215647
0.41700000 113.01898431
0.41800000 108.94772728
0.41900000 105.01349646
0.42000000 101.21157925
0.42100000 97.53743259
0.42200000 93.98667662
0.42300000 90.55508844
0.42400000 87.23859623
0.42500000 84.03327354
0.42600000 80.93533381
0.42700000 77.94112517
0.42800000 75.04712536
0.42900000 72.24993690
0.43000000 69.54628243
0.43100000 66.93300028
0.43200000 64.40704014
0.43300000 61.96545893
0.43400000 59.60541686
0.43500000 57.32417364
0.43600000 55.11908474
0.43700000 52.98759797
0.43800000 50.92725002
0.43900000 48.93566324
0.44000000 47.01054250
0.44100000 45.14967222
0.44200000 43.35091340
0.44300000 41.61220094
0.44400000 39.93154086
0.44500000 38.30700783
0.44600000 36.73674260
0.44700000 35.21894969
0.44800000 33.75189506
0.44900000 32.33390392
0.45000000 30.96335861
0.45100000 29.63869654
0.45200000 28.35840827
0.45300000 27.12103555
0.45400000 25.92516958
0.45500000 24.76944918
0.45600000 23.65255917
0.45700000 22.57322869
0.45800000 21.53022969
0.45900000 20.52237538
0.46000000 19.54851880
0.46100000 18.60755141
0.46200000 17.69840178
0.46300000 16.82003423
0.46400000 15.97144766
0.46500000 15.15167428
0.46600000 14.35977850
0.46700000 13.59485578
0.46800000 12.85603156
0.46900000 12.14246027
0.47000000 11.45332423
0.47100000 10.78783282
0.47200000 10.14522142
0.47300000 9.52475060
0.47400000 8.92570526
0.47500000 8.34739373
0.47600000 7.78914703
0.47700000 7.25031810
0.47800000 6.73028099
0.47900000 6.22843022
0.48000000 5.74418003
0.48100000 5.27696376
0.48200000 4.82623314
0.48300000 4.39145775
0.48400000 3.97212433
0.48500000 3.56773629
0.48600000 3.17781308
0.48700000 2.80188970
0.48800000 2.43951614
0.48900000 2.09025692
0.49000000 1.75369057
0.49100000 1.42940919
0.49200000 1.11701797
0.49300000 0.81613478
0.49400000 0.52638975
0.49500000 0.24742484
0.49600000 -0.02110653
0.49700000 -0.27953986
0.49800000 -0.52819995
0.49900000 -0.76740124
0.50000000 -0.99744813
0.50100000 -1.21863537
0.50200000 -1.43124831
0.50300000 -1.63556325
0.50400000 -1.83184770
0.50500000 -2.02036071
0.50600000 -2.20135312
0.50700000 -2.37506781
0.50800000 -2.54174002
0.50900000 -2.70159751
0.51000000 -2.85486088
0.51100000 -3.00174377
0.51200000 -3.14245306
0.51300000 -3.27718914
0.51400000 -3.40614609
0.51500000 -3.52951188
0.51600000 -3.64746856
0.51700000 -3.76019248
0.51800000 -3.86785446
0.51900000 -3.97061993
0.52000000 -4.06864918
0.52100000 -4.16209743
0.52200000 -4.25111508
0.52300000 -4.33584780
0.52400000 -4.41643670
0.52500000 -4.49301851
0.52600000 -4.56572565
0.52700000 -4.63468643
0.52800000 -4.70002515
0.52900000 -4.76186221
0.53000000 -4.82031427
0.53100000 -4.87549437
0.53200000 -4.92751200
0.53300000 -4.97647324
0.53400000 -5.02248088
0.53500000 -5.06563450
0.53600000 -5.10603057
0.53700000 -5.14376258
0.53800000 -5.17892108
0.53900000 -5.21159383
0.54000000 -5.24186585
0.54100000 -5.26981949
0.54200000 -5.29553458
0.54300000 -5.31908844
0.54400000 -5.34055598
0.54500000 -5.36000980
0.54600000 -5.37752021
0.54700000 -5.39315537
0.54800000 -5.40698129
0.54900000 -5.41906194
0.55000000 -5.42945929
0.55100000 -5.43823337
0.55200000 -5.44544237
0.55300000 -5.45114264
0.55400000 -5.45538878
0.55500000 -5.45823370
0.55600000 -5.45972863
0.55700000 -5.45992324
0.55800000 -5.45886562
0.55900000 -5.45660236
0.56000000 -5.45317861
0.56100000 -5.44863809
0.56200000 -5.44302316
0.56300000 -5.43637485
0.56400000 -5.42873291
0.56500000 -5.42013584
0.56600000 -5.41062092
0.56700000 -5.40022427
0.56800000 -5.38898088
0.56900000 -5.37692461
0.57000000 -5.36408830
0.57100000 -5.35050370
0.57200000 -5.33620160
0.57300000 -5.32121179
0.57400000 -5.30556313
0.57500000 -5.28928355
0.57600000 -5.27240012
0.57700000 -5.25493902
0.57800000 -5.23692562
0.57900000 -5.21838446
0.58000000 -5.19933930
0.58100000 -5.17981316
0.58200000 -5.15982831
0.58300000 -5.13940628
0.58400000 -5.11856795
0.58500000 -5.09733350
0.58600000 -5.07572247
0.58700000 -5.05375376
0.58800000 -5.03144565
0.58900000 -5.00881584
0.59000000 -4.98588146
0.59100000 -4.96265905
0.59200000 -4.93916464
0.59300000 -4.91541372
0.59400000 -4.89142126
0.59500000 -4.86720176
0.59600000 -4.84276923
0.59700000 -4.81813720
0.59800000 -4.79331876
0.59900000 -4.76832657
0.60000000 -4.74317286
0.60100000 -4.71786945
0.60200000 -4.69242776
0.60300000 -4.66685882
0.60400000 -4.64117329
0.60500000 -4.61538146
0.60600000 -4.58949327
0.60700000 -4.56351834
0.60800000 -4.53746591
0.60900000 -4.51134494
0.61000000 -4.48516407
0.61100000 -4.45893163
0.61200000 -4.43265566
0.61300000 -4.40634390
0.61400000 -4.38000386
0.61500000 -4.35364272
0.61600000 -4.32726746
0.61700000 -4.30088477
0.61800000 -4.27450111
0.61900000 -4.24812270
0.62000000 -4.22175554
0.62100000 -4.19540541
0.62200000 -4.16907785
0.62300000 -4.14277822
0.62400000 -4.11651166
0.62500000 -4.09028312
0.62600000 -4.06409737
0.62700000 -4.03795898
0.62800000 -4.01187235
0.62900000 -3.98584170
0.63000000 -3.95987110
0.63100000 -3.93396443
0.63200000 -3.90812544
0.63300000 -3.88235772
0.63400000 -3.85666469
0.63500000 -3.83104966
0.63600000 -3.80551578
0.63700000 -3.78006607
0.63800000 -3.75470343
0.63900000 -3.72943061
0.64000000 -3.70425026
0.64100000 -3.67916491
0.64200000 -3.65417697
0.64300000 -3.62928873
0.64400000 -3.60450239
0.64500000 -3.57982004
0.64600000 -3.55524365
0.64700000 -3.53077513
0.64800000 -3.50641626
0.64900000 -3.48216874
0.65000000 -3.45803420
0.65100000 -3.43401415
0.65200000 -3.41011006
0.65300000 -3.38632327
0.65400000 -3.36265508
0.65500000 -3.33910670
0.65600000 -3.31567928
0.65700000 -3.29237387
0.65800000 -3.26919149
0.65900000 -3.24613306
0.66000000 -3.22319947
0.66100000 -3.20039151
0.66200000 -3.17770994
0.66300000 -3.15515546
0.66400000 -3.13272870
0.66500000 -3.11043025
0.66600000 -3.08826063
0.66700000 -3.06622033
0.66800000 -3.04430979
0.66900000 -3.02252938
0.67000000 -3.00087946
0.67100000 -2.97936032
0.67200000 -2.95797221
0.67300000 -2.93671535
0.67400000 -2.91558992
0.67500000 -2.89459605
0.67600000 -2.87373384
0.67700000 -2.85300337
0.67800000 -2.83240466
0.67900000 -2.81193772
0.68000000 -2.79160250
0.68100000 -2.77139896
0.68200000 -2.75132699
0.68300000 -2.73138648
0.68400000 -2.71157728
0.68500000 -2.69189922
0.68600000 -2.67235209
0.68700000 -2.65293568
0.68800000 -2.63364975
0.68900000 -2.61449401
0.69000000 -2.59546819
0.69100000 -2.57657197
0.69200000 -2.55780502
0.69300000 -2.53916700
0.69400000 -2.52065753
0.69500000 -2.50227624
0.69600000 -2.48402271
0.69700000 -2.46589654
0.69800000 -2.44789728
0.69900000 -2.43002450
0.70000000 -2.41227772
0.70100000 -2.39465648
0.70200000 -2.37716029
0.70300000 -2.35978864
0.70400000 -2.34254102
0.70500000 -2.32541692
0.70600000 -2.30841579
0.70700000 -2.29153709
0.70800000 -2.27478027
0.70900000 -2.25814476
0.71000000 -2.24163000
0.71100000 -2.22523541
0.71200000 -2.20896038
0.71300000 -2.19280435
0.71400000 -2.17676669
0.71500000 -2.16084680
0.71600000 -2.14504406
0.71700000 -2.12935787
0.71800000 -2.11378758
0.71900000 -2.09833257
0.72000000 -2.08299221
0.72100000 -2.06776585
0.72200000 -2.05265285
0.72300000 -2.03765256
0.72400000 -2.02276433
0.72500000 -2.00798750
0.72600000 -1.99332142
0.72700000 -1.97876543
0.72800000 -1.96431886
0.72900000 -1.94998105
0.73000000 -1.93575133
0.73100000 -1.92162903
0.73200000 -1.90761348
0.73300000 -1.89370402
0.73400000 -1.87989996
0.73500000 -1.86620064
0.73600000 -1.85260538
0.73700000 -1.83911351
0.73800000 -1.82572435
0.73900000 -1.81243723
0.74000000 -1.79925146
0.74100000 -1.78616639
0.74200000 -1.77318133
0.74300000 -1.76029560
0.74400000 -1.74750855
0.74500000 -1.73481948
0.74600000 -1.72222774
0.74700000 -1.70973265
0.74800000 -1.69733355
0.74900000 -1.68502975
0.75000000 -1.67282061
0.75100000 -1.66070546
0.75200000 -1.64868362
0.75300000 -1.63675444
0.75400000 -1.62491726
0.75500000 -1.61317143
0.75600000 -1.60151628
0.75700000 -1.58995117
0.75800000 -1.57847543
0.75900000 -1.56708843
0.76000000 -1.55578952
0.76100000 -1.54457805
0.76200000 -1.53345338
0.76300000 -1.52241487
0.76400000 -1.51146189
0.76500000 -1.50059380
0.76600000 -1.48980996
0.76700000 -1.47910976
0.76800000 -1.46849257
0.76900000 -1.45795776
0.77000000 -1.44750472
0.77100000 -1.43713282
0.77200000 -1.42684146
0.77300000 -1.41663002
0.77400000 -1.40649790
0.77500000 -1.39644450
0.77600000 -1.38646920
0.77700000 -1.37657142
0.77800000 -1.36675056
0.77900000 -1.35700603
0.78000000 -1.34733723
0.78100000 -1.33774360
0.78200000 -1.32822454
0.78300000 -1.31877948
0.78400000 -1.30940783
0.78500000 -1.30010905
0.78600000 -1.29088254
0.78700000 -1.28172776
0.78800000 -1.27264413
0.78900000 -1.26363111
0.79000000 -1.25468813
0.79100000 -1.24581466
0.79200000 -1.23701013
0.79300000 -1.22827401
0.79400000 -1.21960576
0.79500000 -1.21100485
0.79600000 -1.20247073
0.79700000 -1.19400288
0.79800000 -1.18560078
0.79900000 -1.17726390
0.80000000 -1.16899172
0.80100000 -1.16078373
0.80200000 -1.15263942
0.80300000 -1.14455828
0.80400000 -1.13653980
0.80500000 -1.12858348
0.80600000 -1.12068884
0.80700000 -1.11285536
0.80800000 -1.10508257
0.80900000 -1.09736997
0.81000000 -1.08971708
0.81100000 -1.08212342
0.81200000 -1.07458852
0.81300000 -1.06711189
0.81400000 -1.05969308
0.81500000 -1.05233162
0.81600000 -1.04502704
0.81700000 -1.03777888
0.81800000 -1.03058669
0.81900000 -1.02345001
0.82000000 -1.01636840
0.82100000 -1.00934141
0.82200000 -1.00236860
0.82300000 -0.99544953
0.82400000 -0.98858376
0.82500000 -0.98177086
0.82600000 -0.97501040
0.82700000 -0.96830195
0.82800000 -0.96164510
0.82900000 -0.95503942
0.83000000 -0.94848450
0.83100000 -0.94197993
0.83200000 -0.93552529
0.83300000 -0.92912017
0.83400000 -0.92276419
0.83500000 -0.91645692
0.83600000 -0.91019799
0.83700000 -0.90398699
0.83800000 -0.89782353
0.83900000 -0.89170723
0.84000000 -0.88563770
0.84100000 -0.87961456
0.84200000 -0.87363744
0.84300000 -0.86770595
0.84400000 -0.86181972
0.84500000 -0.85597838
0.84600000 -0.85018158
0.84700000 -0.84442894
0.84800000 -0.83872010
0.84900000 -0.83305471
0.85000000 -0.82743241
0.85100000 -0.82185284
0.85200000 -0.81631567
0.85300000 -0.81082055
0.85400000 -0.80536712
0.85500000 -0.79995505
0.85600000 -0.79458401
0.85700000 -0.78925365
0.85800000 -0.78396365
0.85900000 -0.77871367
0.86000000 -0.77350339
0.86100000 -0.76833249
0.86200000 -0.76320064
0.86300000 -0.75810752
0.86400000 -0.75305282
0.86500000 -0.74803623
0.86600000 -0.74305743
0.86700000 -0.73811611
0.86800000 -0.73321197
0.86900000 -0.72834471
0.87000000 -0.72351403
0.87100000 -0.71871962
0.87200000 -0.71396119
0.87300000 -0.70923844
0.87400000 -0.70455110
0.87500000 -0.69989886
0.87600000 -0.69528145
0.87700000 -0.69069857
0.87800000 -0.68614995
0.87900000 -0.68163531
0.88000000 -0.67715437
0.88100000 -0.67270685
0.88200000 -0.66829250
0.88300000 -0.66391103
0.88400000 -0.65956217
0.88500000 -0.65524567
0.88600000 -0.65096126
0.88700000 -0.64670868
0.88800000 -0.64248767
0.88900000 -0.63829798
0.89000000 -0.63413934
0.89100000 -0.63001152
0.89200000 -0.62591425
0.89300000 -0.62184730
0.89400000 -0.61781040
0.89500000 -0.61380333
0.89600000 -0.60982585
0.89700000 -0.60587770
0.89800000 -0.60195865
0.89900000 -0.59806847
0.90000000 -0.59420693
0.90100000 -0.59037379
0.90200000 -0.58656882
0.90300000 -0.58279180
0.90400000 -0.57904249
0.90500000 -0.57532069
0.90600000 -0.57162615
0.90700000 -0.56795868
0.90800000 -0.56431803
0.90900000 -0.56070401
0.91000000 -0.55711640
0.91100000 -0.55355497
0.91200000 -0.55001953
0.91300000 -0.54650987
0.91400000 -0.54302577
0.91500000 -0.53956703
0.91600000 -0.53613344
0.91700000 -0.53272482
0.91800000 -0.52934094
0.91900000 -0.52598163
0.92000000 -0.52264667
0.92100000 -0.51933588
0.92200000 -0.51604906
0.92300000 -0.51278602
0.92400000 -0.50954657
0.92500000 -0.50633051
0.92600000 -0.50313768
0.92700000 -0.49996786
0.92800000 -0.49682090
0.92900000 -0.49369659
0.93000000 -0.49059477
0.93100000 -0.48751525
0.93200000 -0.48445785
0.93300000 -0.48142240
0.93400000 -0.47840872
0.93500000 -0.47541665
0.93600000 -0.47244600
0.93700000 -0.46949661
0.93800000 -0.46656831
0.93900000 -0.46366094
0.94000000 -0.46077432
0.94100000 -0.45790829
0.94200000 -0.45506269
0.94300000 -0.45223736
0.94400000 -0.44943213
0.94500000 -0.44664685
0.94600000 -0.44388137
0.94700000 -0.44113551
0.94800000 -0.43840914
0.94900000 -0.43570209
0.95000000 -0.43301421
0.95100000 -0.43034536
0.95200000 -0.42769537
0.95300000 -0.42506411
0.95400000 -0.42245143
0.95500000 -0.41985717
0.95600000 -0.41728121
0.95700000 -0.41472338
0.95800000 -0.41218355
0.95900000 -0.40966159
0.96000000 -0.40715734
0.96100000 -0.40467067
0.96200000 -0.40220144
0.96300000 -0.39974952
0.96400000 -0.39731477
0.96500000 -0.39489705
0.96600000 -0.39249624
0.96700000 -0.39011220
0.96800000 -0.38774480
0.96900000 -0.38539391
0.97000000 -0.38305941
0.97100000 -0.38074116
0.97200000 -0.37843904
0.97300000 -0.37615292
0.97400000 -0.37388268
0.97500000 -0.37162820
0.97600000 -0.36938935
0.97700000 -0.36716602
0.97800000 -0.36495807
0.97900000 -0.36276540
0.98000000 -0.36058789
0.98100000 -0.35842541
0.98200000 -0.35627786
0.98300000 -0.35414511
0.98400000 -0.35202706
0.98500000 -0.34992359
0.98600000 -0.34783458
0.98700000 -0.34575993
0.98800000 -0.34369952
0.98900000 -0.34165325
0.99000000 -0.33962101
0.99100000 -0.33760268
0.99200000 -0.33559817
0.99300000 -0.33360737
0.99400000 -0.33163016
0.99500000 -0.32966646
0.99600000 -0.32771615
0.99700000 -0.32577913
0.99800000 -0.32385531
0.99900000 -0.32194457
1.00000000 -0.32004682
1.00100000 -0.31816197
1.00200000 -0.31628991
1.00300000 -0.31443054
1.00400000 -0.31258377
1.00500000 -0.31074951
1.00600000 -0.30892765
1.00700000 -0.30711811
1.00800000 -0.30532078
1.00900000 -0.30353559
1.01000000 -0.30176243
1.01100000 -0.30000122
1.01200000 -0.29825186
1.01300000 -0.29651427
1.01400000 -0.29478835
1.01500000 -0.29307402
1.01600000 -0.29137120
1.01700000 -0.28967978
1.01800000 -0.28799970
1.01900000 -0.28633086
1.02000000 -0.28467317
1.02100000 -0.28302656
1.02200000 -0.28139094
1.02300000 -0.27976623
1.02400000 -0.27815235
1.02500000 -0.27654922
1.02600000 -0.27495675
1.02700000 -0.27337486
1.02800000 -0.27180348
1.02900000 -0.27024253
1.03000000 -0.26869193
1.03100000 -0.26715160
1.03200000 -0.26562147
1.03300000 -0.26410146
1.03400000 -0.26259150
1.03500000 -0.26109151
1.03600000 -0.25960141
1.03700000 -0.25812113
1.03800000 -0.25665061
1.03900000 -0.25518976
1.04000000 -0.25373852
1.04100000 -0.25229682
1.04200000 -0.25086457
1.04300000 -0.24944173
1.04400000 -0.24802820
1.04500000 -0.24662394
1.04600000 -0.24522886
1.04700000 -0.24384290
1.04800000 -0.24246600
1.04900000 -0.24109808
1.05000000 -0.23973908
1.05100000 -0.23838894
1.05200000 -0.23704758
1.05300000 -0.23571495
1.05400000 -0.23439099
1.05500000 -0.23307562
1.05600000 -0.23176878
1.05700000 -0.23047042
1.05800000 -0.22918046
1.05900000 -0.22789886
1.06000000 -0.22662555
1.06100000 -0.22536046
1.06200000 -0.22410354
1.06300000 -0.22285473
1.06400000 -0.22161396
1.06500000 -0.22038119
1.06600000 -0.21915635
1.06700000 -0.21793939
1.06800000 -0.21673024
1.06900000 -0.21552885
1.07000000 -0.21433517
1.07100000 -0.21314914
1.07200000 -0.21197070
1.07300000 -0.21079980
1.07400000 -0.20963639
1.07500000 -0.20848041
1.07600000 -0.20733180
1.07700000 -0.20619052
1.07800000 -0.20505650
1.07900000 -0.20392971
1.08000000 -0.20281008
1.08100000 -0.20169757
1.08200000 -0.20059212
1.08300000 -0.19949369
1.08400000 -0.19840222
1.08500000 -0.19731766
1.08600000 -0.19623997
1.08700000 -0.19516909
1.08800000 -0.19410498
1.08900000 -0.19304758
1.09000000 -0.19199686
1.09100000 -0.19095276
1.09200000 -0.18991523
1.09300000 -0.18888423
1.09400000 -0.18785971
1.09500000 -0.18684163
1.09600000 -0.18582994
1.09700000 -0.18482460
1.09800000 -0.18382555
1.09900000 -0.18283276
1.10000000 -0.18184618
1.10100000 -0.18086577
1.10200000 -0.17989148
1.10300000 -0.17892327
1.10400000 -0.17796110
1.10500000 -0.17700492
1.10600000 -0.17605469
1.10700000 -0.17511038
1.10800000 -0.17417193
1.10900000 -0.17323932
1.11000000 -0.17231248
1.11100000 -0.17139140
1.11200000 -0.17047602
1.11300000 -0.16956630
1.11400000 -0.16866222
1.11500000 -0.16776371
1.11600000 -0.16687076
1.11700000 -0.16598332
1.11800000 -0.16510134
1.11900000 -0.16422480
1.12000000 -0.16335365
1.12100000 -0.16248786
1.12200000 -0.16162739
1.12300000 -0.16077220
1.12400000 -0.15992225
1.12500000 -0.15907752
1.12600000 -0.15823796
1.12700000 -0.15740353
1.12800000 -0.15657421
1.12900000 -0.15574995
1.13000000 -0.15493073
1.13100000 -0.15411650
1.13200000 -0.15330723
1.13300000 -0.15250289
1.13400000 -0.15170345
1.13500000 -0.15090886
1.13600000 -0.15011911
1.13700000 -0.14933414
1.13800000 -0.14855394
1.13900000 -0.14777846
1.14000000 -0.14700768
1.14100000 -0.14624156
1.14200000 -0.14548007
1.14300000 -0.14472318
1.14400000 -0.14397086
1.14500000 -0.14322307
1.14600000 -0.14247980
1.14700000 -0.14174099
1.14800000 -0.14100663
1.14900000 -0.14027669
1.15000000 -0.13955112
1.15100000 -0.13882992
1.15200000 -0.13811303
1.15300000 -0.13740044
1.15400000 -0.13669212
1.15500000 -0.13598803
1.15600000 -0.13528816
1.15700000 -0.13459246
1.15800000 -0.13390091
1.15900000 -0.13321349
1.16000000 -0.13253016
1.16100000 -0.13185090
1.16200000 -0.13117568
1.16300000 -0.13050447
1.16400000 -0.12983725
1.16500000 -0.12917399
1.16600000 -0.12851466
1.16700000 -0.12785923
1.16800000 -0.12720769
1.16900000 -0.12656000
1.17000000 -0.12591614
1.17100000 -0.12527608
1.17200000 -0.12463979
1.17300000 -0.12400726
1.17400000 -0.12337845
1.17500000 -0.12275335
1.17600000 -0.12213192
1.17700000 -0.12151414
1.17800000 -0.12090000
1.17900000 -0.12028945
1.18000000 -0.11968249
1.18100000 -0.11907908
1.18200000 -0.11847920
1.18300000 -0.11788283
1.18400000 -0.11728995
1.18500000 -0.11670053
1.18600000 -0.11611455
1.18700000 -0.11553198
1.18800000 -0.11495281
1.18900000 -0.11437701
1.19000000 -0.11380456
1.19100000 -0.11323544
1.19200000 -0.11266962
1.19300000 -0.11210709
1.19400000 -0.11154781
1.19500000 -0.11099178
1.19600000 -0.11043897
1.19700000 -0.10988935
1.19800000 -0.10934291
1.19900000 -0.10879963
1.20000000 -0.10825948
1.20100000 -0.10772245
1.20200000 -0.10718851
1.20300000 -0.10665764
1.20400000 -0.10612983
1.20500000 -0.10560506
1.20600000 -0.10508329
1.20700000 -0.10456452
1.20800000 -0.10404873
1.20900000 -0.10353589
1.21000000 -0.10302599
1.21100000 -0.10251901
1.21200000 -0.10201492
1.21300000 -0.10151371
1.21400000 -0.10101537
1.21500000 -0.10051987
1.21600000 -0.10002719
1.21700000 -0.09953731
1.21800000 -0.09905023
1.21900000 -0.09856591
1.22000000 -0.09808434
1.22100000 -0.09760551
1.22200000 -0.09712939
1.22300000 -0.09665598
1.22400000 -0.09618524
1.22500000 -0.09571717
1.22600000 -0.09525174
1.22700000 -0.09478895
1.22800000 -0.09432877
1.22900000 -0.09387118
1.23000000 -0.09341617
1.23100000 -0.09296373
1.23200000 -0.09251383
1.23300000 -0.09206646
1.23400000 -0.09162161
1.23500000 -0.09117926
1.23600000 -0.09073938
1.23700000 -0.09030198
1.23800000 -0.08986702
1.23900000 -0.08943450
1.24000000 -0.08900440
1.24100000 -0.08857670
1.24200000 -0.08815139
1.24300000 -0.08772846
1.24400000 -0.08730788
1.24500000 -0.08688965
1.24600000 -0.08647374
1.24700000 -0.08606015
1.24800000 -0.08564886
1.24900000 -0.08523986
1.25000000 -0.08483312
1.25100000 -0.08442864
1.25200000 -0.08402641
1.25300000 -0.08362640
1.25400000 -0.08322860
1.25500000 -0.08283300
1.25600000 -0.08243959
1.25700000 -0.08204836
1.25800000 -0.08165928
1.25900000 -0.08127234
1.26000000 -0.08088754
1.26100000 -0.08050485
1.26200000 -0.08012427
1.26300000 -0.07974579
1.26400000 -0.07936938
1.26500000 -0.07899503
1.26600000 -0.07862274
1.26700000 -0.07825249
1.26800000 -0.07788427
1.26900000 -0.07751806
1.27000000 -0.07715385
1.27100000 -0.07679164
1.27200000 -0.07643140
1.27300000 -0.07607312
1.27400000 -0.07571680
1.27500000 -0.07536242
1.27600000 -0.07500997
1.27700000 -0.07465943
1.27800000 -0.07431080
1.27900000 -0.07396407
1.28000000 -0.07361921
1.28100000 -0.07327623
1.28200000 -0.07293510
1.28300000 -0.07259582
1.28400000 -0.07225837
1.28500000 -0.07192275
1.28600000 -0.07158894
1.28700000 -0.07125694
1.28800000 -0.07092672
1.28900000 -0.07059828
1.29000000 -0.07027162
1.29100000 -0.06994671
1.29200000 -0.06962355
1.29300000 -0.06930212
1.29400000 -0.06898242
1.29500000 -0.06866444
1.29600000 -0.06834816
1.29700000 -0.06803357
1.29800000 -0.06772067
1.29900000 -0.06740945
1.30000000 -0.06709988
1.30100000 -0.06679197
1.30200000 -0.06648571
1.30300000 -0.06618108
1.30400000 -0.06587807
1.30500000 -0.06557667
1.30600000 -0.06527688
1.30700000 -0.06497869
1.30800000 -0.06468207
1.30900000 -0.06438704
1.31000000 -0.06409357
1.31100000 -0.06380165
1.31200000 -0.06351128
1.31300000 -0.06322245
1.31400000 -0.06293515
1.31500000 -0.06264936
1.31600000 -0.06236509
1.31700000 -0.06208231
1.31800000 -0.06180103
1.31900000 -0.06152123
1.32000000 -0.06124291
1.32100000 -0.06096605
1.32200000 -0.06069064
1.32300000 -0.06041668
1.32400000 -0.06014417
1.32500000 -0.05987308
1.32600000 -0.05960341
1.32700000 -0.05933516
1.32800000 -0.05906831
1.32900000 -0.05880286
1.33000000 -0.05853879
1.33100000 -0.05827611
1.33200000 -0.05801479
1.33300000 -0.05775485
1.33400000 -0.05749625
1.33500000 -0.05723900
1.33600000 -0.05698310
1.33700000 -0.05672852
1.33800000 -0.05647527
1.33900000 -0.05622333
1.34000000 -0.05597270
1.34100000 -0.05572337
1.34200000 -0.05547533
1.34300000 -0.05522858
1.34400000 -0.05498310
1.34500000 -0.05473890
1.34600000 -0.05449596
1.34700000 -0.05425427
1.34800000 -0.05401383
1.34900000 -0.05377462
1.35000000 -0.05353666
1.35100000 -0.05329991
1.35200000 -0.05306439
1.35300000 -0.05283007
1.35400000 -0.05259696
1.35500000 -0.05236505
1.35600000 -0.05213433
1.35700000 -0.05190479
1.35800000 -0.05167643
1.35900000 -0.05144923
1.36000000 -0.05122320
1.36100000 -0.05099833
1.36200000 -0.05077460
1.36300000 -0.05055202
1.36400000 -0.05033057
1.36500000 -0.05011025
1.36600000 -0.04989105
1.36700000 -0.04967297
1.36800000 -0.04945600
1.36900000 -0.04924013
1.37000000 -0.04902536
1.37100000 -0.04881168
1.37200000 -0.04859908
1.37300000 -0.04838756
1.37400000 -0.04817711
1.37500000 -0.04796773
1.37600000 -0.04775941
1.37700000 -0.04755214
1.37800000 -0.04734591
1.37900000 -0.04714073
1.38000000 -0.04693658
1.38100000 -0.04673347
1.38200000 -0.04653137
1.38300000 -0.04633029
1.38400000 -0.04613023
1.38500000 -0.04593117
1.38600000 -0.04573311
1.38700000 -0.04553604
1.38800000 -0.04533996
1.38900000 -0.04514487
1.39000000 -0.04495075
1.39100000 -0.04475760
1.39200000 -0.04456542
1.39300000 -0.04437420
1.39400000 -0.04418394
1.39500000 -0.04399463
1.39600000 -0.04380626
1.39700000 -0.04361882
1.39800000 -0.04343233
1.39900000 -0.04324676
1.40000000 -0.04306211
1.40100000 -0.04287838
1.40200000 -0.04269557
1.40300000 -0.04251366
1.40400000 -0.04233265
1.40500000 -0.04215254
1.40600000 -0.04197333
1.40700000 -0.04179500
1.40800000 -0.04161755
1.40900000 -0.04144098
1.41000000 -0.04126528
1.41100000 -0.04109045
1.41200000 -0.04091648
1.41300000 -0.04074337
1.41400000 -0.04057111
1.41500000 -0.04039970
1.41600000 -0.04022913
1.41700000 -0.04005940
1.41800000 -0.03989051
1.41900000 -0.03972244
1.42000000 -0.03955520
1.42100000 -0.03938878
1.42200000 -0.03922317
1.42300000 -0.03905838
1.42400000 -0.03889439
1.42500000 -0.03873120
1.42600000 -0.03856881
1.42700000 -0.03840721
1.42800000 -0.03824640
1.42900000 -0.03808638
1.43000000 -0.03792713
1.43100000 -0.03776866
1.43200000 -0.03761096
1.43300000 -0.03745403
1.43400000 -0.03729786
1.43500000 -0.03714244
1.43600000 -0.03698779
1.43700000 -0.03683388
1.43800000 -0.03668072
1.43900000 -0.03652830
1.44000000 -0.03637661
1.44100000 -0.03622566
1.44200000 -0.03607544
1.44300000 -0.03592595
1.44400000 -0.03577717
1.44500000 -0.03562912
1.44600000 -0.03548177
1.44700000 -0.03533514
1.44800000 -0.03518921
1.44900000 -0.03504399
1.45000000 -0.03489946
1.45100000 -0.03475563
1.45200000 -0.03461248
1.45300000 -0.03447003
1.45400000 -0.03432825
1.45500000 -0.03418716
1.45600000 -0.03404674
1.45700000 -0.03390699
1.45800000 -0.03376791
1.45900000 -0.03362949
1.46000000 -0.03349174
1.46100000 -0.03335464
1.46200000 -0.03321820
1.46300000 -0.03308240
1.46400000 -0.03294726
1.46500000 -0.03281275
1.46600000 -0.03267889
1.46700000 -0.03254566
1.46800000 -0.03241306
1.46900000 -0.03228109
1.47000000 -0.03214975
1.47100000 -0.03201903
1.47200000 -0.03188893
1.47300000 -0.03175945
1.47400000 -0.03163058
1.47500000 -0.03150231
1.47600000 -0.03137466
1.47700000 -0.03124760
1.47800000 -0.03112115
1.47900000 -0.03099529
1.48000000 -0.03087002
1.48100000 -0.03074534
1.48200000 -0.03062125
1.48300000 -0.03049775
1.48400000 -0.03037482
1.48500000 -0.03025247
1.48600000 -0.03013069
1.48700000 -0.03000949
1.48800000 -0.02988885
1.48900000 -0.02976878
1.49000000 -0.02964927
1.49100000 -0.02953032
1.49200000 -0.02941192
1.49300000 -0.02929408
1.49400000 -0.02917678
1.49500000 -0.02906004
1.49600000 -0.02894384
1.49700000 -0.02882818
1.49800000 -0.02871305
1.49900000 -0.02859847
1.50000000 -0.02848441
1.50100000 -0.02837089
1.50200000 -0.02825789
1.50300000 -0.02814542
1.50400000 -0.02803347
1.50500000 -0.02792204
1.50600000 -0.02781112
1.50700000 -0.02770071
1.50800000 -0.02759082
1.50900000 -0.02748144
1.51000000 -0.02737256
1.51100000 -0.02726418
1.51200000 -0.02715630
1.51300000 -0.02704892
1.51400000 -0.02694203
1.51500000 -0.02683564
1.51600000 -0.02672974
1.51700000 -0.02662432
1.51800000 -0.02651938
1.51900000 -0.02641493
1.52000000 -0.02631096
1.52100000 -0.02620746
1.52200000 -0.02610444
1.52300000 -0.02600189
1.52400000 -0.02589981
1.52500000 -0.02579820
1.52600000 -0.02569705
1.52700000 -0.02559636
1.52800000 -0.02549614
1.52900000 -0.02539637
1.53000000 -0.02529705
1.53100000 -0.02519819
1.53200000 -0.02509977
1.53300000 -0.02500181
1.53400000 -0.02490429
1.53500000 -0.02480721
1.53600000 -0.02471058
1.53700000 -0.02461438
1.53800000 -0.02451862
1.53900000 -0.02442329
1.54000000 -0.02432840
1.54100000 -0.02423393
1.54200000 -0.02413989
1.54300000 -0.02404628
1.54400000 -0.02395309
1.54500000 -0.02386032
1.54600000 -0.02376797
1.54700000 -0.02367603
1.54800000 -0.02358451
1.54900000 -0.02349340
1.55000000 -0.02340271
1.55100000 -0.02331242
1.55200000 -0.02322253
1.55300000 -0.02313305
1.55400000 -0.02304397
1.55500000 -0.02295529
1.55600000 -0.02286701
1.55700000 -0.02277912
1.55800000 -0.02269163
1.55900000 -0.02260453
1.56000000 -0.02251782
1.56100000 -0.02243149
1.56200000 -0.02234556
1.56300000 -0.02226000
1.56400000 -0.02217483
1.56500000 -0.02209003
1.56600000 -0.02200562
1.56700000 -0.02192158
1.56800000 -0.02183791
1.56900000 -0.02175462
1.57000000 -0.02167169
1.57100000 -0.02158914
1.57200000 -0.02150695
1.57300000 -0.02142513
1.57400000 -0.02134366
1.57500000 -0.02126256
1.57600000 -0.02118182
1.57700000 -0.02110144
1.57800000 -0.02102141
1.57900000 -0.02094173
1.58000000 -0.02086241
1.58100000 -0.02078343
1.58200000 -0.02070481
1.58300000 -0.02062653
1.58400000 -0.02054859
1.58500000 -0.02047100
1.58600000 -0.02039375
1.58700000 -0.02031684
1.58800000 -0.02024027
1.58900000 -0.02016404
1.59000000 -0.02008813
1.59100000 -0.02001257
1.59200000 -0.01993733
1.59300000 -0.01986242
1.59400000 -0.01978784
1.59500000 -0.01971359
1.59600000 -0.01963966
1.59700000 -0.01956606
1.59800000 -0.01949277
1.59900000 -0.01941981
1.60000000 -0.01934716
1.60100000 -0.01927483
1.60200000 -0.01920282
1.60300000 -0.01913112
1.60400000 -0.01905973
1.60500000 -0.01898865
1.60600000 -0.01891788
1.60700000 -0.01884742
1.60800000 -0.01877726
1.60900000 -0.01870741
1.61000000 -0.01863786
1.61100000 -0.01856861
1.61200000 -0.01849966
1.61300000 -0.01843101
1.61400000 -0.01836266
1.61500000 -0.01829460
1.61600000 -0.01822684
1.61700000 -0.01815937
1.61800000 -0.01809219
1.61900000 -0.01802530
1.62000000 -0.01795869
1.62100000 -0.01789238
1.62200000 -0.01782635
1.62300000 -0.01776060
1.62400000 -0.01769514
1.62500000 -0.01762995
1.62600000 -0.01756505
1.62700000 -0.01750043
1.62800000 -0.01743608
1.62900000 -0.01737201
1.63000000 -0.01730821
1.63100000 -0.01724469
1.63200000 -0.01718143
1.63300000 -0.01711845
1.63400000 -0.01705574
1.63500000 -0.01699329
1.63600000 -0.01693111
1.63700000 -0.01686920
1.63800000 -0.01680755
1.63900000 -0.01674616
1.64000000 -0.01668503
1.64100000 -0.01662417
1.64200000 -0.01656356
1.64300000 -0.01650321
1.64400000 -0.01644312
1.64500000 -0.01638328
1.64600000 -0.01632369
1.64700000 -0.01626436
1.64800000 -0.01620528
1.64900000 -0.01614645
1.65000000 -0.01608787
1.65100000 -0.01602953
1.65200000 -0.01597144
1.65300000 -0.01591360
1.65400000 -0.01585600
1.65500000 -0.01579865
1.65600000 -0.01574153
1.65700000 -0.01568466
1.65800000 -0.01562803
1.65900000 -0.01557163
1.66000000 -0.01551547
1.66100000 -0.01545955
1.66200000 -0.01540386
1.66300000 -0.01534841
1.66400000 -0.01529319
1.66500000 -0.01523820
1.66600000 -0.01518344
1.66700000 -0.01512891
1.66800000 -0.01507461
1.66900000 -0.01502053
1.67000000 -0.01496669
1.67100000 -0.01491306
1.67200000 -0.01485966
1.67300000 -0.01480649
1.67400000 -0.01475353
1.67500000 -0.01470080
1.67600000 -0.01464828
1.67700000 -0.01459599
1.67800000 -0.01454391
1.67900000 -0.01449205
1.68000000 -0.01444040
1.68100000 -0.01438897
1.68200000 -0.01433775
1.68300000 -0.01428675
1.68400000 -0.01423595
1.68500000 -0.01418537
1.68600000 -0.01413499
1.68700000 -0.01408483
1.68800000 -0.01403487
1.68900000 -0.01398512
1.69000000 -0.01393557
1.69100000 -0.01388623
1.69200000 -0.01383709
1.69300000 -0.01378816
1.69400000 -0.01373942
1.69500000 -0.01369089
1.69600000 -0.01364256
1.69700000 -0.01359442
1.69800000 -0.01354649
1.69900000 -0.01349875
1.70000000 -0.01345120
1.70100000 -0.01340385
1.70200000 -0.01335670
1.70300000 -0.01330974
1.70400000 -0.01326297
1.70500000 -0.01321640
1.70600000 -0.01317001
1.70700000 -0.01312381
1.70800000 -0.01307781
1.70900000 -0.01303199
1.71000000 -0.01298635
1.71100000 -0.01294091
1.71200000 -0.01289565
1.71300000 -0.01285057
1.71400000 -0.01280568
1.71500000 -0.01276097
1.71600000 -0.01271644
1.71700000 -0.01267209
1.71800000 -0.01262793
1.71900000 -0.01258394
1.72000000 -0.01254013
1.72100000 -0.01249650
1.72200000 -0.01245305
1.72300000 -0.01240977
1.72400000 -0.01236667
1.72500000 -0.01232374
1.72600000 -0.01228099
1.72700000 -0.01223840
1.72800000 -0.01219599
1.72900000 -0.01215376
1.73000000 -0.01211169
1.73100000 -0.01206979
1.73200000 -0.01202806
1.73300000 -0.01198650
1.73400000 -0.01194511
1.73500000 -0.01190388
1.73600000 -0.01186282
1.73700000 -0.01182192
1.73800000 -0.01178119
1.73900000 -0.01174063
1.74000000 -0.01170022
1.74100000 -0.01165998
1.74200000 -0.01161990
1.74300000 -0.01157997
1.74400000 -0.01154021
1.74500000 -0.01150061
1.74600000 -0.01146117
1.74700000 -0.01142188
1.74800000 -0.01138275
1.74900000 -0.01134378
1.75000000 -0.01130496
1.75100000 -0.01126630
1.75200000 -0.01122779
1.75300000 -0.01118944
1.75400000 -0.01115123
1.75500000 -0.01111318
1.75600000 -0.01107528
1.75700000 -0.01103754
1.75800000 -0.01099994
1.75900000 -0.01096249
1.76000000 -0.01092519
1.76100000 -0.01088804
1.76200000 -0.01085103
1.76300000 -0.01081417
1.76400000 -0.01077746
1.76500000 -0.01074089
1.76600000 -0.01070447
1.76700000 -0.01066819
1.76800000 -0.01063206
1.76900000 -0.01059606
1.77000000 -0.01056021
1.77100000 -0.01052450
1.77200000 -0.01048893
1.77300000 -0.01045351
1.77400000 -0.01041822
1.77500000 -0.01038307
1.77600000 -0.01034805
1.77700000 -0.01031318
1.77800000 -0.01027844
1.77900000 -0.01024384
1.78000000 -0.01020938
1.78100000 -0.01017505
1.78200000 -0.01014085
1.78300000 -0.01010679
1.78400000 -0.01007286
1.78500000 -0.01003907
1.78600000 -0.01000540
1.78700000 -0.00997187
1.78800000 -0.00993847
1.78900000 -0.00990520
1.79000000 -0.00987206
1.79100000 -0.00983905
1.79200000 -0.00980617
1.79300000 -0.00977341
1.79400000 -0.00974078
1.79500000 -0.00970828
1.79600000 -0.00967591
1.79700000 -0.00964366
1.79800000 -0.00961154
1.79900000 -0.00957954
1.80000000 -0.00954767
1.80100000 -0.00951592
1.80200000 -0.00948429
1.80300000 -0.00945279
1.80400000 -0.00942141
1.80500000 -0.00939014
1.80600000 -0.00935900
1.80700000 -0.00932799
1.80800000 -0.00929709
1.80900000 -0.00926631
1.81000000 -0.00923564
1.81100000 -0.00920510
1.81200000 -0.00917467
1.81300000 -0.00914437
1.81400000 -0.00911417
1.81500000 -0.00908410
1.81600000 -0.00905414
1.81700000 -0.00902429
1.81800000 -0.00899456
1.81900000 -0.00896495
1.82000000 -0.00893545
1.82100000 -0.00890606
1.82200000 -0.00887678
1.82300000 -0.00884762
1.82400000 -0.00881856
1.82500000 -0.00878962
1.82600000 -0.00876079
1.82700000 -0.00873207
1.82800000 -0.00870346
1.82900000 -0.00867496
1.83000000 -0.00864657
1.83100000 -0.00861828
1.83200000 -0.00859011
1.83300000 -0.00856204
1.83400000 -0.00853408
1.83500000 -0.00850622
1.83600000 -0.00847847
1.83700000 -0.00845083
1.83800000 -0.00842329
1.83900000 -0.00839586
1.84000000 -0.00836853
1.84100000 -0.00834130
1.84200000 -0.00831418
1.84300000 -0.00828716
1.84400000 -0.00826024
1.84500000 -0.00823342
1.84600000 -0.00820671
1.84700000 -0.00818009
1.84800000 -0.00815358
1.84900000 -0.00812717
1.85000000 -0.00810085
1.85100000 -0.00807464
1.85200000 -0.00804853
1.85300000 -0.00802251
1.85400000 -0.00799659
1.85500000 -0.00797077
1.85600000 -0.00794505
1.85700000 -0.00791942
1.85800000 -0.00789389
1.85900000 -0.00786846
1.86000000 -0.00784312
1.86100000 -0.00781787
1.86200000 -0.00779272
1.86300000 -0.00776767
1.86400000 -0.00774271
1.86500000 -0.00771784
1.86600000 -0.00769307
1.86700000 -0.00766838
1.86800000 -0.00764380
1.86900000 -0.00761930
1.87000000 -0.00759489
1.87100000 -0.00757058
1.87200000 -0.00754635
1.87300000 -0.00752222
1.87400000 -0.00749818
1.87500000 -0.00747422
1.87600000 -0.00745036
1.87700000 -0.00742658
1.87800000 -0.00740289
1.87900000 -0.00737930
1.88000000 -0.00735578
1.88100000 -0.00733236
1.88200000 -0.00730902
1.88300000 -0.00728577
1.88400000 -0.00726261
1.88500000 -0.00723953
1.88600000 -0.00721653
1.88700000 -0.00719363
1.88800000 -0.00717080
1.88900000 -0.00714806
1.89000000 -0.00712541
1.89100000 -0.00710284
1.89200000 -0.00708035
1.89300000 -0.00705795
1.89400000 -0.00703562
1.89500000 -0.00701338
1.89600000 -0.00699123
1.89700000 -0.00696915
1.89800000 -0.00694715
1.89900000 -0.00692524
1.90000000 -0.00690341
1.90100000 -0.00688165
1.90200000 -0.00685998
1.90300000 -0.00683839
1.90400000 -0.00681687
1.90500000 -0.00679544
1.90600000 -0.00677408
1.90700000 -0.00675280
1.90800000 -0.00673160
1.90900000 -0.00671048
1.91000000 -0.00668943
1.91100000 -0.00666846
1.91200000 -0.00664757
1.91300000 -0.00662675
1.91400000 -0.00660601
1.91500000 -0.00658535
1.91600000 -0.00656476
1.91700000 -0.00654424
1.91800000 -0.00652380
1.91900000 -0.00650344
1.92000000 -0.00648315
1.92100000 -0.00646293
1.92200000 -0.00644279
1.92300000 -0.00642272
1.92400000 -0.00640272
1.92500000 -0.00638280
1.92600000 -0.00636294
1.92700000 -0.00634316
1.92800000 -0.00632345
1.92900000 -0.00630382
1.93000000 -0.00628425
1.93100000 -0.00626476
1.93200000 -0.00624533
1.93300000 -0.00622598
1.93400000 -0.00620669
1.93500000 -0.00618748
1.93600000 -0.00616833
1.93700000 -0.00614925
1.93800000 -0.00613024
1.93900000 -0.00611130
1.94000000 -0.00609243
1.94100000 -0.00607363
1.94200000 -0.00605489
1.94300000 -0.00603623
1.94400000 -0.00601762
1.94500000 -0.00599909
1.94600000 -0.00598062
1.94700000 -0.00596222
1.94800000 -0.00594389
1.94900000 -0.00592562
1.95000000 -0.00590741
1.95100000 -0.00588927
1.95200000 -0.00587120
1.95300000 -0.00585319
1.95400000 -0.00583524
1.95500000 -0.00581736
1.95600000 -0.00579954
1.95700000 -0.00578179
1.95800000 -0.00576410
1.95900000 -0.00574647
1.96000000 -0.00572891
1.96100000 -0.00571141
1.96200000 -0.00569397
1.96300000 -0.00567659
1.96400000 -0.00565928
1.96500000 -0.00564202
1.96600000 -0.00562483
1.96700000 -0.00560770
1.96800000 -0.00559063
1.96900000 -0.00557362
1.97000000 -0.00555667
1.97100000 -0.00553978
1.97200000 -0.00552295
1.97300000 -0.00550618
1.97400000 -0.00548947
1.97500000 -0.00547282
1.97600000 -0.00545622
1.97700000 -0.00543969
1.97800000 -0.00542321
1.97900000 -0.00540680
1.98000000 -0.00539044
1.98100000 -0.00537414
1.98200000 -0.00535789
1.98300000 -0.00534170
1.98400000 -0.00532557
1.98500000 -0.00530950
1.98600000 -0.00529348
1.98700000 -0.00527752
1.98800000 -0.00526162
1.98900000 -0.00524577
1.99000000 -0.00522998
1.99100000 -0.00521424
1.99200000 -0.00519856
1.99300000 -0.00518293
1.99400000 -0.00516736
1.99500000 -0.00515184
1.99600000 -0.00513638
1.99700000 -0.00512097
1.99800000 -0.00510561
1.99900000 -0.00509031
2.00000000 -0.00507506
