0.10000000 1991373819.45618677
0.10100000 1767235844.03402042
0.10200000 1570171348.63680625
0.10300000 1396691309.40060496
0.10400000 1243784026.16407180
0.10500000 1108846102.53026485
0.10600000 989623934.06175637
0.10700000 884164025.81836700
0.10800000 790770741.04199231
0.10900000 707970314.45464253
0.11000000 634480155.24621916
0.11100000 569182623.59541714
0.11200000 511102596.35102952
0.11300000 459388247.07603264
0.11400000 413294556.91999483
0.11500000 372169148.92294645
0.11600000 335440101.97630239
0.11700000 302605453.91603625
0.11800000 273224147.86132199
0.11900000 246908213.38877714
0.12000000 223316005.64487138
0.12100000 202146352.03578168
0.12200000 183133478.51342133
0.12300000 166042606.37702236
0.12400000 150666126.49492002
0.12500000 136820271.38958627
0.12600000 124342217.11078197
0.12700000 113087556.57245116
0.12800000 102928094.32065842
0.12900000 93749919.75999770
0.13000000 85451721.88512099
0.13100000 77943313.70229913
0.13200000 71144338.91762710
0.13300000 64983137.22668979
0.13400000 59395747.76047054
0.13500000 54325033.00437297
0.13600000 49719907.87931669
0.13700000 45534660.71337163
0.13800000 41728354.58793278
0.13900000 38264299.05523386
0.14000000 35109583.52905310
0.14100000 32234664.77752512
0.14200000 29613001.92135710
0.14300000 27220733.18402341
0.14400000 25036389.37108040
0.14500000 23040639.68931262
0.14600000 21216066.06642717
0.14700000 19546962.60994986
0.14800000 18019157.25969606
0.14900000 16619853.05014021
0.15000000 15337486.71444464
0.15100000 14161602.63706785
0.15200000 13082740.40211966
0.15300000 12092334.39458756
0.15400000 11182624.09520933
0.15500000 10346573.87055214
0.15600000 9577801.20074581
0.15700000 8870512.41088093
0.15800000 8219445.08054048
0.15900000 7619816.40121620
0.16000000 7067276.83513708
0.16100000 6557868.50275803
0.16200000 6087987.79108096
0.16300000 5654351.73220438
0.16400000 5253967.75197414
0.16500000 4884106.43316738
0.16600000 4542276.97700868
0.16700000 4226205.08162271
0.16800000 3933812.98682412
0.16900000 3663201.46191390
0.17000000 3412633.53731497
0.17100000 3180519.80230651
0.17200000 2965405.11013114
0.17300000 2765956.54863385
0.17400000 2580952.54959675
0.17500000 2409273.02327716
0.17600000 2249890.41653020
0.17700000 2101861.60347093
0.17800000 1964320.52705246
0.17900000 1836471.51833777
0.18000000 1717583.22773842
0.18100000 1606983.10918610
0.18200000 1504052.40418155
0.18300000 1408221.57801069
0.18400000 1318966.16519850
0.18500000 1235802.98555103
0.18600000 1158286.69596857
0.18700000 1086006.64664750
0.18800000 1018584.01336878
0.18900000 955669.18033393
0.19000000 896939.35049061
0.19100000 842096.36251800
0.19200000 790864.69564546
0.19300000 742989.64527894
0.19400000 698235.65403029
0.19500000 656384.78420403
0.19600000 617235.31911020
0.19700000 580600.48175676
0.19800000 546307.26054322
0.19900000 514195.33254088
0.20000000 484116.07581536
0.20100000 455931.66303271
0.20200000 429514.22930071
0.20300000 404745.10783885
0.20400000 381514.12765144
0.20500000 359718.96790368
0.20600000 339264.56417677
0.20700000 320062.56220891
0.20800000 302030.81512030
0.20900000 285092.92047412
0.21000000 269177.79384742
0.21100000 254219.27587725
0.21200000 240155.77001276
0.21300000 226929.90844428
0.21400000 214488.24389959
0.21500000 202780.96519642
0.21600000 191761.63462115
0.21700000 181386.94536852
0.21800000 171616.49742720
0.21900000 162412.59043269
0.22000000 153740.03213343
0.22100000 145565.96122980
0.22200000 137859.68344909
0.22300000 130592.51981397
0.22400000 123737.66614842
0.22500000 117270.06294377
0.22600000 111166.27477953
0.22700000 105404.37855939
0.22800000 99963.85988308
0.22900000 94825.51692971
0.23000000 89971.37127855
0.23100000 85384.58513938
0.23200000 81049.38450678
0.23300000 76950.98779122
0.23400000 73075.53951564
0.23500000 69410.04869821
0.23600000 65942.33157223
0.23700000 62660.95832130
0.23800000 59555.20353282
0.23900000 56615.00009633
0.24000000 53830.89629409
0.24100000 51194.01585067
0.24200000 48696.02072669
0.24300000 46329.07645770
0.24400000 44085.81985470
0.24500000 41959.32889665
0.24600000 39943.09465809
0.24700000 38030.99512679
0.24800000 36217.27077727
0.24900000 34496.50177594
0.25000000 32863.58670307
0.25100000 31313.72268501
0.25200000 29842.38683818
0.25300000 28445.31893340
0.25400000 27118.50519606
0.25500000 25858.16316352
0.25600000 24660.72752700
0.25700000 23522.83689055
0.25800000 22441.32138430
0.25900000 21413.19107400
0.26000000 20435.62511276
0.26100000 19505.96158489
0.26200000 18621.68799539
0.26300000 17780.43236153
0.26400000 16979.95486663
0.26500000 16218.14003836
0.26600000 15492.98941700
0.26700000 14802.61468110
0.26800000 14145.23120059
0.26900000 13519.15198922
0.27000000 12922.78203027
0.27100000 12354.61295125
0.27200000 11813.21802489
0.27300000 11297.24747537
0.27400000 10805.42407017
0.27500000 10336.53897913
0.27600000 9889.44788364
0.27700000 9463.06732012
0.27800000 9056.37124280
0.27900000 8668.38779194
0.28000000 8298.19625462
0.28100000 7944.92420591
0.28200000 7607.74481913
0.28300000 7285.87433474
0.28400000 6978.56967785
0.28500000 6685.12621525
0.28600000 6404.87564337
0.28700000 6137.18399895
0.28800000 5881.44978505
0.28900000 5637.10220531
0.29000000 5403.59949981
0.29100000 5180.42737641
0.29200000 4967.09753179
0.29300000 4763.14625676
0.29400000 4568.13312080
0.29500000 4381.63973105
0.29600000 4203.26856129
0.29700000 4032.64184684
0.29800000 3869.40054139
0.29900000 3713.20333203
0.30000000 3563.72570924
0.30100000 3420.65908843
0.30200000 3283.70998014
0.30300000 3152.59920589
0.30400000 3027.06115732
0.30500000 2906.84309573
0.30600000 2791.70449003
0.30700000 2681.41639065
0.30800000 2575.76083746
0.30900000 2474.53029974
0.31000000 2377.52714633
0.31100000 2284.56314426
0.31200000 2195.45898429
0.31300000 2110.04383177
0.31400000 2028.15490142
0.31500000 1949.63705471
0.31600000 1874.34241854
0.31700000 1802.13002404
0.31800000 1732.86546437
0.31900000 1666.42057050
0.32000000 1602.67310389
0.32100000 1541.50646525
0.32200000 1482.80941836
0.32300000 1426.47582830
0.32400000 1372.40441313
0.32500000 1320.49850836
0.32600000 1270.66584356
0.32700000 1222.81833038
0.32800000 1176.87186138
0.32900000 1132.74611914
0.33000000 1090.36439499
0.33100000 1049.65341698
0.33200000 1010.54318649
0.33300000 972.96682308
0.33400000 936.86041709
0.33500000 902.16288964
0.33600000 868.81585961
0.33700000 836.76351722
0.33800000 805.95250388
0.33900000 776.33179798
0.34000000 747.85260634
0.34100000 720.46826091
0.34200000 694.13412068
0.34300000 668.80747819
0.34400000 644.44747081
0.34500000 621.01499613
0.34600000 598.47263162
0.34700000 576.78455803
0.34800000 555.91648660
0.34900000 535.83558970
0.35000000 516.51043481
0.35100000 497.91092165
0.35200000 480.00822232
0.35300000 462.77472428
0.35400000 446.18397603
0.35500000 430.21063535
0.35600000 414.83042000
0.35700000 400.02006072
0.35800000 385.75725644
0.35900000 372.02063160
0.36000000 358.78969541
0.36100000 346.04480308
0.36200000 333.76711879
0.36300000 321.93858038
0.36400000 310.54186569
0.36500000 299.56036046
0.36600000 288.97812765
0.36700000 278.77987821
0.36800000 268.95094320
0.36900000 259.47724709
0.37000000 250.34528238
0.37100000 241.54208532
0.37200000 233.05521273
0.37300000 224.87271983
0.37400000 216.98313916
0.37500000 209.37546033
0.37600000 202.03911078
0.37700000 194.96393731
0.37800000 188.14018852
0.37900000 181.55849792
0.38000000 175.20986790
0.38100000 169.08565434
0.38200000 163.17755190
0.38300000 157.47758000
0.38400000 151.97806935
0.38500000 146.67164915
0.38600000 141.55123475
0.38700000 136.61001595
0.38800000 131.84144570
0.38900000 127.23922940
0.39000000 122.79731459
0.39100000 118.50988106
0.39200000 114.37133151
0.39300000 110.37628245
0.39400000 106.51955561
0.39500000 102.79616963
0.39600000 99.20133221
0.39700000 95.73043248
0.39800000 92.37903374
0.39900000 89.14286655
0.40000000 86.01782202
0.40100000 82.99994547
0.40200000 80.08543031
0.40300000 77.27061215
0.40400000 74.55196326
0.40500000 71.92608712
0.40600000 69.38971330
0.40700000 66.93969252
0.40800000 64.57299192
0.40900000 62.28669049
0.41000000 60.07797475
0.41100000 57.94413456
0.41200000 55.88255911
0.41300000 53.89073308
0.41400000 51.96623298
0.41500000 50.10672360
0.41600000 48.30995459
0.41700000 46.57375727
0.41800000 44.89604146
0.41900000 43.27479250
0.42000000 41.70806837
0.42100000 40.19399695
0.42200000 38.73077333
0.42300000 37.31665732
0.42400000 35.94997098
0.42500000 34.62909624
0.42600000 33.35247273
0.42700000 32.11859554
0.42800000 30.92601320
0.42900000 29.77332564
0.43000000 28.65918232
0.43100000 27.58228034
0.43200000 26.54136269
0.43300000 25.53521659
0.43400000 24.56267178
0.43500000 23.62259903
0.43600000 22.71390855
0.43700000 21.83554862
0.43800000 20.98650413
0.43900000 20.16579529
0.44000000 19.37247631
0.44100000 18.60563415
0.44200000 17.86438739
0.44300000 17.14788500
0.44400000 16.45530530
0.44500000 15.78585487
0.44600000 15.13876756
0.44700000 14.51330344
0.44800000 13.90874796
0.44900000 13.32441096
0.45000000 12.75962580
0.45100000 12.21374858
0.45200000 11.68615725
0.45300000 11.17625091
0.45400000 10.68344900
0.45500000 10.20719060
0.45600000 9.74693372
0.45700000 9.30215468
0.45800000 8.87234740
0.45900000 8.45702282
0.46000000 8.05570830
0.46100000 7.66794701
0.46200000 7.29329743
0.46300000 6.93133279
0.46400000 6.58164052
0.46500000 6.24382182
0.46600000 5.91749114
0.46700000 5.60227573
0.46800000 5.29781520
0.46900000 5.00376110
0.47000000 4.71977647
0.47100000 4.44553550
0.47200000 4.18072311
0.47300000 3.92503459
0.47400000 3.67817524
0.47500000 3.43986005
0.47600000 3.20981334
0.47700000 2.98776845
0.47800000 2.77346744
0.47900000 2.56666080
0.48000000 2.36710716
0.48100000 2.17457298
0.48200000 1.98883234
0.48300000 1.80966665
0.48400000 1.63686442
0.48500000 1.47022100
0.48600000 1.30953836
0.48700000 1.15462488
0.48800000 1.00529511
0.48900000 0.86136961
0.49000000 0.72267469
0.49100000 0.58904225
0.49200000 0.46030960
0.49300000 0.33631928
0.49400000 0.21691885
0.49500000 0.10196079
0.49600000 -0.00869774
0.49700000 -0.11519500
0.49800000 -0.21766481
0.49900000 -0.31623677
0.50000000 -0.41103632
0.50100000 -0.50218491
0.50200000 -0.58980013
0.50300000 -0.67399584
0.50400000 -0.75488229
0.50500000 -0.83256623
0.50600000 -0.90715101
0.50700000 -0.97873674
0.50800000 -1.04742034
0.50900000 -1.11329568
0.51000000 -1.17645366
0.51100000 -1.23698232
0.51200000 -1.29496692
0.51300000 -1.35049003
0.51400000 -1.40363163
0.51500000 -1.45446918
0.51600000 -1.50307770
0.51700000 -1.54952987
0.51800000 -1.59389607
0.51900000 -1.63624448
0.52000000 -1.67664114
0.52100000 -1.71515004
0.52200000 -1.75183314
0.52300000 -1.78675047
0.52400000 -1.81996018
0.52500000 -1.85151862
0.52600000 -1.88148035
0.52700000 -1.90989826
0.52800000 -1.93682355
0.52900000 -1.96230585
0.53000000 -1.98639324
0.53100000 -2.00913230
0.53200000 -2.03056813
0.53300000 -2.05074447
0.53400000 -2.06970366
0.53500000 -2.08748674
0.53600000 -2.10413348
0.53700000 -2.11968238
0.53800000 -2.13417078
0.53900000 -2.14763482
0.54000000 -2.16010955
0.54100000 -2.17162891
0.54200000 -2.18222579
0.54300000 -2.19193205
0.54400000 -2.20077856
0.54500000 -2.20879525
0.54600000 -2.21601108
0.54700000 -2.22245414
0.54800000 -2.22815163
0.54900000 -2.23312992
0.55000000 -2.23741454
0.55100000 -2.24103024
0.55200000 -2.24400098
0.55300000 -2.24634999
0.55400000 -2.24809977
0.55500000 -2.24927213
0.55600000 -2.24988817
0.55700000 -2.24996837
0.55800000 -2.24953253
0.55900000 -2.24859987
0.56000000 -2.24718899
0.56100000 -2.24531789
0.56200000 -2.24300405
0.56300000 -2.24026436
0.56400000 -2.23711521
0.56500000 -2.23357246
0.56600000 -2.22965148
0.56700000 -2.22536714
0.56800000 -2.22073388
0.56900000 -2.21576564
0.57000000 -2.21047595
0.57100000 -2.20487790
0.57200000 -2.19898418
0.57300000 -2.19280706
0.57400000 -2.18635843
0.57500000 -2.17964982
0.57600000 -2.17269236
0.57700000 -2.16549685
0.57800000 -2.15807374
0.57900000 -2.15043315
0.58000000 -2.14258488
0.58100000 -2.13453839
0.58200000 -2.12630287
0.58300000 -2.11788720
0.58400000 -2.10929998
0.58500000 -2.10054952
0.58600000 -2.09164388
0.58700000 -2.08259083
0.58800000 -2.07339793
0.58900000 -2.06407246
0.59000000 -2.05462148
0.59100000 -2.04505181
0.59200000 -2.03537004
0.59300000 -2.02558258
0.59400000 -2.01569558
0.59500000 -2.00571501
0.59600000 -1.99564666
0.59700000 -1.98549610
0.59800000 -1.97526872
0.59900000 -1.96496974
0.60000000 -1.95460420
0.60100000 -1.94417697
0.60200000 -1.93369276
0.60300000 -1.92315611
0.60400000 -1.91257141
0.60500000 -1.90194291
0.60600000 -1.89127470
0.60700000 -1.88057074
0.60800000 -1.86983485
0.60900000 -1.85907072
0.61000000 -1.84828190
0.61100000 -1.83747183
0.61200000 -1.82664381
0.61300000 -1.81580106
0.61400000 -1.80494664
0.61500000 -1.79408354
0.61600000 -1.78321461
0.61700000 -1.77234262
0.61800000 -1.76147024
0.61900000 -1.75060001
0.62000000 -1.73973443
0.62100000 -1.72887585
0.62200000 -1.71802659
0.62300000 -1.70718882
0.62400000 -1.69636469
0.62500000 -1.68555623
0.62600000 -1.67476540
0.62700000 -1.66399408
0.62800000 -1.65324410
0.62900000 -1.64251718
0.63000000 -1.63181501
0.63100000 -1.62113919
0.63200000 -1.61049125
0.63300000 -1.59987269
0.63400000 -1.58928490
0.63500000 -1.57872926
0.63600000 -1.56820705
0.63700000 -1.55771953
0.63800000 -1.54726789
0.63900000 -1.53685327
0.64000000 -1.52647676
0.64100000 -1.51613939
0.64200000 -1.50584216
0.64300000 -1.49558602
0.64400000 -1.48537187
0.64500000 -1.47520057
0.64600000 -1.46507293
0.64700000 -1.45498975
0.64800000 -1.44495175
0.64900000 -1.43495965
0.65000000 -1.42501409
0.65100000 -1.41511572
0.65200000 -1.40526513
0.65300000 -1.39546289
0.65400000 -1.38570951
0.65500000 -1.37600551
0.65600000 -1.36635135
0.65700000 -1.35674748
0.65800000 -1.34719430
0.65900000 -1.33769220
0.66000000 -1.32824154
0.66100000 -1.31884266
0.66200000 -1.30949586
0.66300000 -1.30020143
0.66400000 -1.29095963
0.66500000 -1.28177071
0.66600000 -1.27263487
0.66700000 -1.26355233
0.66800000 -1.25452326
0.66900000 -1.24554782
0.67000000 -1.23662615
0.67100000 -1.22775837
0.67200000 -1.21894459
0.67300000 -1.21018490
0.67400000 -1.20147936
0.67500000 -1.19282804
0.67600000 -1.18423098
0.67700000 -1.17568820
0.67800000 -1.16719972
0.67900000 -1.15876554
0.68000000 -1.15038565
0.68100000 -1.14206001
0.68200000 -1.13378859
0.68300000 -1.12557135
0.68400000 -1.11740822
0.68500000 -1.10929913
0.68600000 -1.10124399
0.68700000 -1.09324273
0.68800000 -1.08529523
0.68900000 -1.07740138
0.69000000 -1.06956107
0.69100000 -1.06177416
0.69200000 -1.05404053
0.69300000 -1.04636003
0.69400000 -1.03873250
0.69500000 -1.03115779
0.69600000 -1.02363573
0.69700000 -1.01616615
0.69800000 -1.00874888
0.69900000 -1.00138372
0.70000000 -0.99407049
0.70100000 -0.98680899
0.70200000 -0.97959902
0.70300000 -0.97244037
0.70400000 -0.96533284
0.70500000 -0.95827620
0.70600000 -0.95127024
0.70700000 -0.94431473
0.70800000 -0.93740945
0.70900000 -0.93055416
0.71000000 -0.92374863
0.71100000 -0.91699261
0.71200000 -0.91028587
0.71300000 -0.90362816
0.71400000 -0.89701924
0.71500000 -0.89045884
0.71600000 -0.88394673
0.71700000 -0.87748264
0.71800000 -0.87106631
0.71900000 -0.86469749
0.72000000 -0.85837591
0.72100000 -0.85210131
0.72200000 -0.84587343
0.72300000 -0.83969199
0.72400000 -0.83355673
0.72500000 -0.82746738
0.72600000 -0.82142366
0.72700000 -0.81542531
0.72800000 -0.80947206
0.72900000 -0.80356362
0.73000000 -0.79769972
0.73100000 -0.79188009
0.73200000 -0.78610446
0.73300000 -0.78037254
0.73400000 -0.77468405
0.73500000 -0.76903873
0.73600000 -0.76343628
0.73700000 -0.75787645
0.73800000 -0.75235894
0.73900000 -0.74688347
0.74000000 -0.74144978
0.74100000 -0.73605758
0.74200000 -0.73070659
0.74300000 -0.72539654
0.74400000 -0.72012715
0.74500000 -0.71489814
0.74600000 -0.70970923
0.74700000 -0.70456016
0.74800000 -0.69945064
0.74900000 -0.69438039
0.75000000 -0.68934915
0.75100000 -0.68435664
0.75200000 -0.67940259
0.75300000 -0.67448672
0.75400000 -0.66960876
0.75500000 -0.66476845
0.75600000 -0.65996550
0.75700000 -0.65519966
0.75800000 -0.65047065
0.75900000 -0.64577820
0.76000000 -0.64112206
0.76100000 -0.63650194
0.76200000 -0.63191760
0.76300000 -0.62736877
0.76400000 -0.62285517
0.76500000 -0.61837656
0.76600000 -0.61393268
0.76700000 -0.60952325
0.76800000 -0.60514804
0.76900000 -0.60080677
0.77000000 -0.59649920
0.77100000 -0.59222506
0.77200000 -0.58798412
0.77300000 -0.58377611
0.77400000 -0.57960078
0.77500000 -0.57545790
0.77600000 -0.57134720
0.77700000 -0.56726844
0.77800000 -0.56322138
0.77900000 -0.55920578
0.78000000 -0.55522139
0.78100000 -0.55126797
0.78200000 -0.54734528
0.78300000 -0.54345308
0.78400000 -0.53959114
0.78500000 -0.53575922
0.78600000 -0.53195709
0.78700000 -0.52818452
0.78800000 -0.52444126
0.78900000 -0.52072711
0.79000000 -0.51704181
0.79100000 -0.51338516
0.79200000 -0.50975692
0.79300000 -0.50615687
0.79400000 -0.50258479
0.79500000 -0.49904046
0.79600000 -0.49552365
0.79700000 -0.49203415
0.79800000 -0.48857175
0.79900000 -0.48513622
0.80000000 -0.48172736
0.80100000 -0.47834494
0.80200000 -0.47498877
0.80300000 -0.47165863
0.80400000 -0.46835431
0.80500000 -0.46507561
0.80600000 -0.46182232
0.80700000 -0.45859424
0.80800000 -0.45539117
0.80900000 -0.45221290
0.81000000 -0.44905924
0.81100000 -0.44592998
0.81200000 -0.44282494
0.81300000 -0.43974391
0.81400000 -0.43668671
0.81500000 -0.43365314
0.81600000 -0.43064301
0.81700000 -0.42765613
0.81800000 -0.42469232
0.81900000 -0.42175138
0.82000000 -0.41883313
0.82100000 -0.41593740
0.82200000 -0.41306398
0.82300000 -0.41021272
0.82400000 -0.40738342
0.82500000 -0.40457590
0.82600000 -0.40179000
0.82700000 -0.39902553
0.82800000 -0.39628232
0.82900000 -0.39356020
0.83000000 -0.39085900
0.83100000 -0.38817854
0.83200000 -0.38551866
0.83300000 -0.38287919
0.83400000 -0.38025997
0.83500000 -0.37766082
0.83600000 -0.37508159
0.83700000 -0.37252211
0.83800000 -0.36998222
0.83900000 -0.36746177
0.84000000 -0.36496059
0.84100000 -0.36247853
0.84200000 -0.36001543
0.84300000 -0.35757113
0.84400000 -0.35514549
0.84500000 -0.35273835
0.84600000 -0.35034955
0.84700000 -0.34797896
0.84800000 -0.34562641
0.84900000 -0.34329177
0.85000000 -0.34097489
0.85100000 -0.33867562
0.85200000 -0.33639382
0.85300000 -0.33412935
0.85400000 -0.33188205
0.85500000 -0.32965181
0.85600000 -0.32743847
0.85700000 -0.32524189
0.85800000 -0.32306194
0.85900000 -0.32089849
0.86000000 -0.31875140
0.86100000 -0.31662053
0.86200000 -0.31450576
0.86300000 -0.31240695
0.86400000 -0.31032397
0.86500000 -0.30825669
0.86600000 -0.30620498
0.86700000 -0.30416873
0.86800000 -0.30214779
0.86900000 -0.30014205
0.87000000 -0.29815138
0.87100000 -0.29617567
0.87200000 -0.29421477
0.87300000 -0.29226859
0.87400000 -0.29033699
0.87500000 -0.28841986
0.87600000 -0.28651708
0.87700000 -0.28462853
0.87800000 -0.28275410
0.87900000 -0.28089367
0.88000000 -0.27904713
0.88100000 -0.27721436
0.88200000 -0.27539526
0.88300000 -0.27358971
0.88400000 -0.27179760
0.88500000 -0.27001882
0.88600000 -0.26825327
0.88700000 -0.26650083
0.88800000 -0.26476140
0.88900000 -0.26303488
0.89000000 -0.26132116
0.89100000 -0.25962013
0.89200000 -0.25793170
0.89300000 -0.25625575
0.89400000 -0.25459220
0.89500000 -0.25294093
0.89600000 -0.25130186
0.89700000 -0.24967487
0.89800000 -0.24805988
0.89900000 -0.24645679
0.90000000 -0.24486549
0.90100000 -0.24328590
0.90200000 -0.24171792
0.90300000 -0.24016145
0.90400000 -0.23861641
0.90500000 -0.23708270
0.90600000 -0.23556023
0.90700000 -0.23404890
0.90800000 -0.23254864
0.90900000 -0.23105935
0.91000000 -0.22958093
0.91100000 -0.22811331
0.91200000 -0.22665640
0.91300000 -0.22521011
0.91400000 -0.22377435
0.91500000 -0.22234905
0.91600000 -0.22093411
0.91700000 -0.21952946
0.91800000 -0.21813500
0.91900000 -0.21675067
0.92000000 -0.21537638
0.92100000 -0.21401204
0.92200000 -0.21265758
0.92300000 -0.21131292
0.92400000 -0.20997798
0.92500000 -0.20865268
0.92600000 -0.20733695
0.92700000 -0.20603071
0.92800000 -0.20473389
0.92900000 -0.20344640
0.93000000 -0.20216817
0.93100000 -0.20089914
0.93200000 -0.19963922
0.93300000 -0.19838835
0.93400000 -0.19714645
0.93500000 -0.19591345
0.93600000 -0.19468929
0.93700000 -0.19347388
0.93800000 -0.19226716
0.93900000 -0.19106907
0.94000000 -0.18987953
0.94100000 -0.18869847
0.94200000 -0.18752583
0.94300000 -0.18636155
0.94400000 -0.18520555
0.94500000 -0.18405777
0.94600000 -0.18291815
0.94700000 -0.18178661
0.94800000 -0.18066311
0.94900000 -0.17954756
0.95000000 -0.17843992
0.95100000 -0.17734012
0.95200000 -0.17624809
0.95300000 -0.17516378
0.95400000 -0.17408713
0.95500000 -0.17301807
0.95600000 -0.17195654
0.95700000 -0.17090249
0.95800000 -0.16985586
0.95900000 -0.16881659
0.96000000 -0.16778462
0.96100000 -0.16675989
0.96200000 -0.16574235
0.96300000 -0.16473194
0.96400000 -0.16372861
0.96500000 -0.16273230
0.96600000 -0.16174296
0.96700000 -0.16076052
0.96800000 -0.15978495
0.96900000 -0.15881617
0.97000000 -0.15785415
0.97100000 -0.15689883
0.97200000 -0.15595015
0.97300000 -0.15500807
0.97400000 -0.15407253
0.97500000 -0.15314349
0.97600000 -0.15222089
0.97700000 -0.15130468
0.97800000 -0.15039481
0.97900000 -0.14949124
0.98000000 -0.14859391
0.98100000 -0.14770278
0.98200000 -0.14681780
0.98300000 -0.14593892
0.98400000 -0.14506610
0.98500000 -0.14419928
0.98600000 -0.14333842
0.98700000 -0.14248349
0.98800000 -0.14163442
0.98900000 -0.14079117
0.99000000 -0.13995371
0.99100000 -0.13912198
0.99200000 -0.13829595
0.99300000 -0.13747556
0.99400000 -0.13666078
0.99500000 -0.13585156
0.99600000 -0.13504786
0.99700000 -0.13424964
0.99800000 -0.13345686
0.99900000 -0.13266947
1.00000000 -0.13188743
1.00100000 -0.13111070
1.00200000 -0.13033925
1.00300000 -0.12957302
1.00400000 -0.12881199
1.00500000 -0.12805612
1.00600000 -0.12730535
1.00700000 -0.12655966
1.00800000 -0.12581900
1.00900000 -0.12508335
1.01000000 -0.12435265
1.01100000 -0.12362688
1.01200000 -0.12290599
1.01300000 -0.12218995
1.01400000 -0.12147872
1.01500000 -0.12077226
1.01600000 -0.12007055
1.01700000 -0.11937354
1.01800000 -0.11868119
1.01900000 -0.11799348
1.02000000 -0.11731037
1.02100000 -0.11663182
1.02200000 -0.11595781
1.02300000 -0.11528828
1.02400000 -0.11462322
1.02500000 -0.11396259
1.02600000 -0.11330635
1.02700000 -0.11265448
1.02800000 -0.11200693
1.02900000 -0.11136368
1.03000000 -0.11072470
1.03100000 -0.11008995
1.03200000 -0.10945940
1.03300000 -0.10883302
1.03400000 -0.10821078
1.03500000 -0.10759265
1.03600000 -0.10697860
1.03700000 -0.10636860
1.03800000 -0.10576261
1.03900000 -0.10516062
1.04000000 -0.10456258
1.04100000 -0.10396847
1.04200000 -0.10337826
1.04300000 -0.10279192
1.04400000 -0.10220942
1.04500000 -0.10163074
1.04600000 -0.10105585
1.04700000 -0.10048471
1.04800000 -0.09991731
1.04900000 -0.09935360
1.05000000 -0.09879358
1.05100000 -0.09823720
1.05200000 -0.09768444
1.05300000 -0.09713528
1.05400000 -0.09658969
1.05500000 -0.09604764
1.05600000 -0.09550911
1.05700000 -0.09497407
1.05800000 -0.09444250
1.05900000 -0.09391437
1.06000000 -0.09338965
1.06100000 -0.09286832
1.06200000 -0.09235036
1.06300000 -0.09183574
1.06400000 -0.09132444
1.06500000 -0.09081643
1.06600000 -0.09031168
1.06700000 -0.08981019
1.06800000 -0.08931191
1.06900000 -0.08881684
1.07000000 -0.08832493
1.07100000 -0.08783618
1.07200000 -0.08735056
1.07300000 -0.08686805
1.07400000 -0.08638862
1.07500000 -0.08591226
1.07600000 -0.08543893
1.07700000 -0.08496862
1.07800000 -0.08450131
1.07900000 -0.08403697
1.08000000 -0.08357558
1.08100000 -0.08311713
1.08200000 -0.08266159
1.08300000 -0.08220894
1.08400000 -0.08175916
1.08500000 -0.08131222
1.08600000 -0.08086812
1.08700000 -0.08042682
1.08800000 -0.07998832
1.08900000 -0.07955258
1.09000000 -0.07911958
1.09100000 -0.07868932
1.09200000 -0.07826177
1.09300000 -0.07783691
1.09400000 -0.07741472
1.09500000 -0.07699518
1.09600000 -0.07657827
1.09700000 -0.07616398
1.09800000 -0.07575229
1.09900000 -0.07534317
1.10000000 -0.07493661
1.10100000 -0.07453260
1.10200000 -0.07413110
1.10300000 -0.07373212
1.10400000 -0.07333562
1.10500000 -0.07294159
1.10600000 -0.07255001
1.10700000 -0.07216087
1.10800000 -0.07177415
1.10900000 -0.07138983
1.11000000 -0.07100789
1.11100000 -0.07062832
1.11200000 -0.07025111
1.11300000 -0.06987622
1.11400000 -0.06950366
1.11500000 -0.06913340
1.11600000 -0.06876542
1.11700000 -0.06839972
1.11800000 -0.06803627
1.11900000 -0.06767505
1.12000000 -0.06731606
1.12100000 -0.06695928
1.12200000 -0.06660469
1.12300000 -0.06625228
1.12400000 -0.06590203
1.12500000 -0.06555392
1.12600000 -0.06520795
1.12700000 -0.06486409
1.12800000 -0.06452234
1.12900000 -0.06418267
1.13000000 -0.06384508
1.13100000 -0.06350955
1.13200000 -0.06317606
1.13300000 -0.06284460
1.13400000 -0.06251516
1.13500000 -0.06218772
1.13600000 -0.06186227
1.13700000 -0.06153879
1.13800000 -0.06121728
1.13900000 -0.06089772
1.14000000 -0.06058009
1.14100000 -0.06026438
1.14200000 -0.05995058
1.14300000 -0.05963867
1.14400000 -0.05932865
1.14500000 -0.05902050
1.14600000 -0.05871420
1.14700000 -0.05840975
1.14800000 -0.05810713
1.14900000 -0.05780633
1.15000000 -0.05750733
1.15100000 -0.05721013
1.15200000 -0.05691471
1.15300000 -0.05662106
1.15400000 -0.05632917
1.15500000 -0.05603903
1.15600000 -0.05575061
1.15700000 -0.05546393
1.15800000 -0.05517895
1.15900000 -0.05489567
1.16000000 -0.05461408
1.16100000 -0.05433416
1.16200000 -0.05405591
1.16300000 -0.05377932
1.16400000 -0.05350436
1.16500000 -0.05323104
1.16600000 -0.05295934
1.16700000 -0.05268924
1.16800000 -0.05242075
1.16900000 -0.05215385
1.17000000 -0.05188852
1.17100000 -0.05162476
1.17200000 -0.05136255
1.17300000 -0.05110189
1.17400000 -0.05084277
1.17500000 -0.05058517
1.17600000 -0.05032909
1.17700000 -0.05007451
1.17800000 -0.04982143
1.17900000 -0.04956983
1.18000000 -0.04931971
1.18100000 -0.04907105
1.18200000 -0.04882385
1.18300000 -0.04857809
1.18400000 -0.04833377
1.18500000 -0.04809088
1.18600000 -0.04784940
1.18700000 -0.04760933
1.18800000 -0.04737066
1.18900000 -0.04713338
1.19000000 -0.04689748
1.19100000 -0.04666296
1.19200000 -0.04642979
1.19300000 -0.04619798
1.19400000 -0.04596751
1.19500000 -0.04573837
1.19600000 -0.04551056
1.19700000 -0.04528407
1.19800000 -0.04505889
1.19900000 -0.04483501
1.20000000 -0.04461242
1.20100000 -0.04439112
1.20200000 -0.04417109
1.20300000 -0.04395233
1.20400000 -0.04373482
1.20500000 -0.04351857
1.20600000 -0.04330355
1.20700000 -0.04308978
1.20800000 -0.04287722
1.20900000 -0.04266589
1.21000000 -0.04245577
1.21100000 -0.04224684
1.21200000 -0.04203912
1.21300000 -0.04183257
1.21400000 -0.04162721
1.21500000 -0.04142302
1.21600000 -0.04121999
1.21700000 -0.04101812
1.21800000 -0.04081740
1.21900000 -0.04061782
1.22000000 -0.04041937
1.22100000 -0.04022205
1.22200000 -0.04002585
1.22300000 -0.03983076
1.22400000 -0.03963678
1.22500000 -0.03944389
1.22600000 -0.03925209
1.22700000 -0.03906138
1.22800000 -0.03887174
1.22900000 -0.03868318
1.23000000 -0.03849568
1.23100000 -0.03830923
1.23200000 -0.03812383
1.23300000 -0.03793948
1.23400000 -0.03775616
1.23500000 -0.03757387
1.23600000 -0.03739260
1.23700000 -0.03721235
1.23800000 -0.03703311
1.23900000 -0.03685488
1.24000000 -0.03667764
1.24100000 -0.03650139
1.24200000 -0.03632612
1.24300000 -0.03615184
1.24400000 -0.03597852
1.24500000 -0.03580617
1.24600000 -0.03563478
1.24700000 -0.03546435
1.24800000 -0.03529486
1.24900000 -0.03512631
1.25000000 -0.03495870
1.25100000 -0.03479202
1.25200000 -0.03462627
1.25300000 -0.03446143
1.25400000 -0.03429750
1.25500000 -0.03413448
1.25600000 -0.03397236
1.25700000 -0.03381114
1.25800000 -0.03365080
1.25900000 -0.03349135
1.26000000 -0.03333278
1.26100000 -0.03317508
1.26200000 -0.03301825
1.26300000 -0.03286227
1.26400000 -0.03270716
1.26500000 -0.03255290
1.26600000 -0.03239948
1.26700000 -0.03224691
1.26800000 -0.03209517
1.26900000 -0.03194426
1.27000000 -0.03179417
1.27100000 -0.03164491
1.27200000 -0.03149646
1.27300000 -0.03134881
1.27400000 -0.03120198
1.27500000 -0.03105594
1.27600000 -0.03091070
1.27700000 -0.03076625
1.27800000 -0.03062258
1.27900000 -0.03047970
1.28000000 -0.03033759
1.28100000 -0.03019625
1.28200000 -0.03005567
1.28300000 -0.02991586
1.28400000 -0.02977680
1.28500000 -0.02963850
1.28600000 -0.02950094
1.28700000 -0.02936412
1.28800000 -0.02922804
1.28900000 -0.02909270
1.29000000 -0.02895808
1.29100000 -0.02882419
1.29200000 -0.02869102
1.29300000 -0.02855857
1.29400000 -0.02842682
1.29500000 -0.02829578
1.29600000 -0.02816545
1.29700000 -0.02803581
1.29800000 -0.02790687
1.29900000 -0.02777862
1.30000000 -0.02765105
1.30100000 -0.02752417
1.30200000 -0.02739796
1.30300000 -0.02727242
1.30400000 -0.02714756
1.30500000 -0.02702335
1.30600000 -0.02689981
1.30700000 -0.02677693
1.30800000 -0.02665470
1.30900000 -0.02653312
1.31000000 -0.02641218
1.31100000 -0.02629189
1.31200000 -0.02617223
1.31300000 -0.02605321
1.31400000 -0.02593481
1.31500000 -0.02581705
1.31600000 -0.02569990
1.31700000 -0.02558337
1.31800000 -0.02546746
1.31900000 -0.02535216
1.32000000 -0.02523746
1.32100000 -0.02512337
1.32200000 -0.02500988
1.32300000 -0.02489699
1.32400000 -0.02478468
1.32500000 -0.02467297
1.32600000 -0.02456185
1.32700000 -0.02445130
1.32800000 -0.02434134
1.32900000 -0.02423195
1.33000000 -0.02412313
1.33100000 -0.02401488
1.33200000 -0.02390720
1.33300000 -0.02380007
1.33400000 -0.02369351
1.33500000 -0.02358750
1.33600000 -0.02348204
1.33700000 -0.02337714
1.33800000 -0.02327277
1.33900000 -0.02316895
1.34000000 -0.02306567
1.34100000 -0.02296293
1.34200000 -0.02286071
1.34300000 -0.02275903
1.34400000 -0.02265787
1.34500000 -0.02255724
1.34600000 -0.02245712
1.34700000 -0.02235753
1.34800000 -0.02225844
1.34900000 -0.02215987
1.35000000 -0.02206181
1.35100000 -0.02196425
1.35200000 -0.02186719
1.35300000 -0.02177064
1.35400000 -0.02167457
1.35500000 -0.02157901
1.35600000 -0.02148393
1.35700000 -0.02138934
1.35800000 -0.02129523
1.35900000 -0.02120161
1.36000000 -0.02110846
1.36100000 -0.02101579
1.36200000 -0.02092360
1.36300000 -0.02083188
1.36400000 -0.02074062
1.36500000 -0.02064983
1.36600000 -0.02055950
1.36700000 -0.02046963
1.36800000 -0.02038022
1.36900000 -0.02029126
1.37000000 -0.02020276
1.37100000 -0.02011470
1.37200000 -0.02002709
1.37300000 -0.01993993
1.37400000 -0.01985321
1.37500000 -0.01976692
1.37600000 -0.01968107
1.37700000 -0.01959566
1.37800000 -0.01951068
1.37900000 -0.01942613
1.38000000 -0.01934200
1.38100000 -0.01925830
1.38200000 -0.01917502
1.38300000 -0.01909215
1.38400000 -0.01900971
1.38500000 -0.01892768
1.38600000 -0.01884606
1.38700000 -0.01876485
1.38800000 -0.01868405
1.38900000 -0.01860365
1.39000000 -0.01852366
1.39100000 -0.01844407
1.39200000 -0.01836487
1.39300000 -0.01828607
1.39400000 -0.01820767
1.39500000 -0.01812965
1.39600000 -0.01805203
1.39700000 -0.01797479
1.39800000 -0.01789794
1.39900000 -0.01782147
1.40000000 -0.01774538
1.40100000 -0.01766966
1.40200000 -0.01759433
1.40300000 -0.01751936
1.40400000 -0.01744477
1.40500000 -0.01737055
1.40600000 -0.01729670
1.40700000 -0.01722321
1.40800000 -0.01715009
1.40900000 -0.01707733
1.41000000 -0.01700492
1.41100000 -0.01693288
1.41200000 -0.01686119
1.41300000 -0.01678985
1.41400000 -0.01671886
1.41500000 -0.01664823
1.41600000 -0.01657794
1.41700000 -0.01650800
1.41800000 -0.01643840
1.41900000 -0.01636914
1.42000000 -0.01630022
1.42100000 -0.01623164
1.42200000 -0.01616340
1.42300000 -0.01609549
1.42400000 -0.01602791
1.42500000 -0.01596066
1.42600000 -0.01589374
1.42700000 -0.01582715
1.42800000 -0.01576088
1.42900000 -0.01569494
1.43000000 -0.01562931
1.43100000 -0.01556401
1.43200000 -0.01549902
1.43300000 -0.01543435
1.43400000 -0.01537000
1.43500000 -0.01530595
1.43600000 -0.01524222
1.43700000 -0.01517880
1.43800000 -0.01511568
1.43900000 -0.01505287
1.44000000 -0.01499036
1.44100000 -0.01492816
1.44200000 -0.01486625
1.44300000 -0.01480465
1.44400000 -0.01474334
1.44500000 -0.01468233
1.44600000 -0.01462161
1.44700000 -0.01456118
1.44800000 -0.01450105
1.44900000 -0.01444120
1.45000000 -0.01438165
1.45100000 -0.01432237
1.45200000 -0.01426339
1.45300000 -0.01420468
1.45400000 -0.01414626
1.45500000 -0.01408811
1.45600000 -0.01403025
1.45700000 -0.01397266
1.45800000 -0.01391535
1.45900000 -0.01385831
1.46000000 -0.01380154
1.46100000 -0.01374504
1.46200000 -0.01368882
1.46300000 -0.01363286
1.46400000 -0.01357717
1.46500000 -0.01352174
1.46600000 -0.01346657
1.46700000 -0.01341167
1.46800000 -0.01335703
1.46900000 -0.01330265
1.47000000 -0.01324852
1.47100000 -0.01319466
1.47200000 -0.01314104
1.47300000 -0.01308769
1.47400000 -0.01303458
1.47500000 -0.01298172
1.47600000 -0.01292912
1.47700000 -0.01287676
1.47800000 -0.01282465
1.47900000 -0.01277278
1.48000000 -0.01272116
1.48100000 -0.01266978
1.48200000 -0.01261865
1.48300000 -0.01256775
1.48400000 -0.01251710
1.48500000 -0.01246668
1.48600000 -0.01241649
1.48700000 -0.01236655
1.48800000 -0.01231683
1.48900000 -0.01226735
1.49000000 -0.01221810
1.49100000 -0.01216909
1.49200000 -0.01212030
1.49300000 -0.01207174
1.49400000 -0.01202340
1.49500000 -0.01197529
1.49600000 -0.01192741
1.49700000 -0.01187974
1.49800000 -0.01183230
1.49900000 -0.01178508
1.50000000 -0.01173808
1.50100000 -0.01169130
1.50200000 -0.01164474
1.50300000 -0.01159839
1.50400000 -0.01155225
1.50500000 -0.01150633
1.50600000 -0.01146063
1.50700000 -0.01141513
1.50800000 -0.01136984
1.50900000 -0.01132477
1.51000000 -0.01127990
1.51100000 -0.01123524
1.51200000 -0.01119078
1.51300000 -0.01114653
1.51400000 -0.01110249
1.51500000 -0.01105864
1.51600000 -0.01101500
1.51700000 -0.01097156
1.51800000 -0.01092832
1.51900000 -0.01088527
1.52000000 -0.01084243
1.52100000 -0.01079978
1.52200000 -0.01075733
1.52300000 -0.01071507
1.52400000 -0.01067300
1.52500000 -0.01063113
1.52600000 -0.01058944
1.52700000 -0.01054795
1.52800000 -0.01050665
1.52900000 -0.01046554
1.53000000 -0.01042461
1.53100000 -0.01038387
1.53200000 -0.01034331
1.53300000 -0.01030294
1.53400000 -0.01026276
1.53500000 -0.01022275
1.53600000 -0.01018293
1.53700000 -0.01014329
1.53800000 -0.01010383
1.53900000 -0.01006454
1.54000000 -0.01002544
1.54100000 -0.00998651
1.54200000 -0.00994776
1.54300000 -0.00990918
1.54400000 -0.00987078
1.54500000 -0.00983255
1.54600000 -0.00979449
1.54700000 -0.00975661
1.54800000 -0.00971889
1.54900000 -0.00968135
1.55000000 -0.00964397
1.55100000 -0.00960676
1.55200000 -0.00956972
1.55300000 -0.00953285
1.55400000 -0.00949614
1.55500000 -0.00945960
1.55600000 -0.00942322
1.55700000 -0.00938700
1.55800000 -0.00935095
1.55900000 -0.00931505
1.56000000 -0.00927932
1.56100000 -0.00924375
1.56200000 -0.00920833
1.56300000 -0.00917308
1.56400000 -0.00913798
1.56500000 -0.00910304
1.56600000 -0.00906825
1.56700000 -0.00903362
1.56800000 -0.00899914
1.56900000 -0.00896482
1.57000000 -0.00893064
1.57100000 -0.00889662
1.57200000 -0.00886275
1.57300000 -0.00882904
1.57400000 -0.00879547
1.57500000 -0.00876204
1.57600000 -0.00872877
1.57700000 -0.00869565
1.57800000 -0.00866267
1.57900000 -0.00862983
1.58000000 -0.00859715
1.58100000 -0.00856460
1.58200000 -0.00853220
1.58300000 -0.00849994
1.58400000 -0.00846783
1.58500000 -0.00843585
1.58600000 -0.00840402
1.58700000 -0.00837233
1.58800000 -0.00834077
1.58900000 -0.00830936
1.59000000 -0.00827808
1.59100000 -0.00824694
1.59200000 -0.00821593
1.59300000 -0.00818506
1.59400000 -0.00815433
1.59500000 -0.00812373
1.59600000 -0.00809327
1.59700000 -0.00806293
1.59800000 -0.00803274
1.59900000 -0.00800267
1.60000000 -0.00797273
1.60100000 -0.00794293
1.60200000 -0.00791325
1.60300000 -0.00788370
1.60400000 -0.00785428
1.60500000 -0.00782499
1.60600000 -0.00779583
1.60700000 -0.00776679
1.60800000 -0.00773788
1.60900000 -0.00770910
1.61000000 -0.00768044
1.61100000 -0.00765190
1.61200000 -0.00762349
1.61300000 -0.00759520
1.61400000 -0.00756703
1.61500000 -0.00753898
1.61600000 -0.00751106
1.61700000 -0.00748326
1.61800000 -0.00745557
1.61900000 -0.00742801
1.62000000 -0.00740056
1.62100000 -0.00737323
1.62200000 -0.00734602
1.62300000 -0.00731893
1.62400000 -0.00729195
1.62500000 -0.00726509
1.62600000 -0.00723835
1.62700000 -0.00721171
1.62800000 -0.00718520
1.62900000 -0.00715879
1.63000000 -0.00713250
1.63100000 -0.00710633
1.63200000 -0.00708026
1.63300000 -0.00705431
1.63400000 -0.00702846
1.63500000 -0.00700273
1.63600000 -0.00697711
1.63700000 -0.00695159
1.63800000 -0.00692619
1.63900000 -0.00690089
1.64000000 -0.00687570
1.64100000 -0.00685062
1.64200000 -0.00682564
1.64300000 -0.00680077
1.64400000 -0.00677601
1.64500000 -0.00675135
1.64600000 -0.00672680
1.64700000 -0.00670235
1.64800000 -0.00667800
1.64900000 -0.00665376
1.65000000 -0.00662962
1.65100000 -0.00660558
1.65200000 -0.00658164
1.65300000 -0.00655780
1.65400000 -0.00653407
1.65500000 -0.00651043
1.65600000 -0.00648690
1.65700000 -0.00646346
1.65800000 -0.00644012
1.65900000 -0.00641688
1.66000000 -0.00639374
1.66100000 -0.00637069
1.66200000 -0.00634775
1.66300000 -0.00632489
1.66400000 -0.00630214
1.66500000 -0.00627948
1.66600000 -0.00625691
1.66700000 -0.00623444
1.66800000 -0.00621206
1.66900000 -0.00618978
1.67000000 -0.00616759
1.67100000 -0.00614549
1.67200000 -0.00612349
1.67300000 -0.00610157
1.67400000 -0.00607975
1.67500000 -0.00605802
1.67600000 -0.00603638
1.67700000 -0.00601483
1.67800000 -0.00599337
1.67900000 -0.00597200
1.68000000 -0.00595071
1.68100000 -0.00592952
1.68200000 -0.00590841
1.68300000 -0.00588740
1.68400000 -0.00586646
1.68500000 -0.00584562
1.68600000 -0.00582486
1.68700000 -0.00580419
1.68800000 -0.00578360
1.68900000 -0.00576310
1.69000000 -0.00574268
1.69100000 -0.00572235
1.69200000 -0.00570210
1.69300000 -0.00568193
1.69400000 -0.00566185
1.69500000 -0.00564185
1.69600000 -0.00562193
1.69700000 -0.00560210
1.69800000 -0.00558234
1.69900000 -0.00556267
1.70000000 -0.00554308
1.70100000 -0.00552357
1.70200000 -0.00550413
1.70300000 -0.00548478
1.70400000 -0.00546551
1.70500000 -0.00544632
1.70600000 -0.00542720
1.70700000 -0.00540816
1.70800000 -0.00538921
1.70900000 -0.00537032
1.71000000 -0.00535152
1.71100000 -0.00533279
1.71200000 -0.00531414
1.71300000 -0.00529557
1.71400000 -0.00527707
1.71500000 -0.00525864
1.71600000 -0.00524029
1.71700000 -0.00522202
1.71800000 -0.00520382
1.71900000 -0.00518569
1.72000000 -0.00516764
1.72100000 -0.00514966
1.72200000 -0.00513175
1.72300000 -0.00511392
1.72400000 -0.00509615
1.72500000 -0.00507846
1.72600000 -0.00506085
1.72700000 -0.00504330
1.72800000 -0.00502582
1.72900000 -0.00500842
1.73000000 -0.00499108
1.73100000 -0.00497382
1.73200000 -0.00495662
1.73300000 -0.00493949
1.73400000 -0.00492243
1.73500000 -0.00490545
1.73600000 -0.00488852
1.73700000 -0.00487167
1.73800000 -0.00485489
1.73900000 -0.00483817
1.74000000 -0.00482152
1.74100000 -0.00480494
1.74200000 -0.00478842
1.74300000 -0.00477197
1.74400000 -0.00475558
1.74500000 -0.00473926
1.74600000 -0.00472301
1.74700000 -0.00470682
1.74800000 -0.00469069
1.74900000 -0.00467463
1.75000000 -0.00465864
1.75100000 -0.00464271
1.75200000 -0.00462684
1.75300000 -0.00461103
1.75400000 -0.00459529
1.75500000 -0.00457961
1.75600000 -0.00456399
1.75700000 -0.00454844
1.75800000 -0.00453294
1.75900000 -0.00451751
1.76000000 -0.00450214
1.76100000 -0.00448683
1.76200000 -0.00447158
1.76300000 -0.00445639
1.76400000 -0.00444126
1.76500000 -0.00442619
1.76600000 -0.00441118
1.76700000 -0.00439623
1.76800000 -0.00438134
1.76900000 -0.00436651
1.77000000 -0.00435174
1.77100000 -0.00433702
1.77200000 -0.00432236
1.77300000 -0.00430776
1.77400000 -0.00429322
1.77500000 -0.00427874
1.77600000 -0.00426431
1.77700000 -0.00424994
1.77800000 -0.00423562
1.77900000 -0.00422136
1.78000000 -0.00420716
1.78100000 -0.00419301
1.78200000 -0.00417892
1.78300000 -0.00416489
1.78400000 -0.00415090
1.78500000 -0.00413698
1.78600000 -0.00412311
1.78700000 -0.00410929
1.78800000 -0.00409552
1.78900000 -0.00408181
1.79000000 -0.00406816
1.79100000 -0.00405455
1.79200000 -0.00404100
1.79300000 -0.00402750
1.79400000 -0.00401406
1.79500000 -0.00400067
1.79600000 -0.00398733
1.79700000 -0.00397404
1.79800000 -0.00396080
1.79900000 -0.00394761
1.80000000 -0.00393448
1.80100000 -0.00392140
1.80200000 -0.00390836
1.80300000 -0.00389538
1.80400000 -0.00388245
1.80500000 -0.00386957
1.80600000 -0.00385673
1.80700000 -0.00384395
1.80800000 -0.00383122
1.80900000 -0.00381853
1.81000000 -0.00380590
1.81100000 -0.00379331
1.81200000 -0.00378077
1.81300000 -0.00376828
1.81400000 -0.00375584
1.81500000 -0.00374345
1.81600000 -0.00373110
1.81700000 -0.00371880
1.81800000 -0.00370655
1.81900000 -0.00369435
1.82000000 -0.00368219
1.82100000 -0.00367008
1.82200000 -0.00365801
1.82300000 -0.00364600
1.82400000 -0.00363402
1.82500000 -0.00362210
1.82600000 -0.00361022
1.82700000 -0.00359838
1.82800000 -0.00358659
1.82900000 -0.00357485
1.83000000 -0.00356315
1.83100000 -0.00355149
1.83200000 -0.00353988
1.83300000 -0.00352831
1.83400000 -0.00351679
1.83500000 -0.00350531
1.83600000 -0.00349388
1.83700000 -0.00348248
1.83800000 -0.00347114
1.83900000 -0.00345983
1.84000000 -0.00344857
1.84100000 -0.00343735
1.84200000 -0.00342617
1.84300000 -0.00341504
1.84400000 -0.00340394
1.84500000 -0.00339289
1.84600000 -0.00338188
1.84700000 -0.00337092
1.84800000 -0.00335999
1.84900000 -0.00334911
1.85000000 -0.00333826
1.85100000 -0.00332746
1.85200000 -0.00331670
1.85300000 -0.00330598
1.85400000 -0.00329530
1.85500000 -0.00328466
1.85600000 -0.00327406
1.85700000 -0.00326350
1.85800000 -0.00325298
1.85900000 -0.00324250
1.86000000 -0.00323205
1.86100000 -0.00322165
1.86200000 -0.00321129
1.86300000 -0.00320096
1.86400000 -0.00319068
1.86500000 -0.00318043
1.86600000 -0.00317022
1.86700000 -0.00316005
1.86800000 -0.00314992
1.86900000 -0.00313982
1.87000000 -0.00312976
1.87100000 -0.00311974
1.87200000 -0.00310976
1.87300000 -0.00309982
1.87400000 -0.00308991
1.87500000 -0.00308004
1.87600000 -0.00307020
1.87700000 -0.00306040
1.87800000 -0.00305064
1.87900000 -0.00304092
1.88000000 -0.00303123
1.88100000 -0.00302158
1.88200000 -0.00301196
1.88300000 -0.00300238
1.88400000 -0.00299283
1.88500000 -0.00298332
1.88600000 -0.00297385
1.88700000 -0.00296441
1.88800000 -0.00295500
1.88900000 -0.00294563
1.89000000 -0.00293629
1.89100000 -0.00292699
1.89200000 -0.00291773
1.89300000 -0.00290849
1.89400000 -0.00289930
1.89500000 -0.00289013
1.89600000 -0.00288100
1.89700000 -0.00287190
1.89800000 -0.00286284
1.89900000 -0.00285381
1.90000000 -0.00284481
1.90100000 -0.00283585
1.90200000 -0.00282691
1.90300000 -0.00281802
1.90400000 -0.00280915
1.90500000 -0.00280032
1.90600000 -0.00279152
1.90700000 -0.00278275
1.90800000 -0.00277401
1.90900000 -0.00276531
1.91000000 -0.00275663
1.91100000 -0.00274799
1.91200000 -0.00273938
1.91300000 -0.00273080
1.91400000 -0.00272226
1.91500000 -0.00271374
1.91600000 -0.00270526
1.91700000 -0.00269680
1.91800000 -0.00268838
1.91900000 -0.00267999
1.92000000 -0.00267163
1.92100000 -0.00266330
1.92200000 -0.00265500
1.92300000 -0.00264672
1.92400000 -0.00263848
1.92500000 -0.00263027
1.92600000 -0.00262209
1.92700000 -0.00261394
1.92800000 -0.00260582
1.92900000 -0.00259773
1.93000000 -0.00258966
1.93100000 -0.00258163
1.93200000 -0.00257363
1.93300000 -0.00256565
1.93400000 -0.00255770
1.93500000 -0.00254978
1.93600000 -0.00254189
1.93700000 -0.00253403
1.93800000 -0.00252620
1.93900000 -0.00251839
1.94000000 -0.00251062
1.94100000 -0.00250287
1.94200000 -0.00249515
1.94300000 -0.00248746
1.94400000 -0.00247979
1.94500000 -0.00247215
1.94600000 -0.00246454
1.94700000 -0.00245696
1.94800000 -0.00244940
1.94900000 -0.00244187
1.95000000 -0.00243437
1.95100000 -0.00242690
1.95200000 -0.00241945
1.95300000 -0.00241203
1.95400000 -0.00240463
1.95500000 -0.00239726
1.95600000 -0.00238992
1.95700000 -0.00238261
1.95800000 -0.00237532
1.95900000 -0.00236805
1.96000000 -0.00236081
1.96100000 -0.00235360
1.96200000 -0.00234642
1.96300000 -0.00233925
1.96400000 -0.00233212
1.96500000 -0.00232501
1.96600000 -0.00231792
1.96700000 -0.00231086
1.96800000 -0.00230383
1.96900000 -0.00229682
1.97000000 -0.00228984
1.97100000 -0.00228288
1.97200000 -0.00227594
1.97300000 -0.00226903
1.97400000 -0.00226214
1.97500000 -0.00225528
1.97600000 -0.00224844
1.97700000 -0.00224163
1.97800000 -0.00223484
1.97900000 -0.00222808
1.98000000 -0.00222133
1.98100000 -0.00221462
1.98200000 -0.00220792
1.98300000 -0.00220125
1.98400000 -0.00219460
1.98500000 -0.00218798
1.98600000 -0.00218138
1.98700000 -0.00217480
1.98800000 -0.00216825
1.98900000 -0.00216172
1.99000000 -0.00215521
1.99100000 -0.00214873
1.99200000 -0.00214226
1.99300000 -0.00213582
1.99400000 -0.00212941
1.99500000 -0.00212301
1.99600000 -0.00211664
1.99700000 -0.00211029
1.99800000 -0.00210396
1.99900000 -0.00209766
2.00000000 -0.00209137
