0.10000000 2563148437.50000000
0.10100000 2274646180.78318644
0.10200000 2020992409.68499088
0.10300000 1797696084.76201797
0.10400000 1600880575.65139246
0.10500000 1427194818.69416380
0.10600000 1273738000.63284922
0.10700000 1137995607.44113827
0.10800000 1017785038.52645802
0.10900000 911209284.74154496
0.11000000 816617415.28241158
0.11100000 732570822.91513228
0.11200000 657814346.60637820
0.11300000 591251531.67780757
0.11400000 531923405.07859963
0.11500000 478990241.37477678
0.11600000 431715876.94889611
0.11700000 389454198.44665807
0.11800000 351637488.96504235
0.11900000 317766363.71695900
0.12000000 287401067.47016549
0.12100000 260153940.21632996
0.12200000 235682886.33291581
0.12300000 213685706.82950497
0.12400000 193895174.84640115
0.12500000 176074752.00000000
0.12600000 160014857.94877926
0.12700000 145529618.10495538
0.12800000 132454025.08987518
0.12900000 120641458.61900522
0.13000000 109961516.25031309
0.13100000 100298114.04379928
0.13200000 91547821.83292654
0.13300000 83618402.64624520
0.13400000 76427529.96224511
0.13500000 69901660.03581843
0.13600000 63975039.58806252
0.13700000 58588831.77639715
0.13800000 53690345.62169039
0.13900000 49232356.01635136
0.14000000 45172503.11721192
0.14100000 41472761.37776383
0.14200000 38098969.72854118
0.14300000 35020415.49989855
0.14400000 32209465.62181646
0.14500000 29641239.45089269
0.14600000 27293318.28264158
0.14700000 25145487.22242001
0.14800000 23179505.62340889
0.14900000 21378902.76598020
0.15000000 19728795.85880651
0.15100000 18215727.79625215
0.15200000 16827522.41583010
0.15300000 15553155.26976184
0.15400000 14382638.16107148
0.15500000 13306915.90160588
0.15600000 12317773.93072098
0.15700000 11407755.59242337
0.15800000 10570088.00836166
0.15900000 9798615.60670877
0.16000000 9087740.47481131
0.16100000 8432368.79837454
0.16200000 7827862.73352066
0.16300000 7269997.13171580
0.16400000 6754920.60253317
0.16500000 6279120.45657665
0.16600000 5839391.12156047
0.16700000 5432805.66934215
0.16800000 5056690.13134568
0.16900000 4708600.31491191
0.17000000 4386300.86421516
0.17100000 4087746.33696598
0.17200000 3811064.09259380
0.17300000 3554538.80933827
0.17400000 3316598.46699117
0.17500000 3095801.64920674
0.17600000 2890826.03458152
0.17700000 2700457.95931475
0.17800000 2523582.94638823
0.17900000 2359177.10701710
0.18000000 2206299.32977218
0.18100000 2064084.18138828
0.18200000 1931735.45096866
0.18300000 1808520.27617603
0.18400000 1693763.79615411
0.18500000 1586844.28143237
0.18600000 1487188.69599988
0.18700000 1394268.65115518
0.18800000 1307596.71470350
0.18900000 1226723.04262958
0.19000000 1151232.30356751
0.19100000 1080740.86925737
0.19200000 1014894.24675658
0.19300000 953364.73049219
0.19400000 895849.25432649
0.19500000 842067.42568640
0.19600000 791759.72549904
0.19700000 744685.85920036
0.19800000 700623.24545899
0.19900000 659365.63049795
0.20000000 620721.81701660
0.20100000 584514.49772701
0.20200000 550579.18443254
0.20300000 518763.22440326
0.20400000 488924.89655001
0.20500000 460932.58057554
0.20600000 434663.99289389
0.20700000 410005.48366398
0.20800000 386851.38978633
0.20900000 365103.43916815
0.21000000 344670.20197554
0.21100000 325466.58496748
0.21200000 307413.36534691
0.21300000 290436.76087455
0.21400000 274468.03327226
0.21500000 259443.12219925
0.21600000 245302.30731707
0.21700000 231989.89617173
0.21800000 219453.93581389
0.21900000 207645.94625460
0.22000000 196520.67401357
0.22100000 186035.86416385
0.22200000 176152.04940957
0.22300000 166832.35485520
0.22400000 158042.31723591
0.22500000 149749.71747987
0.22600000 141924.42556605
0.22700000 134538.25672576
0.22800000 127564.83811357
0.22900000 120979.48514414
0.23000000 114759.08675611
0.23100000 108881.99892395
0.23200000 103327.94579241
0.23300000 98077.92785859
0.23400000 93114.13667188
0.23500000 88419.87556401
0.23600000 83979.48595974
0.23700000 79778.27885410
0.23800000 75802.47107415
0.23900000 72039.12597315
0.24000000 68476.09823205
0.24100000 65101.98246849
0.24200000 61906.06537634
0.24300000 58878.28114007
0.24400000 56009.16988770
0.24500000 53289.83896392
0.24600000 50711.92682162
0.24700000 48267.56934515
0.24800000 45949.36843255
0.24900000 43750.36267706
0.25000000 41664.00000000
0.25100000 39684.11209803
0.25200000 37804.89057793
0.25300000 36020.86466150
0.25400000 34326.88035149
0.25500000 32718.08095776
0.25600000 31189.88888985
0.25700000 29737.98862932
0.25800000 28358.31080105
0.25900000 27047.01726884
0.26000000 25800.48718576
0.26100000 24615.30393486
0.26200000 23488.24290021
0.26300000 22416.26001260
0.26400000 21396.48101826
0.26500000 20426.19142237
0.26600000 19502.82706257
0.26700000 18623.96527105
0.26800000 17787.31658619
0.26900000 16990.71697795
0.27000000 16232.12055332
0.27100000 15509.59271049
0.27200000 14821.30371287
0.27300000 14165.52265548
0.27400000 13540.61179880
0.27500000 12945.02124609
0.27600000 12377.28394264
0.27700000 11836.01097601
0.27800000 11319.88715849
0.27900000 10827.66687365
0.28000000 10358.17017053
0.28100000 9910.27908978
0.28200000 9482.93420718
0.28300000 9075.13138119
0.28400000 8685.91869153
0.28500000 8314.39355725
0.28600000 7959.70002293
0.28700000 7621.02620287
0.28800000 7297.60187346
0.28900000 6988.69620471
0.29000000 6693.61562239
0.29100000 6411.70179300
0.29200000 6142.32972390
0.29300000 5884.90597195
0.29400000 5638.86695377
0.29500000 5403.67735192
0.29600000 5178.82861093
0.29700000 4963.83751804
0.29800000 4758.24486356
0.29900000 4561.61417610
0.30000000 4373.53052832
0.30100000 4193.59940900
0.30200000 4021.44565762
0.30300000 3856.71245766
0.30400000 3699.06038539
0.30500000 3548.16651074
0.30600000 3403.72354742
0.30700000 3265.43904927
0.30800000 3133.03465034
0.30900000 3006.24534604
0.31000000 2884.81881325
0.31100000 2768.51476684
0.31200000 2657.10435085
0.31300000 2550.36956215
0.31400000 2448.10270494
0.31500000 2350.10587407
0.31600000 2256.19046595
0.31700000 2166.17671513
0.31800000 2079.89325539
0.31900000 1997.17670382
0.32000000 1917.87126675
0.32100000 1841.82836613
0.32200000 1768.90628551
0.32300000 1698.96983420
0.32400000 1631.89002901
0.32500000 1567.54379220
0.32600000 1505.81366516
0.32700000 1446.58753659
0.32800000 1389.75838469
0.32900000 1335.22403247
0.33000000 1282.88691546
0.33100000 1232.65386124
0.33200000 1184.43588004
0.33300000 1138.14796599
0.33400000 1093.70890827
0.33500000 1051.04111172
0.33600000 1010.07042651
0.33700000 970.72598614
0.33800000 932.94005362
0.33900000 896.64787519
0.34000000 861.78754130
0.34100000 828.29985441
0.34200000 796.12820332
0.34300000 765.21844359
0.34400000 735.51878387
0.34500000 706.97967771
0.34600000 679.55372067
0.34700000 653.19555238
0.34800000 627.86176333
0.34900000 603.51080615
0.35000000 580.10291120
0.35100000 557.60000611
0.35200000 535.96563925
0.35300000 515.16490681
0.35400000 495.16438333
0.35500000 475.93205555
0.35600000 457.43725935
0.35700000 439.65061972
0.35800000 422.54399349
0.35900000 406.09041479
0.36000000 390.26404303
0.36100000 375.04011330
0.36200000 360.39488915
0.36300000 346.30561744
0.36400000 332.75048536
0.36500000 319.70857947
0.36600000 307.15984649
0.36700000 295.08505603
0.36800000 283.46576494
0.36900000 272.28428333
0.37000000 261.52364213
0.37100000 251.16756209
0.37200000 241.20042425
0.37300000 231.60724167
0.37400000 222.37363252
0.37500000 213.48579428
0.37600000 204.93047921
0.37700000 196.69497081
0.37800000 188.76706138
0.37900000 181.13503064
0.38000000 173.78762517
0.38100000 166.71403885
0.38200000 159.90389417
0.38300000 153.34722432
0.38400000 147.03445607
0.38500000 140.95639345
0.38600000 135.10420211
0.38700000 129.46939432
0.38800000 124.04381473
0.38900000 118.81962665
0.39000000 113.78929898
0.39100000 108.94559368
0.39200000 104.28155378
0.39300000 99.79049194
0.39400000 95.46597945
0.39500000 91.30183574
0.39600000 87.29211834
0.39700000 83.43111321
0.39800000 79.71332558
0.39900000 76.13347108
0.40000000 72.68646732
0.40100000 69.36742578
0.40200000 66.17164406
0.40300000 63.09459846
0.40400000 60.13193686
0.40500000 57.27947189
0.40600000 54.53317442
0.40700000 51.88916730
0.40800000 49.34371934
0.40900000 46.89323957
0.41000000 44.53427174
0.41100000 42.26348900
0.41200000 40.07768889
0.41300000 37.97378842
0.41400000 35.94881944
0.41500000 33.99992419
0.41600000 32.12435097
0.41700000 30.31945007
0.41800000 28.58266980
0.41900000 26.91155272
0.42000000 25.30373201
0.42100000 23.75692796
0.42200000 22.26894468
0.42300000 20.83766682
0.42400000 19.46105656
0.42500000 18.13715061
0.42600000 16.86405738
0.42700000 15.63995428
0.42800000 14.46308507
0.42900000 13.33175734
0.43000000 12.24434016
0.43100000 11.19926169
0.43200000 10.19500699
0.43300000 9.23011590
0.43400000 8.30318093
0.43500000 7.41284534
0.43600000 6.55780122
0.43700000 5.73678769
0.43800000 4.94858910
0.43900000 4.19203340
0.44000000 3.46599050
0.44100000 2.76937072
0.44200000 2.10112329
0.44300000 1.46023492
0.44400000 0.84572841
0.44500000 0.25666135
0.44600000 -0.30787521
0.44700000 -0.84875792
0.44800000 -1.36683237
0.44900000 -1.86291420
0.45000000 -2.33779019
0.45100000 -2.79221932
0.45200000 -3.22693376
0.45300000 -3.64263988
0.45400000 -4.04001916
0.45500000 -4.41972909
0.45600000 -4.78240405
0.45700000 -5.12865612
0.45800000 -5.45907591
0.45900000 -5.77423333
0.46000000 -6.07467830
0.46100000 -6.36094152
0.46200000 -6.63353511
0.46300000 -6.89295330
0.46400000 -7.13967305
0.46500000 -7.37415470
0.46600000 -7.59684251
0.46700000 -7.80816528
0.46800000 -8.00853688
0.46900000 -8.19835677
0.47000000 -8.37801052
0.47100000 -8.54787029
0.47200000 -8.70829534
0.47300000 -8.85963242
0.47400000 -9.00221627
0.47500000 -9.13637002
0.47600000 -9.26240558
0.47700000 -9.38062407
0.47800000 -9.49131617
0.47900000 -9.59476249
0.48000000 -9.69123392
0.48100000 -9.78099199
0.48200000 -9.86428917
0.48300000 -9.94136920
0.48400000 -10.01246739
0.48500000 -10.07781089
0.48600000 -10.13761903
0.48700000 -10.19210354
0.48800000 -10.24146881
0.48900000 -10.28591220
0.49000000 -10.32562421
0.49100000 -10.36078877
0.49200000 -10.39158345
0.49300000 -10.41817967
0.49400000 -10.44074291
0.49500000 -10.45943295
0.49600000 -10.47440402
0.49700000 -10.48580500
0.49800000 -10.49377962
0.49900000 -10.49846664
0.50000000 -10.50000000
0.50100000 -10.49194939
0.50200000 -10.46843625
0.50300000 -10.43039159
0.50400000 -10.37871118
0.50500000 -10.31425655
0.50600000 -10.23785590
0.50700000 -10.15030506
0.50800000 -10.05236841
0.50900000 -9.94477974
0.51000000 -9.82824316
0.51100000 -9.70343395
0.51200000 -9.57099939
0.51300000 -9.43155960
0.51400000 -9.28570832
0.51500000 -9.13401372
0.51600000 -8.97701916
0.51700000 -8.81524395
0.51800000 -8.64918405
0.51900000 -8.47931288
0.52000000 -8.30608191
0.52100000 -8.12992144
0.52200000 -7.95124122
0.52300000 -7.77043115
0.52400000 -7.58786187
0.52500000 -7.40388544
0.52600000 -7.21883592
0.52700000 -7.03302996
0.52800000 -6.84676745
0.52900000 -6.66033200
0.53000000 -6.47399155
0.53100000 -6.28799892
0.53200000 -6.10259231
0.53300000 -5.91799584
0.53400000 -5.73442002
0.53500000 -5.55206229
0.53600000 -5.37110748
0.53700000 -5.19172824
0.53800000 -5.01408555
0.53900000 -4.83832913
0.54000000 -4.66459789
0.54100000 -4.49302033
0.54200000 -4.32371496
0.54300000 -4.15679069
0.54400000 -3.99234724
0.54500000 -3.83047548
0.54600000 -3.67125784
0.54700000 -3.51476860
0.54800000 -3.36107431
0.54900000 -3.21023410
0.55000000 -3.06229995
0.55100000 -2.91731712
0.55200000 -2.77532433
0.55300000 -2.63635416
0.55400000 -2.50043330
0.55500000 -2.36758280
0.55600000 -2.23781842
0.55700000 -2.11115079
0.55800000 -1.98758578
0.55900000 -1.86712465
0.56000000 -1.74976435
0.56100000 -1.63549772
0.56200000 -1.52431374
0.56300000 -1.41619772
0.56400000 -1.31113152
0.56500000 -1.20909379
0.56600000 -1.11006008
0.56700000 -1.01400313
0.56800000 -0.92089298
0.56900000 -0.83069717
0.57000000 -0.74338092
0.57100000 -0.65890729
0.57200000 -0.57723731
0.57300000 -0.49833018
0.57400000 -0.42214337
0.57500000 -0.34863281
0.57600000 -0.27775298
0.57700000 -0.20945705
0.57800000 -0.14369703
0.57900000 -0.08042387
0.58000000 -0.01958758
0.58100000 0.03886266
0.58200000 0.09497839
0.58300000 0.14881178
0.58400000 0.20041552
0.58500000 0.24984274
0.58600000 0.29714688
0.58700000 0.34238169
0.58800000 0.38560104
0.58900000 0.42685894
0.59000000 0.46620941
0.59100000 0.50370641
0.59200000 0.53940381
0.59300000 0.57335528
0.59400000 0.60561428
0.59500000 0.63623395
0.59600000 0.66526709
0.59700000 0.69276609
0.59800000 0.71878290
0.59900000 0.74336898
0.60000000 0.76657522
0.60100000 0.78845195
0.60200000 0.80904888
0.60300000 0.82841505
0.60400000 0.84659881
0.60500000 0.86364780
0.60600000 0.87960887
0.60700000 0.89452812
0.60800000 0.90845083
0.60900000 0.92142142
0.61000000 0.93348349
0.61100000 0.94467974
0.61200000 0.95505196
0.61300000 0.96464102
0.61400000 0.97348688
0.61500000 0.98162852
0.61600000 0.98910396
0.61700000 0.99595025
0.61800000 1.00220342
0.61900000 1.00789852
0.62000000 1.01306957
0.62100000 1.01774957
0.62200000 1.02197050
0.62300000 1.02576327
0.62400000 1.02915777
0.62500000 1.03218280
0.62600000 1.03486614
0.62700000 1.03723449
0.62800000 1.03931346
0.62900000 1.04112761
0.63000000 1.04270041
0.63100000 1.04405427
0.63200000 1.04521048
0.63300000 1.04618928
0.63400000 1.04700981
0.63500000 1.04769012
0.63600000 1.04824716
0.63700000 1.04869681
0.63800000 1.04905384
0.63900000 1.04933195
0.64000000 1.04954371
0.64100000 1.04970063
0.64200000 1.04981310
0.64300000 1.04989044
0.64400000 1.04994086
0.64500000 1.04997148
0.64600000 1.04998832
0.64700000 1.04999630
0.64800000 1.04999927
0.64900000 1.04999995
0.65000000 1.05000000
0.65100000 1.04992930
0.65200000 1.04971720
0.65300000 1.04936370
0.65400000 1.04886878
0.65500000 1.04823243
0.65600000 1.04745458
0.65700000 1.04653515
0.65800000 1.04547398
0.65900000 1.04427084
0.66000000 1.04292538
0.66100000 1.04143712
0.66200000 1.03980543
0.66300000 1.03802949
0.66400000 1.03610821
0.66500000 1.03404028
0.66600000 1.03182405
0.66700000 1.02945753
0.66800000 1.02693835
0.66900000 1.02426366
0.67000000 1.02143018
0.67100000 1.01843405
0.67200000 1.01527086
0.67300000 1.01193555
0.67400000 1.00842241
0.67500000 1.00472500
0.67600000 1.00083609
0.67700000 0.99674767
0.67800000 0.99245088
0.67900000 0.98793598
0.68000000 0.98319232
0.68100000 0.97820832
0.68200000 0.97297146
0.68300000 0.96746828
0.68400000 0.96168437
0.68500000 0.95560442
0.68600000 0.94921224
0.68700000 0.94249080
0.68800000 0.93542234
0.68900000 0.92798845
0.69000000 0.92017017
0.69100000 0.91194818
0.69200000 0.90330291
0.69300000 0.89421481
0.69400000 0.88466456
0.69500000 0.87463331
0.69600000 0.86410300
0.69700000 0.85305669
0.69800000 0.84147888
0.69900000 0.82935592
0.70000000 0.81667640
0.70100000 0.80343150
0.70200000 0.78961550
0.70300000 0.77522608
0.70400000 0.76026479
0.70500000 0.74473736
0.70600000 0.72865406
0.70700000 0.71202992
0.70800000 0.69488499
0.70900000 0.67724443
0.71000000 0.65913852
0.71100000 0.64060265
0.71200000 0.62167712
0.71300000 0.60240686
0.71400000 0.58284107
0.71500000 0.56303270
0.71600000 0.54303790
0.71700000 0.52291534
0.71800000 0.50272551
0.71900000 0.48252991
0.72000000 0.46239029
0.72100000 0.44236785
0.72200000 0.42252242
0.72300000 0.40291176
0.72400000 0.38359087
0.72500000 0.36461135
0.72600000 0.34602093
0.72700000 0.32786299
0.72800000 0.31017629
0.72900000 0.29299472
0.73000000 0.27634718
0.73100000 0.26025758
0.73200000 0.24474490
0.73300000 0.22982330
0.73400000 0.21550240
0.73500000 0.20178746
0.73600000 0.18867978
0.73700000 0.17617696
0.73800000 0.16427331
0.73900000 0.15296019
0.74000000 0.14222640
0.74100000 0.13205854
0.74200000 0.12244136
0.74300000 0.11335807
0.74400000 0.10479068
0.74500000 0.09672029
0.74600000 0.08912731
0.74700000 0.08199174
0.74800000 0.07529336
0.74900000 0.06901191
0.75000000 0.06312724
0.75100000 0.05761947
0.75200000 0.05246909
0.75300000 0.04765704
0.75400000 0.04316481
0.75500000 0.03897447
0.75600000 0.03506875
0.75700000 0.03143104
0.75800000 0.02804544
0.75900000 0.02489674
0.76000000 0.02197046
0.76100000 0.01925281
0.76200000 0.01673071
0.76300000 0.01439177
0.76400000 0.01222426
0.76500000 0.01021712
0.76600000 0.00835989
0.76700000 0.00664273
0.76800000 0.00505639
0.76900000 0.00359215
0.77000000 0.00224185
0.77100000 0.00099780
0.77200000 -0.00014718
0.77300000 -0.00119985
0.77400000 -0.00216650
0.77500000 -0.00305306
0.77600000 -0.00386505
0.77700000 -0.00460764
0.77800000 -0.00528567
0.77900000 -0.00590363
0.78000000 -0.00646576
0.78100000 -0.00697599
0.78200000 -0.00743799
0.78300000 -0.00785519
0.78400000 -0.00823079
0.78500000 -0.00856777
0.78600000 -0.00886891
0.78700000 -0.00913681
0.78800000 -0.00937388
0.78900000 -0.00958238
0.79000000 -0.00976442
0.79100000 -0.00992194
0.79200000 -0.01005677
0.79300000 -0.01017062
0.79400000 -0.01026506
0.79500000 -0.01034156
0.79600000 -0.01040151
0.79700000 -0.01044618
0.79800000 -0.01047675
0.79900000 -0.01049435
0.80000000 -0.01050000
0.80100000 -0.01049466
0.80200000 -0.01047923
0.80300000 -0.01045453
0.80400000 -0.01042135
0.80500000 -0.01038040
0.80600000 -0.01033235
0.80700000 -0.01027783
0.80800000 -0.01021741
0.80900000 -0.01015164
0.81000000 -0.01008102
0.81100000 -0.01000600
0.81200000 -0.00992703
0.81300000 -0.00984450
0.81400000 -0.00975879
0.81500000 -0.00967025
0.81600000 -0.00957919
0.81700000 -0.00948591
0.81800000 -0.00939069
0.81900000 -0.00929380
0.82000000 -0.00919545
0.82100000 -0.00909588
0.82200000 -0.00899528
0.82300000 -0.00889386
0.82400000 -0.00879177
0.82500000 -0.00868918
0.82600000 -0.00858624
0.82700000 -0.00848308
0.82800000 -0.00837984
0.82900000 -0.00827662
0.83000000 -0.00817354
0.83100000 -0.00807070
0.83200000 -0.00796817
0.83300000 -0.00786605
0.83400000 -0.00776441
0.83500000 -0.00766332
0.83600000 -0.00756284
0.83700000 -0.00746304
0.83800000 -0.00736395
0.83900000 -0.00726563
0.84000000 -0.00716812
0.84100000 -0.00707146
0.84200000 -0.00697569
0.84300000 -0.00688082
0.84400000 -0.00678690
0.84500000 -0.00669394
0.84600000 -0.00660197
0.84700000 -0.00651099
0.84800000 -0.00642104
0.84900000 -0.00633212
0.85000000 -0.00624425
0.85100000 -0.00615742
0.85200000 -0.00607166
0.85300000 -0.00598696
0.85400000 -0.00590333
0.85500000 -0.00582077
0.85600000 -0.00573928
0.85700000 -0.00565887
0.85800000 -0.00557953
0.85900000 -0.00550125
0.86000000 -0.00542404
0.86100000 -0.00534789
0.86200000 -0.00527280
0.86300000 -0.00519876
0.86400000 -0.00512576
0.86500000 -0.00505379
0.86600000 -0.00498286
0.86700000 -0.00491294
0.86800000 -0.00484404
0.86900000 -0.00477614
0.87000000 -0.00470923
0.87100000 -0.00464330
0.87200000 -0.00457835
0.87300000 -0.00451436
0.87400000 -0.00445132
0.87500000 -0.00438922
0.87600000 -0.00432806
0.87700000 -0.00426781
0.87800000 -0.00420847
0.87900000 -0.00415002
0.88000000 -0.00409247
0.88100000 -0.00403578
0.88200000 -0.00397996
0.88300000 -0.00392498
0.88400000 -0.00387085
0.88500000 -0.00381754
0.88600000 -0.00376505
0.88700000 -0.00371336
0.88800000 -0.00366247
0.88900000 -0.00361235
0.89000000 -0.00356301
0.89100000 -0.00351442
0.89200000 -0.00346658
0.89300000 -0.00341948
0.89400000 -0.00337310
0.89500000 -0.00332744
0.89600000 -0.00328248
0.89700000 -0.00323821
0.89800000 -0.00319462
0.89900000 -0.00315171
0.90000000 -0.00310945
0.90100000 -0.00306785
0.90200000 -0.00302688
0.90300000 -0.00298654
0.90400000 -0.00294683
0.90500000 -0.00290772
0.90600000 -0.00286922
0.90700000 -0.00283130
0.90800000 -0.00279397
0.90900000 -0.00275720
0.91000000 -0.00272100
0.91100000 -0.00268535
0.91200000 -0.00265025
0.91300000 -0.00261568
0.91400000 -0.00258164
0.91500000 -0.00254812
0.91600000 -0.00251511
0.91700000 -0.00248259
0.91800000 -0.00245057
0.91900000 -0.00241904
0.92000000 -0.00238798
0.92100000 -0.00235740
0.92200000 -0.00232727
0.92300000 -0.00229760
0.92400000 -0.00226837
0.92500000 -0.00223958
0.92600000 -0.00221123
0.92700000 -0.00218330
0.92800000 -0.00215579
0.92900000 -0.00212868
0.93000000 -0.00210198
0.93100000 -0.00207568
0.93200000 -0.00204977
0.93300000 -0.00202425
0.93400000 -0.00199910
0.93500000 -0.00197432
0.93600000 -0.00194991
0.93700000 -0.00192586
0.93800000 -0.00190217
0.93900000 -0.00187882
0.94000000 -0.00185581
0.94100000 -0.00183314
0.94200000 -0.00181080
0.94300000 -0.00178879
0.94400000 -0.00176709
0.94500000 -0.00174571
0.94600000 -0.00172464
0.94700000 -0.00170388
0.94800000 -0.00168341
0.94900000 -0.00166324
0.95000000 -0.00164337
0.95100000 -0.00162377
0.95200000 -0.00160446
0.95300000 -0.00158542
0.95400000 -0.00156665
0.95500000 -0.00154816
0.95600000 -0.00152992
0.95700000 -0.00151194
0.95800000 -0.00149422
0.95900000 -0.00147675
0.96000000 -0.00145952
0.96100000 -0.00144254
0.96200000 -0.00142579
0.96300000 -0.00140928
0.96400000 -0.00139300
0.96500000 -0.00137695
0.96600000 -0.00136112
0.96700000 -0.00134551
0.96800000 -0.00133012
0.96900000 -0.00131494
0.97000000 -0.00129997
0.97100000 -0.00128521
0.97200000 -0.00127065
0.97300000 -0.00125628
0.97400000 -0.00124212
0.97500000 -0.00122815
0.97600000 -0.00121437
0.97700000 -0.00120078
0.97800000 -0.00118737
0.97900000 -0.00117414
0.98000000 -0.00116110
0.98100000 -0.00114822
0.98200000 -0.00113553
0.98300000 -0.00112300
0.98400000 -0.00111064
0.98500000 -0.00109844
0.98600000 -0.00108641
0.98700000 -0.00107454
0.98800000 -0.00106283
0.98900000 -0.00105127
0.99000000 -0.00103987
0.99100000 -0.00102861
0.99200000 -0.00101751
0.99300000 -0.00100655
0.99400000 -0.00099573
0.99500000 -0.00098505
0.99600000 -0.00097452
0.99700000 -0.00096412
0.99800000 -0.00095386
0.99900000 -0.00094373
1.00000000 -0.00093373
1.00100000 -0.00092386
1.00200000 -0.00091412
1.00300000 -0.00090451
1.00400000 -0.00089501
1.00500000 -0.00088564
1.00600000 -0.00087639
1.00700000 -0.00086726
1.00800000 -0.00085824
1.00900000 -0.00084934
1.01000000 -0.00084055
1.01100000 -0.00083187
1.01200000 -0.00082330
1.01300000 -0.00081484
1.01400000 -0.00080649
1.01500000 -0.00079824
1.01600000 -0.00079009
1.01700000 -0.00078205
1.01800000 -0.00077410
1.01900000 -0.00076626
1.02000000 -0.00075851
1.02100000 -0.00075085
1.02200000 -0.00074330
1.02300000 -0.00073583
1.02400000 -0.00072846
1.02500000 -0.00072118
1.02600000 -0.00071398
1.02700000 -0.00070688
1.02800000 -0.00069986
1.02900000 -0.00069293
1.03000000 -0.00068608
1.03100000 -0.00067931
1.03200000 -0.00067263
1.03300000 -0.00066603
1.03400000 -0.00065950
1.03500000 -0.00065306
1.03600000 -0.00064669
1.03700000 -0.00064040
1.03800000 -0.00063418
1.03900000 -0.00062804
1.04000000 -0.00062197
1.04100000 -0.00061597
1.04200000 -0.00061004
1.04300000 -0.00060419
1.04400000 -0.00059840
1.04500000 -0.00059268
1.04600000 -0.00058703
1.04700000 -0.00058144
1.04800000 -0.00057592
1.04900000 -0.00057047
1.05000000 -0.00056507
1.05100000 -0.00055974
1.05200000 -0.00055447
1.05300000 -0.00054927
1.05400000 -0.00054412
1.05500000 -0.00053903
1.05600000 -0.00053400
1.05700000 -0.00052903
1.05800000 -0.00052412
1.05900000 -0.00051926
1.06000000 -0.00051446
1.06100000 -0.00050971
1.06200000 -0.00050501
1.06300000 -0.00050037
1.06400000 -0.00049578
1.06500000 -0.00049125
1.06600000 -0.00048676
1.06700000 -0.00048233
1.06800000 -0.00047794
1.06900000 -0.00047360
1.07000000 -0.00046932
1.07100000 -0.00046508
1.07200000 -0.00046088
1.07300000 -0.00045674
1.07400000 -0.00045264
1.07500000 -0.00044858
1.07600000 -0.00044457
1.07700000 -0.00044060
1.07800000 -0.00043668
1.07900000 -0.00043280
1.08000000 -0.00042897
1.08100000 -0.00042517
1.08200000 -0.00042142
1.08300000 -0.00041770
1.08400000 -0.00041403
1.08500000 -0.00041040
1.08600000 -0.00040681
1.08700000 -0.00040325
1.08800000 -0.00039973
1.08900000 -0.00039626
1.09000000 -0.00039282
1.09100000 -0.00038941
1.09200000 -0.00038604
1.09300000 -0.00038271
1.09400000 -0.00037942
1.09500000 -0.00037615
1.09600000 -0.00037293
1.09700000 -0.00036973
1.09800000 -0.00036658
1.09900000 -0.00036345
1.10000000 -0.00036036
1.10100000 -0.00035730
1.10200000 -0.00035427
1.10300000 -0.00035127
1.10400000 -0.00034831
1.10500000 -0.00034537
1.10600000 -0.00034247
1.10700000 -0.00033960
1.10800000 -0.00033675
1.10900000 -0.00033394
1.11000000 -0.00033115
1.11100000 -0.00032840
1.11200000 -0.00032567
1.11300000 -0.00032297
1.11400000 -0.00032030
1.11500000 -0.00031765
1.11600000 -0.00031503
1.11700000 -0.00031244
1.11800000 -0.00030988
1.11900000 -0.00030734
1.12000000 -0.00030482
1.12100000 -0.00030234
1.12200000 -0.00029987
1.12300000 -0.00029743
1.12400000 -0.00029502
1.12500000 -0.00029263
1.12600000 -0.00029027
1.12700000 -0.00028792
1.12800000 -0.00028561
1.12900000 -0.00028331
1.13000000 -0.00028104
1.13100000 -0.00027879
1.13200000 -0.00027656
1.13300000 -0.00027435
1.13400000 -0.00027217
1.13500000 -0.00027001
1.13600000 -0.00026787
1.13700000 -0.00026575
1.13800000 -0.00026365
1.13900000 -0.00026157
1.14000000 -0.00025951
1.14100000 -0.00025747
1.14200000 -0.00025545
1.14300000 -0.00025345
1.14400000 -0.00025147
1.14500000 -0.00024951
1.14600000 -0.00024757
1.14700000 -0.00024565
1.14800000 -0.00024374
1.14900000 -0.00024186
1.15000000 -0.00023999
1.15100000 -0.00023814
1.15200000 -0.00023631
1.15300000 -0.00023449
1.15400000 -0.00023269
1.15500000 -0.00023091
1.15600000 -0.00022915
1.15700000 -0.00022740
1.15800000 -0.00022567
1.15900000 -0.00022396
1.16000000 -0.00022226
1.16100000 -0.00022057
1.16200000 -0.00021891
1.16300000 -0.00021726
1.16400000 -0.00021562
1.16500000 -0.00021400
1.16600000 -0.00021240
1.16700000 -0.00021081
1.16800000 -0.00020923
1.16900000 -0.00020767
1.17000000 -0.00020612
1.17100000 -0.00020459
1.17200000 -0.00020307
1.17300000 -0.00020157
1.17400000 -0.00020008
1.17500000 -0.00019860
1.17600000 -0.00019714
1.17700000 -0.00019569
1.17800000 -0.00019425
1.17900000 -0.00019283
1.18000000 -0.00019142
1.18100000 -0.00019002
1.18200000 -0.00018863
1.18300000 -0.00018726
1.18400000 -0.00018590
1.18500000 -0.00018455
1.18600000 -0.00018321
1.18700000 -0.00018189
1.18800000 -0.00018058
1.18900000 -0.00017928
1.19000000 -0.00017799
1.19100000 -0.00017671
1.19200000 -0.00017545
1.19300000 -0.00017419
1.19400000 -0.00017295
1.19500000 -0.00017172
1.19600000 -0.00017049
1.19700000 -0.00016928
1.19800000 -0.00016808
1.19900000 -0.00016689
1.20000000 -0.00016571
1.20100000 -0.00016454
1.20200000 -0.00016339
1.20300000 -0.00016224
1.20400000 -0.00016110
1.20500000 -0.00015997
1.20600000 -0.00015885
1.20700000 -0.00015774
1.20800000 -0.00015664
1.20900000 -0.00015555
1.21000000 -0.00015447
1.21100000 -0.00015340
1.21200000 -0.00015234
1.21300000 -0.00015129
1.21400000 -0.00015024
1.21500000 -0.00014921
1.21600000 -0.00014818
1.21700000 -0.00014716
1.21800000 -0.00014615
1.21900000 -0.00014515
1.22000000 -0.00014416
1.22100000 -0.00014318
1.22200000 -0.00014220
1.22300000 -0.00014124
1.22400000 -0.00014028
1.22500000 -0.00013933
1.22600000 -0.00013839
1.22700000 -0.00013745
1.22800000 -0.00013653
1.22900000 -0.00013561
1.23000000 -0.00013470
1.23100000 -0.00013379
1.23200000 -0.00013290
1.23300000 -0.00013201
1.23400000 -0.00013113
1.23500000 -0.00013025
1.23600000 -0.00012938
1.23700000 -0.00012852
1.23800000 -0.00012767
1.23900000 -0.00012683
1.24000000 -0.00012599
1.24100000 -0.00012516
1.24200000 -0.00012433
1.24300000 -0.00012351
1.24400000 -0.00012270
1.24500000 -0.00012190
1.24600000 -0.00012110
1.24700000 -0.00012031
1.24800000 -0.00011952
1.24900000 -0.00011874
1.25000000 -0.00011797
1.25100000 -0.00011720
1.25200000 -0.00011644
1.25300000 -0.00011569
1.25400000 -0.00011494
1.25500000 -0.00011420
1.25600000 -0.00011346
1.25700000 -0.00011273
1.25800000 -0.00011201
1.25900000 -0.00011129
1.26000000 -0.00011058
1.26100000 -0.00010987
1.26200000 -0.00010917
1.26300000 -0.00010847
1.26400000 -0.00010778
1.26500000 -0.00010710
1.26600000 -0.00010642
1.26700000 -0.00010574
1.26800000 -0.00010507
1.26900000 -0.00010441
1.27000000 -0.00010375
1.27100000 -0.00010310
1.27200000 -0.00010245
1.27300000 -0.00010181
1.27400000 -0.00010117
1.27500000 -0.00010054
1.27600000 -0.00009991
1.27700000 -0.00009928
1.27800000 -0.00009867
1.27900000 -0.00009805
1.28000000 -0.00009744
1.28100000 -0.00009684
1.28200000 -0.00009624
1.28300000 -0.00009564
1.28400000 -0.00009505
1.28500000 -0.00009447
1.28600000 -0.00009389
1.28700000 -0.00009331
1.28800000 -0.00009274
1.28900000 -0.00009217
1.29000000 -0.00009160
1.29100000 -0.00009104
1.29200000 -0.00009049
1.29300000 -0.00008994
1.29400000 -0.00008939
1.29500000 -0.00008885
1.29600000 -0.00008831
1.29700000 -0.00008777
1.29800000 -0.00008724
1.29900000 -0.00008672
1.30000000 -0.00008619
1.30100000 -0.00008568
1.30200000 -0.00008516
1.30300000 -0.00008465
1.30400000 -0.00008414
1.30500000 -0.00008364
1.30600000 -0.00008314
1.30700000 -0.00008264
1.30800000 -0.00008215
1.30900000 -0.00008166
1.31000000 -0.00008118
1.31100000 -0.00008070
1.31200000 -0.00008022
1.31300000 -0.00007974
1.31400000 -0.00007927
1.31500000 -0.00007880
1.31600000 -0.00007834
1.31700000 -0.00007788
1.31800000 -0.00007742
1.31900000 -0.00007697
1.32000000 -0.00007652
1.32100000 -0.00007607
1.32200000 -0.00007563
1.32300000 -0.00007519
1.32400000 -0.00007475
1.32500000 -0.00007431
1.32600000 -0.00007388
1.32700000 -0.00007345
1.32800000 -0.00007303
1.32900000 -0.00007261
1.33000000 -0.00007219
1.33100000 -0.00007177
1.33200000 -0.00007136
1.33300000 -0.00007095
1.33400000 -0.00007054
1.33500000 -0.00007014
1.33600000 -0.00006974
1.33700000 -0.00006934
1.33800000 -0.00006894
1.33900000 -0.00006855
1.34000000 -0.00006816
1.34100000 -0.00006777
1.34200000 -0.00006739
1.34300000 -0.00006700
1.34400000 -0.00006662
1.34500000 -0.00006625
1.34600000 -0.00006587
1.34700000 -0.00006550
1.34800000 -0.00006513
1.34900000 -0.00006477
1.35000000 -0.00006440
1.35100000 -0.00006404
1.35200000 -0.00006368
1.35300000 -0.00006333
1.35400000 -0.00006298
1.35500000 -0.00006262
1.35600000 -0.00006228
1.35700000 -0.00006193
1.35800000 -0.00006159
1.35900000 -0.00006124
1.36000000 -0.00006091
1.36100000 -0.00006057
1.36200000 -0.00006023
1.36300000 -0.00005990
1.36400000 -0.00005957
1.36500000 -0.00005924
1.36600000 -0.00005892
1.36700000 -0.00005860
1.36800000 -0.00005827
1.36900000 -0.00005796
1.37000000 -0.00005764
1.37100000 -0.00005733
1.37200000 -0.00005701
1.37300000 -0.00005670
1.37400000 -0.00005639
1.37500000 -0.00005609
1.37600000 -0.00005578
1.37700000 -0.00005548
1.37800000 -0.00005518
1.37900000 -0.00005489
1.38000000 -0.00005459
1.38100000 -0.00005430
1.38200000 -0.00005400
1.38300000 -0.00005371
1.38400000 -0.00005343
1.38500000 -0.00005314
1.38600000 -0.00005286
1.38700000 -0.00005257
1.38800000 -0.00005229
1.38900000 -0.00005201
1.39000000 -0.00005174
1.39100000 -0.00005146
1.39200000 -0.00005119
1.39300000 -0.00005092
1.39400000 -0.00005065
1.39500000 -0.00005038
1.39600000 -0.00005012
1.39700000 -0.00004985
1.39800000 -0.00004959
1.39900000 -0.00004933
1.40000000 -0.00004907
1.40100000 -0.00004881
1.40200000 -0.00004856
1.40300000 -0.00004830
1.40400000 -0.00004805
1.40500000 -0.00004780
1.40600000 -0.00004755
1.40700000 -0.00004730
1.40800000 -0.00004706
1.40900000 -0.00004681
1.41000000 -0.00004657
1.41100000 -0.00004633
1.41200000 -0.00004609
1.41300000 -0.00004585
1.41400000 -0.00004562
1.41500000 -0.00004538
1.41600000 -0.00004515
1.41700000 -0.00004491
1.41800000 -0.00004468
1.41900000 -0.00004446
1.42000000 -0.00004423
1.42100000 -0.00004400
1.42200000 -0.00004378
1.42300000 -0.00004355
1.42400000 -0.00004333
1.42500000 -0.00004311
1.42600000 -0.00004289
1.42700000 -0.00004268
1.42800000 -0.00004246
1.42900000 -0.00004224
1.43000000 -0.00004203
1.43100000 -0.00004182
1.43200000 -0.00004161
1.43300000 -0.00004140
1.43400000 -0.00004119
1.43500000 -0.00004098
1.43600000 -0.00004078
1.43700000 -0.00004057
1.43800000 -0.00004037
1.43900000 -0.00004017
1.44000000 -0.00003997
1.44100000 -0.00003977
1.44200000 -0.00003957
1.44300000 -0.00003937
1.44400000 -0.00003918
1.44500000 -0.00003898
1.44600000 -0.00003879
1.44700000 -0.00003860
1.44800000 -0.00003841
1.44900000 -0.00003822
1.45000000 -0.00003803
1.45100000 -0.00003784
1.45200000 -0.00003766
1.45300000 -0.00003747
1.45400000 -0.00003729
1.45500000 -0.00003710
1.45600000 -0.00003692
1.45700000 -0.00003674
1.45800000 -0.00003656
1.45900000 -0.00003638
1.46000000 -0.00003621
1.46100000 -0.00003603
1.46200000 -0.00003586
1.46300000 -0.00003568
1.46400000 -0.00003551
1.46500000 -0.00003534
1.46600000 -0.00003517
1.46700000 -0.00003500
1.46800000 -0.00003483
1.46900000 -0.00003466
1.47000000 -0.00003449
1.47100000 -0.00003433
1.47200000 -0.00003416
1.47300000 -0.00003400
1.47400000 -0.00003383
1.47500000 -0.00003367
1.47600000 -0.00003351
1.47700000 -0.00003335
1.47800000 -0.00003319
1.47900000 -0.00003303
1.48000000 -0.00003288
1.48100000 -0.00003272
1.48200000 -0.00003257
1.48300000 -0.00003241
1.48400000 -0.00003226
1.48500000 -0.00003211
1.48600000 -0.00003195
1.48700000 -0.00003180
1.48800000 -0.00003165
1.48900000 -0.00003150
1.49000000 -0.00003136
1.49100000 -0.00003121
1.49200000 -0.00003106
1.49300000 -0.00003092
1.49400000 -0.00003077
1.49500000 -0.00003063
1.49600000 -0.00003049
1.49700000 -0.00003034
1.49800000 -0.00003020
1.49900000 -0.00003006
1.50000000 -0.00002992
1.50100000 -0.00002978
1.50200000 -0.00002964
1.50300000 -0.00002951
1.50400000 -0.00002937
1.50500000 -0.00002923
1.50600000 -0.00002910
1.50700000 -0.00002897
1.50800000 -0.00002883
1.50900000 -0.00002870
1.51000000 -0.00002857
1.51100000 -0.00002844
1.51200000 -0.00002831
1.51300000 -0.00002818
1.51400000 -0.00002805
1.51500000 -0.00002792
1.51600000 -0.00002779
1.51700000 -0.00002767
1.51800000 -0.00002754
1.51900000 -0.00002741
1.52000000 -0.00002729
1.52100000 -0.00002717
1.52200000 -0.00002704
1.52300000 -0.00002692
1.52400000 -0.00002680
1.52500000 -0.00002668
1.52600000 -0.00002656
1.52700000 -0.00002644
1.52800000 -0.00002632
1.52900000 -0.00002620
1.53000000 -0.00002608
1.53100000 -0.00002596
1.53200000 -0.00002585
1.53300000 -0.00002573
1.53400000 -0.00002562
1.53500000 -0.00002550
1.53600000 -0.00002539
1.53700000 -0.00002528
1.53800000 -0.00002516
1.53900000 -0.00002505
1.54000000 -0.00002494
1.54100000 -0.00002483
1.54200000 -0.00002472
1.54300000 -0.00002461
1.54400000 -0.00002450
1.54500000 -0.00002439
1.54600000 -0.00002428
1.54700000 -0.00002418
1.54800000 -0.00002407
1.54900000 -0.00002397
1.55000000 -0.00002386
1.55100000 -0.00002376
1.55200000 -0.00002365
1.55300000 -0.00002355
1.55400000 -0.00002344
1.55500000 -0.00002334
1.55600000 -0.00002324
1.55700000 -0.00002314
1.55800000 -0.00002304
1.55900000 -0.00002294
1.56000000 -0.00002284
1.56100000 -0.00002274
1.56200000 -0.00002264
1.56300000 -0.00002254
1.56400000 -0.00002244
1.56500000 -0.00002235
1.56600000 -0.00002225
1.56700000 -0.00002215
1.56800000 -0.00002206
1.56900000 -0.00002196
1.57000000 -0.00002187
1.57100000 -0.00002178
1.57200000 -0.00002168
1.57300000 -0.00002159
1.57400000 -0.00002150
1.57500000 -0.00002140
1.57600000 -0.00002131
1.57700000 -0.00002122
1.57800000 -0.00002113
1.57900000 -0.00002104
1.58000000 -0.00002095
1.58100000 -0.00002086
1.58200000 -0.00002077
1.58300000 -0.00002069
1.58400000 -0.00002060
1.58500000 -0.00002051
1.58600000 -0.00002042
1.58700000 -0.00002034
1.58800000 -0.00002025
1.58900000 -0.00002017
1.59000000 -0.00002008
1.59100000 -0.00002000
1.59200000 -0.00001991
1.59300000 -0.00001983
1.59400000 -0.00001975
1.59500000 -0.00001966
1.59600000 -0.00001958
1.59700000 -0.00001950
1.59800000 -0.00001942
1.59900000 -0.00001934
1.60000000 -0.00001926
1.60100000 -0.00001918
1.60200000 -0.00001910
1.60300000 -0.00001902
1.60400000 -0.00001894
1.60500000 -0.00001886
1.60600000 -0.00001878
1.60700000 -0.00001870
1.60800000 -0.00001863
1.60900000 -0.00001855
1.61000000 -0.00001847
1.61100000 -0.00001840
1.61200000 -0.00001832
1.61300000 -0.00001825
1.61400000 -0.00001817
1.61500000 -0.00001810
1.61600000 -0.00001802
1.61700000 -0.00001795
1.61800000 -0.00001787
1.61900000 -0.00001780
1.62000000 -0.00001773
1.62100000 -0.00001766
1.62200000 -0.00001758
1.62300000 -0.00001751
1.62400000 -0.00001744
1.62500000 -0.00001737
1.62600000 -0.00001730
1.62700000 -0.00001723
1.62800000 -0.00001716
1.62900000 -0.00001709
1.63000000 -0.00001702
1.63100000 -0.00001695
1.63200000 -0.00001688
1.63300000 -0.00001682
1.63400000 -0.00001675
1.63500000 -0.00001668
1.63600000 -0.00001661
1.63700000 -0.00001655
1.63800000 -0.00001648
1.63900000 -0.00001642
1.64000000 -0.00001635
1.64100000 -0.00001628
1.64200000 -0.00001622
1.64300000 -0.00001615
1.64400000 -0.00001609
1.64500000 -0.00001603
1.64600000 -0.00001596
1.64700000 -0.00001590
1.64800000 -0.00001584
1.64900000 -0.00001577
1.65000000 -0.00001571
1.65100000 -0.00001565
1.65200000 -0.00001559
1.65300000 -0.00001552
1.65400000 -0.00001546
1.65500000 -0.00001540
1.65600000 -0.00001534
1.65700000 -0.00001528
1.65800000 -0.00001522
1.65900000 -0.00001516
1.66000000 -0.00001510
1.66100000 -0.00001504
1.66200000 -0.00001498
1.66300000 -0.00001492
1.66400000 -0.00001487
1.66500000 -0.00001481
1.66600000 -0.00001475
1.66700000 -0.00001469
1.66800000 -0.00001464
1.66900000 -0.00001458
1.67000000 -0.00001452
1.67100000 -0.00001447
1.67200000 -0.00001441
1.67300000 -0.00001435
1.67400000 -0.00001430
1.67500000 -0.00001424
1.67600000 -0.00001419
1.67700000 -0.00001413
1.67800000 -0.00001408
1.67900000 -0.00001402
1.68000000 -0.00001397
1.68100000 -0.00001392
1.68200000 -0.00001386
1.68300000 -0.00001381
1.68400000 -0.00001376
1.68500000 -0.00001370
1.68600000 -0.00001365
1.68700000 -0.00001360
1.68800000 -0.00001355
1.68900000 -0.00001350
1.69000000 -0.00001344
1.69100000 -0.00001339
1.69200000 -0.00001334
1.69300000 -0.00001329
1.69400000 -0.00001324
1.69500000 -0.00001319
1.69600000 -0.00001314
1.69700000 -0.00001309
1.69800000 -0.00001304
1.69900000 -0.00001299
1.70000000 -0.00001294
1.70100000 -0.00001289
1.70200000 -0.00001285
1.70300000 -0.00001280
1.70400000 -0.00001275
1.70500000 -0.00001270
1.70600000 -0.00001265
1.70700000 -0.00001261
1.70800000 -0.00001256
1.70900000 -0.00001251
1.71000000 -0.00001246
1.71100000 -0.00001242
1.71200000 -0.00001237
1.71300000 -0.00001233
1.71400000 -0.00001228
1.71500000 -0.00001223
1.71600000 -0.00001219
1.71700000 -0.00001214
1.71800000 -0.00001210
1.71900000 -0.00001205
1.72000000 -0.00001201
1.72100000 -0.00001196
1.72200000 -0.00001192
1.72300000 -0.00001188
1.72400000 -0.00001183
1.72500000 -0.00001179
1.72600000 -0.00001174
1.72700000 -0.00001170
1.72800000 -0.00001166
1.72900000 -0.00001161
1.73000000 -0.00001157
1.73100000 -0.00001153
1.73200000 -0.00001149
1.73300000 -0.00001145
1.73400000 -0.00001140
1.73500000 -0.00001136
1.73600000 -0.00001132
1.73700000 -0.00001128
1.73800000 -0.00001124
1.73900000 -0.00001120
1.74000000 -0.00001116
1.74100000 -0.00001112
1.74200000 -0.00001107
1.74300000 -0.00001103
1.74400000 -0.00001099
1.74500000 -0.00001095
1.74600000 -0.00001092
1.74700000 -0.00001088
1.74800000 -0.00001084
1.74900000 -0.00001080
1.75000000 -0.00001076
1.75100000 -0.00001072
1.75200000 -0.00001068
1.75300000 -0.00001064
1.75400000 -0.00001060
1.75500000 -0.00001057
1.75600000 -0.00001053
1.75700000 -0.00001049
1.75800000 -0.00001045
1.75900000 -0.00001042
1.76000000 -0.00001038
1.76100000 -0.00001034
1.76200000 -0.00001030
1.76300000 -0.00001027
1.76400000 -0.00001023
1.76500000 -0.00001019
1.76600000 -0.00001016
1.76700000 -0.00001012
1.76800000 -0.00001009
1.76900000 -0.00001005
1.77000000 -0.00001001
1.77100000 -0.00000998
1.77200000 -0.00000994
1.77300000 -0.00000991
1.77400000 -0.00000987
1.77500000 -0.00000984
1.77600000 -0.00000980
1.77700000 -0.00000977
1.77800000 -0.00000974
1.77900000 -0.00000970
1.78000000 -0.00000967
1.78100000 -0.00000963
1.78200000 -0.00000960
1.78300000 -0.00000957
1.78400000 -0.00000953
1.78500000 -0.00000950
1.78600000 -0.00000947
1.78700000 -0.00000943
1.78800000 -0.00000940
1.78900000 -0.00000937
1.79000000 -0.00000933
1.79100000 -0.00000930
1.79200000 -0.00000927
1.79300000 -0.00000924
1.79400000 -0.00000920
1.79500000 -0.00000917
1.79600000 -0.00000914
1.79700000 -0.00000911
1.79800000 -0.00000908
1.79900000 -0.00000905
1.80000000 -0.00000902
1.80100000 -0.00000898
1.80200000 -0.00000895
1.80300000 -0.00000892
1.80400000 -0.00000889
1.80500000 -0.00000886
1.80600000 -0.00000883
1.80700000 -0.00000880
1.80800000 -0.00000877
1.80900000 -0.00000874
1.81000000 -0.00000871
1.81100000 -0.00000868
1.81200000 -0.00000865
1.81300000 -0.00000862
1.81400000 -0.00000859
1.81500000 -0.00000856
1.81600000 -0.00000853
1.81700000 -0.00000850
1.81800000 -0.00000848
1.81900000 -0.00000845
1.82000000 -0.00000842
1.82100000 -0.00000839
1.82200000 -0.00000836
1.82300000 -0.00000833
1.82400000 -0.00000830
1.82500000 -0.00000828
1.82600000 -0.00000825
1.82700000 -0.00000822
1.82800000 -0.00000819
1.82900000 -0.00000816
1.83000000 -0.00000814
1.83100000 -0.00000811
1.83200000 -0.00000808
1.83300000 -0.00000806
1.83400000 -0.00000803
1.83500000 -0.00000800
1.83600000 -0.00000797
1.83700000 -0.00000795
1.83800000 -0.00000792
1.83900000 -0.00000790
1.84000000 -0.00000787
1.84100000 -0.00000784
1.84200000 -0.00000782
1.84300000 -0.00000779
1.84400000 -0.00000776
1.84500000 -0.00000774
1.84600000 -0.00000771
1.84700000 -0.00000769
1.84800000 -0.00000766
1.84900000 -0.00000764
1.85000000 -0.00000761
1.85100000 -0.00000759
1.85200000 -0.00000756
1.85300000 -0.00000754
1.85400000 -0.00000751
1.85500000 -0.00000749
1.85600000 -0.00000746
1.85700000 -0.00000744
1.85800000 -0.00000741
1.85900000 -0.00000739
1.86000000 -0.00000736
1.86100000 -0.00000734
1.86200000 -0.00000732
1.86300000 -0.00000729
1.86400000 -0.00000727
1.86500000 -0.00000724
1.86600000 -0.00000722
1.86700000 -0.00000720
1.86800000 -0.00000717
1.86900000 -0.00000715
1.87000000 -0.00000713
1.87100000 -0.00000710
1.87200000 -0.00000708
1.87300000 -0.00000706
1.87400000 -0.00000703
1.87500000 -0.00000701
1.87600000 -0.00000699
1.87700000 -0.00000697
1.87800000 -0.00000694
1.87900000 -0.00000692
1.88000000 -0.00000690
1.88100000 -0.00000688
1.88200000 -0.00000685
1.88300000 -0.00000683
1.88400000 -0.00000681
1.88500000 -0.00000679
1.88600000 -0.00000677
1.88700000 -0.00000674
1.88800000 -0.00000672
1.88900000 -0.00000670
1.89000000 -0.00000668
1.89100000 -0.00000666
1.89200000 -0.00000664
1.89300000 -0.00000662
1.89400000 -0.00000659
1.89500000 -0.00000657
1.89600000 -0.00000655
1.89700000 -0.00000653
1.89800000 -0.00000651
1.89900000 -0.00000649
1.90000000 -0.00000647
1.90100000 -0.00000645
1.90200000 -0.00000643
1.90300000 -0.00000641
1.90400000 -0.00000639
1.90500000 -0.00000637
1.90600000 -0.00000635
1.90700000 -0.00000633
1.90800000 -0.00000631
1.90900000 -0.00000629
1.91000000 -0.00000627
1.91100000 -0.00000625
1.91200000 -0.00000623
1.91300000 -0.00000621
1.91400000 -0.00000619
1.91500000 -0.00000617
1.91600000 -0.00000615
1.91700000 -0.00000613
1.91800000 -0.00000611
1.91900000 -0.00000609
1.92000000 -0.00000607
1.92100000 -0.00000605
1.92200000 -0.00000604
1.92300000 -0.00000602
1.92400000 -0.00000600
1.92500000 -0.00000598
1.92600000 -0.00000596
1.92700000 -0.00000594
1.92800000 -0.00000592
1.92900000 -0.00000591
1.93000000 -0.00000589
1.93100000 -0.00000587
1.93200000 -0.00000585
1.93300000 -0.00000583
1.93400000 -0.00000581
1.93500000 -0.00000580
1.93600000 -0.00000578
1.93700000 -0.00000576
1.93800000 -0.00000574
1.93900000 -0.00000572
1.94000000 -0.00000571
1.94100000 -0.00000569
1.94200000 -0.00000567
1.94300000 -0.00000565
1.94400000 -0.00000564
1.94500000 -0.00000562
1.94600000 -0.00000560
1.94700000 -0.00000559
1.94800000 -0.00000557
1.94900000 -0.00000555
1.95000000 -0.00000553
1.95100000 -0.00000552
1.95200000 -0.00000550
1.95300000 -0.00000548
1.95400000 -0.00000547
1.95500000 -0.00000545
1.95600000 -0.00000543
1.95700000 -0.00000542
1.95800000 -0.00000540
1.95900000 -0.00000538
1.96000000 -0.00000537
1.96100000 -0.00000535
1.96200000 -0.00000534
1.96300000 -0.00000532
1.96400000 -0.00000530
1.96500000 -0.00000529
1.96600000 -0.00000527
1.96700000 -0.00000526
1.96800000 -0.00000524
1.96900000 -0.00000522
1.97000000 -0.00000521
1.97100000 -0.00000519
1.97200000 -0.00000518
1.97300000 -0.00000516
1.97400000 -0.00000515
1.97500000 -0.00000513
1.97600000 -0.00000511
1.97700000 -0.00000510
1.97800000 -0.00000508
1.97900000 -0.00000507
1.98000000 -0.00000505
1.98100000 -0.00000504
1.98200000 -0.00000502
1.98300000 -0.00000501
1.98400000 -0.00000499
1.98500000 -0.00000498
1.98600000 -0.00000496
1.98700000 -0.00000495
1.98800000 -0.00000493
1.98900000 -0.00000492
1.99000000 -0.00000491
1.99100000 -0.00000489
1.99200000 -0.00000488
1.99300000 -0.00000486
1.99400000 -0.00000485
1.99500000 -0.00000483
1.99600000 -0.00000482
1.99700000 -0.00000480
1.99800000 -0.00000479
1.99900000 -0.00000478
2.00000000 -0.00000476
