0.10000000 1.24600639
0.10100000 1.23363022
0.10200000 1.22149672
0.10300000 1.20959882
0.10400000 1.19792973
0.10500000 1.18648290
0.10600000 1.17525206
0.10700000 1.16423114
0.10800000 1.15341431
0.10900000 1.14279596
0.11000000 1.13237067
0.11100000 1.12213322
0.11200000 1.11207859
0.11300000 1.10220191
0.11400000 1.09249852
0.11500000 1.08296387
0.11600000 1.07359362
0.11700000 1.06438355
0.11800000 1.05532958
0.11900000 1.04642777
0.12000000 1.03767434
0.12100000 1.02906559
0.12200000 1.02059796
0.12300000 1.01226802
0.12400000 1.00407244
0.12500000 0.99600799
0.12600000 0.98807155
0.12700000 0.98026009
0.12800000 0.97257068
0.12900000 0.96500049
0.13000000 0.95754677
0.13100000 0.95020685
0.13200000 0.94297813
0.13300000 0.93585812
0.13400000 0.92884438
0.13500000 0.92193455
0.13600000 0.91512634
0.13700000 0.90841751
0.13800000 0.90180592
0.13900000 0.89528946
0.14000000 0.88886609
0.14100000 0.88253383
0.14200000 0.87629076
0.14300000 0.87013501
0.14400000 0.86406476
0.14500000 0.85807823
0.14600000 0.85217371
0.14700000 0.84634953
0.14800000 0.84060405
0.14900000 0.83493570
0.15000000 0.82934292
0.15100000 0.82382422
0.15200000 0.81837813
0.15300000 0.81300324
0.15400000 0.80769815
0.15500000 0.80246152
0.15600000 0.79729202
0.15700000 0.79218838
0.15800000 0.78714934
0.15900000 0.78217368
0.16000000 0.77726022
0.16100000 0.77240780
0.16200000 0.76761529
0.16300000 0.76288158
0.16400000 0.75820560
0.16500000 0.75358630
0.16600000 0.74902265
0.16700000 0.74451366
0.16800000 0.74005835
0.16900000 0.73565577
0.17000000 0.73130498
0.17100000 0.72700508
0.17200000 0.72275517
0.17300000 0.71855440
0.17400000 0.71440192
0.17500000 0.71029689
0.17600000 0.70623852
0.17700000 0.70222600
0.17800000 0.69825856
0.17900000 0.69433546
0.18000000 0.69045594
0.18100000 0.68661930
0.18200000 0.68282481
0.18300000 0.67907180
0.18400000 0.67535958
0.18500000 0.67168749
0.18600000 0.66805489
0.18700000 0.66446114
0.18800000 0.66090562
0.18900000 0.65738773
0.19000000 0.65390687
0.19100000 0.65046246
0.19200000 0.64705393
0.19300000 0.64368072
0.19400000 0.64034229
0.19500000 0.63703810
0.19600000 0.63376762
0.19700000 0.63053035
0.19800000 0.62732578
0.19900000 0.62415341
0.20000000 0.62101277
0.20100000 0.61790338
0.20200000 0.61482478
0.20300000 0.61177651
0.20400000 0.60875813
0.20500000 0.60576919
0.20600000 0.60280927
0.20700000 0.59987795
0.20800000 0.59697482
0.20900000 0.59409947
0.21000000 0.59125151
0.21100000 0.58843054
0.21200000 0.58563618
0.21300000 0.58286806
0.21400000 0.58012581
0.21500000 0.57740908
0.21600000 0.57471750
0.21700000 0.57205072
0.21800000 0.56940842
0.21900000 0.56679024
0.22000000 0.56419587
0.22100000 0.56162497
0.22200000 0.55907724
0.22300000 0.55655235
0.22400000 0.55405002
0.22500000 0.55156992
0.22600000 0.54911177
0.22700000 0.54667529
0.22800000 0.54426017
0.22900000 0.54186615
0.23000000 0.53949294
0.23100000 0.53714029
0.23200000 0.53480791
0.23300000 0.53249556
0.23400000 0.53020297
0.23500000 0.52792990
0.23600000 0.52567608
0.23700000 0.52344129
0.23800000 0.52122528
0.23900000 0.51902781
0.24000000 0.51684865
0.24100000 0.51468758
0.24200000 0.51254437
0.24300000 0.51041880
0.24400000 0.50831066
0.24500000 0.50621972
0.24600000 0.50414578
0.24700000 0.50208864
0.24800000 0.50004809
0.24900000 0.49802393
0.25000000 0.49601596
0.25100000 0.49402399
0.25200000 0.49204783
0.25300000 0.49008729
0.25400000 0.48814220
0.25500000 0.48621235
0.25600000 0.48429759
0.25700000 0.48239773
0.25800000 0.48051259
0.25900000 0.47864201
0.26000000 0.47678582
0.26100000 0.47494386
0.26200000 0.47311596
0.26300000 0.47130196
0.26400000 0.46950170
0.26500000 0.46771503
0.26600000 0.46594179
0.26700000 0.46418183
0.26800000 0.46243501
0.26900000 0.46070118
0.27000000 0.45898019
0.27100000 0.45727191
0.27200000 0.45557618
0.27300000 0.45389288
0.27400000 0.45222186
0.27500000 0.45056300
0.27600000 0.44891616
0.27700000 0.44728121
0.27800000 0.44565803
0.27900000 0.44404648
0.28000000 0.44244644
0.28100000 0.44085779
0.28200000 0.43928041
0.28300000 0.43771417
0.28400000 0.43615897
0.28500000 0.43461468
0.28600000 0.43308119
0.28700000 0.43155838
0.28800000 0.43004615
0.28900000 0.42854439
0.29000000 0.42705299
0.29100000 0.42557183
0.29200000 0.42410082
0.29300000 0.42263985
0.29400000 0.42118883
0.29500000 0.41974763
0.29600000 0.41831618
0.29700000 0.41689437
0.29800000 0.41548210
0.29900000 0.41407928
0.30000000 0.41268581
0.30100000 0.41130159
0.30200000 0.40992655
0.30300000 0.40856058
0.30400000 0.40720360
0.30500000 0.40585552
0.30600000 0.40451625
0.30700000 0.40318571
0.30800000 0.40186380
0.30900000 0.40055046
0.31000000 0.39924558
0.31100000 0.39794910
0.31200000 0.39666093
0.31300000 0.39538099
0.31400000 0.39410920
0.31500000 0.39284549
0.31600000 0.39158978
0.31700000 0.39034199
0.31800000 0.38910204
0.31900000 0.38786988
0.32000000 0.38664541
0.32100000 0.38542857
0.32200000 0.38421930
0.32300000 0.38301750
0.32400000 0.38182313
0.32500000 0.38063611
0.32600000 0.37945637
0.32700000 0.37828385
0.32800000 0.37711848
0.32900000 0.37596019
0.33000000 0.37480892
0.33100000 0.37366461
0.33200000 0.37252720
0.33300000 0.37139661
0.33400000 0.37027280
0.33500000 0.36915569
0.33600000 0.36804524
0.33700000 0.36694137
0.33800000 0.36584404
0.33900000 0.36475318
0.34000000 0.36366874
0.34100000 0.36259066
0.34200000 0.36151888
0.34300000 0.36045336
0.34400000 0.35939403
0.34500000 0.35834084
0.34600000 0.35729374
0.34700000 0.35625267
0.34800000 0.35521759
0.34900000 0.35418844
0.35000000 0.35316517
0.35100000 0.35214774
0.35200000 0.35113608
0.35300000 0.35013016
0.35400000 0.34912992
0.35500000 0.34813531
0.35600000 0.34714629
0.35700000 0.34616282
0.35800000 0.34518484
0.35900000 0.34421230
0.36000000 0.34324517
0.36100000 0.34228340
0.36200000 0.34132695
0.36300000 0.34037576
0.36400000 0.33942980
0.36500000 0.33848902
0.36600000 0.33755339
0.36700000 0.33662285
0.36800000 0.33569737
0.36900000 0.33477691
0.37000000 0.33386142
0.37100000 0.33295087
0.37200000 0.33204522
0.37300000 0.33114442
0.37400000 0.33024844
0.37500000 0.32935724
0.37600000 0.32847078
0.37700000 0.32758902
0.37800000 0.32671193
0.37900000 0.32583946
0.38000000 0.32497159
0.38100000 0.32410827
0.38200000 0.32324948
0.38300000 0.32239517
0.38400000 0.32154531
0.38500000 0.32069986
0.38600000 0.31985880
0.38700000 0.31902208
0.38800000 0.31818968
0.38900000 0.31736155
0.39000000 0.31653768
0.39100000 0.31571801
0.39200000 0.31490253
0.39300000 0.31409120
0.39400000 0.31328399
0.39500000 0.31248087
0.39600000 0.31168180
0.39700000 0.31088676
0.39800000 0.31009572
0.39900000 0.30930864
0.40000000 0.30852549
0.40100000 0.30774625
0.40200000 0.30697089
0.40300000 0.30619938
0.40400000 0.30543169
0.40500000 0.30466778
0.40600000 0.30390765
0.40700000 0.30315124
0.40800000 0.30239855
0.40900000 0.30164953
0.41000000 0.30090417
0.41100000 0.30016244
0.41200000 0.29942431
0.41300000 0.29868975
0.41400000 0.29795875
0.41500000 0.29723126
0.41600000 0.29650728
0.41700000 0.29578676
0.41800000 0.29506970
0.41900000 0.29435605
0.42000000 0.29364581
0.42100000 0.29293894
0.42200000 0.29223542
0.42300000 0.29153522
0.42400000 0.29083833
0.42500000 0.29014472
0.42600000 0.28945437
0.42700000 0.28876725
0.42800000 0.28808334
0.42900000 0.28740262
0.43000000 0.28672507
0.43100000 0.28605066
0.43200000 0.28537937
0.43300000 0.28471119
0.43400000 0.28404608
0.43500000 0.28338403
0.43600000 0.28272502
0.43700000 0.28206903
0.43800000 0.28141603
0.43900000 0.28076601
0.44000000 0.28011894
0.44100000 0.27947480
0.44200000 0.27883358
0.44300000 0.27819526
0.44400000 0.27755981
0.44500000 0.27692722
0.44600000 0.27629747
0.44700000 0.27567053
0.44800000 0.27504639
0.44900000 0.27442504
0.45000000 0.27380644
0.45100000 0.27319059
0.45200000 0.27257746
0.45300000 0.27196704
0.45400000 0.27135931
0.45500000 0.27075425
0.45600000 0.27015185
0.45700000 0.26955208
0.45800000 0.26895493
0.45900000 0.26836039
0.46000000 0.26776843
0.46100000 0.26717903
0.46200000 0.26659219
0.46300000 0.26600789
0.46400000 0.26542610
0.46500000 0.26484682
0.46600000 0.26427002
0.46700000 0.26369569
0.46800000 0.26312382
0.46900000 0.26255439
0.47000000 0.26198738
0.47100000 0.26142277
0.47200000 0.26086056
0.47300000 0.26030073
0.47400000 0.25974326
0.47500000 0.25918814
0.47600000 0.25863535
0.47700000 0.25808488
0.47800000 0.25753671
0.47900000 0.25699083
0.48000000 0.25644723
0.48100000 0.25590589
0.48200000 0.25536679
0.48300000 0.25482993
0.48400000 0.25429528
0.48500000 0.25376284
0.48600000 0.25323259
0.48700000 0.25270452
0.48800000 0.25217861
0.48900000 0.25165486
0.49000000 0.25113324
0.49100000 0.25061374
0.49200000 0.25009636
0.49300000 0.24958108
0.49400000 0.24906789
0.49500000 0.24855677
0.49600000 0.24804771
0.49700000 0.24754069
0.49800000 0.24703572
0.49900000 0.24653277
0.50000000 0.24603183
0.50100000 0.24553289
0.50200000 0.24503594
0.50300000 0.24454097
0.50400000 0.24404796
0.50500000 0.24355690
0.50600000 0.24306778
0.50700000 0.24258060
0.50800000 0.24209533
0.50900000 0.24161197
0.51000000 0.24113050
0.51100000 0.24065092
0.51200000 0.24017321
0.51300000 0.23969737
0.51400000 0.23922338
0.51500000 0.23875123
0.51600000 0.23828090
0.51700000 0.23781240
0.51800000 0.23734571
0.51900000 0.23688082
0.52000000 0.23641771
0.52100000 0.23595638
0.52200000 0.23549682
0.52300000 0.23503902
0.52400000 0.23458297
0.52500000 0.23412865
0.52600000 0.23367606
0.52700000 0.23322519
0.52800000 0.23277603
0.52900000 0.23232856
0.53000000 0.23188279
0.53100000 0.23143869
0.53200000 0.23099626
0.53300000 0.23055549
0.53400000 0.23011638
0.53500000 0.22967891
0.53600000 0.22924306
0.53700000 0.22880885
0.53800000 0.22837624
0.53900000 0.22794524
0.54000000 0.22751584
0.54100000 0.22708803
0.54200000 0.22666179
0.54300000 0.22623713
0.54400000 0.22581403
0.54500000 0.22539248
0.54600000 0.22497247
0.54700000 0.22455400
0.54800000 0.22413706
0.54900000 0.22372163
0.55000000 0.22330772
0.55100000 0.22289531
0.55200000 0.22248440
0.55300000 0.22207497
0.55400000 0.22166702
0.55500000 0.22126054
0.55600000 0.22085552
0.55700000 0.22045195
0.55800000 0.22004984
0.55900000 0.21964916
0.56000000 0.21924991
0.56100000 0.21885209
0.56200000 0.21845568
0.56300000 0.21806068
0.56400000 0.21766709
0.56500000 0.21727488
0.56600000 0.21688406
0.56700000 0.21649462
0.56800000 0.21610656
0.56900000 0.21571985
0.57000000 0.21533450
0.57100000 0.21495051
0.57200000 0.21456785
0.57300000 0.21418654
0.57400000 0.21380655
0.57500000 0.21342788
0.57600000 0.21305053
0.57700000 0.21267448
0.57800000 0.21229974
0.57900000 0.21192629
0.58000000 0.21155413
0.58100000 0.21118325
0.58200000 0.21081365
0.58300000 0.21044531
0.58400000 0.21007824
0.58500000 0.20971242
0.58600000 0.20934785
0.58700000 0.20898452
0.58800000 0.20862243
0.58900000 0.20826157
0.59000000 0.20790193
0.59100000 0.20754351
0.59200000 0.20718630
0.59300000 0.20683029
0.59400000 0.20647549
0.59500000 0.20612187
0.59600000 0.20576945
0.59700000 0.20541820
0.59800000 0.20506813
0.59900000 0.20471923
0.60000000 0.20437149
0.60100000 0.20402491
0.60200000 0.20367948
0.60300000 0.20333519
0.60400000 0.20299205
0.60500000 0.20265004
0.60600000 0.20230916
0.60700000 0.20196940
0.60800000 0.20163077
0.60900000 0.20129324
0.61000000 0.20095682
0.61100000 0.20062150
0.61200000 0.20028728
0.61300000 0.19995415
0.61400000 0.19962210
0.61500000 0.19929114
0.61600000 0.19896124
0.61700000 0.19863242
0.61800000 0.19830466
0.61900000 0.19797797
0.62000000 0.19765232
0.62100000 0.19732773
0.62200000 0.19700418
0.62300000 0.19668166
0.62400000 0.19636018
0.62500000 0.19603973
0.62600000 0.19572031
0.62700000 0.19540190
0.62800000 0.19508451
0.62900000 0.19476813
0.63000000 0.19445275
0.63100000 0.19413837
0.63200000 0.19382499
0.63300000 0.19351259
0.63400000 0.19320119
0.63500000 0.19289076
0.63600000 0.19258131
0.63700000 0.19227283
0.63800000 0.19196532
0.63900000 0.19165877
0.64000000 0.19135318
0.64100000 0.19104855
0.64200000 0.19074486
0.64300000 0.19044212
0.64400000 0.19014031
0.64500000 0.18983945
0.64600000 0.18953951
0.64700000 0.18924051
0.64800000 0.18894242
0.64900000 0.18864526
0.65000000 0.18834901
0.65100000 0.18805366
0.65200000 0.18775923
0.65300000 0.18746570
0.65400000 0.18717306
0.65500000 0.18688132
0.65600000 0.18659047
0.65700000 0.18630051
0.65800000 0.18601142
0.65900000 0.18572322
0.66000000 0.18543588
0.66100000 0.18514942
0.66200000 0.18486382
0.66300000 0.18457909
0.66400000 0.18429521
0.66500000 0.18401218
0.66600000 0.18373001
0.66700000 0.18344868
0.66800000 0.18316820
0.66900000 0.18288855
0.67000000 0.18260974
0.67100000 0.18233176
0.67200000 0.18205461
0.67300000 0.18177828
0.67400000 0.18150277
0.67500000 0.18122808
0.67600000 0.18095420
0.67700000 0.18068113
0.67800000 0.18040886
0.67900000 0.18013740
0.68000000 0.17986674
0.68100000 0.17959687
0.68200000 0.17932779
0.68300000 0.17905950
0.68400000 0.17879200
0.68500000 0.17852527
0.68600000 0.17825933
0.68700000 0.17799416
0.68800000 0.17772976
0.68900000 0.17746612
0.69000000 0.17720326
0.69100000 0.17694115
0.69200000 0.17667980
0.69300000 0.17641921
0.69400000 0.17615936
0.69500000 0.17590027
0.69600000 0.17564192
0.69700000 0.17538431
0.69800000 0.17512744
0.69900000 0.17487130
0.70000000 0.17461590
0.70100000 0.17436122
0.70200000 0.17410727
0.70300000 0.17385404
0.70400000 0.17360154
0.70500000 0.17334975
0.70600000 0.17309867
0.70700000 0.17284830
0.70800000 0.17259864
0.70900000 0.17234969
0.71000000 0.17210144
0.71100000 0.17185388
0.71200000 0.17160702
0.71300000 0.17136085
0.71400000 0.17111538
0.71500000 0.17087059
0.71600000 0.17062648
0.71700000 0.17038306
0.71800000 0.17014031
0.71900000 0.16989824
0.72000000 0.16965684
0.72100000 0.16941611
0.72200000 0.16917605
0.72300000 0.16893665
0.72400000 0.16869791
0.72500000 0.16845984
0.72600000 0.16822241
0.72700000 0.16798565
0.72800000 0.16774953
0.72900000 0.16751406
0.73000000 0.16727924
0.73100000 0.16704505
0.73200000 0.16681151
0.73300000 0.16657861
0.73400000 0.16634634
0.73500000 0.16611470
0.73600000 0.16588369
0.73700000 0.16565331
0.73800000 0.16542356
0.73900000 0.16519442
0.74000000 0.16496591
0.74100000 0.16473801
0.74200000 0.16451073
0.74300000 0.16428405
0.74400000 0.16405799
0.74500000 0.16383254
0.74600000 0.16360769
0.74700000 0.16338344
0.74800000 0.16315979
0.74900000 0.16293674
0.75000000 0.16271428
0.75100000 0.16249242
0.75200000 0.16227115
0.75300000 0.16205046
0.75400000 0.16183036
0.75500000 0.16161085
0.75600000 0.16139191
0.75700000 0.16117355
0.75800000 0.16095577
0.75900000 0.16073857
0.76000000 0.16052193
0.76100000 0.16030587
0.76200000 0.16009037
0.76300000 0.15987544
0.76400000 0.15966107
0.76500000 0.15944726
0.76600000 0.15923400
0.76700000 0.15902131
0.76800000 0.15880917
0.76900000 0.15859758
0.77000000 0.15838654
0.77100000 0.15817605
0.77200000 0.15796610
0.77300000 0.15775670
0.77400000 0.15754784
0.77500000 0.15733952
0.77600000 0.15713173
0.77700000 0.15692448
0.77800000 0.15671776
0.77900000 0.15651158
0.78000000 0.15630592
0.78100000 0.15610079
0.78200000 0.15589618
0.78300000 0.15569210
0.78400000 0.15548853
0.78500000 0.15528549
0.78600000 0.15508296
0.78700000 0.15488095
0.78800000 0.15467945
0.78900000 0.15447846
0.79000000 0.15427798
0.79100000 0.15407801
0.79200000 0.15387855
0.79300000 0.15367958
0.79400000 0.15348112
0.79500000 0.15328316
0.79600000 0.15308569
0.79700000 0.15288872
0.79800000 0.15269224
0.79900000 0.15249626
0.80000000 0.15230077
0.80100000 0.15210576
0.80200000 0.15191124
0.80300000 0.15171721
0.80400000 0.15152365
0.80500000 0.15133058
0.80600000 0.15113799
0.80700000 0.15094588
0.80800000 0.15075424
0.80900000 0.15056307
0.81000000 0.15037238
0.81100000 0.15018216
0.81200000 0.14999241
0.81300000 0.14980312
0.81400000 0.14961430
0.81500000 0.14942594
0.81600000 0.14923805
0.81700000 0.14905061
0.81800000 0.14886363
0.81900000 0.14867711
0.82000000 0.14849105
0.82100000 0.14830544
0.82200000 0.14812028
0.82300000 0.14793557
0.82400000 0.14775130
0.82500000 0.14756749
0.82600000 0.14738412
0.82700000 0.14720119
0.82800000 0.14701871
0.82900000 0.14683667
0.83000000 0.14665506
0.83100000 0.14647389
0.83200000 0.14629316
0.83300000 0.14611287
0.83400000 0.14593300
0.83500000 0.14575357
0.83600000 0.14557456
0.83700000 0.14539598
0.83800000 0.14521783
0.83900000 0.14504011
0.84000000 0.14486281
0.84100000 0.14468592
0.84200000 0.14450946
0.84300000 0.14433342
0.84400000 0.14415780
0.84500000 0.14398259
0.84600000 0.14380780
0.84700000 0.14363341
0.84800000 0.14345944
0.84900000 0.14328588
0.85000000 0.14311273
0.85100000 0.14293999
0.85200000 0.14276765
0.85300000 0.14259572
0.85400000 0.14242418
0.85500000 0.14225305
0.85600000 0.14208232
0.85700000 0.14191199
0.85800000 0.14174206
0.85900000 0.14157252
0.86000000 0.14140338
0.86100000 0.14123462
0.86200000 0.14106627
0.86300000 0.14089830
0.86400000 0.14073072
0.86500000 0.14056352
0.86600000 0.14039672
0.86700000 0.14023030
0.86800000 0.14006426
0.86900000 0.13989860
0.87000000 0.13973333
0.87100000 0.13956843
0.87200000 0.13940392
0.87300000 0.13923978
0.87400000 0.13907601
0.87500000 0.13891262
0.87600000 0.13874961
0.87700000 0.13858696
0.87800000 0.13842469
0.87900000 0.13826279
0.88000000 0.13810125
0.88100000 0.13794008
0.88200000 0.13777928
0.88300000 0.13761884
0.88400000 0.13745876
0.88500000 0.13729905
0.88600000 0.13713969
0.88700000 0.13698070
0.88800000 0.13682206
0.88900000 0.13666378
0.89000000 0.13650586
0.89100000 0.13634829
0.89200000 0.13619108
0.89300000 0.13603422
0.89400000 0.13587770
0.89500000 0.13572154
0.89600000 0.13556573
0.89700000 0.13541026
0.89800000 0.13525514
0.89900000 0.13510037
0.90000000 0.13494594
0.90100000 0.13479185
0.90200000 0.13463811
0.90300000 0.13448470
0.90400000 0.13433164
0.90500000 0.13417891
0.90600000 0.13402652
0.90700000 0.13387447
0.90800000 0.13372275
0.90900000 0.13357137
0.91000000 0.13342032
0.91100000 0.13326960
0.91200000 0.13311921
0.91300000 0.13296915
0.91400000 0.13281942
0.91500000 0.13267001
0.91600000 0.13252094
0.91700000 0.13237219
0.91800000 0.13222376
0.91900000 0.13207565
0.92000000 0.13192787
0.92100000 0.13178041
0.92200000 0.13163327
0.92300000 0.13148645
0.92400000 0.13133994
0.92500000 0.13119376
0.92600000 0.13104788
0.92700000 0.13090233
0.92800000 0.13075708
0.92900000 0.13061215
0.93000000 0.13046754
0.93100000 0.13032323
0.93200000 0.13017923
0.93300000 0.13003554
0.93400000 0.12989216
0.93500000 0.12974909
0.93600000 0.12960632
0.93700000 0.12946386
0.93800000 0.12932170
0.93900000 0.12917984
0.94000000 0.12903828
0.94100000 0.12889703
0.94200000 0.12875608
0.94300000 0.12861542
0.94400000 0.12847507
0.94500000 0.12833501
0.94600000 0.12819524
0.94700000 0.12805578
0.94800000 0.12791660
0.94900000 0.12777772
0.95000000 0.12763914
0.95100000 0.12750084
0.95200000 0.12736283
0.95300000 0.12722512
0.95400000 0.12708769
0.95500000 0.12695055
0.95600000 0.12681370
0.95700000 0.12667714
0.95800000 0.12654086
0.95900000 0.12640486
0.96000000 0.12626915
0.96100000 0.12613372
0.96200000 0.12599857
0.96300000 0.12586370
0.96400000 0.12572912
0.96500000 0.12559481
0.96600000 0.12546078
0.96700000 0.12532702
0.96800000 0.12519355
0.96900000 0.12506035
0.97000000 0.12492742
0.97100000 0.12479477
0.97200000 0.12466239
0.97300000 0.12453028
0.97400000 0.12439845
0.97500000 0.12426688
0.97600000 0.12413559
0.97700000 0.12400456
0.97800000 0.12387381
0.97900000 0.12374331
0.98000000 0.12361309
0.98100000 0.12348313
0.98200000 0.12335344
0.98300000 0.12322401
0.98400000 0.12309484
0.98500000 0.12296594
0.98600000 0.12283729
0.98700000 0.12270891
0.98800000 0.12258079
0.98900000 0.12245293
0.99000000 0.12232532
0.99100000 0.12219798
0.99200000 0.12207089
0.99300000 0.12194405
0.99400000 0.12181747
0.99500000 0.12169115
0.99600000 0.12156508
0.99700000 0.12143926
0.99800000 0.12131370
0.99900000 0.12118839
1.00000000 0.12106332
1.00100000 0.12093851
1.00200000 0.12081395
1.00300000 0.12068963
1.00400000 0.12056557
1.00500000 0.12044175
1.00600000 0.12031817
1.00700000 0.12019484
1.00800000 0.12007176
1.00900000 0.11994892
1.01000000 0.11982633
1.01100000 0.11970397
1.01200000 0.11958186
1.01300000 0.11945999
1.01400000 0.11933836
1.01500000 0.11921697
1.01600000 0.11909582
1.01700000 0.11897491
1.01800000 0.11885423
1.01900000 0.11873380
1.02000000 0.11861360
1.02100000 0.11849363
1.02200000 0.11837390
1.02300000 0.11825440
1.02400000 0.11813514
1.02500000 0.11801611
1.02600000 0.11789731
1.02700000 0.11777874
1.02800000 0.11766041
1.02900000 0.11754230
1.03000000 0.11742442
1.03100000 0.11730678
1.03200000 0.11718936
1.03300000 0.11707217
1.03400000 0.11695520
1.03500000 0.11683846
1.03600000 0.11672195
1.03700000 0.11660566
1.03800000 0.11648959
1.03900000 0.11637375
1.04000000 0.11625814
1.04100000 0.11614274
1.04200000 0.11602757
1.04300000 0.11591261
1.04400000 0.11579788
1.04500000 0.11568337
1.04600000 0.11556907
1.04700000 0.11545500
1.04800000 0.11534114
1.04900000 0.11522750
1.05000000 0.11511407
1.05100000 0.11500086
1.05200000 0.11488787
1.05300000 0.11477509
1.05400000 0.11466253
1.05500000 0.11455018
1.05600000 0.11443804
1.05700000 0.11432612
1.05800000 0.11421440
1.05900000 0.11410290
1.06000000 0.11399161
1.06100000 0.11388053
1.06200000 0.11376965
1.06300000 0.11365899
1.06400000 0.11354853
1.06500000 0.11343828
1.06600000 0.11332824
1.06700000 0.11321841
1.06800000 0.11310878
1.06900000 0.11299935
1.07000000 0.11289013
1.07100000 0.11278112
1.07200000 0.11267231
1.07300000 0.11256370
1.07400000 0.11245529
1.07500000 0.11234709
1.07600000 0.11223908
1.07700000 0.11213128
1.07800000 0.11202368
1.07900000 0.11191628
1.08000000 0.11180907
1.08100000 0.11170207
1.08200000 0.11159526
1.08300000 0.11148865
1.08400000 0.11138223
1.08500000 0.11127602
1.08600000 0.11116999
1.08700000 0.11106417
1.08800000 0.11095854
1.08900000 0.11085310
1.09000000 0.11074786
1.09100000 0.11064280
1.09200000 0.11053795
1.09300000 0.11043328
1.09400000 0.11032880
1.09500000 0.11022452
1.09600000 0.11012043
1.09700000 0.11001652
1.09800000 0.10991281
1.09900000 0.10980928
1.10000000 0.10970594
1.10100000 0.10960280
1.10200000 0.10949983
1.10300000 0.10939706
1.10400000 0.10929447
1.10500000 0.10919207
1.10600000 0.10908985
1.10700000 0.10898781
1.10800000 0.10888597
1.10900000 0.10878430
1.11000000 0.10868282
1.11100000 0.10858152
1.11200000 0.10848040
1.11300000 0.10837947
1.11400000 0.10827871
1.11500000 0.10817814
1.11600000 0.10807775
1.11700000 0.10797754
1.11800000 0.10787750
1.11900000 0.10777765
1.12000000 0.10767797
1.12100000 0.10757848
1.12200000 0.10747916
1.12300000 0.10738001
1.12400000 0.10728105
1.12500000 0.10718225
1.12600000 0.10708364
1.12700000 0.10698520
1.12800000 0.10688693
1.12900000 0.10678884
1.13000000 0.10669093
1.13100000 0.10659318
1.13200000 0.10649561
1.13300000 0.10639821
1.13400000 0.10630098
1.13500000 0.10620393
1.13600000 0.10610704
1.13700000 0.10601033
1.13800000 0.10591378
1.13900000 0.10581741
1.14000000 0.10572120
1.14100000 0.10562517
1.14200000 0.10552930
1.14300000 0.10543360
1.14400000 0.10533806
1.14500000 0.10524270
1.14600000 0.10514750
1.14700000 0.10505247
1.14800000 0.10495760
1.14900000 0.10486290
1.15000000 0.10476836
1.15100000 0.10467398
1.15200000 0.10457977
1.15300000 0.10448573
1.15400000 0.10439185
1.15500000 0.10429813
1.15600000 0.10420457
1.15700000 0.10411117
1.15800000 0.10401794
1.15900000 0.10392486
1.16000000 0.10383195
1.16100000 0.10373920
1.16200000 0.10364660
1.16300000 0.10355417
1.16400000 0.10346190
1.16500000 0.10336978
1.16600000 0.10327782
1.16700000 0.10318602
1.16800000 0.10309438
1.16900000 0.10300289
1.17000000 0.10291156
1.17100000 0.10282039
1.17200000 0.10272937
1.17300000 0.10263851
1.17400000 0.10254780
1.17500000 0.10245725
1.17600000 0.10236685
1.17700000 0.10227660
1.17800000 0.10218651
1.17900000 0.10209657
1.18000000 0.10200678
1.18100000 0.10191715
1.18200000 0.10182766
1.18300000 0.10173833
1.18400000 0.10164915
1.18500000 0.10156012
1.18600000 0.10147124
1.18700000 0.10138251
1.18800000 0.10129393
1.18900000 0.10120550
1.19000000 0.10111722
1.19100000 0.10102909
1.19200000 0.10094110
1.19300000 0.10085326
1.19400000 0.10076557
1.19500000 0.10067802
1.19600000 0.10059063
1.19700000 0.10050338
1.19800000 0.10041627
1.19900000 0.10032931
1.20000000 0.10024249
1.20100000 0.10015582
1.20200000 0.10006930
1.20300000 0.09998291
1.20400000 0.09989667
1.20500000 0.09981058
1.20600000 0.09972463
1.20700000 0.09963881
1.20800000 0.09955315
1.20900000 0.09946762
1.21000000 0.09938224
1.21100000 0.09929699
1.21200000 0.09921189
1.21300000 0.09912693
1.21400000 0.09904210
1.21500000 0.09895742
1.21600000 0.09887288
1.21700000 0.09878847
1.21800000 0.09870421
1.21900000 0.09862008
1.22000000 0.09853609
1.22100000 0.09845224
1.22200000 0.09836852
1.22300000 0.09828495
1.22400000 0.09820151
1.22500000 0.09811820
1.22600000 0.09803503
1.22700000 0.09795200
1.22800000 0.09786910
1.22900000 0.09778634
1.23000000 0.09770371
1.23100000 0.09762122
1.23200000 0.09753886
1.23300000 0.09745664
1.23400000 0.09737454
1.23500000 0.09729258
1.23600000 0.09721076
1.23700000 0.09712906
1.23800000 0.09704750
1.23900000 0.09696607
1.24000000 0.09688477
1.24100000 0.09680360
1.24200000 0.09672257
1.24300000 0.09664166
1.24400000 0.09656089
1.24500000 0.09648024
1.24600000 0.09639972
1.24700000 0.09631933
1.24800000 0.09623908
1.24900000 0.09615895
1.25000000 0.09607894
1.25100000 0.09599907
1.25200000 0.09591932
1.25300000 0.09583971
1.25400000 0.09576021
1.25500000 0.09568085
1.25600000 0.09560161
1.25700000 0.09552250
1.25800000 0.09544351
1.25900000 0.09536465
1.26000000 0.09528592
1.26100000 0.09520731
1.26200000 0.09512882
1.26300000 0.09505046
1.26400000 0.09497222
1.26500000 0.09489411
1.26600000 0.09481612
1.26700000 0.09473825
1.26800000 0.09466051
1.26900000 0.09458289
1.27000000 0.09450539
1.27100000 0.09442801
1.27200000 0.09435075
1.27300000 0.09427362
1.27400000 0.09419661
1.27500000 0.09411972
1.27600000 0.09404295
1.27700000 0.09396630
1.27800000 0.09388977
1.27900000 0.09381335
1.28000000 0.09373706
1.28100000 0.09366089
1.28200000 0.09358484
1.28300000 0.09350890
1.28400000 0.09343309
1.28500000 0.09335739
1.28600000 0.09328181
1.28700000 0.09320635
1.28800000 0.09313100
1.28900000 0.09305577
1.29000000 0.09298066
1.29100000 0.09290567
1.29200000 0.09283079
1.29300000 0.09275602
1.29400000 0.09268138
1.29500000 0.09260684
1.29600000 0.09253243
1.29700000 0.09245812
1.29800000 0.09238394
1.29900000 0.09230986
1.30000000 0.09223590
1.30100000 0.09216206
1.30200000 0.09208833
1.30300000 0.09201471
1.30400000 0.09194120
1.30500000 0.09186781
1.30600000 0.09179453
1.30700000 0.09172136
1.30800000 0.09164831
1.30900000 0.09157536
1.31000000 0.09150253
1.31100000 0.09142981
1.31200000 0.09135720
1.31300000 0.09128470
1.31400000 0.09121231
1.31500000 0.09114003
1.31600000 0.09106786
1.31700000 0.09099580
1.31800000 0.09092385
1.31900000 0.09085200
1.32000000 0.09078027
1.32100000 0.09070865
1.32200000 0.09063713
1.32300000 0.09056573
1.32400000 0.09049443
1.32500000 0.09042324
1.32600000 0.09035215
1.32700000 0.09028118
1.32800000 0.09021031
1.32900000 0.09013954
1.33000000 0.09006889
1.33100000 0.08999834
1.33200000 0.08992789
1.33300000 0.08985756
1.33400000 0.08978732
1.33500000 0.08971720
1.33600000 0.08964717
1.33700000 0.08957726
1.33800000 0.08950744
1.33900000 0.08943773
1.34000000 0.08936813
1.34100000 0.08929863
1.34200000 0.08922923
1.34300000 0.08915994
1.34400000 0.08909075
1.34500000 0.08902166
1.34600000 0.08895268
1.34700000 0.08888379
1.34800000 0.08881502
1.34900000 0.08874634
1.35000000 0.08867776
1.35100000 0.08860929
1.35200000 0.08854091
1.35300000 0.08847264
1.35400000 0.08840447
1.35500000 0.08833640
1.35600000 0.08826843
1.35700000 0.08820056
1.35800000 0.08813279
1.35900000 0.08806513
1.36000000 0.08799756
1.36100000 0.08793009
1.36200000 0.08786271
1.36300000 0.08779544
1.36400000 0.08772827
1.36500000 0.08766119
1.36600000 0.08759422
1.36700000 0.08752734
1.36800000 0.08746056
1.36900000 0.08739387
1.37000000 0.08732729
1.37100000 0.08726080
1.37200000 0.08719441
1.37300000 0.08712811
1.37400000 0.08706192
1.37500000 0.08699581
1.37600000 0.08692981
1.37700000 0.08686390
1.37800000 0.08679809
1.37900000 0.08673237
1.38000000 0.08666674
1.38100000 0.08660122
1.38200000 0.08653578
1.38300000 0.08647045
1.38400000 0.08640520
1.38500000 0.08634005
1.38600000 0.08627500
1.38700000 0.08621004
1.38800000 0.08614517
1.38900000 0.08608039
1.39000000 0.08601571
1.39100000 0.08595113
1.39200000 0.08588663
1.39300000 0.08582223
1.39400000 0.08575792
1.39500000 0.08569370
1.39600000 0.08562958
1.39700000 0.08556554
1.39800000 0.08550160
1.39900000 0.08543775
1.40000000 0.08537399
1.40100000 0.08531032
1.40200000 0.08524675
1.40300000 0.08518326
1.40400000 0.08511986
1.40500000 0.08505656
1.40600000 0.08499334
1.40700000 0.08493022
1.40800000 0.08486718
1.40900000 0.08480424
1.41000000 0.08474138
1.41100000 0.08467861
1.41200000 0.08461593
1.41300000 0.08455334
1.41400000 0.08449084
1.41500000 0.08442843
1.41600000 0.08436611
1.41700000 0.08430387
1.41800000 0.08424172
1.41900000 0.08417966
1.42000000 0.08411769
1.42100000 0.08405580
1.42200000 0.08399400
1.42300000 0.08393229
1.42400000 0.08387067
1.42500000 0.08380913
1.42600000 0.08374768
1.42700000 0.08368631
1.42800000 0.08362503
1.42900000 0.08356384
1.43000000 0.08350273
1.43100000 0.08344170
1.43200000 0.08338077
1.43300000 0.08331991
1.43400000 0.08325915
1.43500000 0.08319846
1.43600000 0.08313787
1.43700000 0.08307735
1.43800000 0.08301692
1.43900000 0.08295658
1.44000000 0.08289632
1.44100000 0.08283614
1.44200000 0.08277604
1.44300000 0.08271603
1.44400000 0.08265611
1.44500000 0.08259626
1.44600000 0.08253650
1.44700000 0.08247682
1.44800000 0.08241722
1.44900000 0.08235771
1.45000000 0.08229828
1.45100000 0.08223893
1.45200000 0.08217966
1.45300000 0.08212047
1.45400000 0.08206137
1.45500000 0.08200234
1.45600000 0.08194340
1.45700000 0.08188454
1.45800000 0.08182576
1.45900000 0.08176706
1.46000000 0.08170844
1.46100000 0.08164990
1.46200000 0.08159144
1.46300000 0.08153306
1.46400000 0.08147476
1.46500000 0.08141654
1.46600000 0.08135840
1.46700000 0.08130034
1.46800000 0.08124236
1.46900000 0.08118446
1.47000000 0.08112664
1.47100000 0.08106889
1.47200000 0.08101122
1.47300000 0.08095364
1.47400000 0.08089613
1.47500000 0.08083869
1.47600000 0.08078134
1.47700000 0.08072406
1.47800000 0.08066687
1.47900000 0.08060975
1.48000000 0.08055270
1.48100000 0.08049574
1.48200000 0.08043885
1.48300000 0.08038203
1.48400000 0.08032530
1.48500000 0.08026864
1.48600000 0.08021205
1.48700000 0.08015555
1.48800000 0.08009911
1.48900000 0.08004276
1.49000000 0.07998648
1.49100000 0.07993028
1.49200000 0.07987415
1.49300000 0.07981809
1.49400000 0.07976212
1.49500000 0.07970621
1.49600000 0.07965038
1.49700000 0.07959463
1.49800000 0.07953895
1.49900000 0.07948335
1.50000000 0.07942782
1.50100000 0.07937236
1.50200000 0.07931698
1.50300000 0.07926167
1.50400000 0.07920643
1.50500000 0.07915127
1.50600000 0.07909618
1.50700000 0.07904117
1.50800000 0.07898622
1.50900000 0.07893136
1.51000000 0.07887656
1.51100000 0.07882184
1.51200000 0.07876718
1.51300000 0.07871260
1.51400000 0.07865810
1.51500000 0.07860366
1.51600000 0.07854930
1.51700000 0.07849501
1.51800000 0.07844079
1.51900000 0.07838664
1.52000000 0.07833256
1.52100000 0.07827856
1.52200000 0.07822462
1.52300000 0.07817076
1.52400000 0.07811697
1.52500000 0.07806324
1.52600000 0.07800959
1.52700000 0.07795601
1.52800000 0.07790250
1.52900000 0.07784906
1.53000000 0.07779569
1.53100000 0.07774239
1.53200000 0.07768915
1.53300000 0.07763599
1.53400000 0.07758290
1.53500000 0.07752988
1.53600000 0.07747692
1.53700000 0.07742404
1.53800000 0.07737122
1.53900000 0.07731847
1.54000000 0.07726579
1.54100000 0.07721318
1.54200000 0.07716064
1.54300000 0.07710816
1.54400000 0.07705576
1.54500000 0.07700342
1.54600000 0.07695115
1.54700000 0.07689895
1.54800000 0.07684681
1.54900000 0.07679474
1.55000000 0.07674274
1.55100000 0.07669081
1.55200000 0.07663894
1.55300000 0.07658714
1.55400000 0.07653541
1.55500000 0.07648374
1.55600000 0.07643214
1.55700000 0.07638061
1.55800000 0.07632914
1.55900000 0.07627774
1.56000000 0.07622640
1.56100000 0.07617513
1.56200000 0.07612393
1.56300000 0.07607279
1.56400000 0.07602172
1.56500000 0.07597071
1.56600000 0.07591977
1.56700000 0.07586889
1.56800000 0.07581808
1.56900000 0.07576734
1.57000000 0.07571665
1.57100000 0.07566603
1.57200000 0.07561548
1.57300000 0.07556499
1.57400000 0.07551457
1.57500000 0.07546421
1.57600000 0.07541391
1.57700000 0.07536368
1.57800000 0.07531351
1.57900000 0.07526340
1.58000000 0.07521336
1.58100000 0.07516338
1.58200000 0.07511347
1.58300000 0.07506362
1.58400000 0.07501383
1.58500000 0.07496410
1.58600000 0.07491444
1.58700000 0.07486484
1.58800000 0.07481530
1.58900000 0.07476582
1.59000000 0.07471641
1.59100000 0.07466706
1.59200000 0.07461777
1.59300000 0.07456854
1.59400000 0.07451937
1.59500000 0.07447027
1.59600000 0.07442123
1.59700000 0.07437225
1.59800000 0.07432333
1.59900000 0.07427447
1.60000000 0.07422567
1.60100000 0.07417694
1.60200000 0.07412826
1.60300000 0.07407965
1.60400000 0.07403110
1.60500000 0.07398260
1.60600000 0.07393417
1.60700000 0.07388580
1.60800000 0.07383749
1.60900000 0.07378924
1.61000000 0.07374104
1.61100000 0.07369291
1.61200000 0.07364484
1.61300000 0.07359683
1.61400000 0.07354888
1.61500000 0.07350098
1.61600000 0.07345315
1.61700000 0.07340537
1.61800000 0.07335766
1.61900000 0.07331000
1.62000000 0.07326241
1.62100000 0.07321487
1.62200000 0.07316739
1.62300000 0.07311997
1.62400000 0.07307260
1.62500000 0.07302530
1.62600000 0.07297805
1.62700000 0.07293086
1.62800000 0.07288373
1.62900000 0.07283666
1.63000000 0.07278965
1.63100000 0.07274269
1.63200000 0.07269579
1.63300000 0.07264895
1.63400000 0.07260216
1.63500000 0.07255544
1.63600000 0.07250877
1.63700000 0.07246216
1.63800000 0.07241560
1.63900000 0.07236910
1.64000000 0.07232266
1.64100000 0.07227627
1.64200000 0.07222995
1.64300000 0.07218367
1.64400000 0.07213746
1.64500000 0.07209130
1.64600000 0.07204520
1.64700000 0.07199915
1.64800000 0.07195316
1.64900000 0.07190722
1.65000000 0.07186134
1.65100000 0.07181552
1.65200000 0.07176975
1.65300000 0.07172404
1.65400000 0.07167838
1.65500000 0.07163278
1.65600000 0.07158723
1.65700000 0.07154174
1.65800000 0.07149630
1.65900000 0.07145092
1.66000000 0.07140559
1.66100000 0.07136032
1.66200000 0.07131510
1.66300000 0.07126993
1.66400000 0.07122482
1.66500000 0.07117977
1.66600000 0.07113477
1.66700000 0.07108982
1.66800000 0.07104493
1.66900000 0.07100009
1.67000000 0.07095530
1.67100000 0.07091057
1.67200000 0.07086589
1.67300000 0.07082127
1.67400000 0.07077669
1.67500000 0.07073218
1.67600000 0.07068771
1.67700000 0.07064330
1.67800000 0.07059894
1.67900000 0.07055463
1.68000000 0.07051038
1.68100000 0.07046618
1.68200000 0.07042203
1.68300000 0.07037794
1.68400000 0.07033389
1.68500000 0.07028990
1.68600000 0.07024597
1.68700000 0.07020208
1.68800000 0.07015825
1.68900000 0.07011446
1.69000000 0.07007073
1.69100000 0.07002706
1.69200000 0.06998343
1.69300000 0.06993985
1.69400000 0.06989633
1.69500000 0.06985286
1.69600000 0.06980944
1.69700000 0.06976607
1.69800000 0.06972275
1.69900000 0.06967948
1.70000000 0.06963627
1.70100000 0.06959310
1.70200000 0.06954999
1.70300000 0.06950692
1.70400000 0.06946391
1.70500000 0.06942095
1.70600000 0.06937803
1.70700000 0.06933517
1.70800000 0.06929236
1.70900000 0.06924960
1.71000000 0.06920689
1.71100000 0.06916422
1.71200000 0.06912161
1.71300000 0.06907905
1.71400000 0.06903654
1.71500000 0.06899408
1.71600000 0.06895166
1.71700000 0.06890930
1.71800000 0.06886699
1.71900000 0.06882472
1.72000000 0.06878251
1.72100000 0.06874034
1.72200000 0.06869822
1.72300000 0.06865615
1.72400000 0.06861414
1.72500000 0.06857216
1.72600000 0.06853024
1.72700000 0.06848837
1.72800000 0.06844654
1.72900000 0.06840477
1.73000000 0.06836304
1.73100000 0.06832136
1.73200000 0.06827973
1.73300000 0.06823815
1.73400000 0.06819661
1.73500000 0.06815512
1.73600000 0.06811368
1.73700000 0.06807229
1.73800000 0.06803095
1.73900000 0.06798965
1.74000000 0.06794840
1.74100000 0.06790720
1.74200000 0.06786605
1.74300000 0.06782494
1.74400000 0.06778388
1.74500000 0.06774287
1.74600000 0.06770190
1.74700000 0.06766098
1.74800000 0.06762011
1.74900000 0.06757929
1.75000000 0.06753851
1.75100000 0.06749778
1.75200000 0.06745709
1.75300000 0.06741646
1.75400000 0.06737586
1.75500000 0.06733532
1.75600000 0.06729482
1.75700000 0.06725437
1.75800000 0.06721396
1.75900000 0.06717360
1.76000000 0.06713328
1.76100000 0.06709301
1.76200000 0.06705279
1.76300000 0.06701261
1.76400000 0.06697248
1.76500000 0.06693239
1.76600000 0.06689235
1.76700000 0.06685236
1.76800000 0.06681241
1.76900000 0.06677250
1.77000000 0.06673264
1.77100000 0.06669283
1.77200000 0.06665306
1.77300000 0.06661333
1.77400000 0.06657365
1.77500000 0.06653401
1.77600000 0.06649442
1.77700000 0.06645488
1.77800000 0.06641538
1.77900000 0.06637592
1.78000000 0.06633651
1.78100000 0.06629714
1.78200000 0.06625781
1.78300000 0.06621853
1.78400000 0.06617930
1.78500000 0.06614011
1.78600000 0.06610096
1.78700000 0.06606186
1.78800000 0.06602279
1.78900000 0.06598378
1.79000000 0.06594481
1.79100000 0.06590588
1.79200000 0.06586699
1.79300000 0.06582815
1.79400000 0.06578935
1.79500000 0.06575059
1.79600000 0.06571188
1.79700000 0.06567321
1.79800000 0.06563459
1.79900000 0.06559600
1.80000000 0.06555746
1.80100000 0.06551897
1.80200000 0.06548051
1.80300000 0.06544210
1.80400000 0.06540373
1.80500000 0.06536541
1.80600000 0.06532712
1.80700000 0.06528888
1.80800000 0.06525068
1.80900000 0.06521252
1.81000000 0.06517441
1.81100000 0.06513634
1.81200000 0.06509831
1.81300000 0.06506032
1.81400000 0.06502237
1.81500000 0.06498447
1.81600000 0.06494660
1.81700000 0.06490878
1.81800000 0.06487100
1.81900000 0.06483327
1.82000000 0.06479557
1.82100000 0.06475792
1.82200000 0.06472030
1.82300000 0.06468273
1.82400000 0.06464520
1.82500000 0.06460771
1.82600000 0.06457026
1.82700000 0.06453285
1.82800000 0.06449549
1.82900000 0.06445816
1.83000000 0.06442088
1.83100000 0.06438363
1.83200000 0.06434643
1.83300000 0.06430927
1.83400000 0.06427215
1.83500000 0.06423507
1.83600000 0.06419802
1.83700000 0.06416102
1.83800000 0.06412406
1.83900000 0.06408714
1.84000000 0.06405026
1.84100000 0.06401343
1.84200000 0.06397663
1.84300000 0.06393987
1.84400000 0.06390315
1.84500000 0.06386647
1.84600000 0.06382983
1.84700000 0.06379323
1.84800000 0.06375667
1.84900000 0.06372015
1.85000000 0.06368367
1.85100000 0.06364722
1.85200000 0.06361082
1.85300000 0.06357446
1.85400000 0.06353813
1.85500000 0.06350185
1.85600000 0.06346560
1.85700000 0.06342940
1.85800000 0.06339323
1.85900000 0.06335710
1.86000000 0.06332101
1.86100000 0.06328496
1.86200000 0.06324895
1.86300000 0.06321298
1.86400000 0.06317704
1.86500000 0.06314115
1.86600000 0.06310529
1.86700000 0.06306947
1.86800000 0.06303369
1.86900000 0.06299795
1.87000000 0.06296225
1.87100000 0.06292658
1.87200000 0.06289096
1.87300000 0.06285537
1.87400000 0.06281982
1.87500000 0.06278430
1.87600000 0.06274883
1.87700000 0.06271339
1.87800000 0.06267799
1.87900000 0.06264263
1.88000000 0.06260730
1.88100000 0.06257202
1.88200000 0.06253677
1.88300000 0.06250156
1.88400000 0.06246638
1.88500000 0.06243125
1.88600000 0.06239615
1.88700000 0.06236109
1.88800000 0.06232606
1.88900000 0.06229107
1.89000000 0.06225612
1.89100000 0.06222121
1.89200000 0.06218633
1.89300000 0.06215149
1.89400000 0.06211669
1.89500000 0.06208193
1.89600000 0.06204720
1.89700000 0.06201250
1.89800000 0.06197785
1.89900000 0.06194323
1.90000000 0.06190865
1.90100000 0.06187410
1.90200000 0.06183959
1.90300000 0.06180512
1.90400000 0.06177068
1.90500000 0.06173628
1.90600000 0.06170191
1.90700000 0.06166758
1.90800000 0.06163329
1.90900000 0.06159903
1.91000000 0.06156481
1.91100000 0.06153063
1.91200000 0.06149648
1.91300000 0.06146237
1.91400000 0.06142829
1.91500000 0.06139425
1.91600000 0.06136024
1.91700000 0.06132627
1.91800000 0.06129233
1.91900000 0.06125843
1.92000000 0.06122457
1.92100000 0.06119074
1.92200000 0.06115694
1.92300000 0.06112319
1.92400000 0.06108946
1.92500000 0.06105577
1.92600000 0.06102212
1.92700000 0.06098850
1.92800000 0.06095492
1.92900000 0.06092137
1.93000000 0.06088786
1.93100000 0.06085438
1.93200000 0.06082093
1.93300000 0.06078752
1.93400000 0.06075415
1.93500000 0.06072081
1.93600000 0.06068750
1.93700000 0.06065423
1.93800000 0.06062099
1.93900000 0.06058779
1.94000000 0.06055462
1.94100000 0.06052149
1.94200000 0.06048839
1.94300000 0.06045532
1.94400000 0.06042229
1.94500000 0.06038929
1.94600000 0.06035633
1.94700000 0.06032340
1.94800000 0.06029050
1.94900000 0.06025764
1.95000000 0.06022481
1.95100000 0.06019201
1.95200000 0.06015925
1.95300000 0.06012652
1.95400000 0.06009383
1.95500000 0.06006117
1.95600000 0.06002854
1.95700000 0.05999595
1.95800000 0.05996339
1.95900000 0.05993086
1.96000000 0.05989837
1.96100000 0.05986591
1.96200000 0.05983348
1.96300000 0.05980109
1.96400000 0.05976872
1.96500000 0.05973640
1.96600000 0.05970410
1.96700000 0.05967184
1.96800000 0.05963961
1.96900000 0.05960741
1.97000000 0.05957525
1.97100000 0.05954312
1.97200000 0.05951102
1.97300000 0.05947895
1.97400000 0.05944692
1.97500000 0.05941492
1.97600000 0.05938295
1.97700000 0.05935101
1.97800000 0.05931911
1.97900000 0.05928724
1.98000000 0.05925540
1.98100000 0.05922359
1.98200000 0.05919182
1.98300000 0.05916007
1.98400000 0.05912836
1.98500000 0.05909668
1.98600000 0.05906504
1.98700000 0.05903342
1.98800000 0.05900184
1.98900000 0.05897029
1.99000000 0.05893877
1.99100000 0.05890728
1.99200000 0.05887583
1.99300000 0.05884440
1.99400000 0.05881301
1.99500000 0.05878165
1.99600000 0.05875032
1.99700000 0.05871902
1.99800000 0.05868775
1.99900000 0.05865652
2.00000000 0.05862531
2.00100000 0.05859414
2.00200000 0.05856300
2.00300000 0.05853189
2.00400000 0.05850081
2.00500000 0.05846976
2.00600000 0.05843874
2.00700000 0.05840775
2.00800000 0.05837680
2.00900000 0.05834587
2.01000000 0.05831498
2.01100000 0.05828412
2.01200000 0.05825328
2.01300000 0.05822248
2.01400000 0.05819171
2.01500000 0.05816097
2.01600000 0.05813026
2.01700000 0.05809958
2.01800000 0.05806893
2.01900000 0.05803832
2.02000000 0.05800773
2.02100000 0.05797717
2.02200000 0.05794664
2.02300000 0.05791614
2.02400000 0.05788568
2.02500000 0.05785524
2.02600000 0.05782483
2.02700000 0.05779446
2.02800000 0.05776411
2.02900000 0.05773379
2.03000000 0.05770351
2.03100000 0.05767325
2.03200000 0.05764302
2.03300000 0.05761283
2.03400000 0.05758266
2.03500000 0.05755252
2.03600000 0.05752241
2.03700000 0.05749233
2.03800000 0.05746228
2.03900000 0.05743226
2.04000000 0.05740227
2.04100000 0.05737231
2.04200000 0.05734238
2.04300000 0.05731248
2.04400000 0.05728261
2.04500000 0.05725277
2.04600000 0.05722295
2.04700000 0.05719317
2.04800000 0.05716341
2.04900000 0.05713368
2.05000000 0.05710399
2.05100000 0.05707432
2.05200000 0.05704468
2.05300000 0.05701507
2.05400000 0.05698549
2.05500000 0.05695593
2.05600000 0.05692641
2.05700000 0.05689692
2.05800000 0.05686745
2.05900000 0.05683801
2.06000000 0.05680860
2.06100000 0.05677922
2.06200000 0.05674987
2.06300000 0.05672055
2.06400000 0.05669125
2.06500000 0.05666198
2.06600000 0.05663275
2.06700000 0.05660354
2.06800000 0.05657435
2.06900000 0.05654520
2.07000000 0.05651608
2.07100000 0.05648698
2.07200000 0.05645791
2.07300000 0.05642887
2.07400000 0.05639986
2.07500000 0.05637087
2.07600000 0.05634192
2.07700000 0.05631299
2.07800000 0.05628409
2.07900000 0.05625521
2.08000000 0.05622637
2.08100000 0.05619755
2.08200000 0.05616876
2.08300000 0.05614000
2.08400000 0.05611127
2.08500000 0.05608256
2.08600000 0.05605388
2.08700000 0.05602523
2.08800000 0.05599661
2.08900000 0.05596801
2.09000000 0.05593944
2.09100000 0.05591090
2.09200000 0.05588238
2.09300000 0.05585390
2.09400000 0.05582544
2.09500000 0.05579700
2.09600000 0.05576860
2.09700000 0.05574022
2.09800000 0.05571187
2.09900000 0.05568355
2.10000000 0.05565525
2.10100000 0.05562698
2.10200000 0.05559874
2.10300000 0.05557052
2.10400000 0.05554233
2.10500000 0.05551417
2.10600000 0.05548603
2.10700000 0.05545792
2.10800000 0.05542984
2.10900000 0.05540179
2.11000000 0.05537376
2.11100000 0.05534576
2.11200000 0.05531778
2.11300000 0.05528983
2.11400000 0.05526191
2.11500000 0.05523401
2.11600000 0.05520614
2.11700000 0.05517830
2.11800000 0.05515048
2.11900000 0.05512269
2.12000000 0.05509493
2.12100000 0.05506719
2.12200000 0.05503948
2.12300000 0.05501179
2.12400000 0.05498413
2.12500000 0.05495650
2.12600000 0.05492889
2.12700000 0.05490131
2.12800000 0.05487375
2.12900000 0.05484622
2.13000000 0.05481872
2.13100000 0.05479124
2.13200000 0.05476379
2.13300000 0.05473637
2.13400000 0.05470896
2.13500000 0.05468159
2.13600000 0.05465424
2.13700000 0.05462692
2.13800000 0.05459962
2.13900000 0.05457235
2.14000000 0.05454510
2.14100000 0.05451788
2.14200000 0.05449068
2.14300000 0.05446351
2.14400000 0.05443637
2.14500000 0.05440925
2.14600000 0.05438216
2.14700000 0.05435509
2.14800000 0.05432804
2.14900000 0.05430103
2.15000000 0.05427403
2.15100000 0.05424706
2.15200000 0.05422012
2.15300000 0.05419320
2.15400000 0.05416631
2.15500000 0.05413944
2.15600000 0.05411260
2.15700000 0.05408578
2.15800000 0.05405899
2.15900000 0.05403222
2.16000000 0.05400548
2.16100000 0.05397876
2.16200000 0.05395207
2.16300000 0.05392540
2.16400000 0.05389875
2.16500000 0.05387214
2.16600000 0.05384554
2.16700000 0.05381897
2.16800000 0.05379242
2.16900000 0.05376590
2.17000000 0.05373941
2.17100000 0.05371293
2.17200000 0.05368649
2.17300000 0.05366006
2.17400000 0.05363366
2.17500000 0.05360729
2.17600000 0.05358094
2.17700000 0.05355461
2.17800000 0.05352831
2.17900000 0.05350203
2.18000000 0.05347578
2.18100000 0.05344955
2.18200000 0.05342335
2.18300000 0.05339717
2.18400000 0.05337101
2.18500000 0.05334487
2.18600000 0.05331877
2.18700000 0.05329268
2.18800000 0.05326662
2.18900000 0.05324058
2.19000000 0.05321457
2.19100000 0.05318858
2.19200000 0.05316261
2.19300000 0.05313667
2.19400000 0.05311075
2.19500000 0.05308486
2.19600000 0.05305898
2.19700000 0.05303314
2.19800000 0.05300731
2.19900000 0.05298151
2.20000000 0.05295574
2.20100000 0.05292998
2.20200000 0.05290425
2.20300000 0.05287854
2.20400000 0.05285286
2.20500000 0.05282720
2.20600000 0.05280156
2.20700000 0.05277595
2.20800000 0.05275036
2.20900000 0.05272479
2.21000000 0.05269925
2.21100000 0.05267373
2.21200000 0.05264823
2.21300000 0.05262276
2.21400000 0.05259731
2.21500000 0.05257188
2.21600000 0.05254647
2.21700000 0.05252109
2.21800000 0.05249573
2.21900000 0.05247039
2.22000000 0.05244508
2.22100000 0.05241979
2.22200000 0.05239452
2.22300000 0.05236928
2.22400000 0.05234405
2.22500000 0.05231885
2.22600000 0.05229368
2.22700000 0.05226852
2.22800000 0.05224339
2.22900000 0.05221828
2.23000000 0.05219320
2.23100000 0.05216813
2.23200000 0.05214309
2.23300000 0.05211807
2.23400000 0.05209308
2.23500000 0.05206810
2.23600000 0.05204315
2.23700000 0.05201822
2.23800000 0.05199331
2.23900000 0.05196843
2.24000000 0.05194357
2.24100000 0.05191873
2.24200000 0.05189391
2.24300000 0.05186911
2.24400000 0.05184434
2.24500000 0.05181959
2.24600000 0.05179486
2.24700000 0.05177015
2.24800000 0.05174547
2.24900000 0.05172080
2.25000000 0.05169616
2.25100000 0.05167154
2.25200000 0.05164694
2.25300000 0.05162237
2.25400000 0.05159781
2.25500000 0.05157328
2.25600000 0.05154877
2.25700000 0.05152428
2.25800000 0.05149982
2.25900000 0.05147537
2.26000000 0.05145095
2.26100000 0.05142655
2.26200000 0.05140217
2.26300000 0.05137781
2.26400000 0.05135347
2.26500000 0.05132916
2.26600000 0.05130486
2.26700000 0.05128059
2.26800000 0.05125634
2.26900000 0.05123211
2.27000000 0.05120790
2.27100000 0.05118372
2.27200000 0.05115955
2.27300000 0.05113541
2.27400000 0.05111129
2.27500000 0.05108719
2.27600000 0.05106311
2.27700000 0.05103905
2.27800000 0.05101501
2.27900000 0.05099099
2.28000000 0.05096700
2.28100000 0.05094302
2.28200000 0.05091907
2.28300000 0.05089514
2.28400000 0.05087123
2.28500000 0.05084734
2.28600000 0.05082347
2.28700000 0.05079962
2.28800000 0.05077579
2.28900000 0.05075198
2.29000000 0.05072820
2.29100000 0.05070443
2.29200000 0.05068069
2.29300000 0.05065696
2.29400000 0.05063326
2.29500000 0.05060958
2.29600000 0.05058592
2.29700000 0.05056228
2.29800000 0.05053866
2.29900000 0.05051506
2.30000000 0.05049148
2.30100000 0.05046792
2.30200000 0.05044438
2.30300000 0.05042087
2.30400000 0.05039737
2.30500000 0.05037389
2.30600000 0.05035044
2.30700000 0.05032700
2.30800000 0.05030359
2.30900000 0.05028019
2.31000000 0.05025682
2.31100000 0.05023346
2.31200000 0.05021013
2.31300000 0.05018682
2.31400000 0.05016352
2.31500000 0.05014025
2.31600000 0.05011700
2.31700000 0.05009376
2.31800000 0.05007055
2.31900000 0.05004736
2.32000000 0.05002418
2.32100000 0.05000103
2.32200000 0.04997790
2.32300000 0.04995478
2.32400000 0.04993169
2.32500000 0.04990862
2.32600000 0.04988557
2.32700000 0.04986253
2.32800000 0.04983952
2.32900000 0.04981652
2.33000000 0.04979355
2.33100000 0.04977060
2.33200000 0.04974766
2.33300000 0.04972475
2.33400000 0.04970185
2.33500000 0.04967898
2.33600000 0.04965612
2.33700000 0.04963329
2.33800000 0.04961047
2.33900000 0.04958767
2.34000000 0.04956489
2.34100000 0.04954214
2.34200000 0.04951940
2.34300000 0.04949668
2.34400000 0.04947398
2.34500000 0.04945130
2.34600000 0.04942864
2.34700000 0.04940600
2.34800000 0.04938338
2.34900000 0.04936077
2.35000000 0.04933819
2.35100000 0.04931562
2.35200000 0.04929308
2.35300000 0.04927055
2.35400000 0.04924805
2.35500000 0.04922556
2.35600000 0.04920309
2.35700000 0.04918064
2.35800000 0.04915821
2.35900000 0.04913580
2.36000000 0.04911341
2.36100000 0.04909104
2.36200000 0.04906868
2.36300000 0.04904635
2.36400000 0.04902403
2.36500000 0.04900174
2.36600000 0.04897946
2.36700000 0.04895720
2.36800000 0.04893496
2.36900000 0.04891274
2.37000000 0.04889053
2.37100000 0.04886835
2.37200000 0.04884618
2.37300000 0.04882404
2.37400000 0.04880191
2.37500000 0.04877980
2.37600000 0.04875771
2.37700000 0.04873564
2.37800000 0.04871358
2.37900000 0.04869155
2.38000000 0.04866953
2.38100000 0.04864754
2.38200000 0.04862556
2.38300000 0.04860360
2.38400000 0.04858165
2.38500000 0.04855973
2.38600000 0.04853783
2.38700000 0.04851594
2.38800000 0.04849407
2.38900000 0.04847222
2.39000000 0.04845039
2.39100000 0.04842858
2.39200000 0.04840678
2.39300000 0.04838500
2.39400000 0.04836325
2.39500000 0.04834150
2.39600000 0.04831978
2.39700000 0.04829808
2.39800000 0.04827639
2.39900000 0.04825473
2.40000000 0.04823308
2.40100000 0.04821144
2.40200000 0.04818983
2.40300000 0.04816824
2.40400000 0.04814666
2.40500000 0.04812510
2.40600000 0.04810356
2.40700000 0.04808203
2.40800000 0.04806053
2.40900000 0.04803904
2.41000000 0.04801757
2.41100000 0.04799612
2.41200000 0.04797468
2.41300000 0.04795327
2.41400000 0.04793187
2.41500000 0.04791049
2.41600000 0.04788913
2.41700000 0.04786778
2.41800000 0.04784645
2.41900000 0.04782514
2.42000000 0.04780385
2.42100000 0.04778258
2.42200000 0.04776132
2.42300000 0.04774008
2.42400000 0.04771886
2.42500000 0.04769765
2.42600000 0.04767647
2.42700000 0.04765530
2.42800000 0.04763415
2.42900000 0.04761301
2.43000000 0.04759190
2.43100000 0.04757080
2.43200000 0.04754971
2.43300000 0.04752865
2.43400000 0.04750760
2.43500000 0.04748657
2.43600000 0.04746556
2.43700000 0.04744456
2.43800000 0.04742359
2.43900000 0.04740263
2.44000000 0.04738168
2.44100000 0.04736076
2.44200000 0.04733985
2.44300000 0.04731895
2.44400000 0.04729808
2.44500000 0.04727722
2.44600000 0.04725638
2.44700000 0.04723556
2.44800000 0.04721475
2.44900000 0.04719396
2.45000000 0.04717319
2.45100000 0.04715243
2.45200000 0.04713170
2.45300000 0.04711097
2.45400000 0.04709027
2.45500000 0.04706958
2.45600000 0.04704891
2.45700000 0.04702826
2.45800000 0.04700762
2.45900000 0.04698700
2.46000000 0.04696640
2.46100000 0.04694581
2.46200000 0.04692524
2.46300000 0.04690469
2.46400000 0.04688415
2.46500000 0.04686363
2.46600000 0.04684313
2.46700000 0.04682264
2.46800000 0.04680217
2.46900000 0.04678172
2.47000000 0.04676128
2.47100000 0.04674086
2.47200000 0.04672046
2.47300000 0.04670007
2.47400000 0.04667970
2.47500000 0.04665935
2.47600000 0.04663901
2.47700000 0.04661869
2.47800000 0.04659839
2.47900000 0.04657810
2.48000000 0.04655783
2.48100000 0.04653757
2.48200000 0.04651734
2.48300000 0.04649711
2.48400000 0.04647691
2.48500000 0.04645672
2.48600000 0.04643654
2.48700000 0.04641639
2.48800000 0.04639625
2.48900000 0.04637612
2.49000000 0.04635601
2.49100000 0.04633592
2.49200000 0.04631585
2.49300000 0.04629579
2.49400000 0.04627574
2.49500000 0.04625571
2.49600000 0.04623570
2.49700000 0.04621571
2.49800000 0.04619573
2.49900000 0.04617576
2.50000000 0.04615582
2.50100000 0.04613589
2.50200000 0.04611597
2.50300000 0.04609607
2.50400000 0.04607619
2.50500000 0.04605632
2.50600000 0.04603647
2.50700000 0.04601663
2.50800000 0.04599681
2.50900000 0.04597701
2.51000000 0.04595722
2.51100000 0.04593745
2.51200000 0.04591769
2.51300000 0.04589795
2.51400000 0.04587823
2.51500000 0.04585852
2.51600000 0.04583882
2.51700000 0.04581915
2.51800000 0.04579948
2.51900000 0.04577984
2.52000000 0.04576021
2.52100000 0.04574059
2.52200000 0.04572099
2.52300000 0.04570141
2.52400000 0.04568184
2.52500000 0.04566228
2.52600000 0.04564275
2.52700000 0.04562323
2.52800000 0.04560372
2.52900000 0.04558423
2.53000000 0.04556475
2.53100000 0.04554529
2.53200000 0.04552585
2.53300000 0.04550642
2.53400000 0.04548700
2.53500000 0.04546761
2.53600000 0.04544822
2.53700000 0.04542885
2.53800000 0.04540950
2.53900000 0.04539016
2.54000000 0.04537084
2.54100000 0.04535154
2.54200000 0.04533224
2.54300000 0.04531297
2.54400000 0.04529371
2.54500000 0.04527446
2.54600000 0.04525523
2.54700000 0.04523601
2.54800000 0.04521681
2.54900000 0.04519763
2.55000000 0.04517846
2.55100000 0.04515930
2.55200000 0.04514016
2.55300000 0.04512104
2.55400000 0.04510193
2.55500000 0.04508283
2.55600000 0.04506375
2.55700000 0.04504469
2.55800000 0.04502564
2.55900000 0.04500660
2.56000000 0.04498758
2.56100000 0.04496858
2.56200000 0.04494959
2.56300000 0.04493061
2.56400000 0.04491165
2.56500000 0.04489270
2.56600000 0.04487377
2.56700000 0.04485486
2.56800000 0.04483595
2.56900000 0.04481707
2.57000000 0.04479819
2.57100000 0.04477934
2.57200000 0.04476049
2.57300000 0.04474167
2.57400000 0.04472285
2.57500000 0.04470405
2.57600000 0.04468527
2.57700000 0.04466650
2.57800000 0.04464775
2.57900000 0.04462901
2.58000000 0.04461028
2.58100000 0.04459157
2.58200000 0.04457287
2.58300000 0.04455419
2.58400000 0.04453552
2.58500000 0.04451687
2.58600000 0.04449823
2.58700000 0.04447961
2.58800000 0.04446100
2.58900000 0.04444240
2.59000000 0.04442382
2.59100000 0.04440526
2.59200000 0.04438670
2.59300000 0.04436817
2.59400000 0.04434964
2.59500000 0.04433113
2.59600000 0.04431264
2.59700000 0.04429416
2.59800000 0.04427569
2.59900000 0.04425724
2.60000000 0.04423880
2.60100000 0.04422038
2.60200000 0.04420197
2.60300000 0.04418357
2.60400000 0.04416519
2.60500000 0.04414683
2.60600000 0.04412847
2.60700000 0.04411014
2.60800000 0.04409181
2.60900000 0.04407350
2.61000000 0.04405521
2.61100000 0.04403692
2.61200000 0.04401866
2.61300000 0.04400040
2.61400000 0.04398216
2.61500000 0.04396394
2.61600000 0.04394572
2.61700000 0.04392752
2.61800000 0.04390934
2.61900000 0.04389117
2.62000000 0.04387301
2.62100000 0.04385487
2.62200000 0.04383674
2.62300000 0.04381863
2.62400000 0.04380053
2.62500000 0.04378244
2.62600000 0.04376437
2.62700000 0.04374631
2.62800000 0.04372826
2.62900000 0.04371023
2.63000000 0.04369221
2.63100000 0.04367421
2.63200000 0.04365622
2.63300000 0.04363824
2.63400000 0.04362028
2.63500000 0.04360233
2.63600000 0.04358439
2.63700000 0.04356647
2.63800000 0.04354856
2.63900000 0.04353067
2.64000000 0.04351279
2.64100000 0.04349492
2.64200000 0.04347706
2.64300000 0.04345922
2.64400000 0.04344140
2.64500000 0.04342358
2.64600000 0.04340578
2.64700000 0.04338800
2.64800000 0.04337022
2.64900000 0.04335246
2.65000000 0.04333472
2.65100000 0.04331698
2.65200000 0.04329927
2.65300000 0.04328156
2.65400000 0.04326387
2.65500000 0.04324619
2.65600000 0.04322852
2.65700000 0.04321087
2.65800000 0.04319323
2.65900000 0.04317560
2.66000000 0.04315799
2.66100000 0.04314039
2.66200000 0.04312281
2.66300000 0.04310523
2.66400000 0.04308767
2.66500000 0.04307013
2.66600000 0.04305260
2.66700000 0.04303508
2.66800000 0.04301757
2.66900000 0.04300008
2.67000000 0.04298259
2.67100000 0.04296513
2.67200000 0.04294767
2.67300000 0.04293023
2.67400000 0.04291280
2.67500000 0.04289539
2.67600000 0.04287799
2.67700000 0.04286060
2.67800000 0.04284322
2.67900000 0.04282586
2.68000000 0.04280851
2.68100000 0.04279117
2.68200000 0.04277385
2.68300000 0.04275654
2.68400000 0.04273924
2.68500000 0.04272196
2.68600000 0.04270469
2.68700000 0.04268743
2.68800000 0.04267018
2.68900000 0.04265295
2.69000000 0.04263573
2.69100000 0.04261852
2.69200000 0.04260132
2.69300000 0.04258414
2.69400000 0.04256697
2.69500000 0.04254982
2.69600000 0.04253267
2.69700000 0.04251554
2.69800000 0.04249842
2.69900000 0.04248132
2.70000000 0.04246423
2.70100000 0.04244715
2.70200000 0.04243008
2.70300000 0.04241302
2.70400000 0.04239598
2.70500000 0.04237895
2.70600000 0.04236194
2.70700000 0.04234493
2.70800000 0.04232794
2.70900000 0.04231096
2.71000000 0.04229399
2.71100000 0.04227704
2.71200000 0.04226010
2.71300000 0.04224317
2.71400000 0.04222625
2.71500000 0.04220935
2.71600000 0.04219246
2.71700000 0.04217558
2.71800000 0.04215871
2.71900000 0.04214186
2.72000000 0.04212502
2.72100000 0.04210819
2.72200000 0.04209137
2.72300000 0.04207457
2.72400000 0.04205778
2.72500000 0.04204100
2.72600000 0.04202423
2.72700000 0.04200748
2.72800000 0.04199073
2.72900000 0.04197400
2.73000000 0.04195729
2.73100000 0.04194058
2.73200000 0.04192389
2.73300000 0.04190721
2.73400000 0.04189054
2.73500000 0.04187388
2.73600000 0.04185724
2.73700000 0.04184061
2.73800000 0.04182399
2.73900000 0.04180738
2.74000000 0.04179078
2.74100000 0.04177420
2.74200000 0.04175763
2.74300000 0.04174107
2.74400000 0.04172452
2.74500000 0.04170799
2.74600000 0.04169146
2.74700000 0.04167495
2.74800000 0.04165846
2.74900000 0.04164197
2.75000000 0.04162549
2.75100000 0.04160903
2.75200000 0.04159258
2.75300000 0.04157614
2.75400000 0.04155972
2.75500000 0.04154330
2.75600000 0.04152690
2.75700000 0.04151051
2.75800000 0.04149413
2.75900000 0.04147776
2.76000000 0.04146141
2.76100000 0.04144506
2.76200000 0.04142873
2.76300000 0.04141241
2.76400000 0.04139611
2.76500000 0.04137981
2.76600000 0.04136353
2.76700000 0.04134726
2.76800000 0.04133099
2.76900000 0.04131475
2.77000000 0.04129851
2.77100000 0.04128228
2.77200000 0.04126607
2.77300000 0.04124987
2.77400000 0.04123368
2.77500000 0.04121750
2.77600000 0.04120134
2.77700000 0.04118518
2.77800000 0.04116904
2.77900000 0.04115291
2.78000000 0.04113679
2.78100000 0.04112068
2.78200000 0.04110458
2.78300000 0.04108850
2.78400000 0.04107243
2.78500000 0.04105636
2.78600000 0.04104031
2.78700000 0.04102428
2.78800000 0.04100825
2.78900000 0.04099223
2.79000000 0.04097623
2.79100000 0.04096024
2.79200000 0.04094426
2.79300000 0.04092829
2.79400000 0.04091233
2.79500000 0.04089638
2.79600000 0.04088045
2.79700000 0.04086452
2.79800000 0.04084861
2.79900000 0.04083271
2.80000000 0.04081682
2.80100000 0.04080094
2.80200000 0.04078508
2.80300000 0.04076922
2.80400000 0.04075338
2.80500000 0.04073755
2.80600000 0.04072173
2.80700000 0.04070592
2.80800000 0.04069012
2.80900000 0.04067433
2.81000000 0.04065855
2.81100000 0.04064279
2.81200000 0.04062704
2.81300000 0.04061129
2.81400000 0.04059556
2.81500000 0.04057984
2.81600000 0.04056413
2.81700000 0.04054844
2.81800000 0.04053275
2.81900000 0.04051708
2.82000000 0.04050141
2.82100000 0.04048576
2.82200000 0.04047012
2.82300000 0.04045449
2.82400000 0.04043887
2.82500000 0.04042326
2.82600000 0.04040766
2.82700000 0.04039208
2.82800000 0.04037650
2.82900000 0.04036094
2.83000000 0.04034539
2.83100000 0.04032984
2.83200000 0.04031431
2.83300000 0.04029879
2.83400000 0.04028328
2.83500000 0.04026779
2.83600000 0.04025230
2.83700000 0.04023682
2.83800000 0.04022136
2.83900000 0.04020590
2.84000000 0.04019046
2.84100000 0.04017503
2.84200000 0.04015961
2.84300000 0.04014420
2.84400000 0.04012880
2.84500000 0.04011341
2.84600000 0.04009803
2.84700000 0.04008266
2.84800000 0.04006731
2.84900000 0.04005196
2.85000000 0.04003663
2.85100000 0.04002130
2.85200000 0.04000599
2.85300000 0.03999069
2.85400000 0.03997540
2.85500000 0.03996012
2.85600000 0.03994485
2.85700000 0.03992959
2.85800000 0.03991434
2.85900000 0.03989910
2.86000000 0.03988388
2.86100000 0.03986866
2.86200000 0.03985345
2.86300000 0.03983826
2.86400000 0.03982307
2.86500000 0.03980790
2.86600000 0.03979274
2.86700000 0.03977758
2.86800000 0.03976244
2.86900000 0.03974731
2.87000000 0.03973219
2.87100000 0.03971708
2.87200000 0.03970198
2.87300000 0.03968689
2.87400000 0.03967181
2.87500000 0.03965675
2.87600000 0.03964169
2.87700000 0.03962664
2.87800000 0.03961160
2.87900000 0.03959658
2.88000000 0.03958156
2.88100000 0.03956656
2.88200000 0.03955156
2.88300000 0.03953658
2.88400000 0.03952161
2.88500000 0.03950664
2.88600000 0.03949169
2.88700000 0.03947675
2.88800000 0.03946182
2.88900000 0.03944689
2.89000000 0.03943198
2.89100000 0.03941708
2.89200000 0.03940219
2.89300000 0.03938731
2.89400000 0.03937244
2.89500000 0.03935758
2.89600000 0.03934273
2.89700000 0.03932789
2.89800000 0.03931306
2.89900000 0.03929825
2.90000000 0.03928344
2.90100000 0.03926864
2.90200000 0.03925385
2.90300000 0.03923907
2.90400000 0.03922431
2.90500000 0.03920955
2.90600000 0.03919480
2.90700000 0.03918007
2.90800000 0.03916534
2.90900000 0.03915062
2.91000000 0.03913592
2.91100000 0.03912122
2.91200000 0.03910654
2.91300000 0.03909186
2.91400000 0.03907719
2.91500000 0.03906254
2.91600000 0.03904789
2.91700000 0.03903326
2.91800000 0.03901863
2.91900000 0.03900402
2.92000000 0.03898941
2.92100000 0.03897482
2.92200000 0.03896023
2.92300000 0.03894566
2.92400000 0.03893109
2.92500000 0.03891654
2.92600000 0.03890199
2.92700000 0.03888746
2.92800000 0.03887293
2.92900000 0.03885842
2.93000000 0.03884391
2.93100000 0.03882941
2.93200000 0.03881493
2.93300000 0.03880045
2.93400000 0.03878599
2.93500000 0.03877153
2.93600000 0.03875709
2.93700000 0.03874265
2.93800000 0.03872822
2.93900000 0.03871381
2.94000000 0.03869940
2.94100000 0.03868501
2.94200000 0.03867062
2.94300000 0.03865624
2.94400000 0.03864188
2.94500000 0.03862752
2.94600000 0.03861317
2.94700000 0.03859883
2.94800000 0.03858450
2.94900000 0.03857019
2.95000000 0.03855588
2.95100000 0.03854158
2.95200000 0.03852729
2.95300000 0.03851301
2.95400000 0.03849874
2.95500000 0.03848448
2.95600000 0.03847023
2.95700000 0.03845599
2.95800000 0.03844176
2.95900000 0.03842754
2.96000000 0.03841333
2.96100000 0.03839913
2.96200000 0.03838493
2.96300000 0.03837075
2.96400000 0.03835658
2.96500000 0.03834241
2.96600000 0.03832826
2.96700000 0.03831412
2.96800000 0.03829998
2.96900000 0.03828586
2.97000000 0.03827174
2.97100000 0.03825763
2.97200000 0.03824354
2.97300000 0.03822945
2.97400000 0.03821537
2.97500000 0.03820131
2.97600000 0.03818725
2.97700000 0.03817320
2.97800000 0.03815916
2.97900000 0.03814513
2.98000000 0.03813111
2.98100000 0.03811710
2.98200000 0.03810310
2.98300000 0.03808910
2.98400000 0.03807512
2.98500000 0.03806115
2.98600000 0.03804718
2.98700000 0.03803323
2.98800000 0.03801928
2.98900000 0.03800535
2.99000000 0.03799142
2.99100000 0.03797750
2.99200000 0.03796360
2.99300000 0.03794970
2.99400000 0.03793581
2.99500000 0.03792193
2.99600000 0.03790806
2.99700000 0.03789420
2.99800000 0.03788034
2.99900000 0.03786650
3.00000000 0.03785267
3.00100000 0.03783884
3.00200000 0.03782503
3.00300000 0.03781122
3.00400000 0.03779743
3.00500000 0.03778364
3.00600000 0.03776986
3.00700000 0.03775609
3.00800000 0.03774233
3.00900000 0.03772858
3.01000000 0.03771484
3.01100000 0.03770111
3.01200000 0.03768739
3.01300000 0.03767367
3.01400000 0.03765997
3.01500000 0.03764627
3.01600000 0.03763258
3.01700000 0.03761891
3.01800000 0.03760524
3.01900000 0.03759158
3.02000000 0.03757793
3.02100000 0.03756429
3.02200000 0.03755066
3.02300000 0.03753703
3.02400000 0.03752342
3.02500000 0.03750982
3.02600000 0.03749622
3.02700000 0.03748263
3.02800000 0.03746906
3.02900000 0.03745549
3.03000000 0.03744193
3.03100000 0.03742838
3.03200000 0.03741483
3.03300000 0.03740130
3.03400000 0.03738778
3.03500000 0.03737426
3.03600000 0.03736076
3.03700000 0.03734726
3.03800000 0.03733377
3.03900000 0.03732029
3.04000000 0.03730682
3.04100000 0.03729336
3.04200000 0.03727991
3.04300000 0.03726647
3.04400000 0.03725303
3.04500000 0.03723960
3.04600000 0.03722619
3.04700000 0.03721278
3.04800000 0.03719938
3.04900000 0.03718599
3.05000000 0.03717261
3.05100000 0.03715924
3.05200000 0.03714587
3.05300000 0.03713252
3.05400000 0.03711917
3.05500000 0.03710583
3.05600000 0.03709250
3.05700000 0.03707918
3.05800000 0.03706587
3.05900000 0.03705257
3.06000000 0.03703927
3.06100000 0.03702599
3.06200000 0.03701271
3.06300000 0.03699944
3.06400000 0.03698619
3.06500000 0.03697294
3.06600000 0.03695969
3.06700000 0.03694646
3.06800000 0.03693324
3.06900000 0.03692002
3.07000000 0.03690681
3.07100000 0.03689361
3.07200000 0.03688042
3.07300000 0.03686724
3.07400000 0.03685407
3.07500000 0.03684091
3.07600000 0.03682775
3.07700000 0.03681460
3.07800000 0.03680147
3.07900000 0.03678834
3.08000000 0.03677522
3.08100000 0.03676210
3.08200000 0.03674900
3.08300000 0.03673590
3.08400000 0.03672282
3.08500000 0.03670974
3.08600000 0.03669667
3.08700000 0.03668361
3.08800000 0.03667055
3.08900000 0.03665751
3.09000000 0.03664447
3.09100000 0.03663145
3.09200000 0.03661843
3.09300000 0.03660542
3.09400000 0.03659242
3.09500000 0.03657942
3.09600000 0.03656644
3.09700000 0.03655346
3.09800000 0.03654049
3.09900000 0.03652753
3.10000000 0.03651458
3.10100000 0.03650164
3.10200000 0.03648870
3.10300000 0.03647578
3.10400000 0.03646286
3.10500000 0.03644995
3.10600000 0.03643705
3.10700000 0.03642415
3.10800000 0.03641127
3.10900000 0.03639839
3.11000000 0.03638552
3.11100000 0.03637266
3.11200000 0.03635981
3.11300000 0.03634697
3.11400000 0.03633414
3.11500000 0.03632131
3.11600000 0.03630849
3.11700000 0.03629568
3.11800000 0.03628288
3.11900000 0.03627009
3.12000000 0.03625730
3.12100000 0.03624452
3.12200000 0.03623175
3.12300000 0.03621899
3.12400000 0.03620624
3.12500000 0.03619350
3.12600000 0.03618076
3.12700000 0.03616803
3.12800000 0.03615531
3.12900000 0.03614260
3.13000000 0.03612990
3.13100000 0.03611720
3.13200000 0.03610452
3.13300000 0.03609184
3.13400000 0.03607917
3.13500000 0.03606650
3.13600000 0.03605385
3.13700000 0.03604120
3.13800000 0.03602856
3.13900000 0.03601593
3.14000000 0.03600331
3.14100000 0.03599070
3.14200000 0.03597809
3.14300000 0.03596549
3.14400000 0.03595290
3.14500000 0.03594032
3.14600000 0.03592775
3.14700000 0.03591518
3.14800000 0.03590262
3.14900000 0.03589008
3.15000000 0.03587753
3.15100000 0.03586500
3.15200000 0.03585247
3.15300000 0.03583996
3.15400000 0.03582745
3.15500000 0.03581494
3.15600000 0.03580245
3.15700000 0.03578996
3.15800000 0.03577749
3.15900000 0.03576502
3.16000000 0.03575255
3.16100000 0.03574010
3.16200000 0.03572765
3.16300000 0.03571522
3.16400000 0.03570278
3.16500000 0.03569036
3.16600000 0.03567795
3.16700000 0.03566554
3.16800000 0.03565314
3.16900000 0.03564075
3.17000000 0.03562837
3.17100000 0.03561599
3.17200000 0.03560362
3.17300000 0.03559126
3.17400000 0.03557891
3.17500000 0.03556657
3.17600000 0.03555423
3.17700000 0.03554190
3.17800000 0.03552958
3.17900000 0.03551727
3.18000000 0.03550496
3.18100000 0.03549267
3.18200000 0.03548038
3.18300000 0.03546810
3.18400000 0.03545582
3.18500000 0.03544356
3.18600000 0.03543130
3.18700000 0.03541905
3.18800000 0.03540680
3.18900000 0.03539457
3.19000000 0.03538234
3.19100000 0.03537012
3.19200000 0.03535791
3.19300000 0.03534570
3.19400000 0.03533351
3.19500000 0.03532132
3.19600000 0.03530913
3.19700000 0.03529696
3.19800000 0.03528479
3.19900000 0.03527264
3.20000000 0.03526048
3.20100000 0.03524834
3.20200000 0.03523621
3.20300000 0.03522408
3.20400000 0.03521196
3.20500000 0.03519984
3.20600000 0.03518774
3.20700000 0.03517564
3.20800000 0.03516355
3.20900000 0.03515147
3.21000000 0.03513939
3.21100000 0.03512733
3.21200000 0.03511527
3.21300000 0.03510321
3.21400000 0.03509117
3.21500000 0.03507913
3.21600000 0.03506710
3.21700000 0.03505508
3.21800000 0.03504306
3.21900000 0.03503106
3.22000000 0.03501906
3.22100000 0.03500706
3.22200000 0.03499508
3.22300000 0.03498310
3.22400000 0.03497113
3.22500000 0.03495917
3.22600000 0.03494721
3.22700000 0.03493527
3.22800000 0.03492333
3.22900000 0.03491139
3.23000000 0.03489947
3.23100000 0.03488755
3.23200000 0.03487564
3.23300000 0.03486374
3.23400000 0.03485184
3.23500000 0.03483995
3.23600000 0.03482807
3.23700000 0.03481620
3.23800000 0.03480433
3.23900000 0.03479247
3.24000000 0.03478062
3.24100000 0.03476878
3.24200000 0.03475694
3.24300000 0.03474511
3.24400000 0.03473329
3.24500000 0.03472148
3.24600000 0.03470967
3.24700000 0.03469787
3.24800000 0.03468608
3.24900000 0.03467429
3.25000000 0.03466251
3.25100000 0.03465074
3.25200000 0.03463898
3.25300000 0.03462722
3.25400000 0.03461547
3.25500000 0.03460373
3.25600000 0.03459199
3.25700000 0.03458027
3.25800000 0.03456855
3.25900000 0.03455683
3.26000000 0.03454513
3.26100000 0.03453343
3.26200000 0.03452174
3.26300000 0.03451005
3.26400000 0.03449838
3.26500000 0.03448671
3.26600000 0.03447505
3.26700000 0.03446339
3.26800000 0.03445174
3.26900000 0.03444010
3.27000000 0.03442847
3.27100000 0.03441684
3.27200000 0.03440522
3.27300000 0.03439361
3.27400000 0.03438200
3.27500000 0.03437040
3.27600000 0.03435881
3.27700000 0.03434723
3.27800000 0.03433565
3.27900000 0.03432408
3.28000000 0.03431252
3.28100000 0.03430096
3.28200000 0.03428942
3.28300000 0.03427787
3.28400000 0.03426634
3.28500000 0.03425481
3.28600000 0.03424329
3.28700000 0.03423178
3.28800000 0.03422027
3.28900000 0.03420877
3.29000000 0.03419728
3.29100000 0.03418580
3.29200000 0.03417432
3.29300000 0.03416285
3.29400000 0.03415138
3.29500000 0.03413993
3.29600000 0.03412848
3.29700000 0.03411703
3.29800000 0.03410560
3.29900000 0.03409417
3.30000000 0.03408275
3.30100000 0.03407133
3.30200000 0.03405992
3.30300000 0.03404852
3.30400000 0.03403713
3.30500000 0.03402574
3.30600000 0.03401436
3.30700000 0.03400298
3.30800000 0.03399162
3.30900000 0.03398026
3.31000000 0.03396891
3.31100000 0.03395756
3.31200000 0.03394622
3.31300000 0.03393489
3.31400000 0.03392356
3.31500000 0.03391224
3.31600000 0.03390093
3.31700000 0.03388963
3.31800000 0.03387833
3.31900000 0.03386704
3.32000000 0.03385575
3.32100000 0.03384448
3.32200000 0.03383321
3.32300000 0.03382194
3.32400000 0.03381068
3.32500000 0.03379943
3.32600000 0.03378819
3.32700000 0.03377695
3.32800000 0.03376572
3.32900000 0.03375450
3.33000000 0.03374328
3.33100000 0.03373208
3.33200000 0.03372087
3.33300000 0.03370968
3.33400000 0.03369849
3.33500000 0.03368730
3.33600000 0.03367613
3.33700000 0.03366496
3.33800000 0.03365380
3.33900000 0.03364264
3.34000000 0.03363149
3.34100000 0.03362035
3.34200000 0.03360922
3.34300000 0.03359809
3.34400000 0.03358696
3.34500000 0.03357585
3.34600000 0.03356474
3.34700000 0.03355364
3.34800000 0.03354254
3.34900000 0.03353145
3.35000000 0.03352037
3.35100000 0.03350930
3.35200000 0.03349823
3.35300000 0.03348717
3.35400000 0.03347611
3.35500000 0.03346506
3.35600000 0.03345402
3.35700000 0.03344298
3.35800000 0.03343195
3.35900000 0.03342093
3.36000000 0.03340992
3.36100000 0.03339891
3.36200000 0.03338790
3.36300000 0.03337691
3.36400000 0.03336592
3.36500000 0.03335494
3.36600000 0.03334396
3.36700000 0.03333299
3.36800000 0.03332203
3.36900000 0.03331107
3.37000000 0.03330012
3.37100000 0.03328918
3.37200000 0.03327824
3.37300000 0.03326731
3.37400000 0.03325638
3.37500000 0.03324547
3.37600000 0.03323456
3.37700000 0.03322365
3.37800000 0.03321275
3.37900000 0.03320186
3.38000000 0.03319098
3.38100000 0.03318010
3.38200000 0.03316922
3.38300000 0.03315836
3.38400000 0.03314750
3.38500000 0.03313665
3.38600000 0.03312580
3.38700000 0.03311496
3.38800000 0.03310413
3.38900000 0.03309330
3.39000000 0.03308248
3.39100000 0.03307167
3.39200000 0.03306086
3.39300000 0.03305006
3.39400000 0.03303926
3.39500000 0.03302847
3.39600000 0.03301769
3.39700000 0.03300691
3.39800000 0.03299614
3.39900000 0.03298538
3.40000000 0.03297462
3.40100000 0.03296387
3.40200000 0.03295313
3.40300000 0.03294239
3.40400000 0.03293166
3.40500000 0.03292094
3.40600000 0.03291022
3.40700000 0.03289950
3.40800000 0.03288880
3.40900000 0.03287810
3.41000000 0.03286741
3.41100000 0.03285672
3.41200000 0.03284604
3.41300000 0.03283536
3.41400000 0.03282469
3.41500000 0.03281403
3.41600000 0.03280338
3.41700000 0.03279273
3.41800000 0.03278208
3.41900000 0.03277145
3.42000000 0.03276082
3.42100000 0.03275019
3.42200000 0.03273957
3.42300000 0.03272896
3.42400000 0.03271836
3.42500000 0.03270776
3.42600000 0.03269716
3.42700000 0.03268658
3.42800000 0.03267600
3.42900000 0.03266542
3.43000000 0.03265485
3.43100000 0.03264429
3.43200000 0.03263373
3.43300000 0.03262318
3.43400000 0.03261264
3.43500000 0.03260210
3.43600000 0.03259157
3.43700000 0.03258105
3.43800000 0.03257053
3.43900000 0.03256002
3.44000000 0.03254951
3.44100000 0.03253901
3.44200000 0.03252851
3.44300000 0.03251803
3.44400000 0.03250754
3.44500000 0.03249707
3.44600000 0.03248660
3.44700000 0.03247613
3.44800000 0.03246568
3.44900000 0.03245522
3.45000000 0.03244478
3.45100000 0.03243434
3.45200000 0.03242391
3.45300000 0.03241348
3.45400000 0.03240306
3.45500000 0.03239264
3.45600000 0.03238223
3.45700000 0.03237183
3.45800000 0.03236143
3.45900000 0.03235104
3.46000000 0.03234066
3.46100000 0.03233028
3.46200000 0.03231990
3.46300000 0.03230954
3.46400000 0.03229918
3.46500000 0.03228882
3.46600000 0.03227847
3.46700000 0.03226813
3.46800000 0.03225779
3.46900000 0.03224746
3.47000000 0.03223714
3.47100000 0.03222682
3.47200000 0.03221651
3.47300000 0.03220620
3.47400000 0.03219590
3.47500000 0.03218560
3.47600000 0.03217531
3.47700000 0.03216503
3.47800000 0.03215475
3.47900000 0.03214448
3.48000000 0.03213422
3.48100000 0.03212396
3.48200000 0.03211371
3.48300000 0.03210346
3.48400000 0.03209322
3.48500000 0.03208298
3.48600000 0.03207275
3.48700000 0.03206253
3.48800000 0.03205231
3.48900000 0.03204210
3.49000000 0.03203189
3.49100000 0.03202169
3.49200000 0.03201150
3.49300000 0.03200131
3.49400000 0.03199113
3.49500000 0.03198095
3.49600000 0.03197078
3.49700000 0.03196061
3.49800000 0.03195045
3.49900000 0.03194030
3.50000000 0.03193015
3.50100000 0.03192001
3.50200000 0.03190987
3.50300000 0.03189974
3.50400000 0.03188962
3.50500000 0.03187950
3.50600000 0.03186939
3.50700000 0.03185928
3.50800000 0.03184918
3.50900000 0.03183909
3.51000000 0.03182900
3.51100000 0.03181891
3.51200000 0.03180883
3.51300000 0.03179876
3.51400000 0.03178870
3.51500000 0.03177864
3.51600000 0.03176858
3.51700000 0.03175853
3.51800000 0.03174849
3.51900000 0.03173845
3.52000000 0.03172842
3.52100000 0.03171839
3.52200000 0.03170837
3.52300000 0.03169836
3.52400000 0.03168835
3.52500000 0.03167834
3.52600000 0.03166835
3.52700000 0.03165835
3.52800000 0.03164837
3.52900000 0.03163839
3.53000000 0.03162841
3.53100000 0.03161844
3.53200000 0.03160848
3.53300000 0.03159852
3.53400000 0.03158857
3.53500000 0.03157862
3.53600000 0.03156868
3.53700000 0.03155875
3.53800000 0.03154882
3.53900000 0.03153889
3.54000000 0.03152898
3.54100000 0.03151906
3.54200000 0.03150916
3.54300000 0.03149926
3.54400000 0.03148936
3.54500000 0.03147947
3.54600000 0.03146959
3.54700000 0.03145971
3.54800000 0.03144983
3.54900000 0.03143997
3.55000000 0.03143010
3.55100000 0.03142025
3.55200000 0.03141040
3.55300000 0.03140055
3.55400000 0.03139071
3.55500000 0.03138088
3.55600000 0.03137105
3.55700000 0.03136122
3.55800000 0.03135141
3.55900000 0.03134160
3.56000000 0.03133179
3.56100000 0.03132199
3.56200000 0.03131219
3.56300000 0.03130240
3.56400000 0.03129262
3.56500000 0.03128284
3.56600000 0.03127307
3.56700000 0.03126330
3.56800000 0.03125354
3.56900000 0.03124378
3.57000000 0.03123403
3.57100000 0.03122428
3.57200000 0.03121454
3.57300000 0.03120481
3.57400000 0.03119508
3.57500000 0.03118535
3.57600000 0.03117564
3.57700000 0.03116592
3.57800000 0.03115622
3.57900000 0.03114651
3.58000000 0.03113682
3.58100000 0.03112713
3.58200000 0.03111744
3.58300000 0.03110776
3.58400000 0.03109809
3.58500000 0.03108842
3.58600000 0.03107875
3.58700000 0.03106909
3.58800000 0.03105944
3.58900000 0.03104979
3.59000000 0.03104015
3.59100000 0.03103051
3.59200000 0.03102088
3.59300000 0.03101126
3.59400000 0.03100164
3.59500000 0.03099202
3.59600000 0.03098241
3.59700000 0.03097281
3.59800000 0.03096321
3.59900000 0.03095361
3.60000000 0.03094402
3.60100000 0.03093444
3.60200000 0.03092486
3.60300000 0.03091529
3.60400000 0.03090572
3.60500000 0.03089616
3.60600000 0.03088661
3.60700000 0.03087705
3.60800000 0.03086751
3.60900000 0.03085797
3.61000000 0.03084843
3.61100000 0.03083890
3.61200000 0.03082938
3.61300000 0.03081986
3.61400000 0.03081035
3.61500000 0.03080084
3.61600000 0.03079133
3.61700000 0.03078184
3.61800000 0.03077234
3.61900000 0.03076286
3.62000000 0.03075337
3.62100000 0.03074390
3.62200000 0.03073443
3.62300000 0.03072496
3.62400000 0.03071550
3.62500000 0.03070604
3.62600000 0.03069659
3.62700000 0.03068715
3.62800000 0.03067771
3.62900000 0.03066827
3.63000000 0.03065884
3.63100000 0.03064942
3.63200000 0.03064000
3.63300000 0.03063058
3.63400000 0.03062118
3.63500000 0.03061177
3.63600000 0.03060237
3.63700000 0.03059298
3.63800000 0.03058359
3.63900000 0.03057421
3.64000000 0.03056483
3.64100000 0.03055546
3.64200000 0.03054609
3.64300000 0.03053673
3.64400000 0.03052737
3.64500000 0.03051802
3.64600000 0.03050867
3.64700000 0.03049933
3.64800000 0.03049000
3.64900000 0.03048067
3.65000000 0.03047134
3.65100000 0.03046202
3.65200000 0.03045270
3.65300000 0.03044339
3.65400000 0.03043409
3.65500000 0.03042479
3.65600000 0.03041549
3.65700000 0.03040620
3.65800000 0.03039692
3.65900000 0.03038764
3.66000000 0.03037836
3.66100000 0.03036909
3.66200000 0.03035983
3.66300000 0.03035057
3.66400000 0.03034131
3.66500000 0.03033206
3.66600000 0.03032282
3.66700000 0.03031358
3.66800000 0.03030435
3.66900000 0.03029512
3.67000000 0.03028589
3.67100000 0.03027668
3.67200000 0.03026746
3.67300000 0.03025825
3.67400000 0.03024905
3.67500000 0.03023985
3.67600000 0.03023066
3.67700000 0.03022147
3.67800000 0.03021228
3.67900000 0.03020311
3.68000000 0.03019393
3.68100000 0.03018476
3.68200000 0.03017560
3.68300000 0.03016644
3.68400000 0.03015729
3.68500000 0.03014814
3.68600000 0.03013900
3.68700000 0.03012986
3.68800000 0.03012072
3.68900000 0.03011160
3.69000000 0.03010247
3.69100000 0.03009335
3.69200000 0.03008424
3.69300000 0.03007513
3.69400000 0.03006603
3.69500000 0.03005693
3.69600000 0.03004783
3.69700000 0.03003875
3.69800000 0.03002966
3.69900000 0.03002058
3.70000000 0.03001151
3.70100000 0.03000244
3.70200000 0.02999337
3.70300000 0.02998432
3.70400000 0.02997526
3.70500000 0.02996621
3.70600000 0.02995717
3.70700000 0.02994813
3.70800000 0.02993909
3.70900000 0.02993006
3.71000000 0.02992104
3.71100000 0.02991202
3.71200000 0.02990300
3.71300000 0.02989399
3.71400000 0.02988499
3.71500000 0.02987599
3.71600000 0.02986699
3.71700000 0.02985800
3.71800000 0.02984902
3.71900000 0.02984003
3.72000000 0.02983106
3.72100000 0.02982209
3.72200000 0.02981312
3.72300000 0.02980416
3.72400000 0.02979520
3.72500000 0.02978625
3.72600000 0.02977730
3.72700000 0.02976836
3.72800000 0.02975942
3.72900000 0.02975049
3.73000000 0.02974156
3.73100000 0.02973264
3.73200000 0.02972372
3.73300000 0.02971481
3.73400000 0.02970590
3.73500000 0.02969700
3.73600000 0.02968810
3.73700000 0.02967920
3.73800000 0.02967031
3.73900000 0.02966143
3.74000000 0.02965255
3.74100000 0.02964368
3.74200000 0.02963480
3.74300000 0.02962594
3.74400000 0.02961708
3.74500000 0.02960822
3.74600000 0.02959937
3.74700000 0.02959053
3.74800000 0.02958168
3.74900000 0.02957285
3.75000000 0.02956401
3.75100000 0.02955519
3.75200000 0.02954636
3.75300000 0.02953755
3.75400000 0.02952873
3.75500000 0.02951992
3.75600000 0.02951112
3.75700000 0.02950232
3.75800000 0.02949353
3.75900000 0.02948474
3.76000000 0.02947595
3.76100000 0.02946717
3.76200000 0.02945840
3.76300000 0.02944963
3.76400000 0.02944086
3.76500000 0.02943210
3.76600000 0.02942334
3.76700000 0.02941459
3.76800000 0.02940584
3.76900000 0.02939710
3.77000000 0.02938836
3.77100000 0.02937963
3.77200000 0.02937090
3.77300000 0.02936218
3.77400000 0.02935346
3.77500000 0.02934474
3.77600000 0.02933603
3.77700000 0.02932733
3.77800000 0.02931862
3.77900000 0.02930993
3.78000000 0.02930124
3.78100000 0.02929255
3.78200000 0.02928387
3.78300000 0.02927519
3.78400000 0.02926652
3.78500000 0.02925785
3.78600000 0.02924918
3.78700000 0.02924052
3.78800000 0.02923187
3.78900000 0.02922322
3.79000000 0.02921457
3.79100000 0.02920593
3.79200000 0.02919730
3.79300000 0.02918867
3.79400000 0.02918004
3.79500000 0.02917142
3.79600000 0.02916280
3.79700000 0.02915418
3.79800000 0.02914558
3.79900000 0.02913697
3.80000000 0.02912837
3.80100000 0.02911978
3.80200000 0.02911119
3.80300000 0.02910260
3.80400000 0.02909402
3.80500000 0.02908544
3.80600000 0.02907687
3.80700000 0.02906830
3.80800000 0.02905974
3.80900000 0.02905118
3.81000000 0.02904262
3.81100000 0.02903407
3.81200000 0.02902553
3.81300000 0.02901699
3.81400000 0.02900845
3.81500000 0.02899992
3.81600000 0.02899139
3.81700000 0.02898287
3.81800000 0.02897435
3.81900000 0.02896584
3.82000000 0.02895733
3.82100000 0.02894882
3.82200000 0.02894032
3.82300000 0.02893183
3.82400000 0.02892334
3.82500000 0.02891485
3.82600000 0.02890637
3.82700000 0.02889789
3.82800000 0.02888941
3.82900000 0.02888095
3.83000000 0.02887248
3.83100000 0.02886402
3.83200000 0.02885557
3.83300000 0.02884711
3.83400000 0.02883867
3.83500000 0.02883022
3.83600000 0.02882179
3.83700000 0.02881335
3.83800000 0.02880492
3.83900000 0.02879650
3.84000000 0.02878808
3.84100000 0.02877966
3.84200000 0.02877125
3.84300000 0.02876284
3.84400000 0.02875444
3.84500000 0.02874604
3.84600000 0.02873765
3.84700000 0.02872926
3.84800000 0.02872087
3.84900000 0.02871249
3.85000000 0.02870412
3.85100000 0.02869575
3.85200000 0.02868738
3.85300000 0.02867902
3.85400000 0.02867066
3.85500000 0.02866230
3.85600000 0.02865395
3.85700000 0.02864561
3.85800000 0.02863726
3.85900000 0.02862893
3.86000000 0.02862059
3.86100000 0.02861227
3.86200000 0.02860394
3.86300000 0.02859562
3.86400000 0.02858731
3.86500000 0.02857900
3.86600000 0.02857069
3.86700000 0.02856239
3.86800000 0.02855409
3.86900000 0.02854580
3.87000000 0.02853751
3.87100000 0.02852922
3.87200000 0.02852094
3.87300000 0.02851266
3.87400000 0.02850439
3.87500000 0.02849612
3.87600000 0.02848786
3.87700000 0.02847960
3.87800000 0.02847135
3.87900000 0.02846310
3.88000000 0.02845485
3.88100000 0.02844661
3.88200000 0.02843837
3.88300000 0.02843014
3.88400000 0.02842191
3.88500000 0.02841368
3.88600000 0.02840546
3.88700000 0.02839724
3.88800000 0.02838903
3.88900000 0.02838082
3.89000000 0.02837262
3.89100000 0.02836442
3.89200000 0.02835622
3.89300000 0.02834803
3.89400000 0.02833985
3.89500000 0.02833166
3.89600000 0.02832349
3.89700000 0.02831531
3.89800000 0.02830714
3.89900000 0.02829898
3.90000000 0.02829081
3.90100000 0.02828266
3.90200000 0.02827450
3.90300000 0.02826636
3.90400000 0.02825821
3.90500000 0.02825007
3.90600000 0.02824193
3.90700000 0.02823380
3.90800000 0.02822567
3.90900000 0.02821755
3.91000000 0.02820943
3.91100000 0.02820132
3.91200000 0.02819320
3.91300000 0.02818510
3.91400000 0.02817700
3.91500000 0.02816890
3.91600000 0.02816080
3.91700000 0.02815271
3.91800000 0.02814463
3.91900000 0.02813654
3.92000000 0.02812847
3.92100000 0.02812039
3.92200000 0.02811232
3.92300000 0.02810426
3.92400000 0.02809620
3.92500000 0.02808814
3.92600000 0.02808009
3.92700000 0.02807204
3.92800000 0.02806399
3.92900000 0.02805595
3.93000000 0.02804792
3.93100000 0.02803988
3.93200000 0.02803185
3.93300000 0.02802383
3.93400000 0.02801581
3.93500000 0.02800779
3.93600000 0.02799978
3.93700000 0.02799178
3.93800000 0.02798377
3.93900000 0.02797577
3.94000000 0.02796778
3.94100000 0.02795979
3.94200000 0.02795180
3.94300000 0.02794381
3.94400000 0.02793584
3.94500000 0.02792786
3.94600000 0.02791989
3.94700000 0.02791192
3.94800000 0.02790396
3.94900000 0.02789600
3.95000000 0.02788805
3.95100000 0.02788010
3.95200000 0.02787215
3.95300000 0.02786421
3.95400000 0.02785627
3.95500000 0.02784833
3.95600000 0.02784040
3.95700000 0.02783248
3.95800000 0.02782455
3.95900000 0.02781664
3.96000000 0.02780872
3.96100000 0.02780081
3.96200000 0.02779291
3.96300000 0.02778500
3.96400000 0.02777711
3.96500000 0.02776921
3.96600000 0.02776132
3.96700000 0.02775343
3.96800000 0.02774555
3.96900000 0.02773767
3.97000000 0.02772980
3.97100000 0.02772193
3.97200000 0.02771406
3.97300000 0.02770620
3.97400000 0.02769834
3.97500000 0.02769049
3.97600000 0.02768264
3.97700000 0.02767479
3.97800000 0.02766695
3.97900000 0.02765911
3.98000000 0.02765128
3.98100000 0.02764345
3.98200000 0.02763562
3.98300000 0.02762780
3.98400000 0.02761998
3.98500000 0.02761216
3.98600000 0.02760435
3.98700000 0.02759655
3.98800000 0.02758874
3.98900000 0.02758095
3.99000000 0.02757315
3.99100000 0.02756536
3.99200000 0.02755757
3.99300000 0.02754979
3.99400000 0.02754201
3.99500000 0.02753424
3.99600000 0.02752646
3.99700000 0.02751870
3.99800000 0.02751093
3.99900000 0.02750317
4.00000000 0.02749542
4.00100000 0.02748767
4.00200000 0.02747992
4.00300000 0.02747217
4.00400000 0.02746443
4.00500000 0.02745670
4.00600000 0.02744897
4.00700000 0.02744124
4.00800000 0.02743351
4.00900000 0.02742579
4.01000000 0.02741808
4.01100000 0.02741036
4.01200000 0.02740265
4.01300000 0.02739495
4.01400000 0.02738725
4.01500000 0.02737955
4.01600000 0.02737186
4.01700000 0.02736417
4.01800000 0.02735648
4.01900000 0.02734880
4.02000000 0.02734112
4.02100000 0.02733345
4.02200000 0.02732578
4.02300000 0.02731811
4.02400000 0.02731045
4.02500000 0.02730279
4.02600000 0.02729513
4.02700000 0.02728748
4.02800000 0.02727983
4.02900000 0.02727219
4.03000000 0.02726455
4.03100000 0.02725692
4.03200000 0.02724928
4.03300000 0.02724165
4.03400000 0.02723403
4.03500000 0.02722641
4.03600000 0.02721879
4.03700000 0.02721118
4.03800000 0.02720357
4.03900000 0.02719596
4.04000000 0.02718836
4.04100000 0.02718076
4.04200000 0.02717317
4.04300000 0.02716558
4.04400000 0.02715799
4.04500000 0.02715041
4.04600000 0.02714283
4.04700000 0.02713526
4.04800000 0.02712769
4.04900000 0.02712012
4.05000000 0.02711255
4.05100000 0.02710499
4.05200000 0.02709744
4.05300000 0.02708988
4.05400000 0.02708234
4.05500000 0.02707479
4.05600000 0.02706725
4.05700000 0.02705971
4.05800000 0.02705218
4.05900000 0.02704465
4.06000000 0.02703712
4.06100000 0.02702960
4.06200000 0.02702208
4.06300000 0.02701456
4.06400000 0.02700705
4.06500000 0.02699954
4.06600000 0.02699204
4.06700000 0.02698454
4.06800000 0.02697704
4.06900000 0.02696955
4.07000000 0.02696206
4.07100000 0.02695458
4.07200000 0.02694709
4.07300000 0.02693962
4.07400000 0.02693214
4.07500000 0.02692467
4.07600000 0.02691720
4.07700000 0.02690974
4.07800000 0.02690228
4.07900000 0.02689482
4.08000000 0.02688737
4.08100000 0.02687992
4.08200000 0.02687248
4.08300000 0.02686504
4.08400000 0.02685760
4.08500000 0.02685017
4.08600000 0.02684274
4.08700000 0.02683531
4.08800000 0.02682789
4.08900000 0.02682047
4.09000000 0.02681305
4.09100000 0.02680564
4.09200000 0.02679823
4.09300000 0.02679083
4.09400000 0.02678343
4.09500000 0.02677603
4.09600000 0.02676863
4.09700000 0.02676124
4.09800000 0.02675386
4.09900000 0.02674648
4.10000000 0.02673910
