0.10000000 5974121458.36856079
0.10100000 5301707532.10206127
0.10200000 4710514045.91041851
0.10300000 4190073928.20181465
0.10400000 3731352078.49221516
0.10500000 3326538307.59079456
0.10600000 2968871802.18526888
0.10700000 2652492077.45510101
0.10800000 2372312223.12597704
0.10900000 2123910943.36392736
0.11000000 1903440465.73865747
0.11100000 1707547870.78625131
0.11200000 1533307789.05308843
0.11300000 1378164741.22809792
0.11400000 1239883670.75998449
0.11500000 1116507446.76883936
0.11600000 1006320305.92890716
0.11700000 907816361.74810886
0.11800000 819672443.58396590
0.11900000 740724640.16633141
0.12000000 669948016.93461406
0.12100000 606439056.10734510
0.12200000 549400435.54026401
0.12300000 498127819.13106710
0.12400000 451998379.48476011
0.12500000 410460814.16875881
0.12600000 373026651.33234590
0.12700000 339262669.71735346
0.12800000 308784282.96197522
0.12900000 281249759.27999312
0.13000000 256355165.65536296
0.13100000 233829941.10689741
0.13200000 213433016.75288132
0.13300000 194949411.68006936
0.13400000 178187243.28141162
0.13500000 162975099.01311889
0.13600000 149159723.63795006
0.13700000 136603982.14011490
0.13800000 125185063.76379836
0.13900000 114792897.16570158
0.14000000 105328750.58715929
0.14100000 96703994.33257537
0.14200000 88839005.76407132
0.14300000 81662199.55207025
0.14400000 75109168.11324121
0.14500000 69121919.06793787
0.14600000 63648198.19928153
0.14700000 58640887.82984959
0.14800000 54057471.77908818
0.14900000 49859559.15042064
0.15000000 46012460.14333393
0.15100000 42484807.91120355
0.15200000 39248221.20635897
0.15300000 36277003.18376267
0.15400000 33547872.28562799
0.15500000 31039721.61165642
0.15600000 28733403.60223743
0.15700000 26611537.23264278
0.15800000 24658335.24162144
0.15900000 22859449.20364860
0.16000000 21201830.50541124
0.16100000 19673605.50827409
0.16200000 18263963.37324288
0.16300000 16963055.19661314
0.16400000 15761903.25592241
0.16500000 14652319.29950216
0.16600000 13626830.93102605
0.16700000 12678615.24486813
0.16800000 11801438.96047235
0.16900000 10989604.38574171
0.17000000 10237900.61194491
0.17100000 9541559.40691954
0.17200000 8896215.33039343
0.17300000 8297869.64590155
0.17400000 7742857.64879026
0.17500000 7227819.06983148
0.17600000 6749671.24959060
0.17700000 6305584.81041278
0.17800000 5892961.58115739
0.17900000 5509414.55501332
0.18000000 5152749.68321527
0.18100000 4820949.32755829
0.18200000 4512157.21254466
0.18300000 4224664.73403208
0.18400000 3956898.49559549
0.18500000 3707408.95665310
0.18600000 3474860.08790571
0.18700000 3258019.93994250
0.18800000 3055752.04010633
0.18900000 2867007.54100180
0.19000000 2690818.05147183
0.19100000 2526289.08755399
0.19200000 2372594.08693638
0.19300000 2228968.93583682
0.19400000 2094706.96209088
0.19500000 1969154.35261210
0.19600000 1851705.95733060
0.19700000 1741801.44527028
0.19800000 1638921.78162965
0.19900000 1542585.99762264
0.20000000 1452348.22744607
0.20100000 1367794.98909813
0.20200000 1288542.68790212
0.20300000 1214235.32351655
0.20400000 1144542.38295431
0.20500000 1079156.90371105
0.20600000 1017793.69253031
0.20700000 960187.68662674
0.20800000 906092.44536090
0.20900000 855278.76142237
0.21000000 807533.38154225
0.21100000 762657.82763176
0.21200000 720467.31003829
0.21300000 680789.72533284
0.21400000 643464.73169876
0.21500000 608342.89558925
0.21600000 575284.90386344
0.21700000 544160.83610555
0.21800000 514849.49228161
0.21900000 487237.77129808
0.22000000 461220.09640028
0.22100000 436697.88368939
0.22200000 413579.05034727
0.22300000 391777.55944191
0.22400000 371212.99844526
0.22500000 351810.18883132
0.22600000 333498.82433860
0.22700000 316213.13567817
0.22800000 299891.57964924
0.22900000 284476.55078914
0.23000000 269914.11383565
0.23100000 256153.75541815
0.23200000 243148.15352033
0.23300000 230852.96337366
0.23400000 219226.61854692
0.23500000 208230.14609462
0.23600000 197826.99471670
0.23700000 187982.87496390
0.23800000 178665.61059845
0.23900000 169845.00028900
0.24000000 161492.68888226
0.24100000 153582.04755200
0.24200000 146088.06218008
0.24300000 138987.22937311
0.24400000 132257.45956410
0.24500000 125877.98668994
0.24600000 119829.28397427
0.24700000 114092.98538038
0.24800000 108651.81233181
0.24900000 103489.50532781
0.25000000 98590.76010921
0.25100000 93941.16805504
0.25200000 89527.16051455
0.25300000 85335.95680021
0.25400000 81355.51558819
0.25500000 77574.48949055
0.25600000 73982.18258099
0.25700000 70568.51067164
0.25800000 67323.96415290
0.25900000 64239.57322200
0.26000000 61306.87533827
0.26100000 58517.88475468
0.26200000 55865.06398618
0.26300000 53341.29708460
0.26400000 50939.86459988
0.26500000 48654.42011508
0.26600000 46478.96825100
0.26700000 44407.84404331
0.26800000 42435.69360178
0.26900000 40557.45596766
0.27000000 38768.34609082
0.27100000 37063.83885375
0.27200000 35439.65407466
0.27300000 33891.74242610
0.27400000 32416.27221052
0.27500000 31009.61693739
0.27600000 29668.34365092
0.27700000 28389.20196037
0.27800000 27169.11372840
0.27900000 26005.16337581
0.28000000 24894.58876385
0.28100000 23834.77261772
0.28200000 22823.23445740
0.28300000 21857.62300423
0.28400000 20935.70903354
0.28500000 20055.37864575
0.28600000 19214.62693011
0.28700000 18411.55199684
0.28800000 17644.34935515
0.28900000 16911.30661593
0.29000000 16210.79849943
0.29100000 15541.28212922
0.29200000 14901.29259536
0.29300000 14289.43877028
0.29400000 13704.39936241
0.29500000 13144.91919315
0.29600000 12609.80568386
0.29700000 12097.92554053
0.29800000 11608.20162417
0.29900000 11139.60999609
0.30000000 10691.17712772
0.30100000 10261.97726530
0.30200000 9851.12994041
0.30300000 9457.79761767
0.30400000 9081.18347195
0.30500000 8720.52928719
0.30600000 8375.11347009
0.30700000 8044.24917194
0.30800000 7727.28251238
0.30900000 7423.59089922
0.31000000 7132.58143898
0.31100000 6853.68943277
0.31200000 6586.37695286
0.31300000 6330.13149530
0.31400000 6084.46470425
0.31500000 5848.91116413
0.31600000 5623.02725562
0.31700000 5406.39007211
0.31800000 5198.59639311
0.31900000 4999.26171150
0.32000000 4808.01931168
0.32100000 4624.51939574
0.32200000 4448.42825508
0.32300000 4279.42748491
0.32400000 4117.21323939
0.32500000 3961.49552508
0.32600000 3811.99753068
0.32700000 3668.45499114
0.32800000 3530.61558415
0.32900000 3398.23835742
0.33000000 3271.09318497
0.33100000 3148.96025093
0.33200000 3031.62955947
0.33300000 2918.90046923
0.33400000 2810.58125126
0.33500000 2706.48866891
0.33600000 2606.44757883
0.33700000 2510.29055166
0.33800000 2417.85751164
0.33900000 2328.99539395
0.34000000 2243.55781901
0.34100000 2161.40478274
0.34200000 2082.40236203
0.34300000 2006.42243458
0.34400000 1933.34241243
0.34500000 1863.04498840
0.34600000 1795.41789485
0.34700000 1730.35367408
0.34800000 1667.74945979
0.34900000 1607.50676910
0.35000000 1549.53130443
0.35100000 1493.73276495
0.35200000 1440.02466696
0.35300000 1388.32417284
0.35400000 1338.55192809
0.35500000 1290.63190604
0.35600000 1244.49125999
0.35700000 1200.06018215
0.35800000 1157.27176932
0.35900000 1116.06189480
0.36000000 1076.36908624
0.36100000 1038.13440925
0.36200000 1001.30135637
0.36300000 965.81574113
0.36400000 931.62559706
0.36500000 898.68108137
0.36600000 866.93438294
0.36700000 836.33963464
0.36800000 806.85282959
0.36900000 778.43174126
0.37000000 751.03584714
0.37100000 724.62625597
0.37200000 699.16563818
0.37300000 674.61815949
0.37400000 650.94941747
0.37500000 628.12638098
0.37600000 606.11733233
0.37700000 584.89181194
0.37800000 564.42056556
0.37900000 544.67549377
0.38000000 525.62960371
0.38100000 507.25696302
0.38200000 489.53265571
0.38300000 472.43274000
0.38400000 455.93420806
0.38500000 440.01494746
0.38600000 424.65370426
0.38700000 409.83004784
0.38800000 395.52433710
0.38900000 381.71768821
0.39000000 368.39194376
0.39100000 355.52964319
0.39200000 343.11399454
0.39300000 331.12884736
0.39400000 319.55866682
0.39500000 308.38850889
0.39600000 297.60399664
0.39700000 287.19129744
0.39800000 277.13710123
0.39900000 267.42859965
0.40000000 258.05346606
0.40100000 248.99983642
0.40200000 240.25629092
0.40300000 231.81183646
0.40400000 223.65588978
0.40500000 215.77826135
0.40600000 208.16913989
0.40700000 200.81907756
0.40800000 193.71897575
0.40900000 186.86007147
0.41000000 180.23392426
0.41100000 173.83240368
0.41200000 167.64767732
0.41300000 161.67219924
0.41400000 155.89869895
0.41500000 150.32017079
0.41600000 144.92986377
0.41700000 139.72127182
0.41800000 134.68812438
0.41900000 129.82437750
0.42000000 125.12420511
0.42100000 120.58199084
0.42200000 116.19232000
0.42300000 111.94997197
0.42400000 107.84991293
0.42500000 103.88728872
0.42600000 100.05741818
0.42700000 96.35578662
0.42800000 92.77803960
0.42900000 89.31997693
0.43000000 85.97754696
0.43100000 82.74684101
0.43200000 79.62408808
0.43300000 76.60564977
0.43400000 73.68801535
0.43500000 70.86779708
0.43600000 68.14172565
0.43700000 65.50664585
0.43800000 62.95951239
0.43900000 60.49738587
0.44000000 58.11742892
0.44100000 55.81690246
0.44200000 53.59316217
0.44300000 51.44365500
0.44400000 49.36591590
0.44500000 47.35756462
0.44600000 45.41630267
0.44700000 43.53991033
0.44800000 41.72624389
0.44900000 39.97323287
0.45000000 38.27887740
0.45100000 36.64124573
0.45200000 35.05847176
0.45300000 33.52875274
0.45400000 32.05034700
0.45500000 30.62157179
0.45600000 29.24080117
0.45700000 27.90646404
0.45800000 26.61704220
0.45900000 25.37106847
0.46000000 24.16712489
0.46100000 23.00384103
0.46200000 21.87989230
0.46300000 20.79399836
0.46400000 19.74492155
0.46500000 18.73146545
0.46600000 17.75247342
0.46700000 16.80682719
0.46800000 15.89344561
0.46900000 15.01128329
0.47000000 14.15932941
0.47100000 13.33660650
0.47200000 12.54216933
0.47300000 11.77510377
0.47400000 11.03452573
0.47500000 10.31958016
0.47600000 9.62944001
0.47700000 8.96330534
0.47800000 8.32040232
0.47900000 7.69998241
0.48000000 7.10132147
0.48100000 6.52371893
0.48200000 5.96649702
0.48300000 5.42899996
0.48400000 4.91059327
0.48500000 4.41066300
0.48600000 3.92861507
0.48700000 3.46387463
0.48800000 3.01588534
0.48900000 2.58410883
0.49000000 2.16802406
0.49100000 1.76712675
0.49200000 1.38092881
0.49300000 1.00895784
0.49400000 0.65075656
0.49500000 0.30588236
0.49600000 -0.02609323
0.49700000 -0.34558499
0.49800000 -0.65299444
0.49900000 -0.94871032
0.50000000 -1.23310896
0.50100000 -1.50655472
0.50200000 -1.76940039
0.50300000 -2.02198753
0.50400000 -2.26464688
0.50500000 -2.49769868
0.50600000 -2.72145303
0.50700000 -2.93621021
0.50800000 -3.14226101
0.50900000 -3.33988703
0.51000000 -3.52936098
0.51100000 -3.71094696
0.51200000 -3.88490076
0.51300000 -4.05147010
0.51400000 -4.21089490
0.51500000 -4.36340754
0.51600000 -4.50923311
0.51700000 -4.64858961
0.51800000 -4.78168820
0.51900000 -4.90873343
0.52000000 -5.02992343
0.52100000 -5.14545012
0.52200000 -5.25549941
0.52300000 -5.36025140
0.52400000 -5.45988054
0.52500000 -5.55455585
0.52600000 -5.64444106
0.52700000 -5.72969477
0.52800000 -5.81047065
0.52900000 -5.88691756
0.53000000 -5.95917973
0.53100000 -6.02739689
0.53200000 -6.09170439
0.53300000 -6.15223340
0.53400000 -6.20911098
0.53500000 -6.26246023
0.53600000 -6.31240043
0.53700000 -6.35904714
0.53800000 -6.40251233
0.53900000 -6.44290446
0.54000000 -6.48032866
0.54100000 -6.51488674
0.54200000 -6.54667737
0.54300000 -6.57579615
0.54400000 -6.60233569
0.54500000 -6.62638574
0.54600000 -6.64803323
0.54700000 -6.66736241
0.54800000 -6.68445490
0.54900000 -6.69938976
0.55000000 -6.71224362
0.55100000 -6.72309071
0.55200000 -6.73200293
0.55300000 -6.73904997
0.55400000 -6.74429932
0.55500000 -6.74781638
0.55600000 -6.74966452
0.55700000 -6.74990510
0.55800000 -6.74859760
0.55900000 -6.74579962
0.56000000 -6.74156696
0.56100000 -6.73595368
0.56200000 -6.72901215
0.56300000 -6.72079309
0.56400000 -6.71134563
0.56500000 -6.70071738
0.56600000 -6.68895443
0.56700000 -6.67610143
0.56800000 -6.66220163
0.56900000 -6.64729691
0.57000000 -6.63142784
0.57100000 -6.61463370
0.57200000 -6.59695253
0.57300000 -6.57842117
0.57400000 -6.55907529
0.57500000 -6.53894945
0.57600000 -6.51807707
0.57700000 -6.49649055
0.57800000 -6.47422123
0.57900000 -6.45129946
0.58000000 -6.42775463
0.58100000 -6.40361517
0.58200000 -6.37890862
0.58300000 -6.35366161
0.58400000 -6.32789994
0.58500000 -6.30164856
0.58600000 -6.27493163
0.58700000 -6.24777250
0.58800000 -6.22019380
0.58900000 -6.19221739
0.59000000 -6.16386444
0.59100000 -6.13515542
0.59200000 -6.10611013
0.59300000 -6.07674773
0.59400000 -6.04708673
0.59500000 -6.01714504
0.59600000 -5.98693998
0.59700000 -5.95648829
0.59800000 -5.92580616
0.59900000 -5.89490922
0.60000000 -5.86381261
0.60100000 -5.83253092
0.60200000 -5.80107828
0.60300000 -5.76946832
0.60400000 -5.73771423
0.60500000 -5.70582873
0.60600000 -5.67382410
0.60700000 -5.64171223
0.60800000 -5.60950456
0.60900000 -5.57721216
0.61000000 -5.54484570
0.61100000 -5.51241548
0.61200000 -5.47993144
0.61300000 -5.44740318
0.61400000 -5.41483993
0.61500000 -5.38225062
0.61600000 -5.34964384
0.61700000 -5.31702787
0.61800000 -5.28441071
0.61900000 -5.25180004
0.62000000 -5.21920328
0.62100000 -5.18662756
0.62200000 -5.15407976
0.62300000 -5.12156647
0.62400000 -5.08909408
0.62500000 -5.05666869
0.62600000 -5.02429620
0.62700000 -4.99198225
0.62800000 -4.95973230
0.62900000 -4.92755155
0.63000000 -4.89544504
0.63100000 -4.86341757
0.63200000 -4.83147376
0.63300000 -4.79961806
0.63400000 -4.76785470
0.63500000 -4.73618777
0.63600000 -4.70462116
0.63700000 -4.67315860
0.63800000 -4.64180368
0.63900000 -4.61055982
0.64000000 -4.57943027
0.64100000 -4.54841816
0.64200000 -4.51752648
0.64300000 -4.48675805
0.64400000 -4.45611560
0.64500000 -4.42560170
0.64600000 -4.39521880
0.64700000 -4.36496925
0.64800000 -4.33485526
0.64900000 -4.30487894
0.65000000 -4.27504228
0.65100000 -4.24534717
0.65200000 -4.21579540
0.65300000 -4.18638866
0.65400000 -4.15712853
0.65500000 -4.12801653
0.65600000 -4.09905405
0.65700000 -4.07024243
0.65800000 -4.04158289
0.65900000 -4.01307659
0.66000000 -3.98472462
0.66100000 -3.95652797
0.66200000 -3.92848757
0.66300000 -3.90060428
0.66400000 -3.87287889
0.66500000 -3.84531212
0.66600000 -3.81790462
0.66700000 -3.79065700
0.66800000 -3.76356979
0.66900000 -3.73664347
0.67000000 -3.70987845
0.67100000 -3.68327512
0.67200000 -3.65683377
0.67300000 -3.63055469
0.67400000 -3.60443808
0.67500000 -3.57848412
0.67600000 -3.55269294
0.67700000 -3.52706461
0.67800000 -3.50159917
0.67900000 -3.47629663
0.68000000 -3.45115694
0.68100000 -3.42618003
0.68200000 -3.40136578
0.68300000 -3.37671405
0.68400000 -3.35222466
0.68500000 -3.32789738
0.68600000 -3.30373198
0.68700000 -3.27972818
0.68800000 -3.25588568
0.68900000 -3.23220414
0.69000000 -3.20868320
0.69100000 -3.18532249
0.69200000 -3.16212159
0.69300000 -3.13908008
0.69400000 -3.11619750
0.69500000 -3.09347337
0.69600000 -3.07090720
0.69700000 -3.04849846
0.69800000 -3.02624664
0.69900000 -3.00415116
0.70000000 -2.98221147
0.70100000 -2.96042697
0.70200000 -2.93879706
0.70300000 -2.91732112
0.70400000 -2.89599852
0.70500000 -2.87482861
0.70600000 -2.85381072
0.70700000 -2.83294420
0.70800000 -2.81222835
0.70900000 -2.79166248
0.71000000 -2.77124588
0.71100000 -2.75097784
0.71200000 -2.73085762
0.71300000 -2.71088449
0.71400000 -2.69105772
0.71500000 -2.67137653
0.71600000 -2.65184019
0.71700000 -2.63244791
0.71800000 -2.61319893
0.71900000 -2.59409247
0.72000000 -2.57512773
0.72100000 -2.55630394
0.72200000 -2.53762028
0.72300000 -2.51907597
0.72400000 -2.50067019
0.72500000 -2.48240213
0.72600000 -2.46427099
0.72700000 -2.44627594
0.72800000 -2.42841617
0.72900000 -2.41069085
0.73000000 -2.39309917
0.73100000 -2.37564028
0.73200000 -2.35831337
0.73300000 -2.34111761
0.73400000 -2.32405215
0.73500000 -2.30711618
0.73600000 -2.29030885
0.73700000 -2.27362934
0.73800000 -2.25707681
0.73900000 -2.24065042
0.74000000 -2.22434934
0.74100000 -2.20817273
0.74200000 -2.19211977
0.74300000 -2.17618962
0.74400000 -2.16038144
0.74500000 -2.14469441
0.74600000 -2.12912770
0.74700000 -2.11368048
0.74800000 -2.09835191
0.74900000 -2.08314118
0.75000000 -2.06804746
0.75100000 -2.05306993
0.75200000 -2.03820777
0.75300000 -2.02346016
0.75400000 -2.00882629
0.75500000 -1.99430534
0.75600000 -1.97989650
0.75700000 -1.96559897
0.75800000 -1.95141194
0.75900000 -1.93733460
0.76000000 -1.92336617
0.76100000 -1.90950583
0.76200000 -1.89575280
0.76300000 -1.88210630
0.76400000 -1.86856552
0.76500000 -1.85512969
0.76600000 -1.84179803
0.76700000 -1.82856976
0.76800000 -1.81544411
0.76900000 -1.80242031
0.77000000 -1.78949759
0.77100000 -1.77667519
0.77200000 -1.76395235
0.77300000 -1.75132833
0.77400000 -1.73880235
0.77500000 -1.72637369
0.77600000 -1.71404159
0.77700000 -1.70180533
0.77800000 -1.68966415
0.77900000 -1.67761734
0.78000000 -1.66566416
0.78100000 -1.65380390
0.78200000 -1.64203583
0.78300000 -1.63035924
0.78400000 -1.61877342
0.78500000 -1.60727767
0.78600000 -1.59587127
0.78700000 -1.58455355
0.78800000 -1.57332379
0.78900000 -1.56218132
0.79000000 -1.55112544
0.79100000 -1.54015548
0.79200000 -1.52927077
0.79300000 -1.51847062
0.79400000 -1.50775438
0.79500000 -1.49712138
0.79600000 -1.48657096
0.79700000 -1.47610246
0.79800000 -1.46571525
0.79900000 -1.45540866
0.80000000 -1.44518207
0.80100000 -1.43503483
0.80200000 -1.42496631
0.80300000 -1.41497589
0.80400000 -1.40506294
0.80500000 -1.39522684
0.80600000 -1.38546697
0.80700000 -1.37578273
0.80800000 -1.36617350
0.80900000 -1.35663869
0.81000000 -1.34717771
0.81100000 -1.33778994
0.81200000 -1.32847481
0.81300000 -1.31923174
0.81400000 -1.31006013
0.81500000 -1.30095942
0.81600000 -1.29192903
0.81700000 -1.28296840
0.81800000 -1.27407695
0.81900000 -1.26525414
0.82000000 -1.25649940
0.82100000 -1.24781219
0.82200000 -1.23919195
0.82300000 -1.23063815
0.82400000 -1.22215025
0.82500000 -1.21372771
0.82600000 -1.20537000
0.82700000 -1.19707659
0.82800000 -1.18884697
0.82900000 -1.18068061
0.83000000 -1.17257699
0.83100000 -1.16453562
0.83200000 -1.15655598
0.83300000 -1.14863758
0.83400000 -1.14077990
0.83500000 -1.13298246
0.83600000 -1.12524477
0.83700000 -1.11756633
0.83800000 -1.10994667
0.83900000 -1.10238531
0.84000000 -1.09488178
0.84100000 -1.08743559
0.84200000 -1.08004628
0.84300000 -1.07271339
0.84400000 -1.06543646
0.84500000 -1.05821504
0.84600000 -1.05104865
0.84700000 -1.04393687
0.84800000 -1.03687924
0.84900000 -1.02987532
0.85000000 -1.02292468
0.85100000 -1.01602687
0.85200000 -1.00918146
0.85300000 -1.00238804
0.85400000 -0.99564616
0.85500000 -0.98895542
0.85600000 -0.98231540
0.85700000 -0.97572567
0.85800000 -0.96918583
0.85900000 -0.96269547
0.86000000 -0.95625420
0.86100000 -0.94986160
0.86200000 -0.94351728
0.86300000 -0.93722084
0.86400000 -0.93097190
0.86500000 -0.92477006
0.86600000 -0.91861495
0.86700000 -0.91250618
0.86800000 -0.90644338
0.86900000 -0.90042616
0.87000000 -0.89445415
0.87100000 -0.88852700
0.87200000 -0.88264432
0.87300000 -0.87680577
0.87400000 -0.87101097
0.87500000 -0.86525958
0.87600000 -0.85955124
0.87700000 -0.85388559
0.87800000 -0.84826230
0.87900000 -0.84268101
0.88000000 -0.83714139
0.88100000 -0.83164309
0.88200000 -0.82618578
0.88300000 -0.82076913
0.88400000 -0.81539280
0.88500000 -0.81005646
0.88600000 -0.80475980
0.88700000 -0.79950249
0.88800000 -0.79428421
0.88900000 -0.78910464
0.89000000 -0.78396347
0.89100000 -0.77886039
0.89200000 -0.77379509
0.89300000 -0.76876726
0.89400000 -0.76377660
0.89500000 -0.75882280
0.89600000 -0.75390558
0.89700000 -0.74902462
0.89800000 -0.74417965
0.89900000 -0.73937036
0.90000000 -0.73459648
0.90100000 -0.72985770
0.90200000 -0.72515376
0.90300000 -0.72048436
0.90400000 -0.71584923
0.90500000 -0.71124810
0.90600000 -0.70668068
0.90700000 -0.70214671
0.90800000 -0.69764592
0.90900000 -0.69317804
0.91000000 -0.68874280
0.91100000 -0.68433994
0.91200000 -0.67996920
0.91300000 -0.67563033
0.91400000 -0.67132306
0.91500000 -0.66704715
0.91600000 -0.66280233
0.91700000 -0.65858837
0.91800000 -0.65440501
0.91900000 -0.65025201
0.92000000 -0.64612913
0.92100000 -0.64203612
0.92200000 -0.63797274
0.92300000 -0.63393876
0.92400000 -0.62993394
0.92500000 -0.62595805
0.92600000 -0.62201086
0.92700000 -0.61809214
0.92800000 -0.61420166
0.92900000 -0.61033919
0.93000000 -0.60650452
0.93100000 -0.60269742
0.93200000 -0.59891767
0.93300000 -0.59516505
0.93400000 -0.59143936
0.93500000 -0.58774036
0.93600000 -0.58406786
0.93700000 -0.58042164
0.93800000 -0.57680149
0.93900000 -0.57320720
0.94000000 -0.56963858
0.94100000 -0.56609541
0.94200000 -0.56257750
0.94300000 -0.55908465
0.94400000 -0.55561665
0.94500000 -0.55217331
0.94600000 -0.54875444
0.94700000 -0.54535984
0.94800000 -0.54198932
0.94900000 -0.53864269
0.95000000 -0.53531977
0.95100000 -0.53202036
0.95200000 -0.52874428
0.95300000 -0.52549135
0.95400000 -0.52226138
0.95500000 -0.51905420
0.95600000 -0.51586962
0.95700000 -0.51270748
0.95800000 -0.50956758
0.95900000 -0.50644976
0.96000000 -0.50335385
0.96100000 -0.50027967
0.96200000 -0.49722705
0.96300000 -0.49419583
0.96400000 -0.49118584
0.96500000 -0.48819690
0.96600000 -0.48522887
0.96700000 -0.48228157
0.96800000 -0.47935484
0.96900000 -0.47644852
0.97000000 -0.47356246
0.97100000 -0.47069649
0.97200000 -0.46785046
0.97300000 -0.46502421
0.97400000 -0.46221760
0.97500000 -0.45943047
0.97600000 -0.45666266
0.97700000 -0.45391403
0.97800000 -0.45118443
0.97900000 -0.44847371
0.98000000 -0.44578173
0.98100000 -0.44310834
0.98200000 -0.44045340
0.98300000 -0.43781676
0.98400000 -0.43519829
0.98500000 -0.43259784
0.98600000 -0.43001527
0.98700000 -0.42745046
0.98800000 -0.42490325
0.98900000 -0.42237352
0.99000000 -0.41986113
0.99100000 -0.41736595
0.99200000 -0.41488785
0.99300000 -0.41242669
0.99400000 -0.40998235
0.99500000 -0.40755469
0.99600000 -0.40514359
0.99700000 -0.40274893
0.99800000 -0.40037057
0.99900000 -0.39800840
1.00000000 -0.39566228
1.00100000 -0.39333210
1.00200000 -0.39101774
1.00300000 -0.38871907
1.00400000 -0.38643598
1.00500000 -0.38416835
1.00600000 -0.38191605
1.00700000 -0.37967898
1.00800000 -0.37745701
1.00900000 -0.37525004
1.01000000 -0.37305795
1.01100000 -0.37088063
1.01200000 -0.36871796
1.01300000 -0.36656984
1.01400000 -0.36443615
1.01500000 -0.36231679
1.01600000 -0.36021164
1.01700000 -0.35812061
1.01800000 -0.35604358
1.01900000 -0.35398045
1.02000000 -0.35193112
1.02100000 -0.34989547
1.02200000 -0.34787342
1.02300000 -0.34586485
1.02400000 -0.34386967
1.02500000 -0.34188777
1.02600000 -0.33991905
1.02700000 -0.33796343
1.02800000 -0.33602079
1.02900000 -0.33409104
1.03000000 -0.33217409
1.03100000 -0.33026984
1.03200000 -0.32837820
1.03300000 -0.32649906
1.03400000 -0.32463235
1.03500000 -0.32277796
1.03600000 -0.32093581
1.03700000 -0.31910580
1.03800000 -0.31728784
1.03900000 -0.31548185
1.04000000 -0.31368773
1.04100000 -0.31190540
1.04200000 -0.31013477
1.04300000 -0.30837576
1.04400000 -0.30662827
1.04500000 -0.30489223
1.04600000 -0.30316755
1.04700000 -0.30145414
1.04800000 -0.29975192
1.04900000 -0.29806081
1.05000000 -0.29638073
1.05100000 -0.29471160
1.05200000 -0.29305333
1.05300000 -0.29140585
1.05400000 -0.28976908
1.05500000 -0.28814293
1.05600000 -0.28652734
1.05700000 -0.28492222
1.05800000 -0.28332750
1.05900000 -0.28174310
1.06000000 -0.28016894
1.06100000 -0.27860496
1.06200000 -0.27705108
1.06300000 -0.27550722
1.06400000 -0.27397331
1.06500000 -0.27244928
1.06600000 -0.27093505
1.06700000 -0.26943056
1.06800000 -0.26793574
1.06900000 -0.26645051
1.07000000 -0.26497480
1.07100000 -0.26350855
1.07200000 -0.26205169
1.07300000 -0.26060415
1.07400000 -0.25916587
1.07500000 -0.25773677
1.07600000 -0.25631678
1.07700000 -0.25490586
1.07800000 -0.25350392
1.07900000 -0.25211090
1.08000000 -0.25072675
1.08100000 -0.24935139
1.08200000 -0.24798477
1.08300000 -0.24662681
1.08400000 -0.24527747
1.08500000 -0.24393667
1.08600000 -0.24260436
1.08700000 -0.24128047
1.08800000 -0.23996495
1.08900000 -0.23865773
1.09000000 -0.23735875
1.09100000 -0.23606797
1.09200000 -0.23478531
1.09300000 -0.23351073
1.09400000 -0.23224415
1.09500000 -0.23098554
1.09600000 -0.22973482
1.09700000 -0.22849195
1.09800000 -0.22725686
1.09900000 -0.22602951
1.10000000 -0.22480984
1.10100000 -0.22359779
1.10200000 -0.22239331
1.10300000 -0.22119635
1.10400000 -0.22000685
1.10500000 -0.21882476
1.10600000 -0.21765003
1.10700000 -0.21648261
1.10800000 -0.21532245
1.10900000 -0.21416948
1.11000000 -0.21302367
1.11100000 -0.21188497
1.11200000 -0.21075332
1.11300000 -0.20962867
1.11400000 -0.20851098
1.11500000 -0.20740020
1.11600000 -0.20629627
1.11700000 -0.20519915
1.11800000 -0.20410880
1.11900000 -0.20302516
1.12000000 -0.20194819
1.12100000 -0.20087785
1.12200000 -0.19981408
1.12300000 -0.19875684
1.12400000 -0.19770608
1.12500000 -0.19666177
1.12600000 -0.19562385
1.12700000 -0.19459228
1.12800000 -0.19356702
1.12900000 -0.19254802
1.13000000 -0.19153524
1.13100000 -0.19052864
1.13200000 -0.18952817
1.13300000 -0.18853380
1.13400000 -0.18754547
1.13500000 -0.18656316
1.13600000 -0.18558681
1.13700000 -0.18461638
1.13800000 -0.18365184
1.13900000 -0.18269315
1.14000000 -0.18174026
1.14100000 -0.18079313
1.14200000 -0.17985173
1.14300000 -0.17891602
1.14400000 -0.17798595
1.14500000 -0.17706149
1.14600000 -0.17614260
1.14700000 -0.17522925
1.14800000 -0.17432139
1.14900000 -0.17341898
1.15000000 -0.17252199
1.15100000 -0.17163039
1.15200000 -0.17074413
1.15300000 -0.16986319
1.15400000 -0.16898751
1.15500000 -0.16811708
1.15600000 -0.16725184
1.15700000 -0.16639178
1.15800000 -0.16553684
1.15900000 -0.16468700
1.16000000 -0.16384223
1.16100000 -0.16300249
1.16200000 -0.16216774
1.16300000 -0.16133795
1.16400000 -0.16051308
1.16500000 -0.15969312
1.16600000 -0.15887801
1.16700000 -0.15806773
1.16800000 -0.15726225
1.16900000 -0.15646154
1.17000000 -0.15566555
1.17100000 -0.15487427
1.17200000 -0.15408766
1.17300000 -0.15330568
1.17400000 -0.15252831
1.17500000 -0.15175551
1.17600000 -0.15098726
1.17700000 -0.15022353
1.17800000 -0.14946428
1.17900000 -0.14870949
1.18000000 -0.14795912
1.18100000 -0.14721315
1.18200000 -0.14647154
1.18300000 -0.14573427
1.18400000 -0.14500131
1.18500000 -0.14427263
1.18600000 -0.14354820
1.18700000 -0.14282800
1.18800000 -0.14211199
1.18900000 -0.14140015
1.19000000 -0.14069245
1.19100000 -0.13998887
1.19200000 -0.13928937
1.19300000 -0.13859393
1.19400000 -0.13790252
1.19500000 -0.13721511
1.19600000 -0.13653169
1.19700000 -0.13585222
1.19800000 -0.13517668
1.19900000 -0.13450504
1.20000000 -0.13383727
1.20100000 -0.13317336
1.20200000 -0.13251327
1.20300000 -0.13185698
1.20400000 -0.13120446
1.20500000 -0.13055570
1.20600000 -0.12991066
1.20700000 -0.12926933
1.20800000 -0.12863167
1.20900000 -0.12799767
1.21000000 -0.12736730
1.21100000 -0.12674053
1.21200000 -0.12611735
1.21300000 -0.12549772
1.21400000 -0.12488164
1.21500000 -0.12426906
1.21600000 -0.12365998
1.21700000 -0.12305437
1.21800000 -0.12245220
1.21900000 -0.12185346
1.22000000 -0.12125812
1.22100000 -0.12066615
1.22200000 -0.12007755
1.22300000 -0.11949228
1.22400000 -0.11891033
1.22500000 -0.11833166
1.22600000 -0.11775628
1.22700000 -0.11718414
1.22800000 -0.11661523
1.22900000 -0.11604953
1.23000000 -0.11548703
1.23100000 -0.11492769
1.23200000 -0.11437149
1.23300000 -0.11381843
1.23400000 -0.11326847
1.23500000 -0.11272161
1.23600000 -0.11217781
1.23700000 -0.11163706
1.23800000 -0.11109934
1.23900000 -0.11056463
1.24000000 -0.11003291
1.24100000 -0.10950416
1.24200000 -0.10897837
1.24300000 -0.10845551
1.24400000 -0.10793557
1.24500000 -0.10741852
1.24600000 -0.10690435
1.24700000 -0.10639305
1.24800000 -0.10588458
1.24900000 -0.10537894
1.25000000 -0.10487611
1.25100000 -0.10437607
1.25200000 -0.10387880
1.25300000 -0.10338428
1.25400000 -0.10289250
1.25500000 -0.10240344
1.25600000 -0.10191708
1.25700000 -0.10143341
1.25800000 -0.10095240
1.25900000 -0.10047405
1.26000000 -0.09999833
1.26100000 -0.09952523
1.26200000 -0.09905474
1.26300000 -0.09858682
1.26400000 -0.09812148
1.26500000 -0.09765870
1.26600000 -0.09719845
1.26700000 -0.09674072
1.26800000 -0.09628550
1.26900000 -0.09583277
1.27000000 -0.09538251
1.27100000 -0.09493472
1.27200000 -0.09448937
1.27300000 -0.09404644
1.27400000 -0.09360594
1.27500000 -0.09316783
1.27600000 -0.09273211
1.27700000 -0.09229875
1.27800000 -0.09186775
1.27900000 -0.09143909
1.28000000 -0.09101276
1.28100000 -0.09058874
1.28200000 -0.09016702
1.28300000 -0.08974758
1.28400000 -0.08933040
1.28500000 -0.08891549
1.28600000 -0.08850281
1.28700000 -0.08809237
1.28800000 -0.08768413
1.28900000 -0.08727810
1.29000000 -0.08687425
1.29100000 -0.08647258
1.29200000 -0.08607307
1.29300000 -0.08567570
1.29400000 -0.08528047
1.29500000 -0.08488735
1.29600000 -0.08449635
1.29700000 -0.08410744
1.29800000 -0.08372061
1.29900000 -0.08333585
1.30000000 -0.08295315
1.30100000 -0.08257250
1.30200000 -0.08219387
1.30300000 -0.08181727
1.30400000 -0.08144267
1.30500000 -0.08107006
1.30600000 -0.08069944
1.30700000 -0.08033079
1.30800000 -0.07996410
1.30900000 -0.07959936
1.31000000 -0.07923655
1.31100000 -0.07887567
1.31200000 -0.07851669
1.31300000 -0.07815962
1.31400000 -0.07780444
1.31500000 -0.07745114
1.31600000 -0.07709970
1.31700000 -0.07675011
1.31800000 -0.07640238
1.31900000 -0.07605647
1.32000000 -0.07571239
1.32100000 -0.07537011
1.32200000 -0.07502964
1.32300000 -0.07469096
1.32400000 -0.07435405
1.32500000 -0.07401892
1.32600000 -0.07368554
1.32700000 -0.07335390
1.32800000 -0.07302401
1.32900000 -0.07269584
1.33000000 -0.07236939
1.33100000 -0.07204464
1.33200000 -0.07172159
1.33300000 -0.07140022
1.33400000 -0.07108053
1.33500000 -0.07076250
1.33600000 -0.07044613
1.33700000 -0.07013141
1.33800000 -0.06981832
1.33900000 -0.06950686
1.34000000 -0.06919702
1.34100000 -0.06888878
1.34200000 -0.06858214
1.34300000 -0.06827709
1.34400000 -0.06797362
1.34500000 -0.06767172
1.34600000 -0.06737137
1.34700000 -0.06707258
1.34800000 -0.06677533
1.34900000 -0.06647962
1.35000000 -0.06618543
1.35100000 -0.06589275
1.35200000 -0.06560158
1.35300000 -0.06531191
1.35400000 -0.06502372
1.35500000 -0.06473702
1.35600000 -0.06445178
1.35700000 -0.06416801
1.35800000 -0.06388569
1.35900000 -0.06360482
1.36000000 -0.06332539
1.36100000 -0.06304738
1.36200000 -0.06277080
1.36300000 -0.06249563
1.36400000 -0.06222186
1.36500000 -0.06194948
1.36600000 -0.06167850
1.36700000 -0.06140889
1.36800000 -0.06114066
1.36900000 -0.06087379
1.37000000 -0.06060827
1.37100000 -0.06034411
1.37200000 -0.06008128
1.37300000 -0.05981979
1.37400000 -0.05955962
1.37500000 -0.05930077
1.37600000 -0.05904322
1.37700000 -0.05878698
1.37800000 -0.05853204
1.37900000 -0.05827838
1.38000000 -0.05802600
1.38100000 -0.05777489
1.38200000 -0.05752505
1.38300000 -0.05727646
1.38400000 -0.05702913
1.38500000 -0.05678304
1.38600000 -0.05653818
1.38700000 -0.05629456
1.38800000 -0.05605215
1.38900000 -0.05581096
1.39000000 -0.05557098
1.39100000 -0.05533220
1.39200000 -0.05509462
1.39300000 -0.05485822
1.39400000 -0.05462300
1.39500000 -0.05438896
1.39600000 -0.05415609
1.39700000 -0.05392437
1.39800000 -0.05369381
1.39900000 -0.05346440
1.40000000 -0.05323613
1.40100000 -0.05300899
1.40200000 -0.05278298
1.40300000 -0.05255809
1.40400000 -0.05233432
1.40500000 -0.05211166
1.40600000 -0.05189010
1.40700000 -0.05166964
1.40800000 -0.05145027
1.40900000 -0.05123198
1.41000000 -0.05101477
1.41100000 -0.05079863
1.41200000 -0.05058356
1.41300000 -0.05036955
1.41400000 -0.05015659
1.41500000 -0.04994468
1.41600000 -0.04973382
1.41700000 -0.04952399
1.41800000 -0.04931519
1.41900000 -0.04910742
1.42000000 -0.04890066
1.42100000 -0.04869492
1.42200000 -0.04849019
1.42300000 -0.04828646
1.42400000 -0.04808372
1.42500000 -0.04788198
1.42600000 -0.04768122
1.42700000 -0.04748144
1.42800000 -0.04728264
1.42900000 -0.04708481
1.43000000 -0.04688794
1.43100000 -0.04669202
1.43200000 -0.04649707
1.43300000 -0.04630306
1.43400000 -0.04610999
1.43500000 -0.04591786
1.43600000 -0.04572666
1.43700000 -0.04553639
1.43800000 -0.04534704
1.43900000 -0.04515861
1.44000000 -0.04497109
1.44100000 -0.04478447
1.44200000 -0.04459876
1.44300000 -0.04441395
1.44400000 -0.04423002
1.44500000 -0.04404699
1.44600000 -0.04386483
1.44700000 -0.04368355
1.44800000 -0.04350315
1.44900000 -0.04332361
1.45000000 -0.04314494
1.45100000 -0.04296712
1.45200000 -0.04279016
1.45300000 -0.04261404
1.45400000 -0.04243877
1.45500000 -0.04226434
1.45600000 -0.04209075
1.45700000 -0.04191798
1.45800000 -0.04174604
1.45900000 -0.04157492
1.46000000 -0.04140462
1.46100000 -0.04123513
1.46200000 -0.04106645
1.46300000 -0.04089858
1.46400000 -0.04073150
1.46500000 -0.04056522
1.46600000 -0.04039972
1.46700000 -0.04023502
1.46800000 -0.04007109
1.46900000 -0.03990795
1.47000000 -0.03974557
1.47100000 -0.03958397
1.47200000 -0.03942313
1.47300000 -0.03926306
1.47400000 -0.03910374
1.47500000 -0.03894517
1.47600000 -0.03878735
1.47700000 -0.03863028
1.47800000 -0.03847395
1.47900000 -0.03831835
1.48000000 -0.03816349
1.48100000 -0.03800935
1.48200000 -0.03785594
1.48300000 -0.03770326
1.48400000 -0.03755129
1.48500000 -0.03740003
1.48600000 -0.03724948
1.48700000 -0.03709964
1.48800000 -0.03695050
1.48900000 -0.03680206
1.49000000 -0.03665431
1.49100000 -0.03650726
1.49200000 -0.03636089
1.49300000 -0.03621521
1.49400000 -0.03607020
1.49500000 -0.03592587
1.49600000 -0.03578222
1.49700000 -0.03563923
1.49800000 -0.03549691
1.49900000 -0.03535525
1.50000000 -0.03521425
1.50100000 -0.03507390
1.50200000 -0.03493421
1.50300000 -0.03479516
1.50400000 -0.03465676
1.50500000 -0.03451900
1.50600000 -0.03438188
1.50700000 -0.03424539
1.50800000 -0.03410953
1.50900000 -0.03397430
1.51000000 -0.03383970
1.51100000 -0.03370572
1.51200000 -0.03357235
1.51300000 -0.03343960
1.51400000 -0.03330746
1.51500000 -0.03317593
1.51600000 -0.03304500
1.51700000 -0.03291468
1.51800000 -0.03278495
1.51900000 -0.03265582
1.52000000 -0.03252729
1.52100000 -0.03239934
1.52200000 -0.03227198
1.52300000 -0.03214520
1.52400000 -0.03201900
1.52500000 -0.03189338
1.52600000 -0.03176833
1.52700000 -0.03164386
1.52800000 -0.03151995
1.52900000 -0.03139661
1.53000000 -0.03127383
1.53100000 -0.03115160
1.53200000 -0.03102994
1.53300000 -0.03090883
1.53400000 -0.03078827
1.53500000 -0.03066826
1.53600000 -0.03054879
1.53700000 -0.03042986
1.53800000 -0.03031148
1.53900000 -0.03019363
1.54000000 -0.03007631
1.54100000 -0.02995953
1.54200000 -0.02984327
1.54300000 -0.02972754
1.54400000 -0.02961233
1.54500000 -0.02949765
1.54600000 -0.02938348
1.54700000 -0.02926982
1.54800000 -0.02915668
1.54900000 -0.02904404
1.55000000 -0.02893192
1.55100000 -0.02882029
1.55200000 -0.02870917
1.55300000 -0.02859855
1.55400000 -0.02848843
1.55500000 -0.02837879
1.55600000 -0.02826966
1.55700000 -0.02816100
1.55800000 -0.02805284
1.55900000 -0.02794516
1.56000000 -0.02783796
1.56100000 -0.02773124
1.56200000 -0.02762500
1.56300000 -0.02751923
1.56400000 -0.02741394
1.56500000 -0.02730911
1.56600000 -0.02720475
1.56700000 -0.02710085
1.56800000 -0.02699742
1.56900000 -0.02689445
1.57000000 -0.02679193
1.57100000 -0.02668987
1.57200000 -0.02658826
1.57300000 -0.02648711
1.57400000 -0.02638640
1.57500000 -0.02628613
1.57600000 -0.02618632
1.57700000 -0.02608694
1.57800000 -0.02598800
1.57900000 -0.02588950
1.58000000 -0.02579144
1.58100000 -0.02569380
1.58200000 -0.02559660
1.58300000 -0.02549983
1.58400000 -0.02540348
1.58500000 -0.02530756
1.58600000 -0.02521206
1.58700000 -0.02511698
1.58800000 -0.02502231
1.58900000 -0.02492807
1.59000000 -0.02483423
1.59100000 -0.02474081
1.59200000 -0.02464780
1.59300000 -0.02455519
1.59400000 -0.02446299
1.59500000 -0.02437120
1.59600000 -0.02427980
1.59700000 -0.02418880
1.59800000 -0.02409821
1.59900000 -0.02400800
1.60000000 -0.02391819
1.60100000 -0.02382878
1.60200000 -0.02373975
1.60300000 -0.02365111
1.60400000 -0.02356285
1.60500000 -0.02347498
1.60600000 -0.02338749
1.60700000 -0.02330038
1.60800000 -0.02321365
1.60900000 -0.02312729
1.61000000 -0.02304131
1.61100000 -0.02295570
1.61200000 -0.02287046
1.61300000 -0.02278559
1.61400000 -0.02270109
1.61500000 -0.02261695
1.61600000 -0.02253318
1.61700000 -0.02244977
1.61800000 -0.02236671
1.61900000 -0.02228402
1.62000000 -0.02220168
1.62100000 -0.02211970
1.62200000 -0.02203807
1.62300000 -0.02195679
1.62400000 -0.02187586
1.62500000 -0.02179527
1.62600000 -0.02171504
1.62700000 -0.02163514
1.62800000 -0.02155559
1.62900000 -0.02147638
1.63000000 -0.02139751
1.63100000 -0.02131898
1.63200000 -0.02124078
1.63300000 -0.02116292
1.63400000 -0.02108539
1.63500000 -0.02100819
1.63600000 -0.02093132
1.63700000 -0.02085478
1.63800000 -0.02077856
1.63900000 -0.02070267
1.64000000 -0.02062710
1.64100000 -0.02055186
1.64200000 -0.02047693
1.64300000 -0.02040232
1.64400000 -0.02032803
1.64500000 -0.02025405
1.64600000 -0.02018039
1.64700000 -0.02010704
1.64800000 -0.02003400
1.64900000 -0.01996127
1.65000000 -0.01988885
1.65100000 -0.01981673
1.65200000 -0.01974492
1.65300000 -0.01967341
1.65400000 -0.01960220
1.65500000 -0.01953129
1.65600000 -0.01946069
1.65700000 -0.01939038
1.65800000 -0.01932036
1.65900000 -0.01925064
1.66000000 -0.01918122
1.66100000 -0.01911208
1.66200000 -0.01904324
1.66300000 -0.01897468
1.66400000 -0.01890641
1.66500000 -0.01883843
1.66600000 -0.01877074
1.66700000 -0.01870332
1.66800000 -0.01863619
1.66900000 -0.01856934
1.67000000 -0.01850277
1.67100000 -0.01843648
1.67200000 -0.01837046
1.67300000 -0.01830472
1.67400000 -0.01823926
1.67500000 -0.01817406
1.67600000 -0.01810914
1.67700000 -0.01804449
1.67800000 -0.01798011
1.67900000 -0.01791599
1.68000000 -0.01785214
1.68100000 -0.01778856
1.68200000 -0.01772524
1.68300000 -0.01766219
1.68400000 -0.01759939
1.68500000 -0.01753686
1.68600000 -0.01747458
1.68700000 -0.01741256
1.68800000 -0.01735080
1.68900000 -0.01728929
1.69000000 -0.01722804
1.69100000 -0.01716704
1.69200000 -0.01710629
1.69300000 -0.01704580
1.69400000 -0.01698555
1.69500000 -0.01692555
1.69600000 -0.01686580
1.69700000 -0.01680629
1.69800000 -0.01674703
1.69900000 -0.01668801
1.70000000 -0.01662923
1.70100000 -0.01657070
1.70200000 -0.01651240
1.70300000 -0.01645435
1.70400000 -0.01639653
1.70500000 -0.01633895
1.70600000 -0.01628161
1.70700000 -0.01622449
1.70800000 -0.01616762
1.70900000 -0.01611097
1.71000000 -0.01605456
1.71100000 -0.01599838
1.71200000 -0.01594242
1.71300000 -0.01588670
1.71400000 -0.01583120
1.71500000 -0.01577592
1.71600000 -0.01572087
1.71700000 -0.01566605
1.71800000 -0.01561145
1.71900000 -0.01555707
1.72000000 -0.01550291
1.72100000 -0.01544897
1.72200000 -0.01539525
1.72300000 -0.01534175
1.72400000 -0.01528846
1.72500000 -0.01523539
1.72600000 -0.01518254
1.72700000 -0.01512989
1.72800000 -0.01507747
1.72900000 -0.01502525
1.73000000 -0.01497324
1.73100000 -0.01492145
1.73200000 -0.01486986
1.73300000 -0.01481848
1.73400000 -0.01476730
1.73500000 -0.01471634
1.73600000 -0.01466557
1.73700000 -0.01461502
1.73800000 -0.01456466
1.73900000 -0.01451451
1.74000000 -0.01446456
1.74100000 -0.01441481
1.74200000 -0.01436526
1.74300000 -0.01431590
1.74400000 -0.01426675
1.74500000 -0.01421779
1.74600000 -0.01416903
1.74700000 -0.01412046
1.74800000 -0.01407208
1.74900000 -0.01402390
1.75000000 -0.01397591
1.75100000 -0.01392812
1.75200000 -0.01388051
1.75300000 -0.01383309
1.75400000 -0.01378587
1.75500000 -0.01373883
1.75600000 -0.01369197
1.75700000 -0.01364531
1.75800000 -0.01359882
1.75900000 -0.01355253
1.76000000 -0.01350641
1.76100000 -0.01346048
1.76200000 -0.01341474
1.76300000 -0.01336917
1.76400000 -0.01332378
1.76500000 -0.01327858
1.76600000 -0.01323355
1.76700000 -0.01318870
1.76800000 -0.01314402
1.76900000 -0.01309953
1.77000000 -0.01305521
1.77100000 -0.01301106
1.77200000 -0.01296709
1.77300000 -0.01292329
1.77400000 -0.01287966
1.77500000 -0.01283621
1.77600000 -0.01279292
1.77700000 -0.01274981
1.77800000 -0.01270687
1.77900000 -0.01266409
1.78000000 -0.01262148
1.78100000 -0.01257904
1.78200000 -0.01253677
1.78300000 -0.01249466
1.78400000 -0.01245271
1.78500000 -0.01241093
1.78600000 -0.01236932
1.78700000 -0.01232786
1.78800000 -0.01228657
1.78900000 -0.01224544
1.79000000 -0.01220447
1.79100000 -0.01216366
1.79200000 -0.01212301
1.79300000 -0.01208251
1.79400000 -0.01204218
1.79500000 -0.01200200
1.79600000 -0.01196198
1.79700000 -0.01192211
1.79800000 -0.01188240
1.79900000 -0.01184284
1.80000000 -0.01180344
1.80100000 -0.01176419
1.80200000 -0.01172509
1.80300000 -0.01168614
1.80400000 -0.01164734
1.80500000 -0.01160870
1.80600000 -0.01157020
1.80700000 -0.01153185
1.80800000 -0.01149365
1.80900000 -0.01145560
1.81000000 -0.01141769
1.81100000 -0.01137993
1.81200000 -0.01134232
1.81300000 -0.01130485
1.81400000 -0.01126752
1.81500000 -0.01123034
1.81600000 -0.01119330
1.81700000 -0.01115641
1.81800000 -0.01111965
1.81900000 -0.01108304
1.82000000 -0.01104657
1.82100000 -0.01101024
1.82200000 -0.01097404
1.82300000 -0.01093799
1.82400000 -0.01090207
1.82500000 -0.01086629
1.82600000 -0.01083065
1.82700000 -0.01079514
1.82800000 -0.01075977
1.82900000 -0.01072454
1.83000000 -0.01068944
1.83100000 -0.01065447
1.83200000 -0.01061964
1.83300000 -0.01058494
1.83400000 -0.01055037
1.83500000 -0.01051593
1.83600000 -0.01048163
1.83700000 -0.01044745
1.83800000 -0.01041341
1.83900000 -0.01037949
1.84000000 -0.01034570
1.84100000 -0.01031205
1.84200000 -0.01027851
1.84300000 -0.01024511
1.84400000 -0.01021183
1.84500000 -0.01017868
1.84600000 -0.01014565
1.84700000 -0.01011275
1.84800000 -0.01007998
1.84900000 -0.01004732
1.85000000 -0.01001479
1.85100000 -0.00998239
1.85200000 -0.00995010
1.85300000 -0.00991794
1.85400000 -0.00988590
1.85500000 -0.00985397
1.85600000 -0.00982217
1.85700000 -0.00979049
1.85800000 -0.00975893
1.85900000 -0.00972749
1.86000000 -0.00969616
1.86100000 -0.00966495
1.86200000 -0.00963386
1.86300000 -0.00960289
1.86400000 -0.00957203
1.86500000 -0.00954129
1.86600000 -0.00951066
1.86700000 -0.00948015
1.86800000 -0.00944975
1.86900000 -0.00941946
1.87000000 -0.00938929
1.87100000 -0.00935923
1.87200000 -0.00932928
1.87300000 -0.00929945
1.87400000 -0.00926972
1.87500000 -0.00924011
1.87600000 -0.00921061
1.87700000 -0.00918121
1.87800000 -0.00915193
1.87900000 -0.00912275
1.88000000 -0.00909369
1.88100000 -0.00906473
1.88200000 -0.00903588
1.88300000 -0.00900713
1.88400000 -0.00897850
1.88500000 -0.00894997
1.88600000 -0.00892154
1.88700000 -0.00889322
1.88800000 -0.00886500
1.88900000 -0.00883689
1.89000000 -0.00880888
1.89100000 -0.00878098
1.89200000 -0.00875318
1.89300000 -0.00872548
1.89400000 -0.00869789
1.89500000 -0.00867039
1.89600000 -0.00864300
1.89700000 -0.00861571
1.89800000 -0.00858851
1.89900000 -0.00856142
1.90000000 -0.00853443
1.90100000 -0.00850754
1.90200000 -0.00848074
1.90300000 -0.00845405
1.90400000 -0.00842745
1.90500000 -0.00840095
1.90600000 -0.00837455
1.90700000 -0.00834824
1.90800000 -0.00832203
1.90900000 -0.00829592
1.91000000 -0.00826990
1.91100000 -0.00824398
1.91200000 -0.00821815
1.91300000 -0.00819241
1.91400000 -0.00816677
1.91500000 -0.00814123
1.91600000 -0.00811577
1.91700000 -0.00809041
1.91800000 -0.00806514
1.91900000 -0.00803997
1.92000000 -0.00801488
1.92100000 -0.00798989
1.92200000 -0.00796499
1.92300000 -0.00794017
1.92400000 -0.00791545
1.92500000 -0.00789082
1.92600000 -0.00786628
1.92700000 -0.00784182
1.92800000 -0.00781746
1.92900000 -0.00779318
1.93000000 -0.00776899
1.93100000 -0.00774489
1.93200000 -0.00772088
1.93300000 -0.00769695
1.93400000 -0.00767311
1.93500000 -0.00764935
1.93600000 -0.00762568
1.93700000 -0.00760210
1.93800000 -0.00757860
1.93900000 -0.00755518
1.94000000 -0.00753185
1.94100000 -0.00750861
1.94200000 -0.00748545
1.94300000 -0.00746237
1.94400000 -0.00743937
1.94500000 -0.00741646
1.94600000 -0.00739363
1.94700000 -0.00737088
1.94800000 -0.00734821
1.94900000 -0.00732562
1.95000000 -0.00730312
1.95100000 -0.00728069
1.95200000 -0.00725835
1.95300000 -0.00723608
1.95400000 -0.00721390
1.95500000 -0.00719179
1.95600000 -0.00716977
1.95700000 -0.00714782
1.95800000 -0.00712595
1.95900000 -0.00710416
1.96000000 -0.00708244
1.96100000 -0.00706081
1.96200000 -0.00703925
1.96300000 -0.00701776
1.96400000 -0.00699636
1.96500000 -0.00697503
1.96600000 -0.00695377
1.96700000 -0.00693259
1.96800000 -0.00691149
1.96900000 -0.00689046
1.97000000 -0.00686951
1.97100000 -0.00684863
1.97200000 -0.00682782
1.97300000 -0.00680709
1.97400000 -0.00678643
1.97500000 -0.00676584
1.97600000 -0.00674533
1.97700000 -0.00672489
1.97800000 -0.00670452
1.97900000 -0.00668423
1.98000000 -0.00666400
1.98100000 -0.00664385
1.98200000 -0.00662377
1.98300000 -0.00660376
1.98400000 -0.00658381
1.98500000 -0.00656394
1.98600000 -0.00654414
1.98700000 -0.00652441
1.98800000 -0.00650475
1.98900000 -0.00648516
1.99000000 -0.00646563
1.99100000 -0.00644618
1.99200000 -0.00642679
1.99300000 -0.00640747
1.99400000 -0.00638822
1.99500000 -0.00636903
1.99600000 -0.00634992
1.99700000 -0.00633087
1.99800000 -0.00631188
1.99900000 -0.00629297
2.00000000 -0.00627412
