0.10000000 1000000.00000000
0.10100000 887449.22526515
0.10200000 788493.17558166
0.10300000 701379.88019297
0.10400000 624597.04958006
0.10500000 556837.41817756
0.10600000 496969.36357700
0.10700000 444011.95924073
0.10800000 397113.75864599
0.10900000 355534.72510369
0.11000000 318630.81771036
0.11100000 285840.82361372
0.11200000 256675.09294539
0.11300000 230705.88779554
0.11400000 207559.10243067
0.11500000 186907.15018667
0.11600000 168462.84441647
0.11700000 151974.12760998
0.11800000 137219.52521804
0.11900000 124004.21953088
0.12000000 112156.65478461
0.12100000 101525.59799477
0.12200000 91977.59125271
0.12300000 83394.74071210
0.12400000 75672.79551879
0.12500000 68719.47673600
0.12600000 62453.02208170
0.12700000 56800.91719160
0.12800000 51698.78828456
0.12900000 47089.43465233
0.13000000 42921.98241799
0.13100000 39151.14358776
0.13200000 35736.56662568
0.13300000 32642.26666827
0.13400000 29836.12511262
0.13500000 27289.44969882
0.13600000 24976.58739831
0.13700000 22874.58344410
0.13800000 20962.88072026
0.13900000 19223.05448767
0.14000000 17638.57807837
0.14100000 16194.61575677
0.14200000 14877.83943533
0.14300000 13676.26635559
0.14400000 12579.11521248
0.14500000 11576.67851776
0.14600000 10660.20927493
0.14700000 9821.82027748
0.14800000 9054.39455164
0.14900000 8351.50564600
0.15000000 7707.34662926
0.15100000 7116.66679515
0.15200000 6574.71519440
0.15300000 6077.19021901
0.15400000 5620.19455636
0.15500000 5200.19491120
0.15600000 4813.98596473
0.15700000 4458.65810151
0.15800000 4131.56848992
0.15900000 3830.31514921
0.16000000 3552.71367880
0.16100000 3296.77636197
0.16200000 3060.69338913
0.16300000 2842.81597427
0.16400000 2641.64116375
0.16500000 2455.79815886
0.16600000 2284.03599331
0.16700000 2125.21242447
0.16800000 1978.28391243
0.16900000 1842.29657469
0.17000000 1716.37801666
0.17100000 1599.72994849
0.17200000 1491.62150866
0.17300000 1391.38322310
0.17400000 1298.40153607
0.17500000 1212.11385591
0.17600000 1132.00406457
0.17700000 1057.59844516
0.17800000 988.46198668
0.17900000 924.19502902
0.18000000 864.43021520
0.18100000 808.82972146
0.18200000 757.08273816
0.18300000 708.90317791
0.18400000 664.02758913
0.18500000 622.21325575
0.18600000 583.23646547
0.18700000 546.89093095
0.18800000 512.98634961
0.18900000 481.34708923
0.19000000 451.81098785
0.19100000 424.22825738
0.19200000 398.46048162
0.19300000 374.37969997
0.19400000 351.86756924
0.19500000 330.81459651
0.19600000 311.11943663
0.19700000 292.68824870
0.19800000 275.43410632
0.19900000 259.27645678
0.20000000 244.14062500
0.20100000 229.95735832
0.20200000 216.66240851
0.20300000 204.19614792
0.20400000 192.50321669
0.20500000 181.53219850
0.20600000 171.23532231
0.20700000 161.56818806
0.20800000 152.48951406
0.20900000 143.96090451
0.21000000 135.94663530
0.21100000 128.41345662
0.21200000 121.33041103
0.21300000 114.66866562
0.21400000 108.40135724
0.21500000 102.50344956
0.21600000 96.95160123
0.21700000 91.72404396
0.21800000 86.80047000
0.21900000 82.16192802
0.22000000 77.79072698
0.22100000 73.67034705
0.22200000 69.78535733
0.22300000 66.12133956
0.22400000 62.66481761
0.22500000 59.40319206
0.22600000 56.32467964
0.22700000 53.41825706
0.22800000 50.67360899
0.22900000 48.08107974
0.23000000 45.63162846
0.23100000 43.31678757
0.23200000 41.12862413
0.23300000 39.05970399
0.23400000 37.10305850
0.23500000 35.25215352
0.23600000 33.50086065
0.23700000 31.84343047
0.23800000 30.27446766
0.23900000 28.78890779
0.24000000 27.38199580
0.24100000 26.04926591
0.24200000 24.78652295
0.24300000 23.58982488
0.24400000 22.45546661
0.24500000 21.37996489
0.24600000 20.36004412
0.24700000 19.39262328
0.24800000 18.47480359
0.24900000 17.60385711
0.25000000 16.77721600
0.25100000 15.99246254
0.25200000 15.24731984
0.25300000 14.53964309
0.25400000 13.86741142
0.25500000 13.22872032
0.25600000 12.62177448
0.25700000 12.04488118
0.25800000 11.49644401
0.25900000 10.97495709
0.26000000 10.47899961
0.26100000 10.00723070
0.26200000 9.55838466
0.26300000 9.13126650
0.26400000 8.72474771
0.26500000 8.33776236
0.26600000 7.96930339
0.26700000 7.61841916
0.26800000 7.28421023
0.26900000 6.96582629
0.27000000 6.66246331
0.27100000 6.37336087
0.27200000 6.09779966
0.27300000 5.83509909
0.27400000 5.58461510
0.27500000 5.34573805
0.27600000 5.11789080
0.27700000 4.90052683
0.27800000 4.69312854
0.27900000 4.49520561
0.28000000 4.30629348
0.28100000 4.12595190
0.28200000 3.95376361
0.28300000 3.78933301
0.28400000 3.63228502
0.28500000 3.48226389
0.28600000 3.33893222
0.28700000 3.20196986
0.28800000 3.07107305
0.28900000 2.94595350
0.29000000 2.82633753
0.29100000 2.71196532
0.29200000 2.60259016
0.29300000 2.49797769
0.29400000 2.39790534
0.29500000 2.30216161
0.29600000 2.21054554
0.29700000 2.12286613
0.29800000 2.03894181
0.29900000 1.95859995
0.30000000 1.88167642
0.30100000 1.80801510
0.30200000 1.73746748
0.30300000 1.66989228
0.30400000 1.60515508
0.30500000 1.54312792
0.30600000 1.48368902
0.30700000 1.42672245
0.30800000 1.37211781
0.30900000 1.31976998
0.31000000 1.26957884
0.31100000 1.22144898
0.31200000 1.17528954
0.31300000 1.13101392
0.31400000 1.08853958
0.31500000 1.04778784
0.31600000 1.00868371
0.31700000 0.97115568
0.31800000 0.93513553
0.31900000 0.90055824
0.32000000 0.86736174
0.32100000 0.83548684
0.32200000 0.80487704
0.32300000 0.77547845
0.32400000 0.74723960
0.32500000 0.72011137
0.32600000 0.69404687
0.32700000 0.66900131
0.32800000 0.64493192
0.32900000 0.62179786
0.33000000 0.59956010
0.33100000 0.57818134
0.33200000 0.55762597
0.33300000 0.53785994
0.33400000 0.51885069
0.33500000 0.50056712
0.33600000 0.48297947
0.33700000 0.46605931
0.33800000 0.44977944
0.33900000 0.43411383
0.34000000 0.41903760
0.34100000 0.40452694
0.34200000 0.39055907
0.34300000 0.37711218
0.34400000 0.36416541
0.34500000 0.35169878
0.34600000 0.33969317
0.34700000 0.32813028
0.34800000 0.31699256
0.34900000 0.30626324
0.35000000 0.29592623
0.35100000 0.28596613
0.35200000 0.27636818
0.35300000 0.26711823
0.35400000 0.25820275
0.35500000 0.24960873
0.35600000 0.24132373
0.35700000 0.23333582
0.35800000 0.22563355
0.35900000 0.21820596
0.36000000 0.21104253
0.36100000 0.20413317
0.36200000 0.19746819
0.36300000 0.19103832
0.36400000 0.18483465
0.36500000 0.17884863
0.36600000 0.17307206
0.36700000 0.16749708
0.36800000 0.16211611
0.36900000 0.15692192
0.37000000 0.15190753
0.37100000 0.14706627
0.37200000 0.14239172
0.37300000 0.13787770
0.37400000 0.13351829
0.37500000 0.12930782
0.37600000 0.12524081
0.37700000 0.12131201
0.37800000 0.11751638
0.37900000 0.11384907
0.38000000 0.11030542
0.38100000 0.10688095
0.38200000 0.10357135
0.38300000 0.10037249
0.38400000 0.09728039
0.38500000 0.09429122
0.38600000 0.09140129
0.38700000 0.08860708
0.38800000 0.08590517
0.38900000 0.08329229
0.39000000 0.08076528
0.39100000 0.07832112
0.39200000 0.07595689
0.39300000 0.07366978
0.39400000 0.07145709
0.39500000 0.06931622
0.39600000 0.06724465
0.39700000 0.06523999
0.39800000 0.06329992
0.39900000 0.06142218
0.40000000 0.05960464
0.40100000 0.05784523
0.40200000 0.05614193
0.40300000 0.05449284
0.40400000 0.05289610
0.40500000 0.05134991
0.40600000 0.04985258
0.40700000 0.04840242
0.40800000 0.04699786
0.40900000 0.04563734
0.41000000 0.04431938
0.41100000 0.04304256
0.41200000 0.04180550
0.41300000 0.04060686
0.41400000 0.03944536
0.41500000 0.03831977
0.41600000 0.03722889
0.41700000 0.03617157
0.41800000 0.03514671
0.41900000 0.03415323
0.42000000 0.03319010
0.42100000 0.03225632
0.42200000 0.03135094
0.42300000 0.03047303
0.42400000 0.02962168
0.42500000 0.02879604
0.42600000 0.02799528
0.42700000 0.02721858
0.42800000 0.02646518
0.42900000 0.02573431
0.43000000 0.02502526
0.43100000 0.02433732
0.43200000 0.02366982
0.43300000 0.02302212
0.43400000 0.02239357
0.43500000 0.02178356
0.43600000 0.02119152
0.43700000 0.02061687
0.43800000 0.02005906
0.43900000 0.01951757
0.44000000 0.01899188
0.44100000 0.01848149
0.44200000 0.01798592
0.44300000 0.01750472
0.44400000 0.01703744
0.44500000 0.01658364
0.44600000 0.01614291
0.44700000 0.01571483
0.44800000 0.01529903
0.44900000 0.01489512
0.45000000 0.01450273
0.45100000 0.01412152
0.45200000 0.01375114
0.45300000 0.01339126
0.45400000 0.01304157
0.45500000 0.01270174
0.45600000 0.01237149
0.45700000 0.01205051
0.45800000 0.01173854
0.45900000 0.01143531
0.46000000 0.01114053
0.46100000 0.01085398
0.46200000 0.01057539
0.46300000 0.01030453
0.46400000 0.01004117
0.46500000 0.00978508
0.46600000 0.00953606
0.46700000 0.00929389
0.46800000 0.00905836
0.46900000 0.00882929
0.47000000 0.00860648
0.47100000 0.00838975
0.47200000 0.00817892
0.47300000 0.00797382
0.47400000 0.00777428
0.47500000 0.00758013
0.47600000 0.00739123
0.47700000 0.00720741
0.47800000 0.00702854
0.47900000 0.00685447
0.48000000 0.00668506
0.48100000 0.00652017
0.48200000 0.00635968
0.48300000 0.00620347
0.48400000 0.00605140
0.48500000 0.00590336
0.48600000 0.00575923
0.48700000 0.00561892
0.48800000 0.00548229
0.48900000 0.00534926
0.49000000 0.00521972
0.49100000 0.00509357
0.49200000 0.00497071
0.49300000 0.00485106
0.49400000 0.00473453
0.49500000 0.00462102
0.49600000 0.00451045
0.49700000 0.00440274
0.49800000 0.00429782
0.49900000 0.00419559
0.50000000 0.00409600
0.50100000 0.00399896
0.50200000 0.00390441
0.50300000 0.00381227
0.50400000 0.00372249
0.50500000 0.00363499
0.50600000 0.00354972
0.50700000 0.00346661
0.50800000 0.00338560
0.50900000 0.00330664
0.51000000 0.00322967
0.51100000 0.00315464
0.51200000 0.00308149
0.51300000 0.00301017
0.51400000 0.00294064
0.51500000 0.00287285
0.51600000 0.00280675
0.51700000 0.00274229
0.51800000 0.00267943
0.51900000 0.00261813
0.52000000 0.00255835
0.52100000 0.00250004
0.52200000 0.00244317
0.52300000 0.00238770
0.52400000 0.00233359
0.52500000 0.00228081
0.52600000 0.00222931
0.52700000 0.00217908
0.52800000 0.00213007
0.52900000 0.00208225
0.53000000 0.00203559
0.53100000 0.00199006
0.53200000 0.00194563
0.53300000 0.00190228
0.53400000 0.00185997
0.53500000 0.00181867
0.53600000 0.00177837
0.53700000 0.00173904
0.53800000 0.00170064
0.53900000 0.00166316
0.54000000 0.00162658
0.54100000 0.00159086
0.54200000 0.00155600
0.54300000 0.00152196
0.54400000 0.00148872
0.54500000 0.00145627
0.54600000 0.00142458
0.54700000 0.00139364
0.54800000 0.00136343
0.54900000 0.00133393
0.55000000 0.00130511
0.55100000 0.00127697
0.55200000 0.00124949
0.55300000 0.00122264
0.55400000 0.00119642
0.55500000 0.00117080
0.55600000 0.00114578
0.55700000 0.00112134
0.55800000 0.00109746
0.55900000 0.00107413
0.56000000 0.00105134
0.56100000 0.00102907
0.56200000 0.00100731
0.56300000 0.00098605
0.56400000 0.00096527
0.56500000 0.00094497
0.56600000 0.00092513
0.56700000 0.00090574
0.56800000 0.00088679
0.56900000 0.00086827
0.57000000 0.00085016
0.57100000 0.00083247
0.57200000 0.00081517
0.57300000 0.00079826
0.57400000 0.00078173
0.57500000 0.00076557
0.57600000 0.00074977
0.57700000 0.00073433
0.57800000 0.00071923
0.57900000 0.00070446
0.58000000 0.00069002
0.58100000 0.00067591
0.58200000 0.00066210
0.58300000 0.00064860
0.58400000 0.00063540
0.58500000 0.00062249
0.58600000 0.00060986
0.58700000 0.00059751
0.58800000 0.00058543
0.58900000 0.00057361
0.59000000 0.00056205
0.59100000 0.00055074
0.59200000 0.00053968
0.59300000 0.00052886
0.59400000 0.00051828
0.59500000 0.00050792
0.59600000 0.00049779
0.59700000 0.00048787
0.59800000 0.00047817
0.59900000 0.00046868
0.60000000 0.00045939
0.60100000 0.00045030
0.60200000 0.00044141
0.60300000 0.00043271
0.60400000 0.00042419
0.60500000 0.00041585
0.60600000 0.00040769
0.60700000 0.00039970
0.60800000 0.00039188
0.60900000 0.00038423
0.61000000 0.00037674
0.61100000 0.00036941
0.61200000 0.00036223
0.61300000 0.00035520
0.61400000 0.00034832
0.61500000 0.00034158
0.61600000 0.00033499
0.61700000 0.00032853
0.61800000 0.00032221
0.61900000 0.00031602
0.62000000 0.00030996
0.62100000 0.00030402
0.62200000 0.00029821
0.62300000 0.00029251
0.62400000 0.00028694
0.62500000 0.00028147
0.62600000 0.00027613
0.62700000 0.00027089
0.62800000 0.00026576
0.62900000 0.00026073
0.63000000 0.00025581
0.63100000 0.00025098
0.63200000 0.00024626
0.63300000 0.00024163
0.63400000 0.00023710
0.63500000 0.00023266
0.63600000 0.00022830
0.63700000 0.00022404
0.63800000 0.00021986
0.63900000 0.00021577
0.64000000 0.00021176
0.64100000 0.00020783
0.64200000 0.00020398
0.64300000 0.00020020
0.64400000 0.00019650
0.64500000 0.00019288
0.64600000 0.00018933
0.64700000 0.00018584
0.64800000 0.00018243
0.64900000 0.00017909
0.65000000 0.00017581
0.65100000 0.00017259
0.65200000 0.00016945
0.65300000 0.00016636
0.65400000 0.00016333
0.65500000 0.00016036
0.65600000 0.00015745
0.65700000 0.00015460
0.65800000 0.00015181
0.65900000 0.00014906
0.66000000 0.00014638
0.66100000 0.00014374
0.66200000 0.00014116
0.66300000 0.00013862
0.66400000 0.00013614
0.66500000 0.00013370
0.66600000 0.00013131
0.66700000 0.00012897
0.66800000 0.00012667
0.66900000 0.00012442
0.67000000 0.00012221
0.67100000 0.00012004
0.67200000 0.00011791
0.67300000 0.00011583
0.67400000 0.00011378
0.67500000 0.00011178
0.67600000 0.00010981
0.67700000 0.00010788
0.67800000 0.00010598
0.67900000 0.00010413
0.68000000 0.00010230
0.68100000 0.00010052
0.68200000 0.00009876
0.68300000 0.00009704
0.68400000 0.00009535
0.68500000 0.00009369
0.68600000 0.00009207
0.68700000 0.00009047
0.68800000 0.00008891
0.68900000 0.00008737
0.69000000 0.00008586
0.69100000 0.00008438
0.69200000 0.00008293
0.69300000 0.00008151
0.69400000 0.00008011
0.69500000 0.00007874
0.69600000 0.00007739
0.69700000 0.00007607
0.69800000 0.00007477
0.69900000 0.00007350
0.70000000 0.00007225
0.70100000 0.00007102
0.70200000 0.00006982
0.70300000 0.00006863
0.70400000 0.00006747
0.70500000 0.00006633
0.70600000 0.00006521
0.70700000 0.00006412
0.70800000 0.00006304
0.70900000 0.00006198
0.71000000 0.00006094
0.71100000 0.00005992
0.71200000 0.00005892
0.71300000 0.00005793
0.71400000 0.00005697
0.71500000 0.00005602
0.71600000 0.00005509
0.71700000 0.00005417
0.71800000 0.00005327
0.71900000 0.00005239
0.72000000 0.00005152
0.72100000 0.00005067
0.72200000 0.00004984
0.72300000 0.00004902
0.72400000 0.00004821
0.72500000 0.00004742
0.72600000 0.00004664
0.72700000 0.00004588
0.72800000 0.00004513
0.72900000 0.00004439
0.73000000 0.00004366
0.73100000 0.00004295
0.73200000 0.00004225
0.73300000 0.00004157
0.73400000 0.00004089
0.73500000 0.00004023
0.73600000 0.00003958
0.73700000 0.00003894
0.73800000 0.00003831
0.73900000 0.00003769
0.74000000 0.00003709
0.74100000 0.00003649
0.74200000 0.00003590
0.74300000 0.00003533
0.74400000 0.00003476
0.74500000 0.00003421
0.74600000 0.00003366
0.74700000 0.00003312
0.74800000 0.00003260
0.74900000 0.00003208
0.75000000 0.00003157
0.75100000 0.00003107
0.75200000 0.00003058
0.75300000 0.00003009
0.75400000 0.00002962
0.75500000 0.00002915
0.75600000 0.00002869
0.75700000 0.00002824
0.75800000 0.00002780
0.75900000 0.00002736
0.76000000 0.00002693
0.76100000 0.00002651
0.76200000 0.00002609
0.76300000 0.00002569
0.76400000 0.00002529
0.76500000 0.00002489
0.76600000 0.00002451
0.76700000 0.00002412
0.76800000 0.00002375
0.76900000 0.00002338
0.77000000 0.00002302
0.77100000 0.00002266
0.77200000 0.00002231
0.77300000 0.00002197
0.77400000 0.00002163
0.77500000 0.00002130
0.77600000 0.00002097
0.77700000 0.00002065
0.77800000 0.00002034
0.77900000 0.00002002
0.78000000 0.00001972
0.78100000 0.00001942
0.78200000 0.00001912
0.78300000 0.00001883
0.78400000 0.00001854
0.78500000 0.00001826
0.78600000 0.00001799
0.78700000 0.00001771
0.78800000 0.00001745
0.78900000 0.00001718
0.79000000 0.00001692
0.79100000 0.00001667
0.79200000 0.00001642
0.79300000 0.00001617
0.79400000 0.00001593
0.79500000 0.00001569
0.79600000 0.00001545
0.79700000 0.00001522
0.79800000 0.00001500
0.79900000 0.00001477
0.80000000 0.00001455
0.80100000 0.00001434
0.80200000 0.00001412
0.80300000 0.00001391
0.80400000 0.00001371
0.80500000 0.00001350
0.80600000 0.00001330
0.80700000 0.00001311
0.80800000 0.00001291
0.80900000 0.00001272
0.81000000 0.00001254
0.81100000 0.00001235
0.81200000 0.00001217
0.81300000 0.00001199
0.81400000 0.00001182
0.81500000 0.00001164
0.81600000 0.00001147
0.81700000 0.00001131
0.81800000 0.00001114
0.81900000 0.00001098
0.82000000 0.00001082
0.82100000 0.00001066
0.82200000 0.00001051
0.82300000 0.00001036
0.82400000 0.00001021
0.82500000 0.00001006
0.82600000 0.00000991
0.82700000 0.00000977
0.82800000 0.00000963
0.82900000 0.00000949
0.83000000 0.00000936
0.83100000 0.00000922
0.83200000 0.00000909
0.83300000 0.00000896
0.83400000 0.00000883
0.83500000 0.00000870
0.83600000 0.00000858
0.83700000 0.00000846
0.83800000 0.00000834
0.83900000 0.00000822
0.84000000 0.00000810
0.84100000 0.00000799
0.84200000 0.00000788
0.84300000 0.00000776
0.84400000 0.00000765
0.84500000 0.00000755
0.84600000 0.00000744
0.84700000 0.00000733
0.84800000 0.00000723
0.84900000 0.00000713
0.85000000 0.00000703
0.85100000 0.00000693
0.85200000 0.00000683
0.85300000 0.00000674
0.85400000 0.00000665
0.85500000 0.00000655
0.85600000 0.00000646
0.85700000 0.00000637
0.85800000 0.00000628
0.85900000 0.00000620
0.86000000 0.00000611
0.86100000 0.00000603
0.86200000 0.00000594
0.86300000 0.00000586
0.86400000 0.00000578
0.86500000 0.00000570
0.86600000 0.00000562
0.86700000 0.00000554
0.86800000 0.00000547
0.86900000 0.00000539
0.87000000 0.00000532
0.87100000 0.00000525
0.87200000 0.00000517
0.87300000 0.00000510
0.87400000 0.00000503
0.87500000 0.00000496
0.87600000 0.00000490
0.87700000 0.00000483
0.87800000 0.00000477
0.87900000 0.00000470
0.88000000 0.00000464
0.88100000 0.00000457
0.88200000 0.00000451
0.88300000 0.00000445
0.88400000 0.00000439
0.88500000 0.00000433
0.88600000 0.00000427
0.88700000 0.00000422
0.88800000 0.00000416
0.88900000 0.00000410
0.89000000 0.00000405
0.89100000 0.00000399
0.89200000 0.00000394
0.89300000 0.00000389
0.89400000 0.00000384
0.89500000 0.00000379
0.89600000 0.00000374
0.89700000 0.00000369
0.89800000 0.00000364
0.89900000 0.00000359
0.90000000 0.00000354
0.90100000 0.00000349
0.90200000 0.00000345
0.90300000 0.00000340
0.90400000 0.00000336
0.90500000 0.00000331
0.90600000 0.00000327
0.90700000 0.00000323
0.90800000 0.00000318
0.90900000 0.00000314
0.91000000 0.00000310
0.91100000 0.00000306
0.91200000 0.00000302
0.91300000 0.00000298
0.91400000 0.00000294
0.91500000 0.00000290
0.91600000 0.00000287
0.91700000 0.00000283
0.91800000 0.00000279
0.91900000 0.00000276
0.92000000 0.00000272
0.92100000 0.00000268
0.92200000 0.00000265
0.92300000 0.00000262
0.92400000 0.00000258
0.92500000 0.00000255
0.92600000 0.00000252
0.92700000 0.00000248
0.92800000 0.00000245
0.92900000 0.00000242
0.93000000 0.00000239
0.93100000 0.00000236
0.93200000 0.00000233
0.93300000 0.00000230
0.93400000 0.00000227
0.93500000 0.00000224
0.93600000 0.00000221
0.93700000 0.00000218
0.93800000 0.00000216
0.93900000 0.00000213
0.94000000 0.00000210
0.94100000 0.00000207
0.94200000 0.00000205
0.94300000 0.00000202
0.94400000 0.00000200
0.94500000 0.00000197
0.94600000 0.00000195
0.94700000 0.00000192
0.94800000 0.00000190
0.94900000 0.00000187
0.95000000 0.00000185
0.95100000 0.00000183
0.95200000 0.00000180
0.95300000 0.00000178
0.95400000 0.00000176
0.95500000 0.00000174
0.95600000 0.00000172
0.95700000 0.00000169
0.95800000 0.00000167
0.95900000 0.00000165
0.96000000 0.00000163
0.96100000 0.00000161
0.96200000 0.00000159
0.96300000 0.00000157
0.96400000 0.00000155
0.96500000 0.00000153
0.96600000 0.00000151
0.96700000 0.00000150
0.96800000 0.00000148
0.96900000 0.00000146
0.97000000 0.00000144
0.97100000 0.00000142
0.97200000 0.00000141
0.97300000 0.00000139
0.97400000 0.00000137
0.97500000 0.00000136
0.97600000 0.00000134
0.97700000 0.00000132
0.97800000 0.00000131
0.97900000 0.00000129
0.98000000 0.00000127
0.98100000 0.00000126
0.98200000 0.00000124
0.98300000 0.00000123
0.98400000 0.00000121
0.98500000 0.00000120
0.98600000 0.00000118
0.98700000 0.00000117
0.98800000 0.00000116
0.98900000 0.00000114
0.99000000 0.00000113
0.99100000 0.00000111
0.99200000 0.00000110
0.99300000 0.00000109
0.99400000 0.00000107
0.99500000 0.00000106
0.99600000 0.00000105
0.99700000 0.00000104
0.99800000 0.00000102
0.99900000 0.00000101
1.00000000 0.00000100
1.00100000 0.00000099
1.00200000 0.00000098
1.00300000 0.00000096
1.00400000 0.00000095
1.00500000 0.00000094
1.00600000 0.00000093
1.00700000 0.00000092
1.00800000 0.00000091
1.00900000 0.00000090
1.01000000 0.00000089
1.01100000 0.00000088
1.01200000 0.00000087
1.01300000 0.00000086
1.01400000 0.00000085
1.01500000 0.00000084
1.01600000 0.00000083
1.01700000 0.00000082
1.01800000 0.00000081
1.01900000 0.00000080
1.02000000 0.00000079
1.02100000 0.00000078
1.02200000 0.00000077
1.02300000 0.00000076
1.02400000 0.00000075
1.02500000 0.00000074
1.02600000 0.00000073
1.02700000 0.00000073
1.02800000 0.00000072
1.02900000 0.00000071
1.03000000 0.00000070
1.03100000 0.00000069
1.03200000 0.00000069
1.03300000 0.00000068
1.03400000 0.00000067
1.03500000 0.00000066
1.03600000 0.00000065
1.03700000 0.00000065
1.03800000 0.00000064
1.03900000 0.00000063
1.04000000 0.00000062
1.04100000 0.00000062
1.04200000 0.00000061
1.04300000 0.00000060
1.04400000 0.00000060
1.04500000 0.00000059
1.04600000 0.00000058
1.04700000 0.00000058
1.04800000 0.00000057
1.04900000 0.00000056
1.05000000 0.00000056
1.05100000 0.00000055
1.05200000 0.00000054
1.05300000 0.00000054
1.05400000 0.00000053
1.05500000 0.00000053
1.05600000 0.00000052
1.05700000 0.00000051
1.05800000 0.00000051
1.05900000 0.00000050
1.06000000 0.00000050
1.06100000 0.00000049
1.06200000 0.00000049
1.06300000 0.00000048
1.06400000 0.00000048
1.06500000 0.00000047
1.06600000 0.00000046
1.06700000 0.00000046
1.06800000 0.00000045
1.06900000 0.00000045
1.07000000 0.00000044
1.07100000 0.00000044
1.07200000 0.00000043
1.07300000 0.00000043
1.07400000 0.00000042
1.07500000 0.00000042
1.07600000 0.00000042
1.07700000 0.00000041
1.07800000 0.00000041
1.07900000 0.00000040
1.08000000 0.00000040
1.08100000 0.00000039
1.08200000 0.00000039
1.08300000 0.00000038
1.08400000 0.00000038
1.08500000 0.00000038
1.08600000 0.00000037
1.08700000 0.00000037
1.08800000 0.00000036
1.08900000 0.00000036
1.09000000 0.00000036
1.09100000 0.00000035
1.09200000 0.00000035
1.09300000 0.00000034
1.09400000 0.00000034
1.09500000 0.00000034
1.09600000 0.00000033
1.09700000 0.00000033
1.09800000 0.00000033
1.09900000 0.00000032
1.10000000 0.00000032
1.10100000 0.00000032
1.10200000 0.00000031
1.10300000 0.00000031
1.10400000 0.00000031
1.10500000 0.00000030
1.10600000 0.00000030
1.10700000 0.00000030
1.10800000 0.00000029
1.10900000 0.00000029
1.11000000 0.00000029
1.11100000 0.00000028
1.11200000 0.00000028
1.11300000 0.00000028
1.11400000 0.00000027
1.11500000 0.00000027
1.11600000 0.00000027
1.11700000 0.00000027
1.11800000 0.00000026
1.11900000 0.00000026
1.12000000 0.00000026
1.12100000 0.00000025
1.12200000 0.00000025
1.12300000 0.00000025
1.12400000 0.00000025
1.12500000 0.00000024
1.12600000 0.00000024
1.12700000 0.00000024
1.12800000 0.00000024
1.12900000 0.00000023
1.13000000 0.00000023
1.13100000 0.00000023
1.13200000 0.00000023
1.13300000 0.00000022
1.13400000 0.00000022
1.13500000 0.00000022
1.13600000 0.00000022
1.13700000 0.00000021
1.13800000 0.00000021
1.13900000 0.00000021
1.14000000 0.00000021
1.14100000 0.00000021
1.14200000 0.00000020
1.14300000 0.00000020
1.14400000 0.00000020
1.14500000 0.00000020
1.14600000 0.00000019
1.14700000 0.00000019
1.14800000 0.00000019
1.14900000 0.00000019
1.15000000 0.00000019
1.15100000 0.00000018
1.15200000 0.00000018
1.15300000 0.00000018
1.15400000 0.00000018
1.15500000 0.00000018
1.15600000 0.00000018
1.15700000 0.00000017
1.15800000 0.00000017
1.15900000 0.00000017
1.16000000 0.00000017
1.16100000 0.00000017
1.16200000 0.00000017
1.16300000 0.00000016
1.16400000 0.00000016
1.16500000 0.00000016
1.16600000 0.00000016
1.16700000 0.00000016
1.16800000 0.00000016
1.16900000 0.00000015
1.17000000 0.00000015
1.17100000 0.00000015
1.17200000 0.00000015
1.17300000 0.00000015
1.17400000 0.00000015
1.17500000 0.00000014
1.17600000 0.00000014
1.17700000 0.00000014
1.17800000 0.00000014
1.17900000 0.00000014
1.18000000 0.00000014
1.18100000 0.00000014
1.18200000 0.00000013
1.18300000 0.00000013
1.18400000 0.00000013
1.18500000 0.00000013
1.18600000 0.00000013
1.18700000 0.00000013
1.18800000 0.00000013
1.18900000 0.00000013
1.19000000 0.00000012
1.19100000 0.00000012
1.19200000 0.00000012
1.19300000 0.00000012
1.19400000 0.00000012
1.19500000 0.00000012
1.19600000 0.00000012
1.19700000 0.00000012
1.19800000 0.00000011
1.19900000 0.00000011
1.20000000 0.00000011
1.20100000 0.00000011
1.20200000 0.00000011
1.20300000 0.00000011
1.20400000 0.00000011
1.20500000 0.00000011
1.20600000 0.00000011
1.20700000 0.00000010
1.20800000 0.00000010
1.20900000 0.00000010
1.21000000 0.00000010
1.21100000 0.00000010
1.21200000 0.00000010
1.21300000 0.00000010
1.21400000 0.00000010
1.21500000 0.00000010
1.21600000 0.00000010
1.21700000 0.00000009
1.21800000 0.00000009
1.21900000 0.00000009
1.22000000 0.00000009
1.22100000 0.00000009
1.22200000 0.00000009
1.22300000 0.00000009
1.22400000 0.00000009
1.22500000 0.00000009
1.22600000 0.00000009
1.22700000 0.00000009
1.22800000 0.00000009
1.22900000 0.00000008
1.23000000 0.00000008
1.23100000 0.00000008
1.23200000 0.00000008
1.23300000 0.00000008
1.23400000 0.00000008
1.23500000 0.00000008
1.23600000 0.00000008
1.23700000 0.00000008
1.23800000 0.00000008
1.23900000 0.00000008
1.24000000 0.00000008
1.24100000 0.00000007
1.24200000 0.00000007
1.24300000 0.00000007
1.24400000 0.00000007
1.24500000 0.00000007
1.24600000 0.00000007
1.24700000 0.00000007
1.24800000 0.00000007
1.24900000 0.00000007
1.25000000 0.00000007
1.25100000 0.00000007
1.25200000 0.00000007
1.25300000 0.00000007
1.25400000 0.00000007
1.25500000 0.00000007
1.25600000 0.00000006
1.25700000 0.00000006
1.25800000 0.00000006
1.25900000 0.00000006
1.26000000 0.00000006
1.26100000 0.00000006
1.26200000 0.00000006
1.26300000 0.00000006
1.26400000 0.00000006
1.26500000 0.00000006
1.26600000 0.00000006
1.26700000 0.00000006
1.26800000 0.00000006
1.26900000 0.00000006
1.27000000 0.00000006
1.27100000 0.00000006
1.27200000 0.00000006
1.27300000 0.00000006
1.27400000 0.00000005
1.27500000 0.00000005
1.27600000 0.00000005
1.27700000 0.00000005
1.27800000 0.00000005
1.27900000 0.00000005
1.28000000 0.00000005
1.28100000 0.00000005
1.28200000 0.00000005
1.28300000 0.00000005
1.28400000 0.00000005
1.28500000 0.00000005
1.28600000 0.00000005
1.28700000 0.00000005
1.28800000 0.00000005
1.28900000 0.00000005
1.29000000 0.00000005
1.29100000 0.00000005
1.29200000 0.00000005
1.29300000 0.00000005
1.29400000 0.00000005
1.29500000 0.00000004
1.29600000 0.00000004
1.29700000 0.00000004
1.29800000 0.00000004
1.29900000 0.00000004
1.30000000 0.00000004
1.30100000 0.00000004
1.30200000 0.00000004
1.30300000 0.00000004
1.30400000 0.00000004
1.30500000 0.00000004
1.30600000 0.00000004
1.30700000 0.00000004
1.30800000 0.00000004
1.30900000 0.00000004
1.31000000 0.00000004
1.31100000 0.00000004
1.31200000 0.00000004
1.31300000 0.00000004
1.31400000 0.00000004
1.31500000 0.00000004
1.31600000 0.00000004
1.31700000 0.00000004
1.31800000 0.00000004
1.31900000 0.00000004
1.32000000 0.00000004
1.32100000 0.00000004
1.32200000 0.00000004
1.32300000 0.00000003
1.32400000 0.00000003
1.32500000 0.00000003
1.32600000 0.00000003
1.32700000 0.00000003
1.32800000 0.00000003
1.32900000 0.00000003
1.33000000 0.00000003
1.33100000 0.00000003
1.33200000 0.00000003
1.33300000 0.00000003
1.33400000 0.00000003
1.33500000 0.00000003
1.33600000 0.00000003
1.33700000 0.00000003
1.33800000 0.00000003
1.33900000 0.00000003
1.34000000 0.00000003
1.34100000 0.00000003
1.34200000 0.00000003
1.34300000 0.00000003
1.34400000 0.00000003
1.34500000 0.00000003
1.34600000 0.00000003
1.34700000 0.00000003
1.34800000 0.00000003
1.34900000 0.00000003
1.35000000 0.00000003
1.35100000 0.00000003
1.35200000 0.00000003
1.35300000 0.00000003
1.35400000 0.00000003
1.35500000 0.00000003
1.35600000 0.00000003
1.35700000 0.00000003
1.35800000 0.00000003
1.35900000 0.00000003
1.36000000 0.00000002
1.36100000 0.00000002
1.36200000 0.00000002
1.36300000 0.00000002
1.36400000 0.00000002
1.36500000 0.00000002
1.36600000 0.00000002
1.36700000 0.00000002
1.36800000 0.00000002
1.36900000 0.00000002
1.37000000 0.00000002
1.37100000 0.00000002
1.37200000 0.00000002
1.37300000 0.00000002
1.37400000 0.00000002
1.37500000 0.00000002
1.37600000 0.00000002
1.37700000 0.00000002
1.37800000 0.00000002
1.37900000 0.00000002
1.38000000 0.00000002
1.38100000 0.00000002
1.38200000 0.00000002
1.38300000 0.00000002
1.38400000 0.00000002
1.38500000 0.00000002
1.38600000 0.00000002
1.38700000 0.00000002
1.38800000 0.00000002
1.38900000 0.00000002
1.39000000 0.00000002
1.39100000 0.00000002
1.39200000 0.00000002
1.39300000 0.00000002
1.39400000 0.00000002
1.39500000 0.00000002
1.39600000 0.00000002
1.39700000 0.00000002
1.39800000 0.00000002
1.39900000 0.00000002
1.40000000 0.00000002
1.40100000 0.00000002
1.40200000 0.00000002
1.40300000 0.00000002
1.40400000 0.00000002
1.40500000 0.00000002
1.40600000 0.00000002
1.40700000 0.00000002
1.40800000 0.00000002
1.40900000 0.00000002
1.41000000 0.00000002
1.41100000 0.00000002
1.41200000 0.00000002
1.41300000 0.00000002
1.41400000 0.00000002
1.41500000 0.00000002
1.41600000 0.00000002
1.41700000 0.00000002
1.41800000 0.00000002
1.41900000 0.00000002
1.42000000 0.00000001
1.42100000 0.00000001
1.42200000 0.00000001
1.42300000 0.00000001
1.42400000 0.00000001
1.42500000 0.00000001
1.42600000 0.00000001
1.42700000 0.00000001
1.42800000 0.00000001
1.42900000 0.00000001
1.43000000 0.00000001
1.43100000 0.00000001
1.43200000 0.00000001
1.43300000 0.00000001
1.43400000 0.00000001
1.43500000 0.00000001
1.43600000 0.00000001
1.43700000 0.00000001
1.43800000 0.00000001
1.43900000 0.00000001
1.44000000 0.00000001
1.44100000 0.00000001
1.44200000 0.00000001
1.44300000 0.00000001
1.44400000 0.00000001
1.44500000 0.00000001
1.44600000 0.00000001
1.44700000 0.00000001
1.44800000 0.00000001
1.44900000 0.00000001
1.45000000 0.00000001
1.45100000 0.00000001
1.45200000 0.00000001
1.45300000 0.00000001
1.45400000 0.00000001
1.45500000 0.00000001
1.45600000 0.00000001
1.45700000 0.00000001
1.45800000 0.00000001
1.45900000 0.00000001
1.46000000 0.00000001
1.46100000 0.00000001
1.46200000 0.00000001
1.46300000 0.00000001
1.46400000 0.00000001
1.46500000 0.00000001
1.46600000 0.00000001
1.46700000 0.00000001
1.46800000 0.00000001
1.46900000 0.00000001
1.47000000 0.00000001
1.47100000 0.00000001
1.47200000 0.00000001
1.47300000 0.00000001
1.47400000 0.00000001
1.47500000 0.00000001
1.47600000 0.00000001
1.47700000 0.00000001
1.47800000 0.00000001
1.47900000 0.00000001
1.48000000 0.00000001
1.48100000 0.00000001
1.48200000 0.00000001
1.48300000 0.00000001
1.48400000 0.00000001
1.48500000 0.00000001
1.48600000 0.00000001
1.48700000 0.00000001
1.48800000 0.00000001
1.48900000 0.00000001
1.49000000 0.00000001
1.49100000 0.00000001
1.49200000 0.00000001
1.49300000 0.00000001
1.49400000 0.00000001
1.49500000 0.00000001
1.49600000 0.00000001
1.49700000 0.00000001
1.49800000 0.00000001
1.49900000 0.00000001
1.50000000 0.00000001
1.50100000 0.00000001
1.50200000 0.00000001
1.50300000 0.00000001
1.50400000 0.00000001
1.50500000 0.00000001
1.50600000 0.00000001
1.50700000 0.00000001
1.50800000 0.00000001
1.50900000 0.00000001
1.51000000 0.00000001
1.51100000 0.00000001
1.51200000 0.00000001
1.51300000 0.00000001
1.51400000 0.00000001
1.51500000 0.00000001
1.51600000 0.00000001
1.51700000 0.00000001
1.51800000 0.00000001
1.51900000 0.00000001
1.52000000 0.00000001
1.52100000 0.00000001
1.52200000 0.00000001
1.52300000 0.00000001
1.52400000 0.00000001
1.52500000 0.00000001
1.52600000 0.00000001
1.52700000 0.00000001
1.52800000 0.00000001
1.52900000 0.00000001
1.53000000 0.00000001
1.53100000 0.00000001
1.53200000 0.00000001
1.53300000 0.00000001
1.53400000 0.00000001
1.53500000 0.00000001
1.53600000 0.00000001
1.53700000 0.00000001
1.53800000 0.00000001
1.53900000 0.00000001
1.54000000 0.00000001
1.54100000 0.00000001
1.54200000 0.00000001
1.54300000 0.00000001
1.54400000 0.00000001
1.54500000 0.00000001
1.54600000 0.00000001
1.54700000 0.00000001
1.54800000 0.00000001
1.54900000 0.00000001
1.55000000 0.00000001
1.55100000 0.00000001
1.55200000 0.00000001
1.55300000 0.00000001
1.55400000 0.00000001
1.55500000 0.00000001
1.55600000 0.00000000
1.55700000 0.00000000
1.55800000 0.00000000
1.55900000 0.00000000
1.56000000 0.00000000
1.56100000 0.00000000
1.56200000 0.00000000
1.56300000 0.00000000
1.56400000 0.00000000
1.56500000 0.00000000
1.56600000 0.00000000
1.56700000 0.00000000
1.56800000 0.00000000
1.56900000 0.00000000
1.57000000 0.00000000
1.57100000 0.00000000
1.57200000 0.00000000
1.57300000 0.00000000
1.57400000 0.00000000
1.57500000 0.00000000
1.57600000 0.00000000
1.57700000 0.00000000
1.57800000 0.00000000
1.57900000 0.00000000
1.58000000 0.00000000
1.58100000 0.00000000
1.58200000 0.00000000
1.58300000 0.00000000
1.58400000 0.00000000
1.58500000 0.00000000
1.58600000 0.00000000
1.58700000 0.00000000
1.58800000 0.00000000
1.58900000 0.00000000
1.59000000 0.00000000
1.59100000 0.00000000
1.59200000 0.00000000
1.59300000 0.00000000
1.59400000 0.00000000
1.59500000 0.00000000
1.59600000 0.00000000
1.59700000 0.00000000
1.59800000 0.00000000
1.59900000 0.00000000
1.60000000 0.00000000
1.60100000 0.00000000
1.60200000 0.00000000
1.60300000 0.00000000
1.60400000 0.00000000
1.60500000 0.00000000
1.60600000 0.00000000
1.60700000 0.00000000
1.60800000 0.00000000
1.60900000 0.00000000
1.61000000 0.00000000
1.61100000 0.00000000
1.61200000 0.00000000
1.61300000 0.00000000
1.61400000 0.00000000
1.61500000 0.00000000
1.61600000 0.00000000
1.61700000 0.00000000
1.61800000 0.00000000
1.61900000 0.00000000
1.62000000 0.00000000
1.62100000 0.00000000
1.62200000 0.00000000
1.62300000 0.00000000
1.62400000 0.00000000
1.62500000 0.00000000
1.62600000 0.00000000
1.62700000 0.00000000
1.62800000 0.00000000
1.62900000 0.00000000
1.63000000 0.00000000
1.63100000 0.00000000
1.63200000 0.00000000
1.63300000 0.00000000
1.63400000 0.00000000
1.63500000 0.00000000
1.63600000 0.00000000
1.63700000 0.00000000
1.63800000 0.00000000
1.63900000 0.00000000
1.64000000 0.00000000
1.64100000 0.00000000
1.64200000 0.00000000
1.64300000 0.00000000
1.64400000 0.00000000
1.64500000 0.00000000
1.64600000 0.00000000
1.64700000 0.00000000
1.64800000 0.00000000
1.64900000 0.00000000
1.65000000 0.00000000
1.65100000 0.00000000
1.65200000 0.00000000
1.65300000 0.00000000
1.65400000 0.00000000
1.65500000 0.00000000
1.65600000 0.00000000
1.65700000 0.00000000
1.65800000 0.00000000
1.65900000 0.00000000
1.66000000 0.00000000
1.66100000 0.00000000
1.66200000 0.00000000
1.66300000 0.00000000
1.66400000 0.00000000
1.66500000 0.00000000
1.66600000 0.00000000
1.66700000 0.00000000
1.66800000 0.00000000
1.66900000 0.00000000
1.67000000 0.00000000
1.67100000 0.00000000
1.67200000 0.00000000
1.67300000 0.00000000
1.67400000 0.00000000
1.67500000 0.00000000
1.67600000 0.00000000
1.67700000 0.00000000
1.67800000 0.00000000
1.67900000 0.00000000
1.68000000 0.00000000
1.68100000 0.00000000
1.68200000 0.00000000
1.68300000 0.00000000
1.68400000 0.00000000
1.68500000 0.00000000
1.68600000 0.00000000
1.68700000 0.00000000
1.68800000 0.00000000
1.68900000 0.00000000
1.69000000 0.00000000
1.69100000 0.00000000
1.69200000 0.00000000
1.69300000 0.00000000
1.69400000 0.00000000
1.69500000 0.00000000
1.69600000 0.00000000
1.69700000 0.00000000
1.69800000 0.00000000
1.69900000 0.00000000
1.70000000 0.00000000
1.70100000 0.00000000
1.70200000 0.00000000
1.70300000 0.00000000
1.70400000 0.00000000
1.70500000 0.00000000
1.70600000 0.00000000
1.70700000 0.00000000
1.70800000 0.00000000
1.70900000 0.00000000
1.71000000 0.00000000
1.71100000 0.00000000
1.71200000 0.00000000
1.71300000 0.00000000
1.71400000 0.00000000
1.71500000 0.00000000
1.71600000 0.00000000
1.71700000 0.00000000
1.71800000 0.00000000
1.71900000 0.00000000
1.72000000 0.00000000
1.72100000 0.00000000
1.72200000 0.00000000
1.72300000 0.00000000
1.72400000 0.00000000
1.72500000 0.00000000
1.72600000 0.00000000
1.72700000 0.00000000
1.72800000 0.00000000
1.72900000 0.00000000
1.73000000 0.00000000
1.73100000 0.00000000
1.73200000 0.00000000
1.73300000 0.00000000
1.73400000 0.00000000
1.73500000 0.00000000
1.73600000 0.00000000
1.73700000 0.00000000
1.73800000 0.00000000
1.73900000 0.00000000
1.74000000 0.00000000
1.74100000 0.00000000
1.74200000 0.00000000
1.74300000 0.00000000
1.74400000 0.00000000
1.74500000 0.00000000
1.74600000 0.00000000
1.74700000 0.00000000
1.74800000 0.00000000
1.74900000 0.00000000
1.75000000 0.00000000
1.75100000 0.00000000
1.75200000 0.00000000
1.75300000 0.00000000
1.75400000 0.00000000
1.75500000 0.00000000
1.75600000 0.00000000
1.75700000 0.00000000
1.75800000 0.00000000
1.75900000 0.00000000
1.76000000 0.00000000
1.76100000 0.00000000
1.76200000 0.00000000
1.76300000 0.00000000
1.76400000 0.00000000
1.76500000 0.00000000
1.76600000 0.00000000
1.76700000 0.00000000
1.76800000 0.00000000
1.76900000 0.00000000
1.77000000 0.00000000
1.77100000 0.00000000
1.77200000 0.00000000
1.77300000 0.00000000
1.77400000 0.00000000
1.77500000 0.00000000
1.77600000 0.00000000
1.77700000 0.00000000
1.77800000 0.00000000
1.77900000 0.00000000
1.78000000 0.00000000
1.78100000 0.00000000
1.78200000 0.00000000
1.78300000 0.00000000
1.78400000 0.00000000
1.78500000 0.00000000
1.78600000 0.00000000
1.78700000 0.00000000
1.78800000 0.00000000
1.78900000 0.00000000
1.79000000 0.00000000
1.79100000 0.00000000
1.79200000 0.00000000
1.79300000 0.00000000
1.79400000 0.00000000
1.79500000 0.00000000
1.79600000 0.00000000
1.79700000 0.00000000
1.79800000 0.00000000
1.79900000 0.00000000
1.80000000 0.00000000
1.80100000 0.00000000
1.80200000 0.00000000
1.80300000 0.00000000
1.80400000 0.00000000
1.80500000 0.00000000
1.80600000 0.00000000
1.80700000 0.00000000
1.80800000 0.00000000
1.80900000 0.00000000
1.81000000 0.00000000
1.81100000 0.00000000
1.81200000 0.00000000
1.81300000 0.00000000
1.81400000 0.00000000
1.81500000 0.00000000
1.81600000 0.00000000
1.81700000 0.00000000
1.81800000 0.00000000
1.81900000 0.00000000
1.82000000 0.00000000
1.82100000 0.00000000
1.82200000 0.00000000
1.82300000 0.00000000
1.82400000 0.00000000
1.82500000 0.00000000
1.82600000 0.00000000
1.82700000 0.00000000
1.82800000 0.00000000
1.82900000 0.00000000
1.83000000 0.00000000
1.83100000 0.00000000
1.83200000 0.00000000
1.83300000 0.00000000
1.83400000 0.00000000
1.83500000 0.00000000
1.83600000 0.00000000
1.83700000 0.00000000
1.83800000 0.00000000
1.83900000 0.00000000
1.84000000 0.00000000
1.84100000 0.00000000
1.84200000 0.00000000
1.84300000 0.00000000
1.84400000 0.00000000
1.84500000 0.00000000
1.84600000 0.00000000
1.84700000 0.00000000
1.84800000 0.00000000
1.84900000 0.00000000
1.85000000 0.00000000
1.85100000 0.00000000
1.85200000 0.00000000
1.85300000 0.00000000
1.85400000 0.00000000
1.85500000 0.00000000
1.85600000 0.00000000
1.85700000 0.00000000
1.85800000 0.00000000
1.85900000 0.00000000
1.86000000 0.00000000
1.86100000 0.00000000
1.86200000 0.00000000
1.86300000 0.00000000
1.86400000 0.00000000
1.86500000 0.00000000
1.86600000 0.00000000
1.86700000 0.00000000
1.86800000 0.00000000
1.86900000 0.00000000
1.87000000 0.00000000
1.87100000 0.00000000
1.87200000 0.00000000
1.87300000 0.00000000
1.87400000 0.00000000
1.87500000 0.00000000
1.87600000 0.00000000
1.87700000 0.00000000
1.87800000 0.00000000
1.87900000 0.00000000
1.88000000 0.00000000
1.88100000 0.00000000
1.88200000 0.00000000
1.88300000 0.00000000
1.88400000 0.00000000
1.88500000 0.00000000
1.88600000 0.00000000
1.88700000 0.00000000
1.88800000 0.00000000
1.88900000 0.00000000
1.89000000 0.00000000
1.89100000 0.00000000
1.89200000 0.00000000
1.89300000 0.00000000
1.89400000 0.00000000
1.89500000 0.00000000
1.89600000 0.00000000
1.89700000 0.00000000
1.89800000 0.00000000
1.89900000 0.00000000
1.90000000 0.00000000
1.90100000 0.00000000
1.90200000 0.00000000
1.90300000 0.00000000
1.90400000 0.00000000
1.90500000 0.00000000
1.90600000 0.00000000
1.90700000 0.00000000
1.90800000 0.00000000
1.90900000 0.00000000
1.91000000 0.00000000
1.91100000 0.00000000
1.91200000 0.00000000
1.91300000 0.00000000
1.91400000 0.00000000
1.91500000 0.00000000
1.91600000 0.00000000
1.91700000 0.00000000
1.91800000 0.00000000
1.91900000 0.00000000
1.92000000 0.00000000
1.92100000 0.00000000
1.92200000 0.00000000
1.92300000 0.00000000
1.92400000 0.00000000
1.92500000 0.00000000
1.92600000 0.00000000
1.92700000 0.00000000
1.92800000 0.00000000
1.92900000 0.00000000
1.93000000 0.00000000
1.93100000 0.00000000
1.93200000 0.00000000
1.93300000 0.00000000
1.93400000 0.00000000
1.93500000 0.00000000
1.93600000 0.00000000
1.93700000 0.00000000
1.93800000 0.00000000
1.93900000 0.00000000
1.94000000 0.00000000
1.94100000 0.00000000
1.94200000 0.00000000
1.94300000 0.00000000
1.94400000 0.00000000
1.94500000 0.00000000
1.94600000 0.00000000
1.94700000 0.00000000
1.94800000 0.00000000
1.94900000 0.00000000
1.95000000 0.00000000
1.95100000 0.00000000
1.95200000 0.00000000
1.95300000 0.00000000
1.95400000 0.00000000
1.95500000 0.00000000
1.95600000 0.00000000
1.95700000 0.00000000
1.95800000 0.00000000
1.95900000 0.00000000
1.96000000 0.00000000
1.96100000 0.00000000
1.96200000 0.00000000
1.96300000 0.00000000
1.96400000 0.00000000
1.96500000 0.00000000
1.96600000 0.00000000
1.96700000 0.00000000
1.96800000 0.00000000
1.96900000 0.00000000
1.97000000 0.00000000
1.97100000 0.00000000
1.97200000 0.00000000
1.97300000 0.00000000
1.97400000 0.00000000
1.97500000 0.00000000
1.97600000 0.00000000
1.97700000 0.00000000
1.97800000 0.00000000
1.97900000 0.00000000
1.98000000 0.00000000
1.98100000 0.00000000
1.98200000 0.00000000
1.98300000 0.00000000
1.98400000 0.00000000
1.98500000 0.00000000
1.98600000 0.00000000
1.98700000 0.00000000
1.98800000 0.00000000
1.98900000 0.00000000
1.99000000 0.00000000
1.99100000 0.00000000
1.99200000 0.00000000
1.99300000 0.00000000
1.99400000 0.00000000
1.99500000 0.00000000
1.99600000 0.00000000
1.99700000 0.00000000
1.99800000 0.00000000
1.99900000 0.00000000
2.00000000 0.00000000
