0.10000000 801252.58406300
0.10100000 710973.24758738
0.10200000 631604.11571752
0.10300000 561738.80638517
0.10400000 500163.36752355
0.10500000 445828.44989057
0.10600000 397825.71672287
0.10700000 355367.81331945
0.10800000 317771.33279429
0.10900000 284442.30764628
0.11000000 254863.83405489
0.11100000 228585.49982667
0.11200000 205214.34005415
0.11300000 184407.08873065
0.11400000 165863.53136247
0.11500000 149320.79431900
0.11600000 134548.43231420
0.11700000 121344.19688357
0.11800000 109530.38671847
0.11900000 98950.69583059
0.12000000 89467.48822504
0.12100000 80959.43846009
0.12200000 73319.48649476
0.12300000 66453.06284615
0.12400000 60276.54652340
0.12500000 54715.92366377
0.12600000 49705.61942567
0.12700000 45187.47962460
0.12800000 41109.88194124
0.12900000 37426.95937732
0.13000000 34097.92106163
0.13100000 31086.45758028
0.13200000 28360.21977577
0.13300000 25890.36147470
0.13400000 23651.13790212
0.13500000 21619.55265402
0.13600000 19775.04705586
0.13700000 18099.22655720
0.13800000 16575.61952025
0.13900000 15189.46437012
0.14000000 13927.52160053
0.14100000 12777.90758315
0.14200000 11729.94752167
0.14300000 10774.04523140
0.14400000 9901.56772003
0.14500000 9104.74280014
0.14600000 8376.56818632
0.14700000 7710.73072191
0.14800000 7101.53454828
0.14900000 6543.83717526
0.15000000 6032.99253872
0.15100000 5564.80024186
0.15200000 5135.46027403
0.15300000 4741.53258518
0.15400000 4379.90096820
0.15500000 4047.74076632
0.15600000 3742.48997922
0.15700000 3461.82339177
0.15800000 3203.62939245
0.15900000 2965.98918753
0.16000000 2747.15815025
0.16100000 2545.54907440
0.16200000 2359.71712775
0.16300000 2188.34632356
0.16400000 2030.23734925
0.16500000 1884.29660876
0.16600000 1749.52635143
0.16700000 1625.01577383
0.16800000 1509.93299380
0.16900000 1403.51780659
0.17000000 1305.07514299
0.17100000 1213.96915776
0.17200000 1129.61788460
0.17300000 1051.48840031
0.17400000 979.09244727
0.17500000 911.98246839
0.17600000 849.74801376
0.17700000 792.01248216
0.17800000 738.43016472
0.17900000 688.68356121
0.18000000 642.48094242
0.18100000 599.55413497
0.18200000 559.65650717
0.18300000 522.56113667
0.18400000 488.05914268
0.18500000 455.95816719
0.18600000 426.08099115
0.18700000 398.26427304
0.18800000 372.35739836
0.18900000 348.22142989
0.19000000 325.72814927
0.19100000 304.75918168
0.19200000 285.20519598
0.19300000 266.96517340
0.19400000 249.94573875
0.19500000 234.06054836
0.19600000 219.22972976
0.19700000 205.37936854
0.19800000 192.44103810
0.19900000 180.35136861
0.20000000 169.05165169
0.20100000 158.48747772
0.20200000 148.60840291
0.20300000 139.36764362
0.20400000 130.72179550
0.20500000 122.63057539
0.20600000 115.05658406
0.20700000 107.96508789
0.20800000 101.32381811
0.20900000 95.10278588
0.21000000 89.27411207
0.21100000 83.81187044
0.21200000 78.69194311
0.21300000 73.89188729
0.21400000 69.39081242
0.21500000 65.16926677
0.21600000 61.20913283
0.21700000 57.49353062
0.21800000 54.00672853
0.21900000 50.73406080
0.22000000 47.66185134
0.22100000 44.77734327
0.22200000 42.06863372
0.22300000 39.52461354
0.22400000 37.13491148
0.22500000 34.88984249
0.22600000 32.78035990
0.22700000 30.79801104
0.22800000 28.93489613
0.22900000 27.18363021
0.23000000 25.53730779
0.23100000 23.98947004
0.23200000 22.53407440
0.23300000 21.16546635
0.23400000 19.87835315
0.23500000 18.66777950
0.23600000 17.52910494
0.23700000 16.45798275
0.23800000 15.45034049
0.23900000 14.50236171
0.24000000 13.61046914
0.24100000 12.77130887
0.24200000 11.98173574
0.24300000 11.23879970
0.24400000 10.53973309
0.24500000 9.88193882
0.24600000 9.26297936
0.24700000 8.68056643
0.24800000 8.13255145
0.24900000 7.61691660
0.25000000 7.13176646
0.25100000 6.67532027
0.25200000 6.24590466
0.25300000 5.84194686
0.25400000 5.46196840
0.25500000 5.10457918
0.25600000 4.76847198
0.25700000 4.45241726
0.25800000 4.15525836
0.25900000 3.87590700
0.26000000 3.61333907
0.26100000 3.36659066
0.26200000 3.13475439
0.26300000 2.91697595
0.26400000 2.71245089
0.26500000 2.52042156
0.26600000 2.34017432
0.26700000 2.17103683
0.26800000 2.01237563
0.26900000 1.86359375
0.27000000 1.72412857
0.27100000 1.59344977
0.27200000 1.47105737
0.27300000 1.35647997
0.27400000 1.24927306
0.27500000 1.14901741
0.27600000 1.05531761
0.27700000 0.96780067
0.27800000 0.88611467
0.27900000 0.80992760
0.28000000 0.73892616
0.28100000 0.67281466
0.28200000 0.61131403
0.28300000 0.55416088
0.28400000 0.50110653
0.28500000 0.45191624
0.28600000 0.40636837
0.28700000 0.36425362
0.28800000 0.32537437
0.28900000 0.28954398
0.29000000 0.25658619
0.29100000 0.22633451
0.29200000 0.19863169
0.29300000 0.17332918
0.29400000 0.15028665
0.29500000 0.12937155
0.29600000 0.11045863
0.29700000 0.09342956
0.29800000 0.07817255
0.29900000 0.06458197
0.30000000 0.05255800
0.30100000 0.04200635
0.30200000 0.03283791
0.30300000 0.02496846
0.30400000 0.01831846
0.30500000 0.01281273
0.30600000 0.00838022
0.30700000 0.00495383
0.30800000 0.00247012
0.30900000 0.00086919
0.31000000 0.00009441
0.31100000 0.00000000
0.31200000 0.00000000
0.31300000 0.00000000
0.31400000 0.00000000
0.31500000 0.00000000
0.31600000 0.00000000
0.31700000 0.00000000
0.31800000 0.00000000
0.31900000 0.00000000
0.32000000 0.00000000
0.32100000 0.00000000
0.32200000 0.00000000
0.32300000 0.00000000
0.32400000 0.00000000
0.32500000 0.00000000
0.32600000 0.00000000
0.32700000 0.00000000
0.32800000 0.00000000
0.32900000 0.00000000
0.33000000 0.00000000
0.33100000 0.00000000
0.33200000 0.00000000
0.33300000 0.00000000
0.33400000 0.00000000
0.33500000 0.00000000
0.33600000 0.00000000
0.33700000 0.00000000
0.33800000 0.00000000
0.33900000 0.00000000
0.34000000 0.00000000
0.34100000 0.00000000
0.34200000 0.00000000
0.34300000 0.00000000
0.34400000 0.00000000
0.34500000 0.00000000
0.34600000 0.00000000
0.34700000 0.00000000
0.34800000 0.00000000
0.34900000 0.00000000
0.35000000 0.00000000
0.35100000 0.00000000
0.35200000 0.00000000
0.35300000 0.00000000
0.35400000 0.00000000
0.35500000 0.00000000
0.35600000 0.00000000
0.35700000 0.00000000
0.35800000 0.00000000
0.35900000 0.00000000
0.36000000 0.00000000
0.36100000 0.00000000
0.36200000 0.00000000
0.36300000 0.00000000
0.36400000 0.00000000
0.36500000 0.00000000
0.36600000 0.00000000
0.36700000 0.00000000
0.36800000 0.00000000
0.36900000 0.00000000
0.37000000 0.00000000
0.37100000 0.00000000
0.37200000 0.00000000
0.37300000 0.00000000
0.37400000 0.00000000
0.37500000 0.00000000
0.37600000 0.00000000
0.37700000 0.00000000
0.37800000 0.00000000
0.37900000 0.00000000
0.38000000 0.00000000
0.38100000 0.00000000
0.38200000 0.00000000
0.38300000 0.00000000
0.38400000 0.00000000
0.38500000 0.00000000
0.38600000 0.00000000
0.38700000 0.00000000
0.38800000 0.00000000
0.38900000 0.00000000
0.39000000 0.00000000
0.39100000 0.00000000
0.39200000 0.00000000
0.39300000 0.00000000
0.39400000 0.00000000
0.39500000 0.00000000
0.39600000 0.00000000
0.39700000 0.00000000
0.39800000 0.00000000
0.39900000 0.00000000
0.40000000 0.00000000
0.40100000 0.00000000
0.40200000 0.00000000
0.40300000 0.00000000
0.40400000 0.00000000
0.40500000 0.00000000
0.40600000 0.00000000
0.40700000 0.00000000
0.40800000 0.00000000
0.40900000 0.00000000
0.41000000 0.00000000
0.41100000 0.00000000
0.41200000 0.00000000
0.41300000 0.00000000
0.41400000 0.00000000
0.41500000 0.00000000
0.41600000 0.00000000
0.41700000 0.00000000
0.41800000 0.00000000
0.41900000 0.00000000
0.42000000 0.00000000
0.42100000 0.00000000
0.42200000 0.00000000
0.42300000 0.00000000
0.42400000 0.00000000
0.42500000 0.00000000
0.42600000 0.00000000
0.42700000 0.00000000
0.42800000 0.00000000
0.42900000 0.00000000
0.43000000 0.00000000
0.43100000 0.00000000
0.43200000 0.00000000
0.43300000 0.00000000
0.43400000 0.00000000
0.43500000 0.00000000
0.43600000 0.00000000
0.43700000 0.00000000
0.43800000 0.00000000
0.43900000 0.00000000
0.44000000 0.00000000
0.44100000 0.00000000
0.44200000 0.00000000
0.44300000 0.00000000
0.44400000 0.00000000
0.44500000 0.00000000
0.44600000 0.00000000
0.44700000 0.00000000
0.44800000 0.00000000
0.44900000 0.00000000
0.45000000 0.00000000
0.45100000 0.00000000
0.45200000 0.00000000
0.45300000 0.00000000
0.45400000 0.00000000
0.45500000 0.00000000
0.45600000 0.00000000
0.45700000 0.00000000
0.45800000 0.00000000
0.45900000 0.00000000
0.46000000 0.00000000
0.46100000 0.00000000
0.46200000 0.00000000
0.46300000 0.00000000
0.46400000 0.00000000
0.46500000 0.00000000
0.46600000 0.00000000
0.46700000 0.00000000
0.46800000 0.00000000
0.46900000 0.00000000
0.47000000 0.00000000
0.47100000 0.00000000
0.47200000 0.00000000
0.47300000 0.00000000
0.47400000 0.00000000
0.47500000 0.00000000
0.47600000 0.00000000
0.47700000 0.00000000
0.47800000 0.00000000
0.47900000 0.00000000
0.48000000 0.00000000
0.48100000 0.00000000
0.48200000 0.00000000
0.48300000 0.00000000
0.48400000 0.00000000
0.48500000 0.00000000
0.48600000 0.00000000
0.48700000 0.00000000
0.48800000 0.00000000
0.48900000 0.00000000
0.49000000 0.00000000
0.49100000 0.00000000
0.49200000 0.00000000
0.49300000 0.00000000
0.49400000 0.00000000
0.49500000 0.00000000
0.49600000 0.00000000
0.49700000 0.00000000
0.49800000 0.00000000
0.49900000 0.00000000
0.50000000 0.00000000
0.50100000 0.00000000
0.50200000 0.00000000
0.50300000 0.00000000
0.50400000 0.00000000
0.50500000 0.00000000
0.50600000 0.00000000
0.50700000 0.00000000
0.50800000 0.00000000
0.50900000 0.00000000
0.51000000 0.00000000
0.51100000 0.00000000
0.51200000 0.00000000
0.51300000 0.00000000
0.51400000 0.00000000
0.51500000 0.00000000
0.51600000 0.00000000
0.51700000 0.00000000
0.51800000 0.00000000
0.51900000 0.00000000
0.52000000 0.00000000
0.52100000 0.00000000
0.52200000 0.00000000
0.52300000 0.00000000
0.52400000 0.00000000
0.52500000 0.00000000
0.52600000 0.00000000
0.52700000 0.00000000
0.52800000 0.00000000
0.52900000 0.00000000
0.53000000 0.00000000
0.53100000 0.00000000
0.53200000 0.00000000
0.53300000 0.00000000
0.53400000 0.00000000
0.53500000 0.00000000
0.53600000 0.00000000
0.53700000 0.00000000
0.53800000 0.00000000
0.53900000 0.00000000
0.54000000 0.00000000
0.54100000 0.00000000
0.54200000 0.00000000
0.54300000 0.00000000
0.54400000 0.00000000
0.54500000 0.00000000
0.54600000 0.00000000
0.54700000 0.00000000
0.54800000 0.00000000
0.54900000 0.00000000
0.55000000 0.00000000
0.55100000 0.00000000
0.55200000 0.00000000
0.55300000 0.00000000
0.55400000 0.00000000
0.55500000 0.00000000
0.55600000 0.00000000
0.55700000 0.00000000
0.55800000 0.00000000
0.55900000 0.00000000
0.56000000 0.00000000
0.56100000 0.00000000
0.56200000 0.00000000
0.56300000 0.00000000
0.56400000 0.00000000
0.56500000 0.00000000
0.56600000 0.00000000
0.56700000 0.00000000
0.56800000 0.00000000
0.56900000 0.00000000
0.57000000 0.00000000
0.57100000 0.00000000
0.57200000 0.00000000
0.57300000 0.00000000
0.57400000 0.00000000
0.57500000 0.00000000
0.57600000 0.00000000
0.57700000 0.00000000
0.57800000 0.00000000
0.57900000 0.00000000
0.58000000 0.00000000
0.58100000 0.00000000
0.58200000 0.00000000
0.58300000 0.00000000
0.58400000 0.00000000
0.58500000 0.00000000
0.58600000 0.00000000
0.58700000 0.00000000
0.58800000 0.00000000
0.58900000 0.00000000
0.59000000 0.00000000
0.59100000 0.00000000
0.59200000 0.00000000
0.59300000 0.00000000
0.59400000 0.00000000
0.59500000 0.00000000
0.59600000 0.00000000
0.59700000 0.00000000
0.59800000 0.00000000
0.59900000 0.00000000
0.60000000 0.00000000
0.60100000 0.00000000
0.60200000 0.00000000
0.60300000 0.00000000
0.60400000 0.00000000
0.60500000 0.00000000
0.60600000 0.00000000
0.60700000 0.00000000
0.60800000 0.00000000
0.60900000 0.00000000
0.61000000 0.00000000
0.61100000 0.00000000
0.61200000 0.00000000
0.61300000 0.00000000
0.61400000 0.00000000
0.61500000 0.00000000
0.61600000 0.00000000
0.61700000 0.00000000
0.61800000 0.00000000
0.61900000 0.00000000
0.62000000 0.00000000
0.62100000 0.00000000
0.62200000 0.00000000
0.62300000 0.00000000
0.62400000 0.00000000
0.62500000 0.00000000
0.62600000 0.00000000
0.62700000 0.00000000
0.62800000 0.00000000
0.62900000 0.00000000
0.63000000 0.00000000
0.63100000 0.00000000
0.63200000 0.00000000
0.63300000 0.00000000
0.63400000 0.00000000
0.63500000 0.00000000
0.63600000 0.00000000
0.63700000 0.00000000
0.63800000 0.00000000
0.63900000 0.00000000
0.64000000 0.00000000
0.64100000 0.00000000
0.64200000 0.00000000
0.64300000 0.00000000
0.64400000 0.00000000
0.64500000 0.00000000
0.64600000 0.00000000
0.64700000 0.00000000
0.64800000 0.00000000
0.64900000 0.00000000
0.65000000 0.00000000
0.65100000 0.00000000
0.65200000 0.00000000
0.65300000 0.00000000
0.65400000 0.00000000
0.65500000 0.00000000
0.65600000 0.00000000
0.65700000 0.00000000
0.65800000 0.00000000
0.65900000 0.00000000
0.66000000 0.00000000
0.66100000 0.00000000
0.66200000 0.00000000
0.66300000 0.00000000
0.66400000 0.00000000
0.66500000 0.00000000
0.66600000 0.00000000
0.66700000 0.00000000
0.66800000 0.00000000
0.66900000 0.00000000
0.67000000 0.00000000
0.67100000 0.00000000
0.67200000 0.00000000
0.67300000 0.00000000
0.67400000 0.00000000
0.67500000 0.00000000
0.67600000 0.00000000
0.67700000 0.00000000
0.67800000 0.00000000
0.67900000 0.00000000
0.68000000 0.00000000
0.68100000 0.00000000
0.68200000 0.00000000
0.68300000 0.00000000
0.68400000 0.00000000
0.68500000 0.00000000
0.68600000 0.00000000
0.68700000 0.00000000
0.68800000 0.00000000
0.68900000 0.00000000
0.69000000 0.00000000
0.69100000 0.00000000
0.69200000 0.00000000
0.69300000 0.00000000
0.69400000 0.00000000
0.69500000 0.00000000
0.69600000 0.00000000
0.69700000 0.00000000
0.69800000 0.00000000
0.69900000 0.00000000
0.70000000 0.00000000
0.70100000 0.00000000
0.70200000 0.00000000
0.70300000 0.00000000
0.70400000 0.00000000
0.70500000 0.00000000
0.70600000 0.00000000
0.70700000 0.00000000
0.70800000 0.00000000
0.70900000 0.00000000
0.71000000 0.00000000
0.71100000 0.00000000
0.71200000 0.00000000
0.71300000 0.00000000
0.71400000 0.00000000
0.71500000 0.00000000
0.71600000 0.00000000
0.71700000 0.00000000
0.71800000 0.00000000
0.71900000 0.00000000
0.72000000 0.00000000
0.72100000 0.00000000
0.72200000 0.00000000
0.72300000 0.00000000
0.72400000 0.00000000
0.72500000 0.00000000
0.72600000 0.00000000
0.72700000 0.00000000
0.72800000 0.00000000
0.72900000 0.00000000
0.73000000 0.00000000
0.73100000 0.00000000
0.73200000 0.00000000
0.73300000 0.00000000
0.73400000 0.00000000
0.73500000 0.00000000
0.73600000 0.00000000
0.73700000 0.00000000
0.73800000 0.00000000
0.73900000 0.00000000
0.74000000 0.00000000
0.74100000 0.00000000
0.74200000 0.00000000
0.74300000 0.00000000
0.74400000 0.00000000
0.74500000 0.00000000
0.74600000 0.00000000
0.74700000 0.00000000
0.74800000 0.00000000
0.74900000 0.00000000
0.75000000 0.00000000
0.75100000 0.00000000
0.75200000 0.00000000
0.75300000 0.00000000
0.75400000 0.00000000
0.75500000 0.00000000
0.75600000 0.00000000
0.75700000 0.00000000
0.75800000 0.00000000
0.75900000 0.00000000
0.76000000 0.00000000
0.76100000 0.00000000
0.76200000 0.00000000
0.76300000 0.00000000
0.76400000 0.00000000
0.76500000 0.00000000
0.76600000 0.00000000
0.76700000 0.00000000
0.76800000 0.00000000
0.76900000 0.00000000
0.77000000 0.00000000
0.77100000 0.00000000
0.77200000 0.00000000
0.77300000 0.00000000
0.77400000 0.00000000
0.77500000 0.00000000
0.77600000 0.00000000
0.77700000 0.00000000
0.77800000 0.00000000
0.77900000 0.00000000
0.78000000 0.00000000
0.78100000 0.00000000
0.78200000 0.00000000
0.78300000 0.00000000
0.78400000 0.00000000
0.78500000 0.00000000
0.78600000 0.00000000
0.78700000 0.00000000
0.78800000 0.00000000
0.78900000 0.00000000
0.79000000 0.00000000
0.79100000 0.00000000
0.79200000 0.00000000
0.79300000 0.00000000
0.79400000 0.00000000
0.79500000 0.00000000
0.79600000 0.00000000
0.79700000 0.00000000
0.79800000 0.00000000
0.79900000 0.00000000
0.80000000 0.00000000
0.80100000 0.00000000
0.80200000 0.00000000
0.80300000 0.00000000
0.80400000 0.00000000
0.80500000 0.00000000
0.80600000 0.00000000
0.80700000 0.00000000
0.80800000 0.00000000
0.80900000 0.00000000
0.81000000 0.00000000
0.81100000 0.00000000
0.81200000 0.00000000
0.81300000 0.00000000
0.81400000 0.00000000
0.81500000 0.00000000
0.81600000 0.00000000
0.81700000 0.00000000
0.81800000 0.00000000
0.81900000 0.00000000
0.82000000 0.00000000
0.82100000 0.00000000
0.82200000 0.00000000
0.82300000 0.00000000
0.82400000 0.00000000
0.82500000 0.00000000
0.82600000 0.00000000
0.82700000 0.00000000
0.82800000 0.00000000
0.82900000 0.00000000
0.83000000 0.00000000
0.83100000 0.00000000
0.83200000 0.00000000
0.83300000 0.00000000
0.83400000 0.00000000
0.83500000 0.00000000
0.83600000 0.00000000
0.83700000 0.00000000
0.83800000 0.00000000
0.83900000 0.00000000
0.84000000 0.00000000
0.84100000 0.00000000
0.84200000 0.00000000
0.84300000 0.00000000
0.84400000 0.00000000
0.84500000 0.00000000
0.84600000 0.00000000
0.84700000 0.00000000
0.84800000 0.00000000
0.84900000 0.00000000
0.85000000 0.00000000
0.85100000 0.00000000
0.85200000 0.00000000
0.85300000 0.00000000
0.85400000 0.00000000
0.85500000 0.00000000
0.85600000 0.00000000
0.85700000 0.00000000
0.85800000 0.00000000
0.85900000 0.00000000
0.86000000 0.00000000
0.86100000 0.00000000
0.86200000 0.00000000
0.86300000 0.00000000
0.86400000 0.00000000
0.86500000 0.00000000
0.86600000 0.00000000
0.86700000 0.00000000
0.86800000 0.00000000
0.86900000 0.00000000
0.87000000 0.00000000
0.87100000 0.00000000
0.87200000 0.00000000
0.87300000 0.00000000
0.87400000 0.00000000
0.87500000 0.00000000
0.87600000 0.00000000
0.87700000 0.00000000
0.87800000 0.00000000
0.87900000 0.00000000
0.88000000 0.00000000
0.88100000 0.00000000
0.88200000 0.00000000
0.88300000 0.00000000
0.88400000 0.00000000
0.88500000 0.00000000
0.88600000 0.00000000
0.88700000 0.00000000
0.88800000 0.00000000
0.88900000 0.00000000
0.89000000 0.00000000
0.89100000 0.00000000
0.89200000 0.00000000
0.89300000 0.00000000
0.89400000 0.00000000
0.89500000 0.00000000
0.89600000 0.00000000
0.89700000 0.00000000
0.89800000 0.00000000
0.89900000 0.00000000
0.90000000 0.00000000
0.90100000 0.00000000
0.90200000 0.00000000
0.90300000 0.00000000
0.90400000 0.00000000
0.90500000 0.00000000
0.90600000 0.00000000
0.90700000 0.00000000
0.90800000 0.00000000
0.90900000 0.00000000
0.91000000 0.00000000
0.91100000 0.00000000
0.91200000 0.00000000
0.91300000 0.00000000
0.91400000 0.00000000
0.91500000 0.00000000
0.91600000 0.00000000
0.91700000 0.00000000
0.91800000 0.00000000
0.91900000 0.00000000
0.92000000 0.00000000
0.92100000 0.00000000
0.92200000 0.00000000
0.92300000 0.00000000
0.92400000 0.00000000
0.92500000 0.00000000
0.92600000 0.00000000
0.92700000 0.00000000
0.92800000 0.00000000
0.92900000 0.00000000
0.93000000 0.00000000
0.93100000 0.00000000
0.93200000 0.00000000
0.93300000 0.00000000
0.93400000 0.00000000
0.93500000 0.00000000
0.93600000 0.00000000
0.93700000 0.00000000
0.93800000 0.00000000
0.93900000 0.00000000
0.94000000 0.00000000
0.94100000 0.00000000
0.94200000 0.00000000
0.94300000 0.00000000
0.94400000 0.00000000
0.94500000 0.00000000
0.94600000 0.00000000
0.94700000 0.00000000
0.94800000 0.00000000
0.94900000 0.00000000
0.95000000 0.00000000
0.95100000 0.00000000
0.95200000 0.00000000
0.95300000 0.00000000
0.95400000 0.00000000
0.95500000 0.00000000
0.95600000 0.00000000
0.95700000 0.00000000
0.95800000 0.00000000
0.95900000 0.00000000
0.96000000 0.00000000
0.96100000 0.00000000
0.96200000 0.00000000
0.96300000 0.00000000
0.96400000 0.00000000
0.96500000 0.00000000
0.96600000 0.00000000
0.96700000 0.00000000
0.96800000 0.00000000
0.96900000 0.00000000
0.97000000 0.00000000
0.97100000 0.00000000
0.97200000 0.00000000
0.97300000 0.00000000
0.97400000 0.00000000
0.97500000 0.00000000
0.97600000 0.00000000
0.97700000 0.00000000
0.97800000 0.00000000
0.97900000 0.00000000
0.98000000 0.00000000
0.98100000 0.00000000
0.98200000 0.00000000
0.98300000 0.00000000
0.98400000 0.00000000
0.98500000 0.00000000
0.98600000 0.00000000
0.98700000 0.00000000
0.98800000 0.00000000
0.98900000 0.00000000
0.99000000 0.00000000
0.99100000 0.00000000
0.99200000 0.00000000
0.99300000 0.00000000
0.99400000 0.00000000
0.99500000 0.00000000
0.99600000 0.00000000
0.99700000 0.00000000
0.99800000 0.00000000
0.99900000 0.00000000
1.00000000 0.00000000
1.00100000 0.00000000
1.00200000 0.00000000
1.00300000 0.00000000
1.00400000 0.00000000
1.00500000 0.00000000
1.00600000 0.00000000
1.00700000 0.00000000
1.00800000 0.00000000
1.00900000 0.00000000
1.01000000 0.00000000
1.01100000 0.00000000
1.01200000 0.00000000
1.01300000 0.00000000
1.01400000 0.00000000
1.01500000 0.00000000
1.01600000 0.00000000
1.01700000 0.00000000
1.01800000 0.00000000
1.01900000 0.00000000
1.02000000 0.00000000
1.02100000 0.00000000
1.02200000 0.00000000
1.02300000 0.00000000
1.02400000 0.00000000
1.02500000 0.00000000
1.02600000 0.00000000
1.02700000 0.00000000
1.02800000 0.00000000
1.02900000 0.00000000
1.03000000 0.00000000
1.03100000 0.00000000
1.03200000 0.00000000
1.03300000 0.00000000
1.03400000 0.00000000
1.03500000 0.00000000
1.03600000 0.00000000
1.03700000 0.00000000
1.03800000 0.00000000
1.03900000 0.00000000
1.04000000 0.00000000
1.04100000 0.00000000
1.04200000 0.00000000
1.04300000 0.00000000
1.04400000 0.00000000
1.04500000 0.00000000
1.04600000 0.00000000
1.04700000 0.00000000
1.04800000 0.00000000
1.04900000 0.00000000
1.05000000 0.00000000
1.05100000 0.00000000
1.05200000 0.00000000
1.05300000 0.00000000
1.05400000 0.00000000
1.05500000 0.00000000
1.05600000 0.00000000
1.05700000 0.00000000
1.05800000 0.00000000
1.05900000 0.00000000
1.06000000 0.00000000
1.06100000 0.00000000
1.06200000 0.00000000
1.06300000 0.00000000
1.06400000 0.00000000
1.06500000 0.00000000
1.06600000 0.00000000
1.06700000 0.00000000
1.06800000 0.00000000
1.06900000 0.00000000
1.07000000 0.00000000
1.07100000 0.00000000
1.07200000 0.00000000
1.07300000 0.00000000
1.07400000 0.00000000
1.07500000 0.00000000
1.07600000 0.00000000
1.07700000 0.00000000
1.07800000 0.00000000
1.07900000 0.00000000
1.08000000 0.00000000
1.08100000 0.00000000
1.08200000 0.00000000
1.08300000 0.00000000
1.08400000 0.00000000
1.08500000 0.00000000
1.08600000 0.00000000
1.08700000 0.00000000
1.08800000 0.00000000
1.08900000 0.00000000
1.09000000 0.00000000
1.09100000 0.00000000
1.09200000 0.00000000
1.09300000 0.00000000
1.09400000 0.00000000
1.09500000 0.00000000
1.09600000 0.00000000
1.09700000 0.00000000
1.09800000 0.00000000
1.09900000 0.00000000
1.10000000 0.00000000
1.10100000 0.00000000
1.10200000 0.00000000
1.10300000 0.00000000
1.10400000 0.00000000
1.10500000 0.00000000
1.10600000 0.00000000
1.10700000 0.00000000
1.10800000 0.00000000
1.10900000 0.00000000
1.11000000 0.00000000
1.11100000 0.00000000
1.11200000 0.00000000
1.11300000 0.00000000
1.11400000 0.00000000
1.11500000 0.00000000
1.11600000 0.00000000
1.11700000 0.00000000
1.11800000 0.00000000
1.11900000 0.00000000
1.12000000 0.00000000
1.12100000 0.00000000
1.12200000 0.00000000
1.12300000 0.00000000
1.12400000 0.00000000
1.12500000 0.00000000
1.12600000 0.00000000
1.12700000 0.00000000
1.12800000 0.00000000
1.12900000 0.00000000
1.13000000 0.00000000
1.13100000 0.00000000
1.13200000 0.00000000
1.13300000 0.00000000
1.13400000 0.00000000
1.13500000 0.00000000
1.13600000 0.00000000
1.13700000 0.00000000
1.13800000 0.00000000
1.13900000 0.00000000
1.14000000 0.00000000
1.14100000 0.00000000
1.14200000 0.00000000
1.14300000 0.00000000
1.14400000 0.00000000
1.14500000 0.00000000
1.14600000 0.00000000
1.14700000 0.00000000
1.14800000 0.00000000
1.14900000 0.00000000
1.15000000 0.00000000
1.15100000 0.00000000
1.15200000 0.00000000
1.15300000 0.00000000
1.15400000 0.00000000
1.15500000 0.00000000
1.15600000 0.00000000
1.15700000 0.00000000
1.15800000 0.00000000
1.15900000 0.00000000
1.16000000 0.00000000
1.16100000 0.00000000
1.16200000 0.00000000
1.16300000 0.00000000
1.16400000 0.00000000
1.16500000 0.00000000
1.16600000 0.00000000
1.16700000 0.00000000
1.16800000 0.00000000
1.16900000 0.00000000
1.17000000 0.00000000
1.17100000 0.00000000
1.17200000 0.00000000
1.17300000 0.00000000
1.17400000 0.00000000
1.17500000 0.00000000
1.17600000 0.00000000
1.17700000 0.00000000
1.17800000 0.00000000
1.17900000 0.00000000
1.18000000 0.00000000
1.18100000 0.00000000
1.18200000 0.00000000
1.18300000 0.00000000
1.18400000 0.00000000
1.18500000 0.00000000
1.18600000 0.00000000
1.18700000 0.00000000
1.18800000 0.00000000
1.18900000 0.00000000
1.19000000 0.00000000
1.19100000 0.00000000
1.19200000 0.00000000
1.19300000 0.00000000
1.19400000 0.00000000
1.19500000 0.00000000
1.19600000 0.00000000
1.19700000 0.00000000
1.19800000 0.00000000
1.19900000 0.00000000
1.20000000 0.00000000
1.20100000 0.00000000
1.20200000 0.00000000
1.20300000 0.00000000
1.20400000 0.00000000
1.20500000 0.00000000
1.20600000 0.00000000
1.20700000 0.00000000
1.20800000 0.00000000
1.20900000 0.00000000
1.21000000 0.00000000
1.21100000 0.00000000
1.21200000 0.00000000
1.21300000 0.00000000
1.21400000 0.00000000
1.21500000 0.00000000
1.21600000 0.00000000
1.21700000 0.00000000
1.21800000 0.00000000
1.21900000 0.00000000
1.22000000 0.00000000
1.22100000 0.00000000
1.22200000 0.00000000
1.22300000 0.00000000
1.22400000 0.00000000
1.22500000 0.00000000
1.22600000 0.00000000
1.22700000 0.00000000
1.22800000 0.00000000
1.22900000 0.00000000
1.23000000 0.00000000
1.23100000 0.00000000
1.23200000 0.00000000
1.23300000 0.00000000
1.23400000 0.00000000
1.23500000 0.00000000
1.23600000 0.00000000
1.23700000 0.00000000
1.23800000 0.00000000
1.23900000 0.00000000
1.24000000 0.00000000
1.24100000 0.00000000
1.24200000 0.00000000
1.24300000 0.00000000
1.24400000 0.00000000
1.24500000 0.00000000
1.24600000 0.00000000
1.24700000 0.00000000
1.24800000 0.00000000
1.24900000 0.00000000
1.25000000 0.00000000
1.25100000 0.00000000
1.25200000 0.00000000
1.25300000 0.00000000
1.25400000 0.00000000
1.25500000 0.00000000
1.25600000 0.00000000
1.25700000 0.00000000
1.25800000 0.00000000
1.25900000 0.00000000
1.26000000 0.00000000
1.26100000 0.00000000
1.26200000 0.00000000
1.26300000 0.00000000
1.26400000 0.00000000
1.26500000 0.00000000
1.26600000 0.00000000
1.26700000 0.00000000
1.26800000 0.00000000
1.26900000 0.00000000
1.27000000 0.00000000
1.27100000 0.00000000
1.27200000 0.00000000
1.27300000 0.00000000
1.27400000 0.00000000
1.27500000 0.00000000
1.27600000 0.00000000
1.27700000 0.00000000
1.27800000 0.00000000
1.27900000 0.00000000
1.28000000 0.00000000
1.28100000 0.00000000
1.28200000 0.00000000
1.28300000 0.00000000
1.28400000 0.00000000
1.28500000 0.00000000
1.28600000 0.00000000
1.28700000 0.00000000
1.28800000 0.00000000
1.28900000 0.00000000
1.29000000 0.00000000
1.29100000 0.00000000
1.29200000 0.00000000
1.29300000 0.00000000
1.29400000 0.00000000
1.29500000 0.00000000
1.29600000 0.00000000
1.29700000 0.00000000
1.29800000 0.00000000
1.29900000 0.00000000
1.30000000 0.00000000
1.30100000 0.00000000
1.30200000 0.00000000
1.30300000 0.00000000
1.30400000 0.00000000
1.30500000 0.00000000
1.30600000 0.00000000
1.30700000 0.00000000
1.30800000 0.00000000
1.30900000 0.00000000
1.31000000 0.00000000
1.31100000 0.00000000
1.31200000 0.00000000
1.31300000 0.00000000
1.31400000 0.00000000
1.31500000 0.00000000
1.31600000 0.00000000
1.31700000 0.00000000
1.31800000 0.00000000
1.31900000 0.00000000
1.32000000 0.00000000
1.32100000 0.00000000
1.32200000 0.00000000
1.32300000 0.00000000
1.32400000 0.00000000
1.32500000 0.00000000
1.32600000 0.00000000
1.32700000 0.00000000
1.32800000 0.00000000
1.32900000 0.00000000
1.33000000 0.00000000
1.33100000 0.00000000
1.33200000 0.00000000
1.33300000 0.00000000
1.33400000 0.00000000
1.33500000 0.00000000
1.33600000 0.00000000
1.33700000 0.00000000
1.33800000 0.00000000
1.33900000 0.00000000
1.34000000 0.00000000
1.34100000 0.00000000
1.34200000 0.00000000
1.34300000 0.00000000
1.34400000 0.00000000
1.34500000 0.00000000
1.34600000 0.00000000
1.34700000 0.00000000
1.34800000 0.00000000
1.34900000 0.00000000
1.35000000 0.00000000
1.35100000 0.00000000
1.35200000 0.00000000
1.35300000 0.00000000
1.35400000 0.00000000
1.35500000 0.00000000
1.35600000 0.00000000
1.35700000 0.00000000
1.35800000 0.00000000
1.35900000 0.00000000
1.36000000 0.00000000
1.36100000 0.00000000
1.36200000 0.00000000
1.36300000 0.00000000
1.36400000 0.00000000
1.36500000 0.00000000
1.36600000 0.00000000
1.36700000 0.00000000
1.36800000 0.00000000
1.36900000 0.00000000
1.37000000 0.00000000
1.37100000 0.00000000
1.37200000 0.00000000
1.37300000 0.00000000
1.37400000 0.00000000
1.37500000 0.00000000
1.37600000 0.00000000
1.37700000 0.00000000
1.37800000 0.00000000
1.37900000 0.00000000
1.38000000 0.00000000
1.38100000 0.00000000
1.38200000 0.00000000
1.38300000 0.00000000
1.38400000 0.00000000
1.38500000 0.00000000
1.38600000 0.00000000
1.38700000 0.00000000
1.38800000 0.00000000
1.38900000 0.00000000
1.39000000 0.00000000
1.39100000 0.00000000
1.39200000 0.00000000
1.39300000 0.00000000
1.39400000 0.00000000
1.39500000 0.00000000
1.39600000 0.00000000
1.39700000 0.00000000
1.39800000 0.00000000
1.39900000 0.00000000
1.40000000 0.00000000
1.40100000 0.00000000
1.40200000 0.00000000
1.40300000 0.00000000
1.40400000 0.00000000
1.40500000 0.00000000
1.40600000 0.00000000
1.40700000 0.00000000
1.40800000 0.00000000
1.40900000 0.00000000
1.41000000 0.00000000
1.41100000 0.00000000
1.41200000 0.00000000
1.41300000 0.00000000
1.41400000 0.00000000
1.41500000 0.00000000
1.41600000 0.00000000
1.41700000 0.00000000
1.41800000 0.00000000
1.41900000 0.00000000
1.42000000 0.00000000
1.42100000 0.00000000
1.42200000 0.00000000
1.42300000 0.00000000
1.42400000 0.00000000
1.42500000 0.00000000
1.42600000 0.00000000
1.42700000 0.00000000
1.42800000 0.00000000
1.42900000 0.00000000
1.43000000 0.00000000
1.43100000 0.00000000
1.43200000 0.00000000
1.43300000 0.00000000
1.43400000 0.00000000
1.43500000 0.00000000
1.43600000 0.00000000
1.43700000 0.00000000
1.43800000 0.00000000
1.43900000 0.00000000
1.44000000 0.00000000
1.44100000 0.00000000
1.44200000 0.00000000
1.44300000 0.00000000
1.44400000 0.00000000
1.44500000 0.00000000
1.44600000 0.00000000
1.44700000 0.00000000
1.44800000 0.00000000
1.44900000 0.00000000
1.45000000 0.00000000
1.45100000 0.00000000
1.45200000 0.00000000
1.45300000 0.00000000
1.45400000 0.00000000
1.45500000 0.00000000
1.45600000 0.00000000
1.45700000 0.00000000
1.45800000 0.00000000
1.45900000 0.00000000
1.46000000 0.00000000
1.46100000 0.00000000
1.46200000 0.00000000
1.46300000 0.00000000
1.46400000 0.00000000
1.46500000 0.00000000
1.46600000 0.00000000
1.46700000 0.00000000
1.46800000 0.00000000
1.46900000 0.00000000
1.47000000 0.00000000
1.47100000 0.00000000
1.47200000 0.00000000
1.47300000 0.00000000
1.47400000 0.00000000
1.47500000 0.00000000
1.47600000 0.00000000
1.47700000 0.00000000
1.47800000 0.00000000
1.47900000 0.00000000
1.48000000 0.00000000
1.48100000 0.00000000
1.48200000 0.00000000
1.48300000 0.00000000
1.48400000 0.00000000
1.48500000 0.00000000
1.48600000 0.00000000
1.48700000 0.00000000
1.48800000 0.00000000
1.48900000 0.00000000
1.49000000 0.00000000
1.49100000 0.00000000
1.49200000 0.00000000
1.49300000 0.00000000
1.49400000 0.00000000
1.49500000 0.00000000
1.49600000 0.00000000
1.49700000 0.00000000
1.49800000 0.00000000
1.49900000 0.00000000
1.50000000 0.00000000
1.50100000 0.00000000
1.50200000 0.00000000
1.50300000 0.00000000
1.50400000 0.00000000
1.50500000 0.00000000
1.50600000 0.00000000
1.50700000 0.00000000
1.50800000 0.00000000
1.50900000 0.00000000
1.51000000 0.00000000
1.51100000 0.00000000
1.51200000 0.00000000
1.51300000 0.00000000
1.51400000 0.00000000
1.51500000 0.00000000
1.51600000 0.00000000
1.51700000 0.00000000
1.51800000 0.00000000
1.51900000 0.00000000
1.52000000 0.00000000
1.52100000 0.00000000
1.52200000 0.00000000
1.52300000 0.00000000
1.52400000 0.00000000
1.52500000 0.00000000
1.52600000 0.00000000
1.52700000 0.00000000
1.52800000 0.00000000
1.52900000 0.00000000
1.53000000 0.00000000
1.53100000 0.00000000
1.53200000 0.00000000
1.53300000 0.00000000
1.53400000 0.00000000
1.53500000 0.00000000
1.53600000 0.00000000
1.53700000 0.00000000
1.53800000 0.00000000
1.53900000 0.00000000
1.54000000 0.00000000
1.54100000 0.00000000
1.54200000 0.00000000
1.54300000 0.00000000
1.54400000 0.00000000
1.54500000 0.00000000
1.54600000 0.00000000
1.54700000 0.00000000
1.54800000 0.00000000
1.54900000 0.00000000
1.55000000 0.00000000
1.55100000 0.00000000
1.55200000 0.00000000
1.55300000 0.00000000
1.55400000 0.00000000
1.55500000 0.00000000
1.55600000 0.00000000
1.55700000 0.00000000
1.55800000 0.00000000
1.55900000 0.00000000
1.56000000 0.00000000
1.56100000 0.00000000
1.56200000 0.00000000
1.56300000 0.00000000
1.56400000 0.00000000
1.56500000 0.00000000
1.56600000 0.00000000
1.56700000 0.00000000
1.56800000 0.00000000
1.56900000 0.00000000
1.57000000 0.00000000
1.57100000 0.00000000
1.57200000 0.00000000
1.57300000 0.00000000
1.57400000 0.00000000
1.57500000 0.00000000
1.57600000 0.00000000
1.57700000 0.00000000
1.57800000 0.00000000
1.57900000 0.00000000
1.58000000 0.00000000
1.58100000 0.00000000
1.58200000 0.00000000
1.58300000 0.00000000
1.58400000 0.00000000
1.58500000 0.00000000
1.58600000 0.00000000
1.58700000 0.00000000
1.58800000 0.00000000
1.58900000 0.00000000
1.59000000 0.00000000
1.59100000 0.00000000
1.59200000 0.00000000
1.59300000 0.00000000
1.59400000 0.00000000
1.59500000 0.00000000
1.59600000 0.00000000
1.59700000 0.00000000
1.59800000 0.00000000
1.59900000 0.00000000
1.60000000 0.00000000
1.60100000 0.00000000
1.60200000 0.00000000
1.60300000 0.00000000
1.60400000 0.00000000
1.60500000 0.00000000
1.60600000 0.00000000
1.60700000 0.00000000
1.60800000 0.00000000
1.60900000 0.00000000
1.61000000 0.00000000
1.61100000 0.00000000
1.61200000 0.00000000
1.61300000 0.00000000
1.61400000 0.00000000
1.61500000 0.00000000
1.61600000 0.00000000
1.61700000 0.00000000
1.61800000 0.00000000
1.61900000 0.00000000
1.62000000 0.00000000
1.62100000 0.00000000
1.62200000 0.00000000
1.62300000 0.00000000
1.62400000 0.00000000
1.62500000 0.00000000
1.62600000 0.00000000
1.62700000 0.00000000
1.62800000 0.00000000
1.62900000 0.00000000
1.63000000 0.00000000
1.63100000 0.00000000
1.63200000 0.00000000
1.63300000 0.00000000
1.63400000 0.00000000
1.63500000 0.00000000
1.63600000 0.00000000
1.63700000 0.00000000
1.63800000 0.00000000
1.63900000 0.00000000
1.64000000 0.00000000
1.64100000 0.00000000
1.64200000 0.00000000
1.64300000 0.00000000
1.64400000 0.00000000
1.64500000 0.00000000
1.64600000 0.00000000
1.64700000 0.00000000
1.64800000 0.00000000
1.64900000 0.00000000
1.65000000 0.00000000
1.65100000 0.00000000
1.65200000 0.00000000
1.65300000 0.00000000
1.65400000 0.00000000
1.65500000 0.00000000
1.65600000 0.00000000
1.65700000 0.00000000
1.65800000 0.00000000
1.65900000 0.00000000
1.66000000 0.00000000
1.66100000 0.00000000
1.66200000 0.00000000
1.66300000 0.00000000
1.66400000 0.00000000
1.66500000 0.00000000
1.66600000 0.00000000
1.66700000 0.00000000
1.66800000 0.00000000
1.66900000 0.00000000
1.67000000 0.00000000
1.67100000 0.00000000
1.67200000 0.00000000
1.67300000 0.00000000
1.67400000 0.00000000
1.67500000 0.00000000
1.67600000 0.00000000
1.67700000 0.00000000
1.67800000 0.00000000
1.67900000 0.00000000
1.68000000 0.00000000
1.68100000 0.00000000
1.68200000 0.00000000
1.68300000 0.00000000
1.68400000 0.00000000
1.68500000 0.00000000
1.68600000 0.00000000
1.68700000 0.00000000
1.68800000 0.00000000
1.68900000 0.00000000
1.69000000 0.00000000
1.69100000 0.00000000
1.69200000 0.00000000
1.69300000 0.00000000
1.69400000 0.00000000
1.69500000 0.00000000
1.69600000 0.00000000
1.69700000 0.00000000
1.69800000 0.00000000
1.69900000 0.00000000
1.70000000 0.00000000
1.70100000 0.00000000
1.70200000 0.00000000
1.70300000 0.00000000
1.70400000 0.00000000
1.70500000 0.00000000
1.70600000 0.00000000
1.70700000 0.00000000
1.70800000 0.00000000
1.70900000 0.00000000
1.71000000 0.00000000
1.71100000 0.00000000
1.71200000 0.00000000
1.71300000 0.00000000
1.71400000 0.00000000
1.71500000 0.00000000
1.71600000 0.00000000
1.71700000 0.00000000
1.71800000 0.00000000
1.71900000 0.00000000
1.72000000 0.00000000
1.72100000 0.00000000
1.72200000 0.00000000
1.72300000 0.00000000
1.72400000 0.00000000
1.72500000 0.00000000
1.72600000 0.00000000
1.72700000 0.00000000
1.72800000 0.00000000
1.72900000 0.00000000
1.73000000 0.00000000
1.73100000 0.00000000
1.73200000 0.00000000
1.73300000 0.00000000
1.73400000 0.00000000
1.73500000 0.00000000
1.73600000 0.00000000
1.73700000 0.00000000
1.73800000 0.00000000
1.73900000 0.00000000
1.74000000 0.00000000
1.74100000 0.00000000
1.74200000 0.00000000
1.74300000 0.00000000
1.74400000 0.00000000
1.74500000 0.00000000
1.74600000 0.00000000
1.74700000 0.00000000
1.74800000 0.00000000
1.74900000 0.00000000
1.75000000 0.00000000
1.75100000 0.00000000
1.75200000 0.00000000
1.75300000 0.00000000
1.75400000 0.00000000
1.75500000 0.00000000
1.75600000 0.00000000
1.75700000 0.00000000
1.75800000 0.00000000
1.75900000 0.00000000
1.76000000 0.00000000
1.76100000 0.00000000
1.76200000 0.00000000
1.76300000 0.00000000
1.76400000 0.00000000
1.76500000 0.00000000
1.76600000 0.00000000
1.76700000 0.00000000
1.76800000 0.00000000
1.76900000 0.00000000
1.77000000 0.00000000
1.77100000 0.00000000
1.77200000 0.00000000
1.77300000 0.00000000
1.77400000 0.00000000
1.77500000 0.00000000
1.77600000 0.00000000
1.77700000 0.00000000
1.77800000 0.00000000
1.77900000 0.00000000
1.78000000 0.00000000
1.78100000 0.00000000
1.78200000 0.00000000
1.78300000 0.00000000
1.78400000 0.00000000
1.78500000 0.00000000
1.78600000 0.00000000
1.78700000 0.00000000
1.78800000 0.00000000
1.78900000 0.00000000
1.79000000 0.00000000
1.79100000 0.00000000
1.79200000 0.00000000
1.79300000 0.00000000
1.79400000 0.00000000
1.79500000 0.00000000
1.79600000 0.00000000
1.79700000 0.00000000
1.79800000 0.00000000
1.79900000 0.00000000
1.80000000 0.00000000
1.80100000 0.00000000
1.80200000 0.00000000
1.80300000 0.00000000
1.80400000 0.00000000
1.80500000 0.00000000
1.80600000 0.00000000
1.80700000 0.00000000
1.80800000 0.00000000
1.80900000 0.00000000
1.81000000 0.00000000
1.81100000 0.00000000
1.81200000 0.00000000
1.81300000 0.00000000
1.81400000 0.00000000
1.81500000 0.00000000
1.81600000 0.00000000
1.81700000 0.00000000
1.81800000 0.00000000
1.81900000 0.00000000
1.82000000 0.00000000
1.82100000 0.00000000
1.82200000 0.00000000
1.82300000 0.00000000
1.82400000 0.00000000
1.82500000 0.00000000
1.82600000 0.00000000
1.82700000 0.00000000
1.82800000 0.00000000
1.82900000 0.00000000
1.83000000 0.00000000
1.83100000 0.00000000
1.83200000 0.00000000
1.83300000 0.00000000
1.83400000 0.00000000
1.83500000 0.00000000
1.83600000 0.00000000
1.83700000 0.00000000
1.83800000 0.00000000
1.83900000 0.00000000
1.84000000 0.00000000
1.84100000 0.00000000
1.84200000 0.00000000
1.84300000 0.00000000
1.84400000 0.00000000
1.84500000 0.00000000
1.84600000 0.00000000
1.84700000 0.00000000
1.84800000 0.00000000
1.84900000 0.00000000
1.85000000 0.00000000
1.85100000 0.00000000
1.85200000 0.00000000
1.85300000 0.00000000
1.85400000 0.00000000
1.85500000 0.00000000
1.85600000 0.00000000
1.85700000 0.00000000
1.85800000 0.00000000
1.85900000 0.00000000
1.86000000 0.00000000
1.86100000 0.00000000
1.86200000 0.00000000
1.86300000 0.00000000
1.86400000 0.00000000
1.86500000 0.00000000
1.86600000 0.00000000
1.86700000 0.00000000
1.86800000 0.00000000
1.86900000 0.00000000
1.87000000 0.00000000
1.87100000 0.00000000
1.87200000 0.00000000
1.87300000 0.00000000
1.87400000 0.00000000
1.87500000 0.00000000
1.87600000 0.00000000
1.87700000 0.00000000
1.87800000 0.00000000
1.87900000 0.00000000
1.88000000 0.00000000
1.88100000 0.00000000
1.88200000 0.00000000
1.88300000 0.00000000
1.88400000 0.00000000
1.88500000 0.00000000
1.88600000 0.00000000
1.88700000 0.00000000
1.88800000 0.00000000
1.88900000 0.00000000
1.89000000 0.00000000
1.89100000 0.00000000
1.89200000 0.00000000
1.89300000 0.00000000
1.89400000 0.00000000
1.89500000 0.00000000
1.89600000 0.00000000
1.89700000 0.00000000
1.89800000 0.00000000
1.89900000 0.00000000
1.90000000 0.00000000
1.90100000 0.00000000
1.90200000 0.00000000
1.90300000 0.00000000
1.90400000 0.00000000
1.90500000 0.00000000
1.90600000 0.00000000
1.90700000 0.00000000
1.90800000 0.00000000
1.90900000 0.00000000
1.91000000 0.00000000
1.91100000 0.00000000
1.91200000 0.00000000
1.91300000 0.00000000
1.91400000 0.00000000
1.91500000 0.00000000
1.91600000 0.00000000
1.91700000 0.00000000
1.91800000 0.00000000
1.91900000 0.00000000
1.92000000 0.00000000
1.92100000 0.00000000
1.92200000 0.00000000
1.92300000 0.00000000
1.92400000 0.00000000
1.92500000 0.00000000
1.92600000 0.00000000
1.92700000 0.00000000
1.92800000 0.00000000
1.92900000 0.00000000
1.93000000 0.00000000
1.93100000 0.00000000
1.93200000 0.00000000
1.93300000 0.00000000
1.93400000 0.00000000
1.93500000 0.00000000
1.93600000 0.00000000
1.93700000 0.00000000
1.93800000 0.00000000
1.93900000 0.00000000
1.94000000 0.00000000
1.94100000 0.00000000
1.94200000 0.00000000
1.94300000 0.00000000
1.94400000 0.00000000
1.94500000 0.00000000
1.94600000 0.00000000
1.94700000 0.00000000
1.94800000 0.00000000
1.94900000 0.00000000
1.95000000 0.00000000
1.95100000 0.00000000
1.95200000 0.00000000
1.95300000 0.00000000
1.95400000 0.00000000
1.95500000 0.00000000
1.95600000 0.00000000
1.95700000 0.00000000
1.95800000 0.00000000
1.95900000 0.00000000
1.96000000 0.00000000
1.96100000 0.00000000
1.96200000 0.00000000
1.96300000 0.00000000
1.96400000 0.00000000
1.96500000 0.00000000
1.96600000 0.00000000
1.96700000 0.00000000
1.96800000 0.00000000
1.96900000 0.00000000
1.97000000 0.00000000
1.97100000 0.00000000
1.97200000 0.00000000
1.97300000 0.00000000
1.97400000 0.00000000
1.97500000 0.00000000
1.97600000 0.00000000
1.97700000 0.00000000
1.97800000 0.00000000
1.97900000 0.00000000
1.98000000 0.00000000
1.98100000 0.00000000
1.98200000 0.00000000
1.98300000 0.00000000
1.98400000 0.00000000
1.98500000 0.00000000
1.98600000 0.00000000
1.98700000 0.00000000
1.98800000 0.00000000
1.98900000 0.00000000
1.99000000 0.00000000
1.99100000 0.00000000
1.99200000 0.00000000
1.99300000 0.00000000
1.99400000 0.00000000
1.99500000 0.00000000
1.99600000 0.00000000
1.99700000 0.00000000
1.99800000 0.00000000
1.99900000 0.00000000
2.00000000 0.00000000
