0.10000000 1659478182.88015556
0.10100000 1472696536.69501710
0.10200000 1308476123.86400509
0.10300000 1163909424.50050402
0.10400000 1036486688.47005975
0.10500000 924038418.77522075
0.10600000 824686611.71813023
0.10700000 736803354.84863925
0.10800000 658975617.53499365
0.10900000 589975262.04553545
0.11000000 528733462.70518261
0.11100000 474318852.99618095
0.11200000 425918830.29252458
0.11300000 382823539.23002720
0.11400000 344412130.76666236
0.11500000 310140957.43578875
0.11600000 279533418.31358534
0.11700000 252171211.59669691
0.11800000 227686789.88443497
0.11900000 205756844.49064761
0.12000000 186096671.37072614
0.12100000 168455293.36315140
0.12200000 152611232.09451777
0.12300000 138368838.64751863
0.12400000 125555105.41243336
0.12500000 114016892.82465522
0.12600000 103618514.25898497
0.12700000 94239630.47704263
0.12800000 85773411.93388201
0.12900000 78124933.13333142
0.13000000 71209768.23760082
0.13100000 64952761.41858262
0.13200000 59286949.09802259
0.13300000 54152614.35557482
0.13400000 49496456.46705879
0.13500000 45270860.83697747
0.13600000 41433256.56609724
0.13700000 37945550.59447636
0.13800000 34773628.82327732
0.13900000 31886915.87936155
0.14000000 29257986.27421091
0.14100000 26862220.64793760
0.14200000 24677501.60113092
0.14300000 22683944.32001951
0.14400000 20863657.80923367
0.14500000 19200533.07442718
0.14600000 17680055.05535598
0.14700000 16289135.50829155
0.14800000 15015964.38308005
0.14900000 13849877.54178351
0.15000000 12781238.92870387
0.15100000 11801335.53088987
0.15200000 10902283.66843305
0.15300000 10076945.32882296
0.15400000 9318853.41267444
0.15500000 8622144.89212678
0.15600000 7981501.00062151
0.15700000 7392093.67573411
0.15800000 6849537.56711707
0.15900000 6349847.00101350
0.16000000 5889397.36261423
0.16100000 5464890.41896503
0.16200000 5073323.15923413
0.16300000 4711959.77683698
0.16400000 4378306.45997845
0.16500000 4070088.69430615
0.16600000 3785230.81417390
0.16700000 3521837.56801892
0.16800000 3278177.48902010
0.16900000 3052667.88492825
0.17000000 2843861.28109581
0.17100000 2650433.16858876
0.17200000 2471170.92510928
0.17300000 2304963.79052821
0.17400000 2150793.79133063
0.17500000 2007727.51939763
0.17600000 1874908.68044183
0.17700000 1751551.33622577
0.17800000 1636933.77254372
0.17900000 1530392.93194814
0.18000000 1431319.35644869
0.18100000 1339152.59098841
0.18200000 1253377.00348463
0.18300000 1173517.98167558
0.18400000 1099138.47099875
0.18500000 1029835.82129253
0.18600000 965238.91330714
0.18700000 905005.53887292
0.18800000 848820.01114065
0.18900000 796390.98361161
0.19000000 747449.45874218
0.19100000 701746.96876500
0.19200000 659053.91303788
0.19300000 619158.03773245
0.19400000 581863.04502524
0.19500000 546987.32017003
0.19600000 514362.76592517
0.19700000 483833.73479730
0.19800000 455256.05045268
0.19900000 428496.11045073
0.20000000 403430.06317947
0.20100000 379943.05252726
0.20200000 357928.52441726
0.20300000 337287.58986571
0.20400000 317928.43970953
0.20500000 299765.80658640
0.20600000 282720.47014731
0.20700000 266718.80184076
0.20800000 251692.34593358
0.20900000 237577.43372843
0.21000000 224314.82820618
0.21100000 211849.39656438
0.21200000 200129.80834397
0.21300000 189108.25703690
0.21400000 178740.20324965
0.21500000 168984.13766368
0.21600000 159801.36218429
0.21700000 151155.78780710
0.21800000 143013.74785600
0.21900000 135343.82536058
0.22000000 128116.69344452
0.22100000 121304.96769150
0.22200000 114883.06954091
0.22300000 108827.09984497
0.22400000 103114.72179035
0.22500000 97725.05245314
0.22600000 92638.56231628
0.22700000 87836.98213282
0.22800000 83303.21656923
0.22900000 79021.26410809
0.23000000 74976.14273213
0.23100000 71153.82094949
0.23200000 67541.15375565
0.23300000 64125.82315935
0.23400000 60896.28292970
0.23500000 57841.70724850
0.23600000 54951.94297686
0.23700000 52217.46526775
0.23800000 49629.33627735
0.23900000 47179.16674695
0.24000000 44859.08024507
0.24100000 42661.67987555
0.24200000 40580.01727224
0.24300000 38607.56371475
0.24400000 36738.18321225
0.24500000 34966.10741387
0.24600000 33285.91221507
0.24700000 31692.49593900
0.24800000 30181.05898106
0.24900000 28747.08481328
0.25000000 27386.32225256
0.25100000 26094.76890418
0.25200000 24868.65569849
0.25300000 23704.43244450
0.25400000 22598.75433005
0.25500000 21548.46930293
0.25600000 20550.60627250
0.25700000 19602.36407545
0.25800000 18701.10115358
0.25900000 17844.32589500
0.26000000 17029.68759396
0.26100000 16254.96798741
0.26200000 15518.07332949
0.26300000 14817.02696794
0.26400000 14149.96238886
0.26500000 13515.11669863
0.26600000 12910.82451417
0.26700000 12335.51223425
0.26800000 11787.69266716
0.26900000 11265.95999102
0.27000000 10768.98502523
0.27100000 10295.51079271
0.27200000 9844.34835407
0.27300000 9414.37289614
0.27400000 9004.52005848
0.27500000 8613.78248261
0.27600000 8241.20656970
0.27700000 7885.88943344
0.27800000 7546.97603567
0.27900000 7223.65649328
0.28000000 6915.16354552
0.28100000 6620.77017159
0.28200000 6339.78734928
0.28300000 6071.56194562
0.28400000 5815.47473154
0.28500000 5570.93851271
0.28600000 5337.39636948
0.28700000 5114.31999912
0.28800000 4901.20815421
0.28900000 4697.58517109
0.29000000 4502.99958317
0.29100000 4317.02281367
0.29200000 4139.24794315
0.29300000 3969.28854730
0.29400000 3806.77760067
0.29500000 3651.36644254
0.29600000 3502.72380107
0.29700000 3360.53487237
0.29800000 3224.50045116
0.29900000 3094.33611002
0.30000000 2969.77142437
0.30100000 2850.54924036
0.30200000 2736.42498345
0.30300000 2627.16600491
0.30400000 2522.55096443
0.30500000 2422.36924644
0.30600000 2326.42040836
0.30700000 2234.51365887
0.30800000 2146.46736455
0.30900000 2062.10858312
0.31000000 1981.27262194
0.31100000 1903.80262021
0.31200000 1829.54915357
0.31300000 1758.36985981
0.31400000 1690.12908451
0.31500000 1624.69754559
0.31600000 1561.95201545
0.31700000 1501.77502003
0.31800000 1444.05455364
0.31900000 1388.68380875
0.32000000 1335.56091991
0.32100000 1284.58872104
0.32200000 1235.67451530
0.32300000 1188.72985692
0.32400000 1143.67034428
0.32500000 1100.41542363
0.32600000 1058.88820297
0.32700000 1019.01527532
0.32800000 980.72655115
0.32900000 943.95509928
0.33000000 908.63699582
0.33100000 874.71118081
0.33200000 842.11932207
0.33300000 810.80568590
0.33400000 780.71701424
0.33500000 751.80240803
0.33600000 724.01321634
0.33700000 697.30293102
0.33800000 671.62708657
0.33900000 646.94316498
0.34000000 623.21050528
0.34100000 600.39021743
0.34200000 578.44510056
0.34300000 557.33956516
0.34400000 537.03955901
0.34500000 517.51249678
0.34600000 498.72719301
0.34700000 480.65379835
0.34800000 463.26373883
0.34900000 446.52965808
0.35000000 430.42536234
0.35100000 414.92576804
0.35200000 400.00685193
0.35300000 385.64560357
0.35400000 371.81998002
0.35500000 358.50886279
0.35600000 345.69201666
0.35700000 333.35005060
0.35800000 321.46438037
0.35900000 310.01719300
0.36000000 298.99141284
0.36100000 288.37066924
0.36200000 278.13926566
0.36300000 268.28215031
0.36400000 258.78488807
0.36500000 249.63363371
0.36600000 240.81510637
0.36700000 232.31656518
0.36800000 224.12578600
0.36900000 216.23103924
0.37000000 208.62106865
0.37100000 201.28507110
0.37200000 194.21267727
0.37300000 187.39393319
0.37400000 180.81928263
0.37500000 174.47955027
0.37600000 168.36592565
0.37700000 162.46994776
0.37800000 156.78349043
0.37900000 151.29874827
0.38000000 146.00822325
0.38100000 140.90471195
0.38200000 135.98129325
0.38300000 131.23131667
0.38400000 126.64839113
0.38500000 122.22637429
0.38600000 117.95936230
0.38700000 113.84167996
0.38800000 109.86787142
0.38900000 106.03269117
0.39000000 102.33109549
0.39100000 98.75823422
0.39200000 95.30944293
0.39300000 91.98023538
0.39400000 88.76629634
0.39500000 85.66347469
0.39600000 82.66777684
0.39700000 79.77536040
0.39800000 76.98252812
0.39900000 74.28572212
0.40000000 71.68151835
0.40100000 69.16662123
0.40200000 66.73785859
0.40300000 64.39217679
0.40400000 62.12663605
0.40500000 59.93840593
0.40600000 57.82476108
0.40700000 55.78307710
0.40800000 53.81082660
0.40900000 51.90557541
0.41000000 50.06497896
0.41100000 48.28677880
0.41200000 46.56879926
0.41300000 44.90894423
0.41400000 43.30519415
0.41500000 41.75560300
0.41600000 40.25829549
0.41700000 38.81146439
0.41800000 37.41336788
0.41900000 36.06232708
0.42000000 34.75672364
0.42100000 33.49499746
0.42200000 32.27564444
0.42300000 31.09721444
0.42400000 29.95830915
0.42500000 28.85758020
0.42600000 27.79372727
0.42700000 26.76549628
0.42800000 25.77167767
0.42900000 24.81110470
0.43000000 23.88265193
0.43100000 22.98523361
0.43200000 22.11780224
0.43300000 21.27934716
0.43400000 20.46889315
0.43500000 19.68549919
0.43600000 18.92825712
0.43700000 18.19629051
0.43800000 17.48875344
0.43900000 16.80482941
0.44000000 16.14373026
0.44100000 15.50469513
0.44200000 14.88698949
0.44300000 14.28990417
0.44400000 13.71275442
0.44500000 13.15487906
0.44600000 12.61563963
0.44700000 12.09441954
0.44800000 11.59062330
0.44900000 11.10367580
0.45000000 10.63302150
0.45100000 10.17812381
0.45200000 9.73846438
0.45300000 9.31354243
0.45400000 8.90287417
0.45500000 8.50599216
0.45600000 8.12244477
0.45700000 7.75179557
0.45800000 7.39362283
0.45900000 7.04751902
0.46000000 6.71309025
0.46100000 6.38995584
0.46200000 6.07774786
0.46300000 5.77611066
0.46400000 5.48470043
0.46500000 5.20318485
0.46600000 4.93124262
0.46700000 4.66856311
0.46800000 4.41484600
0.46900000 4.16980092
0.47000000 3.93314706
0.47100000 3.70461292
0.47200000 3.48393593
0.47300000 3.27086216
0.47400000 3.06514604
0.47500000 2.86655004
0.47600000 2.67484445
0.47700000 2.48980704
0.47800000 2.31122287
0.47900000 2.13888400
0.48000000 1.97258930
0.48100000 1.81214415
0.48200000 1.65736028
0.48300000 1.50805555
0.48400000 1.36405369
0.48500000 1.22518417
0.48600000 1.09128196
0.48700000 0.96218740
0.48800000 0.83774593
0.48900000 0.71780801
0.49000000 0.60222891
0.49100000 0.49086854
0.49200000 0.38359134
0.49300000 0.28026607
0.49400000 0.18076571
0.49500000 0.08496732
0.49600000 -0.00724812
0.49700000 -0.09599583
0.49800000 -0.18138735
0.49900000 -0.26353064
0.50000000 -0.34253027
0.50100000 -0.41848742
0.50200000 -0.49150011
0.50300000 -0.56166320
0.50400000 -0.62906858
0.50500000 -0.69380519
0.50600000 -0.75595917
0.50700000 -0.81561395
0.50800000 -0.87285028
0.50900000 -0.92774640
0.51000000 -0.98037805
0.51100000 -1.03081860
0.51200000 -1.07913910
0.51300000 -1.12540836
0.51400000 -1.16969303
0.51500000 -1.21205765
0.51600000 -1.25256475
0.51700000 -1.29127489
0.51800000 -1.32824672
0.51900000 -1.36353706
0.52000000 -1.39720095
0.52100000 -1.42929170
0.52200000 -1.45986095
0.52300000 -1.48895872
0.52400000 -1.51663348
0.52500000 -1.54293218
0.52600000 -1.56790029
0.52700000 -1.59158188
0.52800000 -1.61401962
0.52900000 -1.63525488
0.53000000 -1.65532770
0.53100000 -1.67427691
0.53200000 -1.69214011
0.53300000 -1.70895372
0.53400000 -1.72475305
0.53500000 -1.73957229
0.53600000 -1.75344456
0.53700000 -1.76640198
0.53800000 -1.77847565
0.53900000 -1.78969568
0.54000000 -1.80009129
0.54100000 -1.80969076
0.54200000 -1.81852149
0.54300000 -1.82661004
0.54400000 -1.83398214
0.54500000 -1.84066270
0.54600000 -1.84667590
0.54700000 -1.85204511
0.54800000 -1.85679303
0.54900000 -1.86094160
0.55000000 -1.86451212
0.55100000 -1.86752520
0.55200000 -1.87000081
0.55300000 -1.87195832
0.55400000 -1.87341648
0.55500000 -1.87439344
0.55600000 -1.87490681
0.55700000 -1.87497364
0.55800000 -1.87461045
0.55900000 -1.87383323
0.56000000 -1.87265749
0.56100000 -1.87109824
0.56200000 -1.86917004
0.56300000 -1.86688697
0.56400000 -1.86426268
0.56500000 -1.86131038
0.56600000 -1.85804290
0.56700000 -1.85447262
0.56800000 -1.85061156
0.56900000 -1.84647136
0.57000000 -1.84206329
0.57100000 -1.83739825
0.57200000 -1.83248681
0.57300000 -1.82733921
0.57400000 -1.82196536
0.57500000 -1.81637485
0.57600000 -1.81057696
0.57700000 -1.80458071
0.57800000 -1.79839479
0.57900000 -1.79202763
0.58000000 -1.78548740
0.58100000 -1.77878199
0.58200000 -1.77191906
0.58300000 -1.76490600
0.58400000 -1.75774998
0.58500000 -1.75045793
0.58600000 -1.74303656
0.58700000 -1.73549236
0.58800000 -1.72783161
0.58900000 -1.72006039
0.59000000 -1.71218457
0.59100000 -1.70420984
0.59200000 -1.69614170
0.59300000 -1.68798548
0.59400000 -1.67974631
0.59500000 -1.67142918
0.59600000 -1.66303888
0.59700000 -1.65458008
0.59800000 -1.64605727
0.59900000 -1.63747478
0.60000000 -1.62883684
0.60100000 -1.62014748
0.60200000 -1.61141063
0.60300000 -1.60263009
0.60400000 -1.59380951
0.60500000 -1.58495242
0.60600000 -1.57606225
0.60700000 -1.56714229
0.60800000 -1.55819571
0.60900000 -1.54922560
0.61000000 -1.54023492
0.61100000 -1.53122652
0.61200000 -1.52220318
0.61300000 -1.51316755
0.61400000 -1.50412220
0.61500000 -1.49506962
0.61600000 -1.48601218
0.61700000 -1.47695219
0.61800000 -1.46789186
0.61900000 -1.45883335
0.62000000 -1.44977869
0.62100000 -1.44072988
0.62200000 -1.43168882
0.62300000 -1.42265735
0.62400000 -1.41363724
0.62500000 -1.40463019
0.62600000 -1.39563783
0.62700000 -1.38666174
0.62800000 -1.37770342
0.62900000 -1.36876432
0.63000000 -1.35984584
0.63100000 -1.35094932
0.63200000 -1.34207605
0.63300000 -1.33322724
0.63400000 -1.32440408
0.63500000 -1.31560771
0.63600000 -1.30683921
0.63700000 -1.29809961
0.63800000 -1.28938991
0.63900000 -1.28071106
0.64000000 -1.27206396
0.64100000 -1.26344949
0.64200000 -1.25486847
0.64300000 -1.24632168
0.64400000 -1.23780989
0.64500000 -1.22933380
0.64600000 -1.22089411
0.64700000 -1.21249146
0.64800000 -1.20412646
0.64900000 -1.19579970
0.65000000 -1.18751174
0.65100000 -1.17926310
0.65200000 -1.17105428
0.65300000 -1.16288574
0.65400000 -1.15475793
0.65500000 -1.14667126
0.65600000 -1.13862613
0.65700000 -1.13062290
0.65800000 -1.12266191
0.65900000 -1.11474350
0.66000000 -1.10686795
0.66100000 -1.09903555
0.66200000 -1.09124655
0.66300000 -1.08350119
0.66400000 -1.07579969
0.66500000 -1.06814226
0.66600000 -1.06052906
0.66700000 -1.05296028
0.66800000 -1.04543605
0.66900000 -1.03795652
0.67000000 -1.03052179
0.67100000 -1.02313198
0.67200000 -1.01578716
0.67300000 -1.00848741
0.67400000 -1.00123280
0.67500000 -0.99402337
0.67600000 -0.98685915
0.67700000 -0.97974017
0.67800000 -0.97266644
0.67900000 -0.96563795
0.68000000 -0.95865471
0.68100000 -0.95171668
0.68200000 -0.94482383
0.68300000 -0.93797613
0.68400000 -0.93117352
0.68500000 -0.92441594
0.68600000 -0.91770333
0.68700000 -0.91103561
0.68800000 -0.90441269
0.68900000 -0.89783448
0.69000000 -0.89130089
0.69100000 -0.88481180
0.69200000 -0.87836711
0.69300000 -0.87196669
0.69400000 -0.86561042
0.69500000 -0.85929816
0.69600000 -0.85302978
0.69700000 -0.84680513
0.69800000 -0.84062407
0.69900000 -0.83448643
0.70000000 -0.82839207
0.70100000 -0.82234082
0.70200000 -0.81633252
0.70300000 -0.81036698
0.70400000 -0.80444403
0.70500000 -0.79856350
0.70600000 -0.79272520
0.70700000 -0.78692895
0.70800000 -0.78117454
0.70900000 -0.77546180
0.71000000 -0.76979052
0.71100000 -0.76416051
0.71200000 -0.75857156
0.71300000 -0.75302347
0.71400000 -0.74751603
0.71500000 -0.74204904
0.71600000 -0.73662227
0.71700000 -0.73123553
0.71800000 -0.72588859
0.71900000 -0.72058124
0.72000000 -0.71531326
0.72100000 -0.71008443
0.72200000 -0.70489452
0.72300000 -0.69974332
0.72400000 -0.69463061
0.72500000 -0.68955615
0.72600000 -0.68451972
0.72700000 -0.67952109
0.72800000 -0.67456005
0.72900000 -0.66963635
0.73000000 -0.66474977
0.73100000 -0.65990008
0.73200000 -0.65508705
0.73300000 -0.65031045
0.73400000 -0.64557004
0.73500000 -0.64086561
0.73600000 -0.63619690
0.73700000 -0.63156371
0.73800000 -0.62696578
0.73900000 -0.62240289
0.74000000 -0.61787482
0.74100000 -0.61338131
0.74200000 -0.60892216
0.74300000 -0.60449712
0.74400000 -0.60010596
0.74500000 -0.59574845
0.74600000 -0.59142436
0.74700000 -0.58713347
0.74800000 -0.58287553
0.74900000 -0.57865033
0.75000000 -0.57445763
0.75100000 -0.57029720
0.75200000 -0.56616882
0.75300000 -0.56207227
0.75400000 -0.55800730
0.75500000 -0.55397370
0.75600000 -0.54997125
0.75700000 -0.54599971
0.75800000 -0.54205887
0.75900000 -0.53814850
0.76000000 -0.53426838
0.76100000 -0.53041829
0.76200000 -0.52659800
0.76300000 -0.52280730
0.76400000 -0.51904598
0.76500000 -0.51531380
0.76600000 -0.51161056
0.76700000 -0.50793605
0.76800000 -0.50429003
0.76900000 -0.50067231
0.77000000 -0.49708266
0.77100000 -0.49352089
0.77200000 -0.48998677
0.77300000 -0.48648009
0.77400000 -0.48300065
0.77500000 -0.47954825
0.77600000 -0.47612267
0.77700000 -0.47272370
0.77800000 -0.46935115
0.77900000 -0.46600482
0.78000000 -0.46268449
0.78100000 -0.45938997
0.78200000 -0.45612106
0.78300000 -0.45287757
0.78400000 -0.44965928
0.78500000 -0.44646602
0.78600000 -0.44329758
0.78700000 -0.44015376
0.78800000 -0.43703439
0.78900000 -0.43393925
0.79000000 -0.43086818
0.79100000 -0.42782097
0.79200000 -0.42479743
0.79300000 -0.42179739
0.79400000 -0.41882066
0.79500000 -0.41586705
0.79600000 -0.41293638
0.79700000 -0.41002846
0.79800000 -0.40714312
0.79900000 -0.40428018
0.80000000 -0.40143946
0.80100000 -0.39862079
0.80200000 -0.39582398
0.80300000 -0.39304886
0.80400000 -0.39029526
0.80500000 -0.38756301
0.80600000 -0.38485194
0.80700000 -0.38216187
0.80800000 -0.37949264
0.80900000 -0.37684408
0.81000000 -0.37421603
0.81100000 -0.37160832
0.81200000 -0.36902078
0.81300000 -0.36645326
0.81400000 -0.36390559
0.81500000 -0.36137762
0.81600000 -0.35886918
0.81700000 -0.35638011
0.81800000 -0.35391026
0.81900000 -0.35145948
0.82000000 -0.34902761
0.82100000 -0.34661450
0.82200000 -0.34421999
0.82300000 -0.34184393
0.82400000 -0.33948618
0.82500000 -0.33714659
0.82600000 -0.33482500
0.82700000 -0.33252127
0.82800000 -0.33023527
0.82900000 -0.32796683
0.83000000 -0.32571583
0.83100000 -0.32348212
0.83200000 -0.32126555
0.83300000 -0.31906599
0.83400000 -0.31688331
0.83500000 -0.31471735
0.83600000 -0.31256799
0.83700000 -0.31043509
0.83800000 -0.30831852
0.83900000 -0.30621814
0.84000000 -0.30413383
0.84100000 -0.30206544
0.84200000 -0.30001286
0.84300000 -0.29797594
0.84400000 -0.29595457
0.84500000 -0.29394862
0.84600000 -0.29195796
0.84700000 -0.28998246
0.84800000 -0.28802201
0.84900000 -0.28607648
0.85000000 -0.28414574
0.85100000 -0.28222969
0.85200000 -0.28032818
0.85300000 -0.27844112
0.85400000 -0.27656838
0.85500000 -0.27470984
0.85600000 -0.27286539
0.85700000 -0.27103491
0.85800000 -0.26921829
0.85900000 -0.26741541
0.86000000 -0.26562617
0.86100000 -0.26385044
0.86200000 -0.26208813
0.86300000 -0.26033912
0.86400000 -0.25860331
0.86500000 -0.25688057
0.86600000 -0.25517082
0.86700000 -0.25347394
0.86800000 -0.25178983
0.86900000 -0.25011838
0.87000000 -0.24845949
0.87100000 -0.24681305
0.87200000 -0.24517898
0.87300000 -0.24355716
0.87400000 -0.24194749
0.87500000 -0.24034988
0.87600000 -0.23876423
0.87700000 -0.23719044
0.87800000 -0.23562842
0.87900000 -0.23407806
0.88000000 -0.23253927
0.88100000 -0.23101197
0.88200000 -0.22949605
0.88300000 -0.22799142
0.88400000 -0.22649800
0.88500000 -0.22501568
0.88600000 -0.22354439
0.88700000 -0.22208403
0.88800000 -0.22063450
0.88900000 -0.21919573
0.89000000 -0.21776763
0.89100000 -0.21635011
0.89200000 -0.21494308
0.89300000 -0.21354646
0.89400000 -0.21216017
0.89500000 -0.21078411
0.89600000 -0.20941822
0.89700000 -0.20806240
0.89800000 -0.20671657
0.89900000 -0.20538066
0.90000000 -0.20405458
0.90100000 -0.20273825
0.90200000 -0.20143160
0.90300000 -0.20013455
0.90400000 -0.19884701
0.90500000 -0.19756892
0.90600000 -0.19630019
0.90700000 -0.19504075
0.90800000 -0.19379053
0.90900000 -0.19254945
0.91000000 -0.19131744
0.91100000 -0.19009443
0.91200000 -0.18888033
0.91300000 -0.18767509
0.91400000 -0.18647863
0.91500000 -0.18529087
0.91600000 -0.18411176
0.91700000 -0.18294121
0.91800000 -0.18177917
0.91900000 -0.18062556
0.92000000 -0.17948031
0.92100000 -0.17834337
0.92200000 -0.17721465
0.92300000 -0.17609410
0.92400000 -0.17498165
0.92500000 -0.17387724
0.92600000 -0.17278080
0.92700000 -0.17169226
0.92800000 -0.17061157
0.92900000 -0.16953867
0.93000000 -0.16847348
0.93100000 -0.16741595
0.93200000 -0.16636602
0.93300000 -0.16532363
0.93400000 -0.16428871
0.93500000 -0.16326121
0.93600000 -0.16224107
0.93700000 -0.16122823
0.93800000 -0.16022264
0.93900000 -0.15922422
0.94000000 -0.15823294
0.94100000 -0.15724873
0.94200000 -0.15627153
0.94300000 -0.15530129
0.94400000 -0.15433796
0.94500000 -0.15338147
0.94600000 -0.15243179
0.94700000 -0.15148884
0.94800000 -0.15055259
0.94900000 -0.14962297
0.95000000 -0.14869993
0.95100000 -0.14778343
0.95200000 -0.14687341
0.95300000 -0.14596982
0.95400000 -0.14507261
0.95500000 -0.14418172
0.95600000 -0.14329712
0.95700000 -0.14241874
0.95800000 -0.14154655
0.95900000 -0.14068049
0.96000000 -0.13982051
0.96100000 -0.13896657
0.96200000 -0.13811863
0.96300000 -0.13727662
0.96400000 -0.13644051
0.96500000 -0.13561025
0.96600000 -0.13478580
0.96700000 -0.13396710
0.96800000 -0.13315412
0.96900000 -0.13234681
0.97000000 -0.13154513
0.97100000 -0.13074902
0.97200000 -0.12995846
0.97300000 -0.12917339
0.97400000 -0.12839378
0.97500000 -0.12761957
0.97600000 -0.12685074
0.97700000 -0.12608723
0.97800000 -0.12532901
0.97900000 -0.12457603
0.98000000 -0.12382826
0.98100000 -0.12308565
0.98200000 -0.12234817
0.98300000 -0.12161577
0.98400000 -0.12088841
0.98500000 -0.12016607
0.98600000 -0.11944869
0.98700000 -0.11873624
0.98800000 -0.11802868
0.98900000 -0.11732598
0.99000000 -0.11662809
0.99100000 -0.11593499
0.99200000 -0.11524662
0.99300000 -0.11456297
0.99400000 -0.11388399
0.99500000 -0.11320964
0.99600000 -0.11253989
0.99700000 -0.11187470
0.99800000 -0.11121405
0.99900000 -0.11055789
1.00000000 -0.10990619
1.00100000 -0.10925892
1.00200000 -0.10861604
1.00300000 -0.10797752
1.00400000 -0.10734333
1.00500000 -0.10671343
1.00600000 -0.10608779
1.00700000 -0.10546638
1.00800000 -0.10484917
1.00900000 -0.10423612
1.01000000 -0.10362721
1.01100000 -0.10302240
1.01200000 -0.10242166
1.01300000 -0.10182496
1.01400000 -0.10123226
1.01500000 -0.10064355
1.01600000 -0.10005879
1.01700000 -0.09947795
1.01800000 -0.09890100
1.01900000 -0.09832790
1.02000000 -0.09775864
1.02100000 -0.09719319
1.02200000 -0.09663151
1.02300000 -0.09607357
1.02400000 -0.09551935
1.02500000 -0.09496882
1.02600000 -0.09442196
1.02700000 -0.09387873
1.02800000 -0.09333911
1.02900000 -0.09280307
1.03000000 -0.09227058
1.03100000 -0.09174162
1.03200000 -0.09121617
1.03300000 -0.09069418
1.03400000 -0.09017565
1.03500000 -0.08966054
1.03600000 -0.08914884
1.03700000 -0.08864050
1.03800000 -0.08813551
1.03900000 -0.08763385
1.04000000 -0.08713548
1.04100000 -0.08664039
1.04200000 -0.08614855
1.04300000 -0.08565993
1.04400000 -0.08517452
1.04500000 -0.08469229
1.04600000 -0.08421321
1.04700000 -0.08373726
1.04800000 -0.08326442
1.04900000 -0.08279467
1.05000000 -0.08232798
1.05100000 -0.08186433
1.05200000 -0.08140370
1.05300000 -0.08094607
1.05400000 -0.08049141
1.05500000 -0.08003970
1.05600000 -0.07959093
1.05700000 -0.07914506
1.05800000 -0.07870208
1.05900000 -0.07826197
1.06000000 -0.07782471
1.06100000 -0.07739027
1.06200000 -0.07695863
1.06300000 -0.07652978
1.06400000 -0.07610370
1.06500000 -0.07568035
1.06600000 -0.07525974
1.06700000 -0.07484182
1.06800000 -0.07442659
1.06900000 -0.07401403
1.07000000 -0.07360411
1.07100000 -0.07319682
1.07200000 -0.07279214
1.07300000 -0.07239004
1.07400000 -0.07199052
1.07500000 -0.07159355
1.07600000 -0.07119911
1.07700000 -0.07080718
1.07800000 -0.07041776
1.07900000 -0.07003081
1.08000000 -0.06964632
1.08100000 -0.06926428
1.08200000 -0.06888466
1.08300000 -0.06850745
1.08400000 -0.06813263
1.08500000 -0.06776019
1.08600000 -0.06739010
1.08700000 -0.06702235
1.08800000 -0.06665693
1.08900000 -0.06629381
1.09000000 -0.06593299
1.09100000 -0.06557444
1.09200000 -0.06521814
1.09300000 -0.06486409
1.09400000 -0.06451226
1.09500000 -0.06416265
1.09600000 -0.06381523
1.09700000 -0.06346999
1.09800000 -0.06312691
1.09900000 -0.06278598
1.10000000 -0.06244718
1.10100000 -0.06211050
1.10200000 -0.06177592
1.10300000 -0.06144343
1.10400000 -0.06111301
1.10500000 -0.06078466
1.10600000 -0.06045834
1.10700000 -0.06013406
1.10800000 -0.05981179
1.10900000 -0.05949152
1.11000000 -0.05917324
1.11100000 -0.05885694
1.11200000 -0.05854259
1.11300000 -0.05823019
1.11400000 -0.05791972
1.11500000 -0.05761117
1.11600000 -0.05730452
1.11700000 -0.05699976
1.11800000 -0.05669689
1.11900000 -0.05639588
1.12000000 -0.05609672
1.12100000 -0.05579940
1.12200000 -0.05550391
1.12300000 -0.05521023
1.12400000 -0.05491836
1.12500000 -0.05462827
1.12600000 -0.05433996
1.12700000 -0.05405341
1.12800000 -0.05376862
1.12900000 -0.05348556
1.13000000 -0.05320423
1.13100000 -0.05292462
1.13200000 -0.05264671
1.13300000 -0.05237050
1.13400000 -0.05209596
1.13500000 -0.05182310
1.13600000 -0.05155189
1.13700000 -0.05128233
1.13800000 -0.05101440
1.13900000 -0.05074810
1.14000000 -0.05048341
1.14100000 -0.05022031
1.14200000 -0.04995881
1.14300000 -0.04969889
1.14400000 -0.04944054
1.14500000 -0.04918375
1.14600000 -0.04892850
1.14700000 -0.04867479
1.14800000 -0.04842261
1.14900000 -0.04817194
1.15000000 -0.04792278
1.15100000 -0.04767511
1.15200000 -0.04742893
1.15300000 -0.04718422
1.15400000 -0.04694098
1.15500000 -0.04669919
1.15600000 -0.04645885
1.15700000 -0.04621994
1.15800000 -0.04598246
1.15900000 -0.04574639
1.16000000 -0.04551173
1.16100000 -0.04527847
1.16200000 -0.04504659
1.16300000 -0.04481610
1.16400000 -0.04458697
1.16500000 -0.04435920
1.16600000 -0.04413278
1.16700000 -0.04390770
1.16800000 -0.04368396
1.16900000 -0.04346154
1.17000000 -0.04324043
1.17100000 -0.04302063
1.17200000 -0.04280213
1.17300000 -0.04258491
1.17400000 -0.04236897
1.17500000 -0.04215431
1.17600000 -0.04194091
1.17700000 -0.04172876
1.17800000 -0.04151786
1.17900000 -0.04130819
1.18000000 -0.04109976
1.18100000 -0.04089254
1.18200000 -0.04068654
1.18300000 -0.04048174
1.18400000 -0.04027814
1.18500000 -0.04007573
1.18600000 -0.03987450
1.18700000 -0.03967444
1.18800000 -0.03947555
1.18900000 -0.03927782
1.19000000 -0.03908124
1.19100000 -0.03888580
1.19200000 -0.03869149
1.19300000 -0.03849831
1.19400000 -0.03830625
1.19500000 -0.03811531
1.19600000 -0.03792547
1.19700000 -0.03773673
1.19800000 -0.03754908
1.19900000 -0.03736251
1.20000000 -0.03717702
1.20100000 -0.03699260
1.20200000 -0.03680924
1.20300000 -0.03662694
1.20400000 -0.03644568
1.20500000 -0.03626547
1.20600000 -0.03608630
1.20700000 -0.03590815
1.20800000 -0.03573102
1.20900000 -0.03555491
1.21000000 -0.03537980
1.21100000 -0.03520570
1.21200000 -0.03503260
1.21300000 -0.03486048
1.21400000 -0.03468934
1.21500000 -0.03451918
1.21600000 -0.03435000
1.21700000 -0.03418177
1.21800000 -0.03401450
1.21900000 -0.03384818
1.22000000 -0.03368281
1.22100000 -0.03351838
1.22200000 -0.03335487
1.22300000 -0.03319230
1.22400000 -0.03303065
1.22500000 -0.03286991
1.22600000 -0.03271008
1.22700000 -0.03255115
1.22800000 -0.03239312
1.22900000 -0.03223598
1.23000000 -0.03207973
1.23100000 -0.03192436
1.23200000 -0.03176986
1.23300000 -0.03161623
1.23400000 -0.03146347
1.23500000 -0.03131156
1.23600000 -0.03116050
1.23700000 -0.03101029
1.23800000 -0.03086093
1.23900000 -0.03071240
1.24000000 -0.03056470
1.24100000 -0.03041782
1.24200000 -0.03027177
1.24300000 -0.03012653
1.24400000 -0.02998210
1.24500000 -0.02983848
1.24600000 -0.02969565
1.24700000 -0.02955362
1.24800000 -0.02941238
1.24900000 -0.02927193
1.25000000 -0.02913225
1.25100000 -0.02899335
1.25200000 -0.02885522
1.25300000 -0.02871786
1.25400000 -0.02858125
1.25500000 -0.02844540
1.25600000 -0.02831030
1.25700000 -0.02817595
1.25800000 -0.02804233
1.25900000 -0.02790946
1.26000000 -0.02777731
1.26100000 -0.02764590
1.26200000 -0.02751520
1.26300000 -0.02738523
1.26400000 -0.02725597
1.26500000 -0.02712742
1.26600000 -0.02699957
1.26700000 -0.02687242
1.26800000 -0.02674597
1.26900000 -0.02662021
1.27000000 -0.02649514
1.27100000 -0.02637075
1.27200000 -0.02624705
1.27300000 -0.02612401
1.27400000 -0.02600165
1.27500000 -0.02587995
1.27600000 -0.02575892
1.27700000 -0.02563854
1.27800000 -0.02551882
1.27900000 -0.02539975
1.28000000 -0.02528132
1.28100000 -0.02516354
1.28200000 -0.02504639
1.28300000 -0.02492988
1.28400000 -0.02481400
1.28500000 -0.02469875
1.28600000 -0.02458411
1.28700000 -0.02447010
1.28800000 -0.02435670
1.28900000 -0.02424392
1.29000000 -0.02413174
1.29100000 -0.02402016
1.29200000 -0.02390918
1.29300000 -0.02379881
1.29400000 -0.02368902
1.29500000 -0.02357982
1.29600000 -0.02347121
1.29700000 -0.02336318
1.29800000 -0.02325573
1.29900000 -0.02314885
1.30000000 -0.02304254
1.30100000 -0.02293680
1.30200000 -0.02283163
1.30300000 -0.02272702
1.30400000 -0.02262296
1.30500000 -0.02251946
1.30600000 -0.02241651
1.30700000 -0.02231411
1.30800000 -0.02221225
1.30900000 -0.02211093
1.31000000 -0.02201015
1.31100000 -0.02190991
1.31200000 -0.02181019
1.31300000 -0.02171101
1.31400000 -0.02161234
1.31500000 -0.02151420
1.31600000 -0.02141658
1.31700000 -0.02131948
1.31800000 -0.02122288
1.31900000 -0.02112680
1.32000000 -0.02103122
1.32100000 -0.02093614
1.32200000 -0.02084157
1.32300000 -0.02074749
1.32400000 -0.02065390
1.32500000 -0.02056081
1.32600000 -0.02046820
1.32700000 -0.02037608
1.32800000 -0.02028445
1.32900000 -0.02019329
1.33000000 -0.02010261
1.33100000 -0.02001240
1.33200000 -0.01992266
1.33300000 -0.01983339
1.33400000 -0.01974459
1.33500000 -0.01965625
1.33600000 -0.01956837
1.33700000 -0.01948095
1.33800000 -0.01939398
1.33900000 -0.01930746
1.34000000 -0.01922139
1.34100000 -0.01913577
1.34200000 -0.01905059
1.34300000 -0.01896586
1.34400000 -0.01888156
1.34500000 -0.01879770
1.34600000 -0.01871427
1.34700000 -0.01863127
1.34800000 -0.01854870
1.34900000 -0.01846656
1.35000000 -0.01838484
1.35100000 -0.01830354
1.35200000 -0.01822266
1.35300000 -0.01814220
1.35400000 -0.01806214
1.35500000 -0.01798250
1.35600000 -0.01790327
1.35700000 -0.01782445
1.35800000 -0.01774603
1.35900000 -0.01766801
1.36000000 -0.01759039
1.36100000 -0.01751316
1.36200000 -0.01743633
1.36300000 -0.01735990
1.36400000 -0.01728385
1.36500000 -0.01720819
1.36600000 -0.01713292
1.36700000 -0.01705803
1.36800000 -0.01698352
1.36900000 -0.01690939
1.37000000 -0.01683563
1.37100000 -0.01676225
1.37200000 -0.01668924
1.37300000 -0.01661661
1.37400000 -0.01654434
1.37500000 -0.01647244
1.37600000 -0.01640090
1.37700000 -0.01632972
1.37800000 -0.01625890
1.37900000 -0.01618844
1.38000000 -0.01611833
1.38100000 -0.01604858
1.38200000 -0.01597918
1.38300000 -0.01591013
1.38400000 -0.01584142
1.38500000 -0.01577307
1.38600000 -0.01570505
1.38700000 -0.01563738
1.38800000 -0.01557004
1.38900000 -0.01550305
1.39000000 -0.01543638
1.39100000 -0.01537006
1.39200000 -0.01530406
1.39300000 -0.01523839
1.39400000 -0.01517306
1.39500000 -0.01510804
1.39600000 -0.01504336
1.39700000 -0.01497899
1.39800000 -0.01491495
1.39900000 -0.01485122
1.40000000 -0.01478781
1.40100000 -0.01472472
1.40200000 -0.01466194
1.40300000 -0.01459947
1.40400000 -0.01453731
1.40500000 -0.01447546
1.40600000 -0.01441392
1.40700000 -0.01435268
1.40800000 -0.01429174
1.40900000 -0.01423111
1.41000000 -0.01417077
1.41100000 -0.01411073
1.41200000 -0.01405099
1.41300000 -0.01399154
1.41400000 -0.01393239
1.41500000 -0.01387352
1.41600000 -0.01381495
1.41700000 -0.01375666
1.41800000 -0.01369866
1.41900000 -0.01364095
1.42000000 -0.01358352
1.42100000 -0.01352637
1.42200000 -0.01346950
1.42300000 -0.01341290
1.42400000 -0.01335659
1.42500000 -0.01330055
1.42600000 -0.01324478
1.42700000 -0.01318929
1.42800000 -0.01313407
1.42900000 -0.01307911
1.43000000 -0.01302443
1.43100000 -0.01297001
1.43200000 -0.01291585
1.43300000 -0.01286196
1.43400000 -0.01280833
1.43500000 -0.01275496
1.43600000 -0.01270185
1.43700000 -0.01264900
1.43800000 -0.01259640
1.43900000 -0.01254406
1.44000000 -0.01249197
1.44100000 -0.01244013
1.44200000 -0.01238854
1.44300000 -0.01233721
1.44400000 -0.01228612
1.44500000 -0.01223527
1.44600000 -0.01218468
1.44700000 -0.01213432
1.44800000 -0.01208421
1.44900000 -0.01203434
1.45000000 -0.01198470
1.45100000 -0.01193531
1.45200000 -0.01188615
1.45300000 -0.01183723
1.45400000 -0.01178855
1.45500000 -0.01174010
1.45600000 -0.01169187
1.45700000 -0.01164388
1.45800000 -0.01159612
1.45900000 -0.01154859
1.46000000 -0.01150128
1.46100000 -0.01145420
1.46200000 -0.01140735
1.46300000 -0.01136072
1.46400000 -0.01131431
1.46500000 -0.01126812
1.46600000 -0.01122215
1.46700000 -0.01117639
1.46800000 -0.01113086
1.46900000 -0.01108554
1.47000000 -0.01104044
1.47100000 -0.01099555
1.47200000 -0.01095087
1.47300000 -0.01090640
1.47400000 -0.01086215
1.47500000 -0.01081810
1.47600000 -0.01077426
1.47700000 -0.01073063
1.47800000 -0.01068721
1.47900000 -0.01064399
1.48000000 -0.01060097
1.48100000 -0.01055815
1.48200000 -0.01051554
1.48300000 -0.01047313
1.48400000 -0.01043091
1.48500000 -0.01038890
1.48600000 -0.01034708
1.48700000 -0.01030546
1.48800000 -0.01026403
1.48900000 -0.01022279
1.49000000 -0.01018175
1.49100000 -0.01014091
1.49200000 -0.01010025
1.49300000 -0.01005978
1.49400000 -0.01001950
1.49500000 -0.00997941
1.49600000 -0.00993950
1.49700000 -0.00989979
1.49800000 -0.00986025
1.49900000 -0.00982090
1.50000000 -0.00978174
1.50100000 -0.00974275
1.50200000 -0.00970395
1.50300000 -0.00966532
1.50400000 -0.00962688
1.50500000 -0.00958861
1.50600000 -0.00955052
1.50700000 -0.00951261
1.50800000 -0.00947487
1.50900000 -0.00943731
1.51000000 -0.00939992
1.51100000 -0.00936270
1.51200000 -0.00932565
1.51300000 -0.00928878
1.51400000 -0.00925207
1.51500000 -0.00921554
1.51600000 -0.00917917
1.51700000 -0.00914297
1.51800000 -0.00910693
1.51900000 -0.00907106
1.52000000 -0.00903536
1.52100000 -0.00899982
1.52200000 -0.00896444
1.52300000 -0.00892922
1.52400000 -0.00889417
1.52500000 -0.00885927
1.52600000 -0.00882454
1.52700000 -0.00878996
1.52800000 -0.00875554
1.52900000 -0.00872128
1.53000000 -0.00868717
1.53100000 -0.00865322
1.53200000 -0.00861943
1.53300000 -0.00858579
1.53400000 -0.00855230
1.53500000 -0.00851896
1.53600000 -0.00848577
1.53700000 -0.00845274
1.53800000 -0.00841985
1.53900000 -0.00838712
1.54000000 -0.00835453
1.54100000 -0.00832209
1.54200000 -0.00828980
1.54300000 -0.00825765
1.54400000 -0.00822565
1.54500000 -0.00819379
1.54600000 -0.00816208
1.54700000 -0.00813051
1.54800000 -0.00809908
1.54900000 -0.00806779
1.55000000 -0.00803664
1.55100000 -0.00800564
1.55200000 -0.00797477
1.55300000 -0.00794404
1.55400000 -0.00791345
1.55500000 -0.00788300
1.55600000 -0.00785268
1.55700000 -0.00782250
1.55800000 -0.00779246
1.55900000 -0.00776254
1.56000000 -0.00773277
1.56100000 -0.00770312
1.56200000 -0.00767361
1.56300000 -0.00764423
1.56400000 -0.00761498
1.56500000 -0.00758586
1.56600000 -0.00755687
1.56700000 -0.00752801
1.56800000 -0.00749928
1.56900000 -0.00747068
1.57000000 -0.00744220
1.57100000 -0.00741385
1.57200000 -0.00738563
1.57300000 -0.00735753
1.57400000 -0.00732955
1.57500000 -0.00730170
1.57600000 -0.00727398
1.57700000 -0.00724637
1.57800000 -0.00721889
1.57900000 -0.00719153
1.58000000 -0.00716429
1.58100000 -0.00713717
1.58200000 -0.00711017
1.58300000 -0.00708329
1.58400000 -0.00705652
1.58500000 -0.00702988
1.58600000 -0.00700335
1.58700000 -0.00697694
1.58800000 -0.00695064
1.58900000 -0.00692446
1.59000000 -0.00689840
1.59100000 -0.00687245
1.59200000 -0.00684661
1.59300000 -0.00682089
1.59400000 -0.00679528
1.59500000 -0.00676978
1.59600000 -0.00674439
1.59700000 -0.00671911
1.59800000 -0.00669395
1.59900000 -0.00666889
1.60000000 -0.00664394
1.60100000 -0.00661910
1.60200000 -0.00659437
1.60300000 -0.00656975
1.60400000 -0.00654524
1.60500000 -0.00652083
1.60600000 -0.00649652
1.60700000 -0.00647233
1.60800000 -0.00644824
1.60900000 -0.00642425
1.61000000 -0.00640036
1.61100000 -0.00637658
1.61200000 -0.00635291
1.61300000 -0.00632933
1.61400000 -0.00630586
1.61500000 -0.00628249
1.61600000 -0.00625922
1.61700000 -0.00623605
1.61800000 -0.00621298
1.61900000 -0.00619001
1.62000000 -0.00616713
1.62100000 -0.00614436
1.62200000 -0.00612169
1.62300000 -0.00609911
1.62400000 -0.00607663
1.62500000 -0.00605424
1.62600000 -0.00603195
1.62700000 -0.00600976
1.62800000 -0.00598766
1.62900000 -0.00596566
1.63000000 -0.00594375
1.63100000 -0.00592194
1.63200000 -0.00590022
1.63300000 -0.00587859
1.63400000 -0.00585705
1.63500000 -0.00583561
1.63600000 -0.00581426
1.63700000 -0.00579299
1.63800000 -0.00577182
1.63900000 -0.00575074
1.64000000 -0.00572975
1.64100000 -0.00570885
1.64200000 -0.00568804
1.64300000 -0.00566731
1.64400000 -0.00564667
1.64500000 -0.00562613
1.64600000 -0.00560566
1.64700000 -0.00558529
1.64800000 -0.00556500
1.64900000 -0.00554480
1.65000000 -0.00552468
1.65100000 -0.00550465
1.65200000 -0.00548470
1.65300000 -0.00546484
1.65400000 -0.00544506
1.65500000 -0.00542536
1.65600000 -0.00540575
1.65700000 -0.00538622
1.65800000 -0.00536677
1.65900000 -0.00534740
1.66000000 -0.00532812
1.66100000 -0.00530891
1.66200000 -0.00528979
1.66300000 -0.00527074
1.66400000 -0.00525178
1.66500000 -0.00523290
1.66600000 -0.00521409
1.66700000 -0.00519537
1.66800000 -0.00517672
1.66900000 -0.00515815
1.67000000 -0.00513966
1.67100000 -0.00512124
1.67200000 -0.00510291
1.67300000 -0.00508464
1.67400000 -0.00506646
1.67500000 -0.00504835
1.67600000 -0.00503032
1.67700000 -0.00501236
1.67800000 -0.00499447
1.67900000 -0.00497666
1.68000000 -0.00495893
1.68100000 -0.00494127
1.68200000 -0.00492368
1.68300000 -0.00490616
1.68400000 -0.00488872
1.68500000 -0.00487135
1.68600000 -0.00485405
1.68700000 -0.00483682
1.68800000 -0.00481967
1.68900000 -0.00480258
1.69000000 -0.00478557
1.69100000 -0.00476862
1.69200000 -0.00475175
1.69300000 -0.00473494
1.69400000 -0.00471821
1.69500000 -0.00470154
1.69600000 -0.00468494
1.69700000 -0.00466841
1.69800000 -0.00465195
1.69900000 -0.00463556
1.70000000 -0.00461923
1.70100000 -0.00460297
1.70200000 -0.00458678
1.70300000 -0.00457065
1.70400000 -0.00455459
1.70500000 -0.00453860
1.70600000 -0.00452267
1.70700000 -0.00450680
1.70800000 -0.00449100
1.70900000 -0.00447527
1.71000000 -0.00445960
1.71100000 -0.00444399
1.71200000 -0.00442845
1.71300000 -0.00441297
1.71400000 -0.00439755
1.71500000 -0.00438220
1.71600000 -0.00436691
1.71700000 -0.00435168
1.71800000 -0.00433651
1.71900000 -0.00432141
1.72000000 -0.00430636
1.72100000 -0.00429138
1.72200000 -0.00427646
1.72300000 -0.00426160
1.72400000 -0.00424680
1.72500000 -0.00423205
1.72600000 -0.00421737
1.72700000 -0.00420275
1.72800000 -0.00418818
1.72900000 -0.00417368
1.73000000 -0.00415923
1.73100000 -0.00414485
1.73200000 -0.00413052
1.73300000 -0.00411624
1.73400000 -0.00410203
1.73500000 -0.00408787
1.73600000 -0.00407377
1.73700000 -0.00405973
1.73800000 -0.00404574
1.73900000 -0.00403181
1.74000000 -0.00401793
1.74100000 -0.00400411
1.74200000 -0.00399035
1.74300000 -0.00397664
1.74400000 -0.00396299
1.74500000 -0.00394939
1.74600000 -0.00393584
1.74700000 -0.00392235
1.74800000 -0.00390891
1.74900000 -0.00389553
1.75000000 -0.00388220
1.75100000 -0.00386892
1.75200000 -0.00385570
1.75300000 -0.00384253
1.75400000 -0.00382941
1.75500000 -0.00381634
1.75600000 -0.00380333
1.75700000 -0.00379036
1.75800000 -0.00377745
1.75900000 -0.00376459
1.76000000 -0.00375178
1.76100000 -0.00373902
1.76200000 -0.00372632
1.76300000 -0.00371366
1.76400000 -0.00370105
1.76500000 -0.00368849
1.76600000 -0.00367599
1.76700000 -0.00366353
1.76800000 -0.00365112
1.76900000 -0.00363876
1.77000000 -0.00362645
1.77100000 -0.00361418
1.77200000 -0.00360197
1.77300000 -0.00358980
1.77400000 -0.00357768
1.77500000 -0.00356561
1.77600000 -0.00355359
1.77700000 -0.00354161
1.77800000 -0.00352968
1.77900000 -0.00351780
1.78000000 -0.00350597
1.78100000 -0.00349418
1.78200000 -0.00348243
1.78300000 -0.00347074
1.78400000 -0.00345909
1.78500000 -0.00344748
1.78600000 -0.00343592
1.78700000 -0.00342441
1.78800000 -0.00341294
1.78900000 -0.00340151
1.79000000 -0.00339013
1.79100000 -0.00337879
1.79200000 -0.00336750
1.79300000 -0.00335625
1.79400000 -0.00334505
1.79500000 -0.00333389
1.79600000 -0.00332277
1.79700000 -0.00331170
1.79800000 -0.00330067
1.79900000 -0.00328968
1.80000000 -0.00327873
1.80100000 -0.00326783
1.80200000 -0.00325697
1.80300000 -0.00324615
1.80400000 -0.00323537
1.80500000 -0.00322464
1.80600000 -0.00321394
1.80700000 -0.00320329
1.80800000 -0.00319268
1.80900000 -0.00318211
1.81000000 -0.00317158
1.81100000 -0.00316109
1.81200000 -0.00315064
1.81300000 -0.00314024
1.81400000 -0.00312987
1.81500000 -0.00311954
1.81600000 -0.00310925
1.81700000 -0.00309900
1.81800000 -0.00308879
1.81900000 -0.00307862
1.82000000 -0.00306849
1.82100000 -0.00305840
1.82200000 -0.00304835
1.82300000 -0.00303833
1.82400000 -0.00302835
1.82500000 -0.00301841
1.82600000 -0.00300851
1.82700000 -0.00299865
1.82800000 -0.00298883
1.82900000 -0.00297904
1.83000000 -0.00296929
1.83100000 -0.00295958
1.83200000 -0.00294990
1.83300000 -0.00294026
1.83400000 -0.00293066
1.83500000 -0.00292109
1.83600000 -0.00291156
1.83700000 -0.00290207
1.83800000 -0.00289261
1.83900000 -0.00288319
1.84000000 -0.00287381
1.84100000 -0.00286446
1.84200000 -0.00285514
1.84300000 -0.00284586
1.84400000 -0.00283662
1.84500000 -0.00282741
1.84600000 -0.00281824
1.84700000 -0.00280910
1.84800000 -0.00279999
1.84900000 -0.00279092
1.85000000 -0.00278189
1.85100000 -0.00277288
1.85200000 -0.00276392
1.85300000 -0.00275498
1.85400000 -0.00274608
1.85500000 -0.00273722
1.85600000 -0.00272838
1.85700000 -0.00271958
1.85800000 -0.00271081
1.85900000 -0.00270208
1.86000000 -0.00269338
1.86100000 -0.00268471
1.86200000 -0.00267607
1.86300000 -0.00266747
1.86400000 -0.00265890
1.86500000 -0.00265036
1.86600000 -0.00264185
1.86700000 -0.00263337
1.86800000 -0.00262493
1.86900000 -0.00261652
1.87000000 -0.00260814
1.87100000 -0.00259979
1.87200000 -0.00259147
1.87300000 -0.00258318
1.87400000 -0.00257492
1.87500000 -0.00256670
1.87600000 -0.00255850
1.87700000 -0.00255034
1.87800000 -0.00254220
1.87900000 -0.00253410
1.88000000 -0.00252602
1.88100000 -0.00251798
1.88200000 -0.00250997
1.88300000 -0.00250198
1.88400000 -0.00249403
1.88500000 -0.00248610
1.88600000 -0.00247821
1.88700000 -0.00247034
1.88800000 -0.00246250
1.88900000 -0.00245469
1.89000000 -0.00244691
1.89100000 -0.00243916
1.89200000 -0.00243144
1.89300000 -0.00242374
1.89400000 -0.00241608
1.89500000 -0.00240844
1.89600000 -0.00240083
1.89700000 -0.00239325
1.89800000 -0.00238570
1.89900000 -0.00237817
1.90000000 -0.00237068
1.90100000 -0.00236320
1.90200000 -0.00235576
1.90300000 -0.00234835
1.90400000 -0.00234096
1.90500000 -0.00233360
1.90600000 -0.00232626
1.90700000 -0.00231896
1.90800000 -0.00231168
1.90900000 -0.00230442
1.91000000 -0.00229719
1.91100000 -0.00228999
1.91200000 -0.00228282
1.91300000 -0.00227567
1.91400000 -0.00226855
1.91500000 -0.00226145
1.91600000 -0.00225438
1.91700000 -0.00224734
1.91800000 -0.00224032
1.91900000 -0.00223332
1.92000000 -0.00222636
1.92100000 -0.00221941
1.92200000 -0.00221250
1.92300000 -0.00220560
1.92400000 -0.00219874
1.92500000 -0.00219189
1.92600000 -0.00218508
1.92700000 -0.00217828
1.92800000 -0.00217152
1.92900000 -0.00216477
1.93000000 -0.00215805
1.93100000 -0.00215136
1.93200000 -0.00214469
1.93300000 -0.00213804
1.93400000 -0.00213142
1.93500000 -0.00212482
1.93600000 -0.00211824
1.93700000 -0.00211169
1.93800000 -0.00210517
1.93900000 -0.00209866
1.94000000 -0.00209218
1.94100000 -0.00208572
1.94200000 -0.00207929
1.94300000 -0.00207288
1.94400000 -0.00206649
1.94500000 -0.00206013
1.94600000 -0.00205379
1.94700000 -0.00204747
1.94800000 -0.00204117
1.94900000 -0.00203490
1.95000000 -0.00202864
1.95100000 -0.00202241
1.95200000 -0.00201621
1.95300000 -0.00201002
1.95400000 -0.00200386
1.95500000 -0.00199772
1.95600000 -0.00199160
1.95700000 -0.00198551
1.95800000 -0.00197943
1.95900000 -0.00197338
1.96000000 -0.00196735
1.96100000 -0.00196134
1.96200000 -0.00195535
1.96300000 -0.00194938
1.96400000 -0.00194343
1.96500000 -0.00193751
1.96600000 -0.00193160
1.96700000 -0.00192572
1.96800000 -0.00191986
1.96900000 -0.00191402
1.97000000 -0.00190820
1.97100000 -0.00190240
1.97200000 -0.00189662
1.97300000 -0.00189086
1.97400000 -0.00188512
1.97500000 -0.00187940
1.97600000 -0.00187370
1.97700000 -0.00186803
1.97800000 -0.00186237
1.97900000 -0.00185673
1.98000000 -0.00185111
1.98100000 -0.00184551
1.98200000 -0.00183994
1.98300000 -0.00183438
1.98400000 -0.00182884
1.98500000 -0.00182332
1.98600000 -0.00181782
1.98700000 -0.00181234
1.98800000 -0.00180687
1.98900000 -0.00180143
1.99000000 -0.00179601
1.99100000 -0.00179060
1.99200000 -0.00178522
1.99300000 -0.00177985
1.99400000 -0.00177451
1.99500000 -0.00176918
1.99600000 -0.00176387
1.99700000 -0.00175857
1.99800000 -0.00175330
1.99900000 -0.00174805
2.00000000 -0.00174281
