0.10000000 2389648583.34742451
0.10100000 2120683012.84082460
0.10200000 1884205618.36416769
0.10300000 1676029571.28072596
0.10400000 1492540831.39688611
0.10500000 1330615323.03631783
0.10600000 1187548720.87410760
0.10700000 1060996830.98204052
0.10800000 948924889.25039089
0.10900000 849564377.34557104
0.11000000 761376186.29546297
0.11100000 683019148.31450057
0.11200000 613323115.62123549
0.11300000 551265896.49123919
0.11400000 495953468.30399382
0.11500000 446602978.70753580
0.11600000 402528122.37156290
0.11700000 363126544.69924355
0.11800000 327868977.43358636
0.11900000 296289856.06653261
0.12000000 267979206.77384567
0.12100000 242575622.44293806
0.12200000 219760174.21610561
0.12300000 199251127.65242684
0.12400000 180799351.79390404
0.12500000 164184325.66750354
0.12600000 149210660.53293836
0.12700000 135705067.88694140
0.12800000 123513713.18479010
0.12900000 112499903.71199724
0.13000000 102542066.26214519
0.13100000 93531976.44275898
0.13200000 85373206.70115253
0.13300000 77979764.67202775
0.13400000 71274897.31256466
0.13500000 65190039.60524756
0.13600000 59663889.45518003
0.13700000 54641592.85604597
0.13800000 50074025.50551935
0.13900000 45917158.86628064
0.14000000 42131500.23486372
0.14100000 38681597.73303015
0.14200000 35535602.30562852
0.14300000 32664879.82082810
0.14400000 30043667.24529649
0.14500000 27648767.62717515
0.14600000 25459279.27971261
0.14700000 23456355.13193984
0.14800000 21622988.71163527
0.14900000 19943823.66016825
0.15000000 18404984.05733357
0.15100000 16993923.16448142
0.15200000 15699288.48254359
0.15300000 14510801.27350507
0.15400000 13419148.91425120
0.15500000 12415888.64466257
0.15600000 11493361.44089497
0.15700000 10644614.89305711
0.15800000 9863334.09664858
0.15900000 9143779.68145944
0.16000000 8480732.20216450
0.16100000 7869442.20330964
0.16200000 7305585.34929715
0.16300000 6785222.07864526
0.16400000 6304761.30236896
0.16500000 5860927.71980086
0.16600000 5450732.37241042
0.16700000 5071446.09794725
0.16800000 4720575.58418894
0.16900000 4395841.75429668
0.17000000 4095160.24477797
0.17100000 3816623.76276782
0.17200000 3558486.13215737
0.17300000 3319147.85836062
0.17400000 3097143.05951610
0.17500000 2891127.62793259
0.17600000 2699868.49983624
0.17700000 2522233.92416511
0.17800000 2357184.63246296
0.17900000 2203765.82200533
0.18000000 2061099.87328611
0.18100000 1928379.73102332
0.18200000 1804862.88501786
0.18300000 1689865.89361283
0.18400000 1582759.39823820
0.18500000 1482963.58266124
0.18600000 1389944.03516229
0.18700000 1303207.97597700
0.18800000 1222300.81604253
0.18900000 1146803.01640072
0.19000000 1076327.22058873
0.19100000 1010515.63502160
0.19200000 949037.63477455
0.19300000 891587.57433473
0.19400000 837882.78483635
0.19500000 787661.74104484
0.19600000 740682.38293224
0.19700000 696720.57810811
0.19800000 655568.71265186
0.19900000 617034.39904905
0.20000000 580939.29097843
0.20100000 547117.99563925
0.20200000 515417.07516085
0.20300000 485694.12940662
0.20400000 457816.95318172
0.20500000 431662.76148442
0.20600000 407117.47701213
0.20700000 384075.07465070
0.20800000 362436.97814436
0.20900000 342111.50456895
0.21000000 323013.35261690
0.21100000 305063.13105270
0.21200000 288186.92401532
0.21300000 272315.89013313
0.21400000 257385.89267950
0.21500000 243337.15823570
0.21600000 230113.96154538
0.21700000 217664.33444222
0.21800000 205939.79691265
0.21900000 194895.10851923
0.22000000 184488.03856011
0.22100000 174679.15347576
0.22200000 165431.62013891
0.22300000 156711.02377676
0.22400000 148485.19937810
0.22500000 140724.07553253
0.22600000 133399.52973544
0.22700000 126485.25427127
0.22800000 119956.63185970
0.22900000 113790.62031565
0.23000000 107965.64553426
0.23100000 102461.50216726
0.23200000 97259.26140813
0.23300000 92341.18534947
0.23400000 87690.64741877
0.23500000 83292.05843785
0.23600000 79130.79788668
0.23700000 75193.14998556
0.23800000 71466.24423938
0.23900000 67938.00011560
0.24000000 64597.07555290
0.24100000 61432.81902080
0.24200000 58435.22487203
0.24300000 55594.89174924
0.24400000 52902.98382564
0.24500000 50351.19467598
0.24600000 47931.71358971
0.24700000 45637.19415215
0.24800000 43460.72493272
0.24900000 41395.80213113
0.25000000 39436.30404368
0.25100000 37576.46722202
0.25200000 35810.86420582
0.25300000 34134.38272008
0.25400000 32542.20623528
0.25500000 31029.79579622
0.25600000 29592.87303240
0.25700000 28227.40426865
0.25800000 26929.58566116
0.25900000 25695.82928880
0.26000000 24522.75013531
0.26100000 23407.15390187
0.26200000 22346.02559447
0.26300000 21336.51883384
0.26400000 20375.94583995
0.26500000 19461.76804603
0.26600000 18591.58730040
0.26700000 17763.13761732
0.26800000 16974.27744071
0.26900000 16222.98238706
0.27000000 15507.33843633
0.27100000 14825.53554150
0.27200000 14175.86162986
0.27300000 13556.69697044
0.27400000 12966.50888421
0.27500000 12403.84677496
0.27600000 11867.33746037
0.27700000 11355.68078415
0.27800000 10867.64549136
0.27900000 10402.06535032
0.28000000 9957.83550554
0.28100000 9533.90904709
0.28200000 9129.29378296
0.28300000 8743.04920169
0.28400000 8374.28361341
0.28500000 8022.15145830
0.28600000 7685.85077204
0.28700000 7364.62079874
0.28800000 7057.73974206
0.28900000 6764.52264637
0.29000000 6484.31939977
0.29100000 6216.51285169
0.29200000 5960.51703814
0.29300000 5715.77550811
0.29400000 5481.75974497
0.29500000 5257.96767726
0.29600000 5043.92227354
0.29700000 4839.17021621
0.29800000 4643.28064967
0.29900000 4455.84399843
0.30000000 4276.47085109
0.30100000 4104.79090612
0.30200000 3940.45197616
0.30300000 3783.11904707
0.30400000 3632.47338878
0.30500000 3488.21171488
0.30600000 3350.04538804
0.30700000 3217.69966878
0.30800000 3090.91300495
0.30900000 2969.43635969
0.31000000 2853.03257559
0.31100000 2741.47577311
0.31200000 2634.55078115
0.31300000 2532.05259812
0.31400000 2433.78588170
0.31500000 2339.56446565
0.31600000 2249.21090225
0.31700000 2162.55602884
0.31800000 2079.43855724
0.31900000 1999.70468460
0.32000000 1923.20772467
0.32100000 1849.80775830
0.32200000 1779.37130203
0.32300000 1711.77099396
0.32400000 1646.88529576
0.32500000 1584.59821003
0.32600000 1524.79901227
0.32700000 1467.38199646
0.32800000 1412.24623366
0.32900000 1359.29534297
0.33000000 1308.43727399
0.33100000 1259.58410037
0.33200000 1212.65182379
0.33300000 1167.56018769
0.33400000 1124.23250050
0.33500000 1082.59546756
0.33600000 1042.57903153
0.33700000 1004.11622066
0.33800000 967.14300465
0.33900000 931.59815758
0.34000000 897.42312760
0.34100000 864.56191310
0.34200000 832.96094481
0.34300000 802.56897383
0.34400000 773.33696497
0.34500000 745.21799536
0.34600000 718.16715794
0.34700000 692.14146963
0.34800000 667.09978392
0.34900000 643.00270764
0.35000000 619.81252177
0.35100000 597.49310598
0.35200000 576.00986678
0.35300000 555.32966914
0.35400000 535.42077123
0.35500000 516.25276242
0.35600000 497.79650400
0.35700000 480.02407286
0.35800000 462.90870773
0.35900000 446.42475792
0.36000000 430.54763449
0.36100000 415.25376370
0.36200000 400.52054255
0.36300000 386.32629645
0.36400000 372.65023882
0.36500000 359.47243255
0.36600000 346.77375318
0.36700000 334.53585386
0.36800000 322.74113184
0.36900000 311.37269650
0.37000000 300.41433885
0.37100000 289.85050239
0.37200000 279.66625527
0.37300000 269.84726380
0.37400000 260.37976699
0.37500000 251.25055239
0.37600000 242.44693293
0.37700000 233.95672478
0.37800000 225.76822623
0.37900000 217.87019751
0.38000000 210.25184148
0.38100000 202.90278521
0.38200000 195.81306228
0.38300000 188.97309600
0.38400000 182.37368322
0.38500000 176.00597898
0.38600000 169.86148171
0.38700000 163.93201914
0.38800000 158.20973484
0.38900000 152.68707528
0.39000000 147.35677750
0.39100000 142.21185728
0.39200000 137.24559782
0.39300000 132.45153894
0.39400000 127.82346673
0.39500000 123.35540356
0.39600000 119.04159865
0.39700000 114.87651897
0.39800000 110.85484049
0.39900000 106.97143986
0.40000000 103.22138642
0.40100000 99.59993457
0.40200000 96.10251637
0.40300000 92.72473458
0.40400000 89.46235591
0.40500000 86.31130454
0.40600000 83.26765595
0.40700000 80.32763102
0.40800000 77.48759030
0.40900000 74.74402859
0.41000000 72.09356970
0.41100000 69.53296147
0.41200000 67.05907093
0.41300000 64.66887970
0.41400000 62.35947958
0.41500000 60.12806832
0.41600000 57.97194551
0.41700000 55.88850873
0.41800000 53.87524975
0.41900000 51.92975100
0.42000000 50.04968204
0.42100000 48.23279634
0.42200000 46.47692800
0.42300000 44.77998879
0.42400000 43.13996517
0.42500000 41.55491549
0.42600000 40.02296727
0.42700000 38.54231465
0.42800000 37.11121584
0.42900000 35.72799077
0.43000000 34.39101878
0.43100000 33.09873640
0.43200000 31.84963523
0.43300000 30.64225991
0.43400000 29.47520614
0.43500000 28.34711883
0.43600000 27.25669026
0.43700000 26.20265834
0.43800000 25.18380496
0.43900000 24.19895435
0.44000000 23.24697157
0.44100000 22.32676099
0.44200000 21.43726487
0.44300000 20.57746200
0.44400000 19.74636636
0.44500000 18.94302585
0.44600000 18.16652107
0.44700000 17.41596413
0.44800000 16.69049756
0.44900000 15.98929315
0.45000000 15.31155096
0.45100000 14.65649829
0.45200000 14.02338870
0.45300000 13.41150110
0.45400000 12.82013880
0.45500000 12.24862871
0.45600000 11.69632047
0.45700000 11.16258562
0.45800000 10.64681688
0.45900000 10.14842739
0.46000000 9.66684996
0.46100000 9.20153641
0.46200000 8.75195692
0.46300000 8.31759934
0.46400000 7.89796862
0.46500000 7.49258618
0.46600000 7.10098937
0.46700000 6.72273088
0.46800000 6.35737825
0.46900000 6.00451332
0.47000000 5.66373176
0.47100000 5.33464260
0.47200000 5.01686773
0.47300000 4.71004151
0.47400000 4.41381029
0.47500000 4.12783206
0.47600000 3.85177601
0.47700000 3.58532214
0.47800000 3.32816093
0.47900000 3.07999296
0.48000000 2.84052859
0.48100000 2.60948757
0.48200000 2.38659881
0.48300000 2.17159999
0.48400000 1.96423731
0.48500000 1.76426520
0.48600000 1.57144603
0.48700000 1.38554985
0.48800000 1.20635414
0.48900000 1.03364353
0.49000000 0.86720962
0.49100000 0.70685070
0.49200000 0.55237152
0.49300000 0.40358314
0.49400000 0.26030263
0.49500000 0.12235294
0.49600000 -0.01043729
0.49700000 -0.13823400
0.49800000 -0.26119778
0.49900000 -0.37948413
0.50000000 -0.49324358
0.50100000 -0.60262189
0.50200000 -0.70776016
0.50300000 -0.80879501
0.50400000 -0.90585875
0.50500000 -0.99907947
0.50600000 -1.08858121
0.50700000 -1.17448408
0.50800000 -1.25690440
0.50900000 -1.33595481
0.51000000 -1.41174439
0.51100000 -1.48437879
0.51200000 -1.55396030
0.51300000 -1.62058804
0.51400000 -1.68435796
0.51500000 -1.74536302
0.51600000 -1.80369324
0.51700000 -1.85943584
0.51800000 -1.91267528
0.51900000 -1.96349337
0.52000000 -2.01196937
0.52100000 -2.05818005
0.52200000 -2.10219976
0.52300000 -2.14410056
0.52400000 -2.18395222
0.52500000 -2.22182234
0.52600000 -2.25777642
0.52700000 -2.29187791
0.52800000 -2.32418826
0.52900000 -2.35476702
0.53000000 -2.38367189
0.53100000 -2.41095875
0.53200000 -2.43668176
0.53300000 -2.46089336
0.53400000 -2.48364439
0.53500000 -2.50498409
0.53600000 -2.52496017
0.53700000 -2.54361886
0.53800000 -2.56100493
0.53900000 -2.57716179
0.54000000 -2.59213146
0.54100000 -2.60595469
0.54200000 -2.61867095
0.54300000 -2.63031846
0.54400000 -2.64093428
0.54500000 -2.65055429
0.54600000 -2.65921329
0.54700000 -2.66694496
0.54800000 -2.67378196
0.54900000 -2.67975590
0.55000000 -2.68489745
0.55100000 -2.68923628
0.55200000 -2.69280117
0.55300000 -2.69561999
0.55400000 -2.69771973
0.55500000 -2.69912655
0.55600000 -2.69986581
0.55700000 -2.69996204
0.55800000 -2.69943904
0.55900000 -2.69831985
0.56000000 -2.69662678
0.56100000 -2.69438147
0.56200000 -2.69160486
0.56300000 -2.68831723
0.56400000 -2.68453825
0.56500000 -2.68028695
0.56600000 -2.67558177
0.56700000 -2.67044057
0.56800000 -2.66488065
0.56900000 -2.65891877
0.57000000 -2.65257114
0.57100000 -2.64585348
0.57200000 -2.63878101
0.57300000 -2.63136847
0.57400000 -2.62363012
0.57500000 -2.61557978
0.57600000 -2.60723083
0.57700000 -2.59859622
0.57800000 -2.58968849
0.57900000 -2.58051979
0.58000000 -2.57110185
0.58100000 -2.56144607
0.58200000 -2.55156345
0.58300000 -2.54146465
0.58400000 -2.53115998
0.58500000 -2.52065943
0.58600000 -2.50997265
0.58700000 -2.49910900
0.58800000 -2.48807752
0.58900000 -2.47688695
0.59000000 -2.46554577
0.59100000 -2.45406217
0.59200000 -2.44244405
0.59300000 -2.43069909
0.59400000 -2.41883469
0.59500000 -2.40685802
0.59600000 -2.39477599
0.59700000 -2.38259532
0.59800000 -2.37032246
0.59900000 -2.35796369
0.60000000 -2.34552504
0.60100000 -2.33301237
0.60200000 -2.32043131
0.60300000 -2.30778733
0.60400000 -2.29508569
0.60500000 -2.28233149
0.60600000 -2.26952964
0.60700000 -2.25668489
0.60800000 -2.24380182
0.60900000 -2.23088486
0.61000000 -2.21793828
0.61100000 -2.20496619
0.61200000 -2.19197258
0.61300000 -2.17896127
0.61400000 -2.16593597
0.61500000 -2.15290025
0.61600000 -2.13985754
0.61700000 -2.12681115
0.61800000 -2.11376428
0.61900000 -2.10072002
0.62000000 -2.08768131
0.62100000 -2.07465103
0.62200000 -2.06163190
0.62300000 -2.04862659
0.62400000 -2.03563763
0.62500000 -2.02266748
0.62600000 -2.00971848
0.62700000 -1.99679290
0.62800000 -1.98389292
0.62900000 -1.97102062
0.63000000 -1.95817802
0.63100000 -1.94536703
0.63200000 -1.93258951
0.63300000 -1.91984722
0.63400000 -1.90714188
0.63500000 -1.89447511
0.63600000 -1.88184846
0.63700000 -1.86926344
0.63800000 -1.85672147
0.63900000 -1.84422393
0.64000000 -1.83177211
0.64100000 -1.81936727
0.64200000 -1.80701059
0.64300000 -1.79470322
0.64400000 -1.78244624
0.64500000 -1.77024068
0.64600000 -1.75808752
0.64700000 -1.74598770
0.64800000 -1.73394210
0.64900000 -1.72195157
0.65000000 -1.71001691
0.65100000 -1.69813887
0.65200000 -1.68631816
0.65300000 -1.67455546
0.65400000 -1.66285141
0.65500000 -1.65120661
0.65600000 -1.63962162
0.65700000 -1.62809697
0.65800000 -1.61663315
0.65900000 -1.60523064
0.66000000 -1.59388985
0.66100000 -1.58261119
0.66200000 -1.57139503
0.66300000 -1.56024171
0.66400000 -1.54915156
0.66500000 -1.53812485
0.66600000 -1.52716185
0.66700000 -1.51626280
0.66800000 -1.50542792
0.66900000 -1.49465739
0.67000000 -1.48395138
0.67100000 -1.47331005
0.67200000 -1.46273351
0.67300000 -1.45222188
0.67400000 -1.44177523
0.67500000 -1.43139365
0.67600000 -1.42107717
0.67700000 -1.41082584
0.67800000 -1.40063967
0.67900000 -1.39051865
0.68000000 -1.38046278
0.68100000 -1.37047201
0.68200000 -1.36054631
0.68300000 -1.35068562
0.68400000 -1.34088986
0.68500000 -1.33115895
0.68600000 -1.32149279
0.68700000 -1.31189127
0.68800000 -1.30235427
0.68900000 -1.29288165
0.69000000 -1.28347328
0.69100000 -1.27412900
0.69200000 -1.26484864
0.69300000 -1.25563203
0.69400000 -1.24647900
0.69500000 -1.23738935
0.69600000 -1.22836288
0.69700000 -1.21939939
0.69800000 -1.21049866
0.69900000 -1.20166047
0.70000000 -1.19288459
0.70100000 -1.18417079
0.70200000 -1.17551882
0.70300000 -1.16692845
0.70400000 -1.15839941
0.70500000 -1.14993144
0.70600000 -1.14152429
0.70700000 -1.13317768
0.70800000 -1.12489134
0.70900000 -1.11666499
0.71000000 -1.10849835
0.71100000 -1.10039113
0.71200000 -1.09234305
0.71300000 -1.08435380
0.71400000 -1.07642309
0.71500000 -1.06855061
0.71600000 -1.06073608
0.71700000 -1.05297917
0.71800000 -1.04527957
0.71900000 -1.03763699
0.72000000 -1.03005109
0.72100000 -1.02252157
0.72200000 -1.01504811
0.72300000 -1.00763039
0.72400000 -1.00026807
0.72500000 -0.99296085
0.72600000 -0.98570840
0.72700000 -0.97851038
0.72800000 -0.97136647
0.72900000 -0.96427634
0.73000000 -0.95723967
0.73100000 -0.95025611
0.73200000 -0.94332535
0.73300000 -0.93644704
0.73400000 -0.92962086
0.73500000 -0.92284647
0.73600000 -0.91612354
0.73700000 -0.90945174
0.73800000 -0.90283072
0.73900000 -0.89626017
0.74000000 -0.88973973
0.74100000 -0.88326909
0.74200000 -0.87684791
0.74300000 -0.87047585
0.74400000 -0.86415258
0.74500000 -0.85787777
0.74600000 -0.85165108
0.74700000 -0.84547219
0.74800000 -0.83934076
0.74900000 -0.83325647
0.75000000 -0.82721898
0.75100000 -0.82122797
0.75200000 -0.81528311
0.75300000 -0.80938406
0.75400000 -0.80353051
0.75500000 -0.79772214
0.75600000 -0.79195860
0.75700000 -0.78623959
0.75800000 -0.78056477
0.75900000 -0.77493384
0.76000000 -0.76934647
0.76100000 -0.76380233
0.76200000 -0.75830112
0.76300000 -0.75284252
0.76400000 -0.74742621
0.76500000 -0.74205188
0.76600000 -0.73671921
0.76700000 -0.73142791
0.76800000 -0.72617764
0.76900000 -0.72096812
0.77000000 -0.71579904
0.77100000 -0.71067008
0.77200000 -0.70558094
0.77300000 -0.70053133
0.77400000 -0.69552094
0.77500000 -0.69054948
0.77600000 -0.68561664
0.77700000 -0.68072213
0.77800000 -0.67586566
0.77900000 -0.67104694
0.78000000 -0.66626567
0.78100000 -0.66152156
0.78200000 -0.65681433
0.78300000 -0.65214370
0.78400000 -0.64750937
0.78500000 -0.64291107
0.78600000 -0.63834851
0.78700000 -0.63382142
0.78800000 -0.62932952
0.78900000 -0.62487253
0.79000000 -0.62045018
0.79100000 -0.61606219
0.79200000 -0.61170831
0.79300000 -0.60738825
0.79400000 -0.60310175
0.79500000 -0.59884855
0.79600000 -0.59462838
0.79700000 -0.59044098
0.79800000 -0.58628610
0.79900000 -0.58216347
0.80000000 -0.57807283
0.80100000 -0.57401393
0.80200000 -0.56998653
0.80300000 -0.56599036
0.80400000 -0.56202518
0.80500000 -0.55809073
0.80600000 -0.55418679
0.80700000 -0.55031309
0.80800000 -0.54646940
0.80900000 -0.54265548
0.81000000 -0.53887108
0.81100000 -0.53511598
0.81200000 -0.53138993
0.81300000 -0.52769269
0.81400000 -0.52402405
0.81500000 -0.52038377
0.81600000 -0.51677161
0.81700000 -0.51318736
0.81800000 -0.50963078
0.81900000 -0.50610166
0.82000000 -0.50259976
0.82100000 -0.49912488
0.82200000 -0.49567678
0.82300000 -0.49225526
0.82400000 -0.48886010
0.82500000 -0.48549108
0.82600000 -0.48214800
0.82700000 -0.47883064
0.82800000 -0.47553879
0.82900000 -0.47227224
0.83000000 -0.46903080
0.83100000 -0.46581425
0.83200000 -0.46262239
0.83300000 -0.45945503
0.83400000 -0.45631196
0.83500000 -0.45319298
0.83600000 -0.45009791
0.83700000 -0.44702653
0.83800000 -0.44397867
0.83900000 -0.44095413
0.84000000 -0.43795271
0.84100000 -0.43497424
0.84200000 -0.43201851
0.84300000 -0.42908536
0.84400000 -0.42617459
0.84500000 -0.42328601
0.84600000 -0.42041946
0.84700000 -0.41757475
0.84800000 -0.41475170
0.84900000 -0.41195013
0.85000000 -0.40916987
0.85100000 -0.40641075
0.85200000 -0.40367259
0.85300000 -0.40095522
0.85400000 -0.39825847
0.85500000 -0.39558217
0.85600000 -0.39292616
0.85700000 -0.39029027
0.85800000 -0.38767433
0.85900000 -0.38507819
0.86000000 -0.38250168
0.86100000 -0.37994464
0.86200000 -0.37740691
0.86300000 -0.37488834
0.86400000 -0.37238876
0.86500000 -0.36990803
0.86600000 -0.36744598
0.86700000 -0.36500247
0.86800000 -0.36257735
0.86900000 -0.36017046
0.87000000 -0.35778166
0.87100000 -0.35541080
0.87200000 -0.35305773
0.87300000 -0.35072231
0.87400000 -0.34840439
0.87500000 -0.34610383
0.87600000 -0.34382050
0.87700000 -0.34155424
0.87800000 -0.33930492
0.87900000 -0.33707240
0.88000000 -0.33485656
0.88100000 -0.33265724
0.88200000 -0.33047431
0.88300000 -0.32830765
0.88400000 -0.32615712
0.88500000 -0.32402259
0.88600000 -0.32190392
0.88700000 -0.31980100
0.88800000 -0.31771368
0.88900000 -0.31564186
0.89000000 -0.31358539
0.89100000 -0.31154416
0.89200000 -0.30951804
0.89300000 -0.30750690
0.89400000 -0.30551064
0.89500000 -0.30352912
0.89600000 -0.30156223
0.89700000 -0.29960985
0.89800000 -0.29767186
0.89900000 -0.29574815
0.90000000 -0.29383859
0.90100000 -0.29194308
0.90200000 -0.29006150
0.90300000 -0.28819374
0.90400000 -0.28633969
0.90500000 -0.28449924
0.90600000 -0.28267227
0.90700000 -0.28085869
0.90800000 -0.27905837
0.90900000 -0.27727121
0.91000000 -0.27549712
0.91100000 -0.27373598
0.91200000 -0.27198768
0.91300000 -0.27025213
0.91400000 -0.26852922
0.91500000 -0.26681886
0.91600000 -0.26512093
0.91700000 -0.26343535
0.91800000 -0.26176201
0.91900000 -0.26010081
0.92000000 -0.25845165
0.92100000 -0.25681445
0.92200000 -0.25518910
0.92300000 -0.25357550
0.92400000 -0.25197358
0.92500000 -0.25038322
0.92600000 -0.24880435
0.92700000 -0.24723686
0.92800000 -0.24568066
0.92900000 -0.24413568
0.93000000 -0.24260181
0.93100000 -0.24107897
0.93200000 -0.23956707
0.93300000 -0.23806602
0.93400000 -0.23657574
0.93500000 -0.23509614
0.93600000 -0.23362714
0.93700000 -0.23216865
0.93800000 -0.23072059
0.93900000 -0.22928288
0.94000000 -0.22785543
0.94100000 -0.22643817
0.94200000 -0.22503100
0.94300000 -0.22363386
0.94400000 -0.22224666
0.94500000 -0.22086932
0.94600000 -0.21950177
0.94700000 -0.21814393
0.94800000 -0.21679573
0.94900000 -0.21545708
0.95000000 -0.21412791
0.95100000 -0.21280814
0.95200000 -0.21149771
0.95300000 -0.21019654
0.95400000 -0.20890455
0.95500000 -0.20762168
0.95600000 -0.20634785
0.95700000 -0.20508299
0.95800000 -0.20382703
0.95900000 -0.20257991
0.96000000 -0.20134154
0.96100000 -0.20011187
0.96200000 -0.19889082
0.96300000 -0.19767833
0.96400000 -0.19647433
0.96500000 -0.19527876
0.96600000 -0.19409155
0.96700000 -0.19291263
0.96800000 -0.19174193
0.96900000 -0.19057941
0.97000000 -0.18942498
0.97100000 -0.18827859
0.97200000 -0.18714018
0.97300000 -0.18600969
0.97400000 -0.18488704
0.97500000 -0.18377219
0.97600000 -0.18266506
0.97700000 -0.18156561
0.97800000 -0.18047377
0.97900000 -0.17938949
0.98000000 -0.17831269
0.98100000 -0.17724334
0.98200000 -0.17618136
0.98300000 -0.17512670
0.98400000 -0.17407932
0.98500000 -0.17303914
0.98600000 -0.17200611
0.98700000 -0.17098018
0.98800000 -0.16996130
0.98900000 -0.16894941
0.99000000 -0.16794445
0.99100000 -0.16694638
0.99200000 -0.16595514
0.99300000 -0.16497068
0.99400000 -0.16399294
0.99500000 -0.16302188
0.99600000 -0.16205744
0.99700000 -0.16109957
0.99800000 -0.16014823
0.99900000 -0.15920336
1.00000000 -0.15826491
1.00100000 -0.15733284
1.00200000 -0.15640710
1.00300000 -0.15548763
1.00400000 -0.15457439
1.00500000 -0.15366734
1.00600000 -0.15276642
1.00700000 -0.15187159
1.00800000 -0.15098281
1.00900000 -0.15010002
1.01000000 -0.14922318
1.01100000 -0.14835225
1.01200000 -0.14748718
1.01300000 -0.14662794
1.01400000 -0.14577446
1.01500000 -0.14492672
1.01600000 -0.14408466
1.01700000 -0.14324824
1.01800000 -0.14241743
1.01900000 -0.14159218
1.02000000 -0.14077245
1.02100000 -0.13995819
1.02200000 -0.13914937
1.02300000 -0.13834594
1.02400000 -0.13754787
1.02500000 -0.13675511
1.02600000 -0.13596762
1.02700000 -0.13518537
1.02800000 -0.13440832
1.02900000 -0.13363642
1.03000000 -0.13286964
1.03100000 -0.13210794
1.03200000 -0.13135128
1.03300000 -0.13059963
1.03400000 -0.12985294
1.03500000 -0.12911118
1.03600000 -0.12837432
1.03700000 -0.12764232
1.03800000 -0.12691514
1.03900000 -0.12619274
1.04000000 -0.12547509
1.04100000 -0.12476216
1.04200000 -0.12405391
1.04300000 -0.12335030
1.04400000 -0.12265131
1.04500000 -0.12195689
1.04600000 -0.12126702
1.04700000 -0.12058165
1.04800000 -0.11990077
1.04900000 -0.11922432
1.05000000 -0.11855229
1.05100000 -0.11788464
1.05200000 -0.11722133
1.05300000 -0.11656234
1.05400000 -0.11590763
1.05500000 -0.11525717
1.05600000 -0.11461094
1.05700000 -0.11396889
1.05800000 -0.11333100
1.05900000 -0.11269724
1.06000000 -0.11206758
1.06100000 -0.11144198
1.06200000 -0.11082043
1.06300000 -0.11020289
1.06400000 -0.10958932
1.06500000 -0.10897971
1.06600000 -0.10837402
1.06700000 -0.10777222
1.06800000 -0.10717429
1.06900000 -0.10658020
1.07000000 -0.10598992
1.07100000 -0.10540342
1.07200000 -0.10482068
1.07300000 -0.10424166
1.07400000 -0.10366635
1.07500000 -0.10309471
1.07600000 -0.10252671
1.07700000 -0.10196234
1.07800000 -0.10140157
1.07900000 -0.10084436
1.08000000 -0.10029070
1.08100000 -0.09974056
1.08200000 -0.09919391
1.08300000 -0.09865073
1.08400000 -0.09811099
1.08500000 -0.09757467
1.08600000 -0.09704174
1.08700000 -0.09651219
1.08800000 -0.09598598
1.08900000 -0.09546309
1.09000000 -0.09494350
1.09100000 -0.09442719
1.09200000 -0.09391412
1.09300000 -0.09340429
1.09400000 -0.09289766
1.09500000 -0.09239421
1.09600000 -0.09189393
1.09700000 -0.09139678
1.09800000 -0.09090275
1.09900000 -0.09041180
1.10000000 -0.08992394
1.10100000 -0.08943912
1.10200000 -0.08895732
1.10300000 -0.08847854
1.10400000 -0.08800274
1.10500000 -0.08752991
1.10600000 -0.08706001
1.10700000 -0.08659304
1.10800000 -0.08612898
1.10900000 -0.08566779
1.11000000 -0.08520947
1.11100000 -0.08475399
1.11200000 -0.08430133
1.11300000 -0.08385147
1.11400000 -0.08340439
1.11500000 -0.08296008
1.11600000 -0.08251851
1.11700000 -0.08207966
1.11800000 -0.08164352
1.11900000 -0.08121007
1.12000000 -0.08077928
1.12100000 -0.08035114
1.12200000 -0.07992563
1.12300000 -0.07950273
1.12400000 -0.07908243
1.12500000 -0.07866471
1.12600000 -0.07824954
1.12700000 -0.07783691
1.12800000 -0.07742681
1.12900000 -0.07701921
1.13000000 -0.07661410
1.13100000 -0.07621146
1.13200000 -0.07581127
1.13300000 -0.07541352
1.13400000 -0.07501819
1.13500000 -0.07462526
1.13600000 -0.07423472
1.13700000 -0.07384655
1.13800000 -0.07346074
1.13900000 -0.07307726
1.14000000 -0.07269610
1.14100000 -0.07231725
1.14200000 -0.07194069
1.14300000 -0.07156641
1.14400000 -0.07119438
1.14500000 -0.07082460
1.14600000 -0.07045704
1.14700000 -0.07009170
1.14800000 -0.06972855
1.14900000 -0.06936759
1.15000000 -0.06900880
1.15100000 -0.06865216
1.15200000 -0.06829765
1.15300000 -0.06794527
1.15400000 -0.06759500
1.15500000 -0.06724683
1.15600000 -0.06690074
1.15700000 -0.06655671
1.15800000 -0.06621474
1.15900000 -0.06587480
1.16000000 -0.06553689
1.16100000 -0.06520099
1.16200000 -0.06486709
1.16300000 -0.06453518
1.16400000 -0.06420523
1.16500000 -0.06387725
1.16600000 -0.06355120
1.16700000 -0.06322709
1.16800000 -0.06290490
1.16900000 -0.06258462
1.17000000 -0.06226622
1.17100000 -0.06194971
1.17200000 -0.06163506
1.17300000 -0.06132227
1.17400000 -0.06101132
1.17500000 -0.06070221
1.17600000 -0.06039491
1.17700000 -0.06008941
1.17800000 -0.05978571
1.17900000 -0.05948380
1.18000000 -0.05918365
1.18100000 -0.05888526
1.18200000 -0.05858862
1.18300000 -0.05829371
1.18400000 -0.05800052
1.18500000 -0.05770905
1.18600000 -0.05741928
1.18700000 -0.05713120
1.18800000 -0.05684480
1.18900000 -0.05656006
1.19000000 -0.05627698
1.19100000 -0.05599555
1.19200000 -0.05571575
1.19300000 -0.05543757
1.19400000 -0.05516101
1.19500000 -0.05488605
1.19600000 -0.05461268
1.19700000 -0.05434089
1.19800000 -0.05407067
1.19900000 -0.05380201
1.20000000 -0.05353491
1.20100000 -0.05326934
1.20200000 -0.05300531
1.20300000 -0.05274279
1.20400000 -0.05248179
1.20500000 -0.05222228
1.20600000 -0.05196427
1.20700000 -0.05170773
1.20800000 -0.05145267
1.20900000 -0.05119907
1.21000000 -0.05094692
1.21100000 -0.05069621
1.21200000 -0.05044694
1.21300000 -0.05019909
1.21400000 -0.04995265
1.21500000 -0.04970763
1.21600000 -0.04946399
1.21700000 -0.04922175
1.21800000 -0.04898088
1.21900000 -0.04874138
1.22000000 -0.04850325
1.22100000 -0.04826646
1.22200000 -0.04803102
1.22300000 -0.04779691
1.22400000 -0.04756413
1.22500000 -0.04733267
1.22600000 -0.04710251
1.22700000 -0.04687366
1.22800000 -0.04664609
1.22900000 -0.04641981
1.23000000 -0.04619481
1.23100000 -0.04597107
1.23200000 -0.04574860
1.23300000 -0.04552737
1.23400000 -0.04530739
1.23500000 -0.04508864
1.23600000 -0.04487112
1.23700000 -0.04465482
1.23800000 -0.04443974
1.23900000 -0.04422585
1.24000000 -0.04401316
1.24100000 -0.04380167
1.24200000 -0.04359135
1.24300000 -0.04338220
1.24400000 -0.04317423
1.24500000 -0.04296741
1.24600000 -0.04276174
1.24700000 -0.04255722
1.24800000 -0.04235383
1.24900000 -0.04215158
1.25000000 -0.04195045
1.25100000 -0.04175043
1.25200000 -0.04155152
1.25300000 -0.04135371
1.25400000 -0.04115700
1.25500000 -0.04096138
1.25600000 -0.04076683
1.25700000 -0.04057336
1.25800000 -0.04038096
1.25900000 -0.04018962
1.26000000 -0.03999933
1.26100000 -0.03981009
1.26200000 -0.03962189
1.26300000 -0.03943473
1.26400000 -0.03924859
1.26500000 -0.03906348
1.26600000 -0.03887938
1.26700000 -0.03869629
1.26800000 -0.03851420
1.26900000 -0.03833311
1.27000000 -0.03815301
1.27100000 -0.03797389
1.27200000 -0.03779575
1.27300000 -0.03761858
1.27400000 -0.03744237
1.27500000 -0.03726713
1.27600000 -0.03709284
1.27700000 -0.03691950
1.27800000 -0.03674710
1.27900000 -0.03657564
1.28000000 -0.03640510
1.28100000 -0.03623550
1.28200000 -0.03606681
1.28300000 -0.03589903
1.28400000 -0.03573216
1.28500000 -0.03556620
1.28600000 -0.03540113
1.28700000 -0.03523695
1.28800000 -0.03507365
1.28900000 -0.03491124
1.29000000 -0.03474970
1.29100000 -0.03458903
1.29200000 -0.03442923
1.29300000 -0.03427028
1.29400000 -0.03411219
1.29500000 -0.03395494
1.29600000 -0.03379854
1.29700000 -0.03364298
1.29800000 -0.03348825
1.29900000 -0.03333434
1.30000000 -0.03318126
1.30100000 -0.03302900
1.30200000 -0.03287755
1.30300000 -0.03272691
1.30400000 -0.03257707
1.30500000 -0.03242803
1.30600000 -0.03227978
1.30700000 -0.03213232
1.30800000 -0.03198564
1.30900000 -0.03183974
1.31000000 -0.03169462
1.31100000 -0.03155027
1.31200000 -0.03140668
1.31300000 -0.03126385
1.31400000 -0.03112178
1.31500000 -0.03098045
1.31600000 -0.03083988
1.31700000 -0.03070005
1.31800000 -0.03056095
1.31900000 -0.03042259
1.32000000 -0.03028495
1.32100000 -0.03014805
1.32200000 -0.03001186
1.32300000 -0.02987638
1.32400000 -0.02974162
1.32500000 -0.02960757
1.32600000 -0.02947421
1.32700000 -0.02934156
1.32800000 -0.02920960
1.32900000 -0.02907834
1.33000000 -0.02894775
1.33100000 -0.02881786
1.33200000 -0.02868863
1.33300000 -0.02856009
1.33400000 -0.02843221
1.33500000 -0.02830500
1.33600000 -0.02817845
1.33700000 -0.02805256
1.33800000 -0.02792733
1.33900000 -0.02780274
1.34000000 -0.02767881
1.34100000 -0.02755551
1.34200000 -0.02743286
1.34300000 -0.02731084
1.34400000 -0.02718945
1.34500000 -0.02706869
1.34600000 -0.02694855
1.34700000 -0.02682903
1.34800000 -0.02671013
1.34900000 -0.02659185
1.35000000 -0.02647417
1.35100000 -0.02635710
1.35200000 -0.02624063
1.35300000 -0.02612476
1.35400000 -0.02600949
1.35500000 -0.02589481
1.35600000 -0.02578071
1.35700000 -0.02566720
1.35800000 -0.02555428
1.35900000 -0.02544193
1.36000000 -0.02533016
1.36100000 -0.02521895
1.36200000 -0.02510832
1.36300000 -0.02499825
1.36400000 -0.02488874
1.36500000 -0.02477979
1.36600000 -0.02467140
1.36700000 -0.02456356
1.36800000 -0.02445626
1.36900000 -0.02434952
1.37000000 -0.02424331
1.37100000 -0.02413764
1.37200000 -0.02403251
1.37300000 -0.02392792
1.37400000 -0.02382385
1.37500000 -0.02372031
1.37600000 -0.02361729
1.37700000 -0.02351479
1.37800000 -0.02341281
1.37900000 -0.02331135
1.38000000 -0.02321040
1.38100000 -0.02310996
1.38200000 -0.02301002
1.38300000 -0.02291058
1.38400000 -0.02281165
1.38500000 -0.02271321
1.38600000 -0.02261527
1.38700000 -0.02251782
1.38800000 -0.02242086
1.38900000 -0.02232439
1.39000000 -0.02222839
1.39100000 -0.02213288
1.39200000 -0.02203785
1.39300000 -0.02194329
1.39400000 -0.02184920
1.39500000 -0.02175558
1.39600000 -0.02166243
1.39700000 -0.02156975
1.39800000 -0.02147752
1.39900000 -0.02138576
1.40000000 -0.02129445
1.40100000 -0.02120360
1.40200000 -0.02111319
1.40300000 -0.02102324
1.40400000 -0.02093373
1.40500000 -0.02084466
1.40600000 -0.02075604
1.40700000 -0.02066786
1.40800000 -0.02058011
1.40900000 -0.02049279
1.41000000 -0.02040591
1.41100000 -0.02031945
1.41200000 -0.02023342
1.41300000 -0.02014782
1.41400000 -0.02006264
1.41500000 -0.01997787
1.41600000 -0.01989353
1.41700000 -0.01980960
1.41800000 -0.01972608
1.41900000 -0.01964297
1.42000000 -0.01956026
1.42100000 -0.01947797
1.42200000 -0.01939607
1.42300000 -0.01931458
1.42400000 -0.01923349
1.42500000 -0.01915279
1.42600000 -0.01907249
1.42700000 -0.01899258
1.42800000 -0.01891306
1.42900000 -0.01883392
1.43000000 -0.01875517
1.43100000 -0.01867681
1.43200000 -0.01859883
1.43300000 -0.01852122
1.43400000 -0.01844400
1.43500000 -0.01836714
1.43600000 -0.01829066
1.43700000 -0.01821456
1.43800000 -0.01813882
1.43900000 -0.01806344
1.44000000 -0.01798843
1.44100000 -0.01791379
1.44200000 -0.01783950
1.44300000 -0.01776558
1.44400000 -0.01769201
1.44500000 -0.01761879
1.44600000 -0.01754593
1.44700000 -0.01747342
1.44800000 -0.01740126
1.44900000 -0.01732944
1.45000000 -0.01725797
1.45100000 -0.01718685
1.45200000 -0.01711606
1.45300000 -0.01704562
1.45400000 -0.01697551
1.45500000 -0.01690574
1.45600000 -0.01683630
1.45700000 -0.01676719
1.45800000 -0.01669842
1.45900000 -0.01662997
1.46000000 -0.01656185
1.46100000 -0.01649405
1.46200000 -0.01642658
1.46300000 -0.01635943
1.46400000 -0.01629260
1.46500000 -0.01622609
1.46600000 -0.01615989
1.46700000 -0.01609401
1.46800000 -0.01602844
1.46900000 -0.01596318
1.47000000 -0.01589823
1.47100000 -0.01583359
1.47200000 -0.01576925
1.47300000 -0.01570522
1.47400000 -0.01564149
1.47500000 -0.01557807
1.47600000 -0.01551494
1.47700000 -0.01545211
1.47800000 -0.01538958
1.47900000 -0.01532734
1.48000000 -0.01526539
1.48100000 -0.01520374
1.48200000 -0.01514238
1.48300000 -0.01508130
1.48400000 -0.01502051
1.48500000 -0.01496001
1.48600000 -0.01489979
1.48700000 -0.01483986
1.48800000 -0.01478020
1.48900000 -0.01472082
1.49000000 -0.01466173
1.49100000 -0.01460290
1.49200000 -0.01454436
1.49300000 -0.01448608
1.49400000 -0.01442808
1.49500000 -0.01437035
1.49600000 -0.01431289
1.49700000 -0.01425569
1.49800000 -0.01419876
1.49900000 -0.01414210
1.50000000 -0.01408570
1.50100000 -0.01402956
1.50200000 -0.01397368
1.50300000 -0.01391806
1.50400000 -0.01386270
1.50500000 -0.01380760
1.50600000 -0.01375275
1.50700000 -0.01369816
1.50800000 -0.01364381
1.50900000 -0.01358972
1.51000000 -0.01353588
1.51100000 -0.01348229
1.51200000 -0.01342894
1.51300000 -0.01337584
1.51400000 -0.01332298
1.51500000 -0.01327037
1.51600000 -0.01321800
1.51700000 -0.01316587
1.51800000 -0.01311398
1.51900000 -0.01306233
1.52000000 -0.01301091
1.52100000 -0.01295974
1.52200000 -0.01290879
1.52300000 -0.01285808
1.52400000 -0.01280760
1.52500000 -0.01275735
1.52600000 -0.01270733
1.52700000 -0.01265754
1.52800000 -0.01260798
1.52900000 -0.01255864
1.53000000 -0.01250953
1.53100000 -0.01246064
1.53200000 -0.01241198
1.53300000 -0.01236353
1.53400000 -0.01231531
1.53500000 -0.01226730
1.53600000 -0.01221952
1.53700000 -0.01217195
1.53800000 -0.01212459
1.53900000 -0.01207745
1.54000000 -0.01203053
1.54100000 -0.01198381
1.54200000 -0.01193731
1.54300000 -0.01189102
1.54400000 -0.01184493
1.54500000 -0.01179906
1.54600000 -0.01175339
1.54700000 -0.01170793
1.54800000 -0.01166267
1.54900000 -0.01161762
1.55000000 -0.01157277
1.55100000 -0.01152812
1.55200000 -0.01148367
1.55300000 -0.01143942
1.55400000 -0.01139537
1.55500000 -0.01135152
1.55600000 -0.01130786
1.55700000 -0.01126440
1.55800000 -0.01122114
1.55900000 -0.01117806
1.56000000 -0.01113519
1.56100000 -0.01109250
1.56200000 -0.01105000
1.56300000 -0.01100769
1.56400000 -0.01096557
1.56500000 -0.01092364
1.56600000 -0.01088190
1.56700000 -0.01084034
1.56800000 -0.01079897
1.56900000 -0.01075778
1.57000000 -0.01071677
1.57100000 -0.01067595
1.57200000 -0.01063530
1.57300000 -0.01059484
1.57400000 -0.01055456
1.57500000 -0.01051445
1.57600000 -0.01047453
1.57700000 -0.01043478
1.57800000 -0.01039520
1.57900000 -0.01035580
1.58000000 -0.01031657
1.58100000 -0.01027752
1.58200000 -0.01023864
1.58300000 -0.01019993
1.58400000 -0.01016139
1.58500000 -0.01012302
1.58600000 -0.01008482
1.58700000 -0.01004679
1.58800000 -0.01000893
1.58900000 -0.00997123
1.59000000 -0.00993369
1.59100000 -0.00989632
1.59200000 -0.00985912
1.59300000 -0.00982208
1.59400000 -0.00978520
1.59500000 -0.00974848
1.59600000 -0.00971192
1.59700000 -0.00967552
1.59800000 -0.00963928
1.59900000 -0.00960320
1.60000000 -0.00956728
1.60100000 -0.00953151
1.60200000 -0.00949590
1.60300000 -0.00946044
1.60400000 -0.00942514
1.60500000 -0.00938999
1.60600000 -0.00935500
1.60700000 -0.00932015
1.60800000 -0.00928546
1.60900000 -0.00925092
1.61000000 -0.00921652
1.61100000 -0.00918228
1.61200000 -0.00914818
1.61300000 -0.00911424
1.61400000 -0.00908044
1.61500000 -0.00904678
1.61600000 -0.00901327
1.61700000 -0.00897991
1.61800000 -0.00894669
1.61900000 -0.00891361
1.62000000 -0.00888067
1.62100000 -0.00884788
1.62200000 -0.00881523
1.62300000 -0.00878271
1.62400000 -0.00875034
1.62500000 -0.00871811
1.62600000 -0.00868601
1.62700000 -0.00865406
1.62800000 -0.00862224
1.62900000 -0.00859055
1.63000000 -0.00855901
1.63100000 -0.00852759
1.63200000 -0.00849631
1.63300000 -0.00846517
1.63400000 -0.00843416
1.63500000 -0.00840328
1.63600000 -0.00837253
1.63700000 -0.00834191
1.63800000 -0.00831143
1.63900000 -0.00828107
1.64000000 -0.00825084
1.64100000 -0.00822074
1.64200000 -0.00819077
1.64300000 -0.00816093
1.64400000 -0.00813121
1.64500000 -0.00810162
1.64600000 -0.00807216
1.64700000 -0.00804282
1.64800000 -0.00801360
1.64900000 -0.00798451
1.65000000 -0.00795554
1.65100000 -0.00792669
1.65200000 -0.00789797
1.65300000 -0.00786936
1.65400000 -0.00784088
1.65500000 -0.00781252
1.65600000 -0.00778427
1.65700000 -0.00775615
1.65800000 -0.00772814
1.65900000 -0.00770026
1.66000000 -0.00767249
1.66100000 -0.00764483
1.66200000 -0.00761729
1.66300000 -0.00758987
1.66400000 -0.00756257
1.66500000 -0.00753537
1.66600000 -0.00750829
1.66700000 -0.00748133
1.66800000 -0.00745448
1.66900000 -0.00742774
1.67000000 -0.00740111
1.67100000 -0.00737459
1.67200000 -0.00734818
1.67300000 -0.00732189
1.67400000 -0.00729570
1.67500000 -0.00726962
1.67600000 -0.00724366
1.67700000 -0.00721780
1.67800000 -0.00719204
1.67900000 -0.00716640
1.68000000 -0.00714086
1.68100000 -0.00711542
1.68200000 -0.00709010
1.68300000 -0.00706487
1.68400000 -0.00703976
1.68500000 -0.00701474
1.68600000 -0.00698983
1.68700000 -0.00696502
1.68800000 -0.00694032
1.68900000 -0.00691572
1.69000000 -0.00689122
1.69100000 -0.00686682
1.69200000 -0.00684252
1.69300000 -0.00681832
1.69400000 -0.00679422
1.69500000 -0.00677022
1.69600000 -0.00674632
1.69700000 -0.00672252
1.69800000 -0.00669881
1.69900000 -0.00667520
1.70000000 -0.00665169
1.70100000 -0.00662828
1.70200000 -0.00660496
1.70300000 -0.00658174
1.70400000 -0.00655861
1.70500000 -0.00653558
1.70600000 -0.00651264
1.70700000 -0.00648980
1.70800000 -0.00646705
1.70900000 -0.00644439
1.71000000 -0.00642182
1.71100000 -0.00639935
1.71200000 -0.00637697
1.71300000 -0.00635468
1.71400000 -0.00633248
1.71500000 -0.00631037
1.71600000 -0.00628835
1.71700000 -0.00626642
1.71800000 -0.00624458
1.71900000 -0.00622283
1.72000000 -0.00620116
1.72100000 -0.00617959
1.72200000 -0.00615810
1.72300000 -0.00613670
1.72400000 -0.00611538
1.72500000 -0.00609416
1.72600000 -0.00607301
1.72700000 -0.00605196
1.72800000 -0.00603099
1.72900000 -0.00601010
1.73000000 -0.00598930
1.73100000 -0.00596858
1.73200000 -0.00594794
1.73300000 -0.00592739
1.73400000 -0.00590692
1.73500000 -0.00588653
1.73600000 -0.00586623
1.73700000 -0.00584601
1.73800000 -0.00582586
1.73900000 -0.00580580
1.74000000 -0.00578582
1.74100000 -0.00576592
1.74200000 -0.00574610
1.74300000 -0.00572636
1.74400000 -0.00570670
1.74500000 -0.00568712
1.74600000 -0.00566761
1.74700000 -0.00564818
1.74800000 -0.00562883
1.74900000 -0.00560956
1.75000000 -0.00559037
1.75100000 -0.00557125
1.75200000 -0.00555220
1.75300000 -0.00553324
1.75400000 -0.00551435
1.75500000 -0.00549553
1.75600000 -0.00547679
1.75700000 -0.00545812
1.75800000 -0.00543953
1.75900000 -0.00542101
1.76000000 -0.00540257
1.76100000 -0.00538419
1.76200000 -0.00536589
1.76300000 -0.00534767
1.76400000 -0.00532951
1.76500000 -0.00531143
1.76600000 -0.00529342
1.76700000 -0.00527548
1.76800000 -0.00525761
1.76900000 -0.00523981
1.77000000 -0.00522208
1.77100000 -0.00520442
1.77200000 -0.00518684
1.77300000 -0.00516932
1.77400000 -0.00515187
1.77500000 -0.00513448
1.77600000 -0.00511717
1.77700000 -0.00509992
1.77800000 -0.00508275
1.77900000 -0.00506564
1.78000000 -0.00504859
1.78100000 -0.00503162
1.78200000 -0.00501471
1.78300000 -0.00499786
1.78400000 -0.00498109
1.78500000 -0.00496437
1.78600000 -0.00494773
1.78700000 -0.00493114
1.78800000 -0.00491463
1.78900000 -0.00489818
1.79000000 -0.00488179
1.79100000 -0.00486546
1.79200000 -0.00484920
1.79300000 -0.00483301
1.79400000 -0.00481687
1.79500000 -0.00480080
1.79600000 -0.00478479
1.79700000 -0.00476884
1.79800000 -0.00475296
1.79900000 -0.00473714
1.80000000 -0.00472137
1.80100000 -0.00470567
1.80200000 -0.00469003
1.80300000 -0.00467446
1.80400000 -0.00465894
1.80500000 -0.00464348
1.80600000 -0.00462808
1.80700000 -0.00461274
1.80800000 -0.00459746
1.80900000 -0.00458224
1.81000000 -0.00456708
1.81100000 -0.00455197
1.81200000 -0.00453693
1.81300000 -0.00452194
1.81400000 -0.00450701
1.81500000 -0.00449214
1.81600000 -0.00447732
1.81700000 -0.00446256
1.81800000 -0.00444786
1.81900000 -0.00443322
1.82000000 -0.00441863
1.82100000 -0.00440409
1.82200000 -0.00438962
1.82300000 -0.00437520
1.82400000 -0.00436083
1.82500000 -0.00434652
1.82600000 -0.00433226
1.82700000 -0.00431806
1.82800000 -0.00430391
1.82900000 -0.00428982
1.83000000 -0.00427578
1.83100000 -0.00426179
1.83200000 -0.00424786
1.83300000 -0.00423398
1.83400000 -0.00422015
1.83500000 -0.00420637
1.83600000 -0.00419265
1.83700000 -0.00417898
1.83800000 -0.00416536
1.83900000 -0.00415180
1.84000000 -0.00413828
1.84100000 -0.00412482
1.84200000 -0.00411141
1.84300000 -0.00409804
1.84400000 -0.00408473
1.84500000 -0.00407147
1.84600000 -0.00405826
1.84700000 -0.00404510
1.84800000 -0.00403199
1.84900000 -0.00401893
1.85000000 -0.00400592
1.85100000 -0.00399295
1.85200000 -0.00398004
1.85300000 -0.00396718
1.85400000 -0.00395436
1.85500000 -0.00394159
1.85600000 -0.00392887
1.85700000 -0.00391620
1.85800000 -0.00390357
1.85900000 -0.00389099
1.86000000 -0.00387846
1.86100000 -0.00386598
1.86200000 -0.00385354
1.86300000 -0.00384115
1.86400000 -0.00382881
1.86500000 -0.00381651
1.86600000 -0.00380426
1.86700000 -0.00379206
1.86800000 -0.00377990
1.86900000 -0.00376778
1.87000000 -0.00375572
1.87100000 -0.00374369
1.87200000 -0.00373171
1.87300000 -0.00371978
1.87400000 -0.00370789
1.87500000 -0.00369604
1.87600000 -0.00368424
1.87700000 -0.00367249
1.87800000 -0.00366077
1.87900000 -0.00364910
1.88000000 -0.00363748
1.88100000 -0.00362589
1.88200000 -0.00361435
1.88300000 -0.00360285
1.88400000 -0.00359140
1.88500000 -0.00357999
1.88600000 -0.00356862
1.88700000 -0.00355729
1.88800000 -0.00354600
1.88900000 -0.00353476
1.89000000 -0.00352355
1.89100000 -0.00351239
1.89200000 -0.00350127
1.89300000 -0.00349019
1.89400000 -0.00347915
1.89500000 -0.00346816
1.89600000 -0.00345720
1.89700000 -0.00344628
1.89800000 -0.00343541
1.89900000 -0.00342457
1.90000000 -0.00341377
1.90100000 -0.00340302
1.90200000 -0.00339230
1.90300000 -0.00338162
1.90400000 -0.00337098
1.90500000 -0.00336038
1.90600000 -0.00334982
1.90700000 -0.00333930
1.90800000 -0.00332881
1.90900000 -0.00331837
1.91000000 -0.00330796
1.91100000 -0.00329759
1.91200000 -0.00328726
1.91300000 -0.00327697
1.91400000 -0.00326671
1.91500000 -0.00325649
1.91600000 -0.00324631
1.91700000 -0.00323616
1.91800000 -0.00322606
1.91900000 -0.00321599
1.92000000 -0.00320595
1.92100000 -0.00319596
1.92200000 -0.00318599
1.92300000 -0.00317607
1.92400000 -0.00316618
1.92500000 -0.00315633
1.92600000 -0.00314651
1.92700000 -0.00313673
1.92800000 -0.00312698
1.92900000 -0.00311727
1.93000000 -0.00310760
1.93100000 -0.00309796
1.93200000 -0.00308835
1.93300000 -0.00307878
1.93400000 -0.00306924
1.93500000 -0.00305974
1.93600000 -0.00305027
1.93700000 -0.00304084
1.93800000 -0.00303144
1.93900000 -0.00302207
1.94000000 -0.00301274
1.94100000 -0.00300344
1.94200000 -0.00299418
1.94300000 -0.00298495
1.94400000 -0.00297575
1.94500000 -0.00296658
1.94600000 -0.00295745
1.94700000 -0.00294835
1.94800000 -0.00293928
1.94900000 -0.00293025
1.95000000 -0.00292125
1.95100000 -0.00291228
1.95200000 -0.00290334
1.95300000 -0.00289443
1.95400000 -0.00288556
1.95500000 -0.00287672
1.95600000 -0.00286791
1.95700000 -0.00285913
1.95800000 -0.00285038
1.95900000 -0.00284166
1.96000000 -0.00283298
1.96100000 -0.00282432
1.96200000 -0.00281570
1.96300000 -0.00280711
1.96400000 -0.00279854
1.96500000 -0.00279001
1.96600000 -0.00278151
1.96700000 -0.00277304
1.96800000 -0.00276460
1.96900000 -0.00275618
1.97000000 -0.00274780
1.97100000 -0.00273945
1.97200000 -0.00273113
1.97300000 -0.00272284
1.97400000 -0.00271457
1.97500000 -0.00270634
1.97600000 -0.00269813
1.97700000 -0.00268996
1.97800000 -0.00268181
1.97900000 -0.00267369
1.98000000 -0.00266560
1.98100000 -0.00265754
1.98200000 -0.00264951
1.98300000 -0.00264150
1.98400000 -0.00263353
1.98500000 -0.00262558
1.98600000 -0.00261766
1.98700000 -0.00260976
1.98800000 -0.00260190
1.98900000 -0.00259406
1.99000000 -0.00258625
1.99100000 -0.00257847
1.99200000 -0.00257072
1.99300000 -0.00256299
1.99400000 -0.00255529
1.99500000 -0.00254761
1.99600000 -0.00253997
1.99700000 -0.00253235
1.99800000 -0.00252475
1.99900000 -0.00251719
2.00000000 -0.00250965
