0.10000000 2433901334.89089489
0.10100000 2159954920.48602486
0.10200000 1919098315.00054097
0.10300000 1707067155.93407273
0.10400000 1520180476.42275429
0.10500000 1355256347.53699040
0.10600000 1209540363.85325766
0.10700000 1080644920.44467092
0.10800000 966497572.38465726
0.10900000 865297051.00011861
0.11000000 775475745.30093455
0.11100000 695667651.06106532
0.11200000 624680951.09570277
0.11300000 561474524.20403981
0.11400000 505137791.79110479
0.11500000 454873404.23915684
0.11600000 409982346.85992515
0.11700000 369851110.34182215
0.11800000 333940625.16383797
0.11900000 301776705.25294983
0.12000000 272941784.67706501
0.12100000 247067763.59928873
0.12200000 223829807.07195941
0.12300000 202940963.34969398
0.12400000 184147487.93823558
0.12500000 167224776.14282766
0.12600000 151973820.91317797
0.12700000 138218124.69966254
0.12800000 125801004.16969362
0.12900000 114583235.26221941
0.13000000 104440993.41514787
0.13100000 95264050.08058783
0.13200000 86954192.01043312
0.13300000 79423834.38817641
0.13400000 72594802.81835288
0.13500000 66397262.56090029
0.13600000 60768776.29694261
0.13700000 55653474.20523200
0.13800000 51001322.27414007
0.13900000 46767476.62306361
0.14000000 42911713.20217601
0.14100000 39397923.61697515
0.14200000 36193669.01499201
0.14300000 33269785.00269528
0.14400000 30600031.45354271
0.14500000 28160781.84249320
0.14600000 25930747.41452210
0.14700000 23890732.07882761
0.14800000 22023414.42851740
0.14900000 20313153.72794915
0.15000000 18745817.09543234
0.15100000 17308625.44530515
0.15200000 15990016.04703514
0.15300000 14779519.81560701
0.15400000 13667651.67192252
0.15500000 12645812.50845262
0.15600000 11706201.46757821
0.15700000 10841737.39107669
0.15800000 10045988.43177170
0.15900000 9313108.93481980
0.16000000 8637782.79850088
0.16100000 8015172.61448204
0.16200000 7440873.96687673
0.16300000 6910874.33936091
0.16400000 6421516.14130172
0.16500000 5969463.41831569
0.16600000 5551671.86078839
0.16700000 5165361.76642776
0.16800000 4807993.65056281
0.16900000 4477246.23122810
0.17000000 4170996.54560719
0.17100000 3887301.98059685
0.17200000 3624384.02349362
0.17300000 3380613.55944137
0.17400000 3154497.56061825
0.17500000 2944667.02844986
0.17600000 2749866.06464802
0.17700000 2568941.95979780
0.17800000 2400836.19973079
0.17900000 2244576.30019061
0.18000000 2099268.38945807
0.18100000 1964090.46678301
0.18200000 1838286.27177745
0.18300000 1721159.70645751
0.18400000 1612069.75746483
0.18500000 1510425.87122904
0.18600000 1415683.73951714
0.18700000 1327341.45701361
0.18800000 1244936.01633962
0.18900000 1168040.10929703
0.19000000 1096259.20615519
0.19100000 1029228.88752199
0.19200000 966612.40578890
0.19300000 908098.45534093
0.19400000 853399.13270369
0.19500000 802248.06958271
0.19600000 754398.72335691
0.19700000 709622.81103604
0.19800000 667708.87399727
0.19900000 628460.96199441
0.20000000 591697.42599655
0.20100000 557249.81037331
0.20200000 524961.83581197
0.20300000 494688.46513637
0.20400000 466295.04490731
0.20500000 439656.51632673
0.20600000 414656.68954939
0.20700000 391187.57603312
0.20800000 369148.77403592
0.20900000 348446.90280170
0.21000000 328995.08136906
0.21100000 310712.44829442
0.21200000 293523.71890449
0.21300000 277358.77698745
0.21400000 262152.29809949
0.21500000 247843.40190673
0.21600000 234375.33120363
0.21700000 221695.15545041
0.21800000 209753.49685547
0.21900000 198504.27719552
0.22000000 187904.48371863
0.22100000 177913.95261420
0.22200000 168495.16866000
0.22300000 159613.07977263
0.22400000 151234.92529251
0.22500000 143330.07693128
0.22600000 135869.89139721
0.22700000 128827.57379481
0.22800000 122178.05096821
0.22900000 115897.85402520
0.23000000 109965.00934045
0.23100000 104358.93739258
0.23200000 99060.35884162
0.23300000 94051.20730038
0.23400000 89314.54829689
0.23500000 84834.50396447
0.23600000 80596.18303273
0.23700000 76585.61572603
0.23800000 72789.69320678
0.23900000 69196.11122885
0.24000000 65793.31769277
0.24100000 62570.46381748
0.24200000 59517.35866596
0.24300000 56624.42678164
0.24400000 53882.66871130
0.24500000 51283.62420701
0.24600000 48819.33791544
0.24700000 46482.32737719
0.24800000 44265.55317222
0.24900000 42162.39105948
0.25000000 40166.60597042
0.25100000 38272.32772613
0.25200000 36474.02835778
0.25300000 34766.50091860
0.25400000 33144.83968408
0.25500000 31604.42164430
0.25600000 30140.88919966
0.25700000 28750.13397733
0.25800000 27428.28169192
0.25900000 26171.67797934
0.26000000 24976.87513781
0.26100000 23840.61971487
0.26200000 22759.84088326
0.26300000 21731.63955298
0.26400000 20753.27817032
0.26500000 19822.17115799
0.26600000 18935.87595411
0.26700000 18092.08461024
0.26800000 17288.61591184
0.26900000 16523.40798682
0.27000000 15794.51137033
0.27100000 15100.08249597
0.27200000 14438.37758597
0.27300000 13807.74691434
0.27400000 13206.62941910
0.27500000 12633.54764116
0.27600000 12087.10296890
0.27700000 11565.97116904
0.27800000 11068.89818564
0.27900000 10594.69619014
0.28000000 10142.23986676
0.28100000 9710.46291833
0.28200000 9298.35477894
0.28300000 8904.95752024
0.28400000 8529.36293959
0.28500000 8170.70981864
0.28600000 7828.18134190
0.28700000 7501.00266538
0.28800000 7188.43862617
0.28900000 6889.79158427
0.29000000 6604.39938866
0.29100000 6331.63346005
0.29200000 6070.89698329
0.29300000 5821.62320271
0.29400000 5583.27381432
0.29500000 5355.33744906
0.29600000 5137.32824157
0.29700000 4928.78447947
0.29800000 4729.26732836
0.29900000 4538.35962803
0.30000000 4355.66475574
0.30100000 4180.80555253
0.30200000 4013.42330905
0.30300000 3853.17680720
0.30400000 3699.74141450
0.30500000 3552.80822811
0.30600000 3412.08326559
0.30700000 3277.28669968
0.30800000 3148.15213467
0.30900000 3024.42592191
0.31000000 2905.86651218
0.31100000 2792.24384298
0.31200000 2683.33875857
0.31300000 2578.94246105
0.31400000 2478.85599062
0.31500000 2382.88973353
0.31600000 2290.86295599
0.31700000 2202.60336271
0.31800000 2117.94667867
0.31900000 2036.73625283
0.32000000 1958.82268254
0.32100000 1884.06345752
0.32200000 1812.32262244
0.32300000 1743.47045682
0.32400000 1677.38317160
0.32500000 1613.94262133
0.32600000 1553.03603102
0.32700000 1494.55573713
0.32800000 1438.39894169
0.32900000 1384.46747895
0.33000000 1332.66759388
0.33100000 1282.90973186
0.33200000 1235.10833904
0.33300000 1189.18167265
0.33400000 1145.05162088
0.33500000 1102.64353178
0.33600000 1061.88605063
0.33700000 1022.71096549
0.33800000 985.05306030
0.33900000 948.84997531
0.34000000 914.04207441
0.34100000 880.57231889
0.34200000 848.38614749
0.34300000 817.43136224
0.34400000 787.65801988
0.34500000 759.01832861
0.34600000 731.46654975
0.34700000 704.95890425
0.34800000 679.45348362
0.34900000 654.91016519
0.35000000 631.29053143
0.35100000 608.55779313
0.35200000 586.67671617
0.35300000 565.61355190
0.35400000 545.33597070
0.35500000 525.81299876
0.35600000 507.01495777
0.35700000 488.91340754
0.35800000 471.48109121
0.35900000 454.69188307
0.36000000 438.52073884
0.36100000 422.94364821
0.36200000 407.93758963
0.36300000 393.48048713
0.36400000 379.55116917
0.36500000 366.12932945
0.36600000 353.19548935
0.36700000 340.73096226
0.36800000 328.71781946
0.36900000 317.13885755
0.37000000 305.97756735
0.37100000 295.21810428
0.37200000 284.84526000
0.37300000 274.84443535
0.37400000 265.20161452
0.37500000 255.90334040
0.37600000 246.93669095
0.37700000 238.28925672
0.37800000 229.94911930
0.37900000 221.90483079
0.38000000 214.14539410
0.38100000 206.66024419
0.38200000 199.43923010
0.38300000 192.47259778
0.38400000 185.75097365
0.38500000 179.26534896
0.38600000 173.00706470
0.38700000 166.96779727
0.38800000 161.13954474
0.38900000 155.51461371
0.39000000 150.08560672
0.39100000 144.84541019
0.39200000 139.78718296
0.39300000 134.90434522
0.39400000 130.19056796
0.39500000 125.63976288
0.39600000 121.24607270
0.39700000 117.00386192
0.39800000 112.90770791
0.39900000 108.95239245
0.40000000 105.13289358
0.40100000 101.44437780
0.40200000 97.88219260
0.40300000 94.44185930
0.40400000 91.11906621
0.40500000 87.90966203
0.40600000 84.80964958
0.40700000 81.81517975
0.40800000 78.92254568
0.40900000 76.12817727
0.41000000 73.42863581
0.41100000 70.82060891
0.41200000 68.30090558
0.41300000 65.86645154
0.41400000 63.51428476
0.41500000 61.24155106
0.41600000 59.04550006
0.41700000 56.92348111
0.41800000 54.87293956
0.41900000 52.89141305
0.42000000 50.97652801
0.42100000 49.12599627
0.42200000 47.33761185
0.42300000 45.60924784
0.42400000 43.93885341
0.42500000 42.32445096
0.42600000 40.76413333
0.42700000 39.25606121
0.42800000 37.79846058
0.42900000 36.38962023
0.43000000 35.02788950
0.43100000 33.71167597
0.43200000 32.43944329
0.43300000 31.20970917
0.43400000 30.02104329
0.43500000 28.87206548
0.43600000 27.76144378
0.43700000 26.68789275
0.43800000 25.65017171
0.43900000 24.64708313
0.44000000 23.67747104
0.44100000 22.74021952
0.44200000 21.83425126
0.44300000 20.95852611
0.44400000 20.11203981
0.44500000 19.29382262
0.44600000 18.50293812
0.44700000 17.73848199
0.44800000 16.99958085
0.44900000 16.28539117
0.45000000 15.59509820
0.45100000 14.92791493
0.45200000 14.28308109
0.45300000 13.65986223
0.45400000 13.05754878
0.45500000 12.47545517
0.45600000 11.91291899
0.45700000 11.36930017
0.45800000 10.84398016
0.45900000 10.33636123
0.46000000 9.84586570
0.46100000 9.37193524
0.46200000 8.91403020
0.46300000 8.47162896
0.46400000 8.04422730
0.46500000 7.63133778
0.46600000 7.23248917
0.46700000 6.84722589
0.46800000 6.47510747
0.46900000 6.11570801
0.47000000 5.76861569
0.47100000 5.43343228
0.47200000 5.10977269
0.47300000 4.79726450
0.47400000 4.49554752
0.47500000 4.20427340
0.47600000 3.92310519
0.47700000 3.65171699
0.47800000 3.38979354
0.47900000 3.13702987
0.48000000 2.89313097
0.48100000 2.65781142
0.48200000 2.43079508
0.48300000 2.21181480
0.48400000 2.00061207
0.48500000 1.79693678
0.48600000 1.60054688
0.48700000 1.41120818
0.48800000 1.22869403
0.48900000 1.05278508
0.49000000 0.88326906
0.49100000 0.71994053
0.49200000 0.56260063
0.49300000 0.41105690
0.49400000 0.26512304
0.49500000 0.12461874
0.49600000 -0.01063058
0.49700000 -0.14079389
0.49800000 -0.26603477
0.49900000 -0.38651161
0.50000000 -0.50237772
0.50100000 -0.61378155
0.50200000 -0.72086682
0.50300000 -0.82377270
0.50400000 -0.92263391
0.50500000 -1.01758094
0.50600000 -1.10874012
0.50700000 -1.19623379
0.50800000 -1.28018041
0.50900000 -1.36069472
0.51000000 -1.43788781
0.51100000 -1.51186728
0.51200000 -1.58273735
0.51300000 -1.65059893
0.51400000 -1.71554977
0.51500000 -1.77768455
0.51600000 -1.83709497
0.51700000 -1.89386984
0.51800000 -1.94809519
0.51900000 -1.99985436
0.52000000 -2.04922806
0.52100000 -2.09629449
0.52200000 -2.14112939
0.52300000 -2.18380612
0.52400000 -2.22439578
0.52500000 -2.26296720
0.52600000 -2.29958710
0.52700000 -2.33432009
0.52800000 -2.36722878
0.52900000 -2.39837382
0.53000000 -2.42781397
0.53100000 -2.45560614
0.53200000 -2.48180549
0.53300000 -2.50646546
0.53400000 -2.52963780
0.53500000 -2.55137269
0.53600000 -2.57171869
0.53700000 -2.59072291
0.53800000 -2.60843095
0.53900000 -2.62488700
0.54000000 -2.64013390
0.54100000 -2.65421312
0.54200000 -2.66716485
0.54300000 -2.67902806
0.54400000 -2.68984047
0.54500000 -2.69963863
0.54600000 -2.70845798
0.54700000 -2.71633283
0.54800000 -2.72329644
0.54900000 -2.72938101
0.55000000 -2.73461777
0.55100000 -2.73903695
0.55200000 -2.74266786
0.55300000 -2.74553887
0.55400000 -2.74767750
0.55500000 -2.74911038
0.55600000 -2.74986332
0.55700000 -2.74996134
0.55800000 -2.74942865
0.55900000 -2.74828873
0.56000000 -2.74656432
0.56100000 -2.74427743
0.56200000 -2.74144939
0.56300000 -2.73810089
0.56400000 -2.73425192
0.56500000 -2.72992190
0.56600000 -2.72512958
0.56700000 -2.71989318
0.56800000 -2.71423029
0.56900000 -2.70815800
0.57000000 -2.70169282
0.57100000 -2.69485077
0.57200000 -2.68764733
0.57300000 -2.68009751
0.57400000 -2.67221586
0.57500000 -2.66401644
0.57600000 -2.65551288
0.57700000 -2.64671837
0.57800000 -2.63764569
0.57900000 -2.62830719
0.58000000 -2.61871485
0.58100000 -2.60888026
0.58200000 -2.59881462
0.58300000 -2.58852881
0.58400000 -2.57803331
0.58500000 -2.56733830
0.58600000 -2.55645363
0.58700000 -2.54538880
0.58800000 -2.53415303
0.58900000 -2.52275523
0.59000000 -2.51120403
0.59100000 -2.49950776
0.59200000 -2.48767450
0.59300000 -2.47571204
0.59400000 -2.46362793
0.59500000 -2.45142946
0.59600000 -2.43912370
0.59700000 -2.42671745
0.59800000 -2.41421732
0.59900000 -2.40162968
0.60000000 -2.38896069
0.60100000 -2.37621630
0.60200000 -2.36340226
0.60300000 -2.35052413
0.60400000 -2.33758728
0.60500000 -2.32459689
0.60600000 -2.31155797
0.60700000 -2.29847535
0.60800000 -2.28535371
0.60900000 -2.27219755
0.61000000 -2.25901121
0.61100000 -2.24579890
0.61200000 -2.23256466
0.61300000 -2.21931241
0.61400000 -2.20604590
0.61500000 -2.19276877
0.61600000 -2.17948453
0.61700000 -2.16619654
0.61800000 -2.15290807
0.61900000 -2.13962224
0.62000000 -2.12634208
0.62100000 -2.11307049
0.62200000 -2.09981027
0.62300000 -2.08656412
0.62400000 -2.07333462
0.62500000 -2.06012428
0.62600000 -2.04693549
0.62700000 -2.03377055
0.62800000 -2.02063168
0.62900000 -2.00752100
0.63000000 -1.99444057
0.63100000 -1.98139234
0.63200000 -1.96837820
0.63300000 -1.95539995
0.63400000 -1.94245932
0.63500000 -1.92955798
0.63600000 -1.91669751
0.63700000 -1.90387943
0.63800000 -1.89110520
0.63900000 -1.87837622
0.64000000 -1.86569381
0.64100000 -1.85305925
0.64200000 -1.84047375
0.64300000 -1.82793847
0.64400000 -1.81545450
0.64500000 -1.80302291
0.64600000 -1.79064470
0.64700000 -1.77832081
0.64800000 -1.76605214
0.64900000 -1.75383957
0.65000000 -1.74168389
0.65100000 -1.72958588
0.65200000 -1.71754627
0.65300000 -1.70556575
0.65400000 -1.69364496
0.65500000 -1.68178451
0.65600000 -1.66998498
0.65700000 -1.65824691
0.65800000 -1.64657081
0.65900000 -1.63495713
0.66000000 -1.62340633
0.66100000 -1.61191880
0.66200000 -1.60049494
0.66300000 -1.58913508
0.66400000 -1.57783955
0.66500000 -1.56660864
0.66600000 -1.55544262
0.66700000 -1.54434174
0.66800000 -1.53330621
0.66900000 -1.52233623
0.67000000 -1.51143196
0.67100000 -1.50059357
0.67200000 -1.48982117
0.67300000 -1.47911487
0.67400000 -1.46847477
0.67500000 -1.45790094
0.67600000 -1.44739342
0.67700000 -1.43695225
0.67800000 -1.42657744
0.67900000 -1.41626900
0.68000000 -1.40602690
0.68100000 -1.39585112
0.68200000 -1.38574162
0.68300000 -1.37569832
0.68400000 -1.36572116
0.68500000 -1.35581004
0.68600000 -1.34596488
0.68700000 -1.33618556
0.68800000 -1.32647194
0.68900000 -1.31682391
0.69000000 -1.30724130
0.69100000 -1.29772398
0.69200000 -1.28827176
0.69300000 -1.27888448
0.69400000 -1.26956194
0.69500000 -1.26030397
0.69600000 -1.25111034
0.69700000 -1.24198086
0.69800000 -1.23291530
0.69900000 -1.22391344
0.70000000 -1.21497504
0.70100000 -1.20609988
0.70200000 -1.19728769
0.70300000 -1.18853823
0.70400000 -1.17985125
0.70500000 -1.17122647
0.70600000 -1.16266363
0.70700000 -1.15416245
0.70800000 -1.14572266
0.70900000 -1.13734397
0.71000000 -1.12902610
0.71100000 -1.12076875
0.71200000 -1.11257162
0.71300000 -1.10443442
0.71400000 -1.09635685
0.71500000 -1.08833859
0.71600000 -1.08037934
0.71700000 -1.07247878
0.71800000 -1.06463660
0.71900000 -1.05685249
0.72000000 -1.04912611
0.72100000 -1.04145716
0.72200000 -1.03384530
0.72300000 -1.02629021
0.72400000 -1.01879156
0.72500000 -1.01134902
0.72600000 -1.00396225
0.72700000 -0.99663094
0.72800000 -0.98935474
0.72900000 -0.98213331
0.73000000 -0.97496633
0.73100000 -0.96785345
0.73200000 -0.96079434
0.73300000 -0.95378865
0.73400000 -0.94683606
0.73500000 -0.93993622
0.73600000 -0.93308879
0.73700000 -0.92629344
0.73800000 -0.91954981
0.73900000 -0.91285758
0.74000000 -0.90621640
0.74100000 -0.89962593
0.74200000 -0.89308583
0.74300000 -0.88659577
0.74400000 -0.88015540
0.74500000 -0.87376439
0.74600000 -0.86742240
0.74700000 -0.86112908
0.74800000 -0.85488411
0.74900000 -0.84868715
0.75000000 -0.84253785
0.75100000 -0.83643590
0.75200000 -0.83038094
0.75300000 -0.82437266
0.75400000 -0.81841071
0.75500000 -0.81249477
0.75600000 -0.80662450
0.75700000 -0.80079958
0.75800000 -0.79501968
0.75900000 -0.78928447
0.76000000 -0.78359362
0.76100000 -0.77794682
0.76200000 -0.77234374
0.76300000 -0.76678405
0.76400000 -0.76126743
0.76500000 -0.75579358
0.76600000 -0.75036216
0.76700000 -0.74497287
0.76800000 -0.73962538
0.76900000 -0.73431939
0.77000000 -0.72905457
0.77100000 -0.72383063
0.77200000 -0.71864726
0.77300000 -0.71350413
0.77400000 -0.70840096
0.77500000 -0.70333743
0.77600000 -0.69831324
0.77700000 -0.69332810
0.77800000 -0.68838169
0.77900000 -0.68347373
0.78000000 -0.67860392
0.78100000 -0.67377196
0.78200000 -0.66897756
0.78300000 -0.66422043
0.78400000 -0.65950028
0.78500000 -0.65481683
0.78600000 -0.65016978
0.78700000 -0.64555885
0.78800000 -0.64098377
0.78900000 -0.63644424
0.79000000 -0.63193999
0.79100000 -0.62747075
0.79200000 -0.62303624
0.79300000 -0.61863618
0.79400000 -0.61427030
0.79500000 -0.60993834
0.79600000 -0.60564002
0.79700000 -0.60137508
0.79800000 -0.59714325
0.79900000 -0.59294427
0.80000000 -0.58877788
0.80100000 -0.58464382
0.80200000 -0.58054183
0.80300000 -0.57647166
0.80400000 -0.57243305
0.80500000 -0.56842575
0.80600000 -0.56444951
0.80700000 -0.56050407
0.80800000 -0.55658920
0.80900000 -0.55270465
0.81000000 -0.54885018
0.81100000 -0.54502553
0.81200000 -0.54123048
0.81300000 -0.53746478
0.81400000 -0.53372820
0.81500000 -0.53002050
0.81600000 -0.52634146
0.81700000 -0.52269083
0.81800000 -0.51906839
0.81900000 -0.51547391
0.82000000 -0.51190716
0.82100000 -0.50836793
0.82200000 -0.50485598
0.82300000 -0.50137110
0.82400000 -0.49791306
0.82500000 -0.49448166
0.82600000 -0.49107667
0.82700000 -0.48769787
0.82800000 -0.48434506
0.82900000 -0.48101802
0.83000000 -0.47771655
0.83100000 -0.47444044
0.83200000 -0.47118948
0.83300000 -0.46796346
0.83400000 -0.46476218
0.83500000 -0.46158545
0.83600000 -0.45843305
0.83700000 -0.45530480
0.83800000 -0.45220050
0.83900000 -0.44911994
0.84000000 -0.44606295
0.84100000 -0.44302931
0.84200000 -0.44001886
0.84300000 -0.43703138
0.84400000 -0.43406671
0.84500000 -0.43112464
0.84600000 -0.42820501
0.84700000 -0.42530761
0.84800000 -0.42243228
0.84900000 -0.41957884
0.85000000 -0.41674709
0.85100000 -0.41393687
0.85200000 -0.41114800
0.85300000 -0.40838031
0.85400000 -0.40563362
0.85500000 -0.40290776
0.85600000 -0.40020257
0.85700000 -0.39751786
0.85800000 -0.39485349
0.85900000 -0.39220927
0.86000000 -0.38958504
0.86100000 -0.38698065
0.86200000 -0.38439593
0.86300000 -0.38183071
0.86400000 -0.37928485
0.86500000 -0.37675817
0.86600000 -0.37425054
0.86700000 -0.37176178
0.86800000 -0.36929175
0.86900000 -0.36684029
0.87000000 -0.36440725
0.87100000 -0.36199248
0.87200000 -0.35959584
0.87300000 -0.35721717
0.87400000 -0.35485632
0.87500000 -0.35251316
0.87600000 -0.35018754
0.87700000 -0.34787932
0.87800000 -0.34558834
0.87900000 -0.34331449
0.88000000 -0.34105760
0.88100000 -0.33881756
0.88200000 -0.33659421
0.88300000 -0.33438742
0.88400000 -0.33219706
0.88500000 -0.33002300
0.88600000 -0.32786510
0.88700000 -0.32572324
0.88800000 -0.32359727
0.88900000 -0.32148708
0.89000000 -0.31939253
0.89100000 -0.31731349
0.89200000 -0.31524985
0.89300000 -0.31320148
0.89400000 -0.31116824
0.89500000 -0.30915003
0.89600000 -0.30714672
0.89700000 -0.30515818
0.89800000 -0.30318430
0.89900000 -0.30122496
0.90000000 -0.29928005
0.90100000 -0.29734943
0.90200000 -0.29543301
0.90300000 -0.29353067
0.90400000 -0.29164228
0.90500000 -0.28976774
0.90600000 -0.28790695
0.90700000 -0.28605977
0.90800000 -0.28422612
0.90900000 -0.28240587
0.91000000 -0.28059892
0.91100000 -0.27880516
0.91200000 -0.27702449
0.91300000 -0.27525680
0.91400000 -0.27350199
0.91500000 -0.27175995
0.91600000 -0.27003058
0.91700000 -0.26831378
0.91800000 -0.26660945
0.91900000 -0.26491749
0.92000000 -0.26323779
0.92100000 -0.26157027
0.92200000 -0.25991482
0.92300000 -0.25827135
0.92400000 -0.25663975
0.92500000 -0.25501995
0.92600000 -0.25341183
0.92700000 -0.25181532
0.92800000 -0.25023031
0.92900000 -0.24865671
0.93000000 -0.24709443
0.93100000 -0.24554339
0.93200000 -0.24400350
0.93300000 -0.24247465
0.93400000 -0.24095677
0.93500000 -0.23944978
0.93600000 -0.23795357
0.93700000 -0.23646807
0.93800000 -0.23499320
0.93900000 -0.23352886
0.94000000 -0.23207498
0.94100000 -0.23063146
0.94200000 -0.22919824
0.94300000 -0.22777523
0.94400000 -0.22636234
0.94500000 -0.22495950
0.94600000 -0.22356662
0.94700000 -0.22218364
0.94800000 -0.22081046
0.94900000 -0.21944702
0.95000000 -0.21809324
0.95100000 -0.21674903
0.95200000 -0.21541434
0.95300000 -0.21408907
0.95400000 -0.21277316
0.95500000 -0.21146653
0.95600000 -0.21016911
0.95700000 -0.20888082
0.95800000 -0.20760161
0.95900000 -0.20633138
0.96000000 -0.20507009
0.96100000 -0.20381764
0.96200000 -0.20257398
0.96300000 -0.20133904
0.96400000 -0.20011275
0.96500000 -0.19889503
0.96600000 -0.19768583
0.96700000 -0.19648508
0.96800000 -0.19529271
0.96900000 -0.19410866
0.97000000 -0.19293285
0.97100000 -0.19176524
0.97200000 -0.19060574
0.97300000 -0.18945431
0.97400000 -0.18831087
0.97500000 -0.18717538
0.97600000 -0.18604775
0.97700000 -0.18492794
0.97800000 -0.18381588
0.97900000 -0.18271151
0.98000000 -0.18161478
0.98100000 -0.18052562
0.98200000 -0.17944398
0.98300000 -0.17836979
0.98400000 -0.17730301
0.98500000 -0.17624356
0.98600000 -0.17519141
0.98700000 -0.17414648
0.98800000 -0.17310873
0.98900000 -0.17207810
0.99000000 -0.17105454
0.99100000 -0.17003798
0.99200000 -0.16902838
0.99300000 -0.16802569
0.99400000 -0.16702984
0.99500000 -0.16604080
0.99600000 -0.16505850
0.99700000 -0.16408290
0.99800000 -0.16311394
0.99900000 -0.16215157
1.00000000 -0.16119574
1.00100000 -0.16024641
1.00200000 -0.15930352
1.00300000 -0.15836703
1.00400000 -0.15743688
1.00500000 -0.15651303
1.00600000 -0.15559543
1.00700000 -0.15468403
1.00800000 -0.15377878
1.00900000 -0.15287965
1.01000000 -0.15198657
1.01100000 -0.15109952
1.01200000 -0.15021843
1.01300000 -0.14934327
1.01400000 -0.14847399
1.01500000 -0.14761054
1.01600000 -0.14675289
1.01700000 -0.14590099
1.01800000 -0.14505479
1.01900000 -0.14421426
1.02000000 -0.14337934
1.02100000 -0.14255001
1.02200000 -0.14172621
1.02300000 -0.14090790
1.02400000 -0.14009505
1.02500000 -0.13928761
1.02600000 -0.13848554
1.02700000 -0.13768880
1.02800000 -0.13689736
1.02900000 -0.13611117
1.03000000 -0.13533019
1.03100000 -0.13455438
1.03200000 -0.13378371
1.03300000 -0.13301814
1.03400000 -0.13225762
1.03500000 -0.13150213
1.03600000 -0.13075162
1.03700000 -0.13000607
1.03800000 -0.12926542
1.03900000 -0.12852964
1.04000000 -0.12779871
1.04100000 -0.12707257
1.04200000 -0.12635120
1.04300000 -0.12563457
1.04400000 -0.12492263
1.04500000 -0.12421535
1.04600000 -0.12351270
1.04700000 -0.12281465
1.04800000 -0.12212115
1.04900000 -0.12143218
1.05000000 -0.12074770
1.05100000 -0.12006769
1.05200000 -0.11939210
1.05300000 -0.11872090
1.05400000 -0.11805407
1.05500000 -0.11739156
1.05600000 -0.11673336
1.05700000 -0.11607942
1.05800000 -0.11542972
1.05900000 -0.11478423
1.06000000 -0.11414290
1.06100000 -0.11350573
1.06200000 -0.11287266
1.06300000 -0.11224368
1.06400000 -0.11161875
1.06500000 -0.11099785
1.06600000 -0.11038095
1.06700000 -0.10976801
1.06800000 -0.10915900
1.06900000 -0.10855391
1.07000000 -0.10795270
1.07100000 -0.10735534
1.07200000 -0.10676180
1.07300000 -0.10617206
1.07400000 -0.10558609
1.07500000 -0.10500387
1.07600000 -0.10442536
1.07700000 -0.10385053
1.07800000 -0.10327937
1.07900000 -0.10271185
1.08000000 -0.10214794
1.08100000 -0.10158760
1.08200000 -0.10103083
1.08300000 -0.10047759
1.08400000 -0.09992786
1.08500000 -0.09938161
1.08600000 -0.09883881
1.08700000 -0.09829945
1.08800000 -0.09776350
1.08900000 -0.09723093
1.09000000 -0.09670171
1.09100000 -0.09617584
1.09200000 -0.09565328
1.09300000 -0.09513400
1.09400000 -0.09461799
1.09500000 -0.09410522
1.09600000 -0.09359567
1.09700000 -0.09308931
1.09800000 -0.09258613
1.09900000 -0.09208610
1.10000000 -0.09158919
1.10100000 -0.09109540
1.10200000 -0.09060468
1.10300000 -0.09011703
1.10400000 -0.08963242
1.10500000 -0.08915083
1.10600000 -0.08867224
1.10700000 -0.08819662
1.10800000 -0.08772396
1.10900000 -0.08725423
1.11000000 -0.08678742
1.11100000 -0.08632351
1.11200000 -0.08586246
1.11300000 -0.08540427
1.11400000 -0.08494892
1.11500000 -0.08449638
1.11600000 -0.08404663
1.11700000 -0.08359966
1.11800000 -0.08315544
1.11900000 -0.08271396
1.12000000 -0.08227519
1.12100000 -0.08183912
1.12200000 -0.08140573
1.12300000 -0.08097501
1.12400000 -0.08054692
1.12500000 -0.08012146
1.12600000 -0.07969860
1.12700000 -0.07927834
1.12800000 -0.07886064
1.12900000 -0.07844549
1.13000000 -0.07803288
1.13100000 -0.07762278
1.13200000 -0.07721518
1.13300000 -0.07681007
1.13400000 -0.07640742
1.13500000 -0.07600721
1.13600000 -0.07560944
1.13700000 -0.07521408
1.13800000 -0.07482112
1.13900000 -0.07443054
1.14000000 -0.07404233
1.14100000 -0.07365646
1.14200000 -0.07327293
1.14300000 -0.07289171
1.14400000 -0.07251280
1.14500000 -0.07213616
1.14600000 -0.07176180
1.14700000 -0.07138969
1.14800000 -0.07101982
1.14900000 -0.07065218
1.15000000 -0.07028674
1.15100000 -0.06992349
1.15200000 -0.06956242
1.15300000 -0.06920352
1.15400000 -0.06884676
1.15500000 -0.06849214
1.15600000 -0.06813964
1.15700000 -0.06778924
1.15800000 -0.06744094
1.15900000 -0.06709471
1.16000000 -0.06675054
1.16100000 -0.06640842
1.16200000 -0.06606834
1.16300000 -0.06573027
1.16400000 -0.06539422
1.16500000 -0.06506016
1.16600000 -0.06472808
1.16700000 -0.06439797
1.16800000 -0.06406981
1.16900000 -0.06374359
1.17000000 -0.06341930
1.17100000 -0.06309692
1.17200000 -0.06277645
1.17300000 -0.06245787
1.17400000 -0.06214116
1.17500000 -0.06182632
1.17600000 -0.06151333
1.17700000 -0.06120218
1.17800000 -0.06089286
1.17900000 -0.06058535
1.18000000 -0.06027964
1.18100000 -0.05997573
1.18200000 -0.05967359
1.18300000 -0.05937322
1.18400000 -0.05907461
1.18500000 -0.05877774
1.18600000 -0.05848260
1.18700000 -0.05818919
1.18800000 -0.05789748
1.18900000 -0.05760747
1.19000000 -0.05731915
1.19100000 -0.05703250
1.19200000 -0.05674752
1.19300000 -0.05646419
1.19400000 -0.05618251
1.19500000 -0.05590245
1.19600000 -0.05562402
1.19700000 -0.05534720
1.19800000 -0.05507198
1.19900000 -0.05479835
1.20000000 -0.05452630
1.20100000 -0.05425581
1.20200000 -0.05398689
1.20300000 -0.05371951
1.20400000 -0.05345367
1.20500000 -0.05318936
1.20600000 -0.05292657
1.20700000 -0.05266528
1.20800000 -0.05240550
1.20900000 -0.05214720
1.21000000 -0.05189038
1.21100000 -0.05163503
1.21200000 -0.05138114
1.21300000 -0.05112870
1.21400000 -0.05087770
1.21500000 -0.05062814
1.21600000 -0.05037999
1.21700000 -0.05013326
1.21800000 -0.04988793
1.21900000 -0.04964400
1.22000000 -0.04940145
1.22100000 -0.04916028
1.22200000 -0.04892048
1.22300000 -0.04868204
1.22400000 -0.04844495
1.22500000 -0.04820920
1.22600000 -0.04797478
1.22700000 -0.04774169
1.22800000 -0.04750991
1.22900000 -0.04727944
1.23000000 -0.04705027
1.23100000 -0.04682239
1.23200000 -0.04659579
1.23300000 -0.04637047
1.23400000 -0.04614642
1.23500000 -0.04592362
1.23600000 -0.04570207
1.23700000 -0.04548176
1.23800000 -0.04526269
1.23900000 -0.04504485
1.24000000 -0.04482822
1.24100000 -0.04461281
1.24200000 -0.04439859
1.24300000 -0.04418558
1.24400000 -0.04397375
1.24500000 -0.04376310
1.24600000 -0.04355363
1.24700000 -0.04334532
1.24800000 -0.04313816
1.24900000 -0.04293216
1.25000000 -0.04272731
1.25100000 -0.04252358
1.25200000 -0.04232099
1.25300000 -0.04211952
1.25400000 -0.04191917
1.25500000 -0.04171992
1.25600000 -0.04152177
1.25700000 -0.04132472
1.25800000 -0.04112876
1.25900000 -0.04093387
1.26000000 -0.04074006
1.26100000 -0.04054732
1.26200000 -0.04035563
1.26300000 -0.04016500
1.26400000 -0.03997542
1.26500000 -0.03978688
1.26600000 -0.03959937
1.26700000 -0.03941289
1.26800000 -0.03922743
1.26900000 -0.03904298
1.27000000 -0.03885954
1.27100000 -0.03867711
1.27200000 -0.03849567
1.27300000 -0.03831522
1.27400000 -0.03813575
1.27500000 -0.03795726
1.27600000 -0.03777975
1.27700000 -0.03760320
1.27800000 -0.03742760
1.27900000 -0.03725296
1.28000000 -0.03707927
1.28100000 -0.03690652
1.28200000 -0.03673471
1.28300000 -0.03656383
1.28400000 -0.03639387
1.28500000 -0.03622483
1.28600000 -0.03605670
1.28700000 -0.03588948
1.28800000 -0.03572316
1.28900000 -0.03555774
1.29000000 -0.03539321
1.29100000 -0.03522957
1.29200000 -0.03506680
1.29300000 -0.03490491
1.29400000 -0.03474389
1.29500000 -0.03458374
1.29600000 -0.03442444
1.29700000 -0.03426599
1.29800000 -0.03410840
1.29900000 -0.03395164
1.30000000 -0.03379573
1.30100000 -0.03364065
1.30200000 -0.03348639
1.30300000 -0.03333296
1.30400000 -0.03318035
1.30500000 -0.03302854
1.30600000 -0.03287755
1.30700000 -0.03272736
1.30800000 -0.03257797
1.30900000 -0.03242937
1.31000000 -0.03228156
1.31100000 -0.03213453
1.31200000 -0.03198828
1.31300000 -0.03184281
1.31400000 -0.03169811
1.31500000 -0.03155417
1.31600000 -0.03141099
1.31700000 -0.03126857
1.31800000 -0.03112689
1.31900000 -0.03098597
1.32000000 -0.03084579
1.32100000 -0.03070634
1.32200000 -0.03056763
1.32300000 -0.03042965
1.32400000 -0.03029239
1.32500000 -0.03015585
1.32600000 -0.03002003
1.32700000 -0.02988492
1.32800000 -0.02975052
1.32900000 -0.02961682
1.33000000 -0.02948382
1.33100000 -0.02935152
1.33200000 -0.02921991
1.33300000 -0.02908898
1.33400000 -0.02895873
1.33500000 -0.02882917
1.33600000 -0.02870028
1.33700000 -0.02857206
1.33800000 -0.02844450
1.33900000 -0.02831761
1.34000000 -0.02819138
1.34100000 -0.02806580
1.34200000 -0.02794087
1.34300000 -0.02781659
1.34400000 -0.02769296
1.34500000 -0.02756996
1.34600000 -0.02744760
1.34700000 -0.02732587
1.34800000 -0.02720477
1.34900000 -0.02708429
1.35000000 -0.02696443
1.35100000 -0.02684519
1.35200000 -0.02672657
1.35300000 -0.02660855
1.35400000 -0.02649115
1.35500000 -0.02637434
1.35600000 -0.02625813
1.35700000 -0.02614252
1.35800000 -0.02602751
1.35900000 -0.02591308
1.36000000 -0.02579923
1.36100000 -0.02568597
1.36200000 -0.02557329
1.36300000 -0.02546118
1.36400000 -0.02534965
1.36500000 -0.02523868
1.36600000 -0.02512828
1.36700000 -0.02501844
1.36800000 -0.02490916
1.36900000 -0.02480043
1.37000000 -0.02469226
1.37100000 -0.02458464
1.37200000 -0.02447756
1.37300000 -0.02437102
1.37400000 -0.02426503
1.37500000 -0.02415957
1.37600000 -0.02405465
1.37700000 -0.02395025
1.37800000 -0.02384639
1.37900000 -0.02374304
1.38000000 -0.02364022
1.38100000 -0.02353792
1.38200000 -0.02343613
1.38300000 -0.02333486
1.38400000 -0.02323409
1.38500000 -0.02313383
1.38600000 -0.02303407
1.38700000 -0.02293482
1.38800000 -0.02283606
1.38900000 -0.02273780
1.39000000 -0.02264003
1.39100000 -0.02254275
1.39200000 -0.02244596
1.39300000 -0.02234965
1.39400000 -0.02225382
1.39500000 -0.02215847
1.39600000 -0.02206359
1.39700000 -0.02196919
1.39800000 -0.02187526
1.39900000 -0.02178179
1.40000000 -0.02168879
1.40100000 -0.02159625
1.40200000 -0.02150418
1.40300000 -0.02141256
1.40400000 -0.02132139
1.40500000 -0.02123068
1.40600000 -0.02114041
1.40700000 -0.02105059
1.40800000 -0.02096122
1.40900000 -0.02087229
1.41000000 -0.02078379
1.41100000 -0.02069574
1.41200000 -0.02060812
1.41300000 -0.02052093
1.41400000 -0.02043417
1.41500000 -0.02034783
1.41600000 -0.02026193
1.41700000 -0.02017644
1.41800000 -0.02009137
1.41900000 -0.02000672
1.42000000 -0.01992249
1.42100000 -0.01983867
1.42200000 -0.01975526
1.42300000 -0.01967226
1.42400000 -0.01958966
1.42500000 -0.01950747
1.42600000 -0.01942568
1.42700000 -0.01934429
1.42800000 -0.01926330
1.42900000 -0.01918270
1.43000000 -0.01910249
1.43100000 -0.01902268
1.43200000 -0.01894325
1.43300000 -0.01886421
1.43400000 -0.01878555
1.43500000 -0.01870728
1.43600000 -0.01862938
1.43700000 -0.01855186
1.43800000 -0.01847472
1.43900000 -0.01839795
1.44000000 -0.01832155
1.44100000 -0.01824553
1.44200000 -0.01816987
1.44300000 -0.01809457
1.44400000 -0.01801964
1.44500000 -0.01794507
1.44600000 -0.01787086
1.44700000 -0.01779700
1.44800000 -0.01772350
1.44900000 -0.01765036
1.45000000 -0.01757757
1.45100000 -0.01750512
1.45200000 -0.01743303
1.45300000 -0.01736128
1.45400000 -0.01728987
1.45500000 -0.01721881
1.45600000 -0.01714808
1.45700000 -0.01707770
1.45800000 -0.01700765
1.45900000 -0.01693793
1.46000000 -0.01686855
1.46100000 -0.01679950
1.46200000 -0.01673078
1.46300000 -0.01666238
1.46400000 -0.01659431
1.46500000 -0.01652657
1.46600000 -0.01645915
1.46700000 -0.01639204
1.46800000 -0.01632526
1.46900000 -0.01625879
1.47000000 -0.01619264
1.47100000 -0.01612680
1.47200000 -0.01606128
1.47300000 -0.01599606
1.47400000 -0.01593115
1.47500000 -0.01586655
1.47600000 -0.01580225
1.47700000 -0.01573826
1.47800000 -0.01567457
1.47900000 -0.01561118
1.48000000 -0.01554809
1.48100000 -0.01548529
1.48200000 -0.01542279
1.48300000 -0.01536059
1.48400000 -0.01529867
1.48500000 -0.01523705
1.48600000 -0.01517572
1.48700000 -0.01511467
1.48800000 -0.01505391
1.48900000 -0.01499343
1.49000000 -0.01493324
1.49100000 -0.01487333
1.49200000 -0.01481370
1.49300000 -0.01475434
1.49400000 -0.01469527
1.49500000 -0.01463647
1.49600000 -0.01457794
1.49700000 -0.01451969
1.49800000 -0.01446170
1.49900000 -0.01440399
1.50000000 -0.01434655
1.50100000 -0.01428937
1.50200000 -0.01423246
1.50300000 -0.01417581
1.50400000 -0.01411942
1.50500000 -0.01406330
1.50600000 -0.01400743
1.50700000 -0.01395183
1.50800000 -0.01389648
1.50900000 -0.01384138
1.51000000 -0.01378654
1.51100000 -0.01373196
1.51200000 -0.01367762
1.51300000 -0.01362354
1.51400000 -0.01356971
1.51500000 -0.01351612
1.51600000 -0.01346278
1.51700000 -0.01340968
1.51800000 -0.01335683
1.51900000 -0.01330422
1.52000000 -0.01325186
1.52100000 -0.01319973
1.52200000 -0.01314784
1.52300000 -0.01309619
1.52400000 -0.01304478
1.52500000 -0.01299360
1.52600000 -0.01294265
1.52700000 -0.01289194
1.52800000 -0.01284146
1.52900000 -0.01279121
1.53000000 -0.01274119
1.53100000 -0.01269139
1.53200000 -0.01264183
1.53300000 -0.01259249
1.53400000 -0.01254337
1.53500000 -0.01249447
1.53600000 -0.01244580
1.53700000 -0.01239735
1.53800000 -0.01234912
1.53900000 -0.01230111
1.54000000 -0.01225331
1.54100000 -0.01220573
1.54200000 -0.01215837
1.54300000 -0.01211122
1.54400000 -0.01206428
1.54500000 -0.01201756
1.54600000 -0.01197105
1.54700000 -0.01192474
1.54800000 -0.01187865
1.54900000 -0.01183276
1.55000000 -0.01178708
1.55100000 -0.01174160
1.55200000 -0.01169633
1.55300000 -0.01165126
1.55400000 -0.01160640
1.55500000 -0.01156173
1.55600000 -0.01151727
1.55700000 -0.01147300
1.55800000 -0.01142894
1.55900000 -0.01138507
1.56000000 -0.01134139
1.56100000 -0.01129791
1.56200000 -0.01125463
1.56300000 -0.01121154
1.56400000 -0.01116864
1.56500000 -0.01112593
1.56600000 -0.01108342
1.56700000 -0.01104109
1.56800000 -0.01099895
1.56900000 -0.01095700
1.57000000 -0.01091523
1.57100000 -0.01087365
1.57200000 -0.01083225
1.57300000 -0.01079104
1.57400000 -0.01075001
1.57500000 -0.01070917
1.57600000 -0.01066850
1.57700000 -0.01062801
1.57800000 -0.01058770
1.57900000 -0.01054757
1.58000000 -0.01050762
1.58100000 -0.01046785
1.58200000 -0.01042825
1.58300000 -0.01038882
1.58400000 -0.01034957
1.58500000 -0.01031049
1.58600000 -0.01027158
1.58700000 -0.01023284
1.58800000 -0.01019428
1.58900000 -0.01015588
1.59000000 -0.01011765
1.59100000 -0.01007959
1.59200000 -0.01004170
1.59300000 -0.01000397
1.59400000 -0.00996640
1.59500000 -0.00992901
1.59600000 -0.00989177
1.59700000 -0.00985470
1.59800000 -0.00981779
1.59900000 -0.00978104
1.60000000 -0.00974445
1.60100000 -0.00970802
1.60200000 -0.00967175
1.60300000 -0.00963564
1.60400000 -0.00959968
1.60500000 -0.00956388
1.60600000 -0.00952824
1.60700000 -0.00949275
1.60800000 -0.00945741
1.60900000 -0.00942223
1.61000000 -0.00938720
1.61100000 -0.00935232
1.61200000 -0.00931760
1.61300000 -0.00928302
1.61400000 -0.00924859
1.61500000 -0.00921431
1.61600000 -0.00918018
1.61700000 -0.00914620
1.61800000 -0.00911236
1.61900000 -0.00907867
1.62000000 -0.00904513
1.62100000 -0.00901173
1.62200000 -0.00897847
1.62300000 -0.00894536
1.62400000 -0.00891239
1.62500000 -0.00887956
1.62600000 -0.00884687
1.62700000 -0.00881432
1.62800000 -0.00878191
1.62900000 -0.00874964
1.63000000 -0.00871751
1.63100000 -0.00868551
1.63200000 -0.00865365
1.63300000 -0.00862193
1.63400000 -0.00859034
1.63500000 -0.00855889
1.63600000 -0.00852758
1.63700000 -0.00849639
1.63800000 -0.00846534
1.63900000 -0.00843442
1.64000000 -0.00840363
1.64100000 -0.00837298
1.64200000 -0.00834245
1.64300000 -0.00831206
1.64400000 -0.00828179
1.64500000 -0.00825165
1.64600000 -0.00822164
1.64700000 -0.00819176
1.64800000 -0.00816200
1.64900000 -0.00813237
1.65000000 -0.00810286
1.65100000 -0.00807348
1.65200000 -0.00804423
1.65300000 -0.00801509
1.65400000 -0.00798608
1.65500000 -0.00795719
1.65600000 -0.00792843
1.65700000 -0.00789978
1.65800000 -0.00787126
1.65900000 -0.00784285
1.66000000 -0.00781457
1.66100000 -0.00778640
1.66200000 -0.00775836
1.66300000 -0.00773043
1.66400000 -0.00770261
1.66500000 -0.00767492
1.66600000 -0.00764734
1.66700000 -0.00761987
1.66800000 -0.00759252
1.66900000 -0.00756529
1.67000000 -0.00753817
1.67100000 -0.00751116
1.67200000 -0.00748426
1.67300000 -0.00745748
1.67400000 -0.00743081
1.67500000 -0.00740425
1.67600000 -0.00737780
1.67700000 -0.00735146
1.67800000 -0.00732523
1.67900000 -0.00729911
1.68000000 -0.00727310
1.68100000 -0.00724719
1.68200000 -0.00722139
1.68300000 -0.00719571
1.68400000 -0.00717012
1.68500000 -0.00714464
1.68600000 -0.00711927
1.68700000 -0.00709401
1.68800000 -0.00706884
1.68900000 -0.00704379
1.69000000 -0.00701883
1.69100000 -0.00699398
1.69200000 -0.00696923
1.69300000 -0.00694458
1.69400000 -0.00692004
1.69500000 -0.00689559
1.69600000 -0.00687125
1.69700000 -0.00684701
1.69800000 -0.00682286
1.69900000 -0.00679882
1.70000000 -0.00677487
1.70100000 -0.00675103
1.70200000 -0.00672728
1.70300000 -0.00670362
1.70400000 -0.00668007
1.70500000 -0.00665661
1.70600000 -0.00663325
1.70700000 -0.00660998
1.70800000 -0.00658681
1.70900000 -0.00656373
1.71000000 -0.00654075
1.71100000 -0.00651786
1.71200000 -0.00649506
1.71300000 -0.00647236
1.71400000 -0.00644975
1.71500000 -0.00642723
1.71600000 -0.00640480
1.71700000 -0.00638247
1.71800000 -0.00636022
1.71900000 -0.00633807
1.72000000 -0.00631600
1.72100000 -0.00629403
1.72200000 -0.00627214
1.72300000 -0.00625034
1.72400000 -0.00622863
1.72500000 -0.00620701
1.72600000 -0.00618548
1.72700000 -0.00616403
1.72800000 -0.00614267
1.72900000 -0.00612140
1.73000000 -0.00610021
1.73100000 -0.00607911
1.73200000 -0.00605809
1.73300000 -0.00603716
1.73400000 -0.00601631
1.73500000 -0.00599554
1.73600000 -0.00597486
1.73700000 -0.00595427
1.73800000 -0.00593375
1.73900000 -0.00591332
1.74000000 -0.00589297
1.74100000 -0.00587270
1.74200000 -0.00585251
1.74300000 -0.00583240
1.74400000 -0.00581238
1.74500000 -0.00579243
1.74600000 -0.00577257
1.74700000 -0.00575278
1.74800000 -0.00573307
1.74900000 -0.00571344
1.75000000 -0.00569389
1.75100000 -0.00567442
1.75200000 -0.00565502
1.75300000 -0.00563571
1.75400000 -0.00561646
1.75500000 -0.00559730
1.75600000 -0.00557821
1.75700000 -0.00555920
1.75800000 -0.00554026
1.75900000 -0.00552140
1.76000000 -0.00550261
1.76100000 -0.00548390
1.76200000 -0.00546526
1.76300000 -0.00544670
1.76400000 -0.00542821
1.76500000 -0.00540979
1.76600000 -0.00539145
1.76700000 -0.00537317
1.76800000 -0.00535497
1.76900000 -0.00533684
1.77000000 -0.00531879
1.77100000 -0.00530080
1.77200000 -0.00528289
1.77300000 -0.00526504
1.77400000 -0.00524727
1.77500000 -0.00522957
1.77600000 -0.00521193
1.77700000 -0.00519437
1.77800000 -0.00517687
1.77900000 -0.00515944
1.78000000 -0.00514209
1.78100000 -0.00512479
1.78200000 -0.00510757
1.78300000 -0.00509042
1.78400000 -0.00507333
1.78500000 -0.00505631
1.78600000 -0.00503935
1.78700000 -0.00502246
1.78800000 -0.00500564
1.78900000 -0.00498888
1.79000000 -0.00497219
1.79100000 -0.00495556
1.79200000 -0.00493900
1.79300000 -0.00492251
1.79400000 -0.00490607
1.79500000 -0.00488970
1.79600000 -0.00487340
1.79700000 -0.00485716
1.79800000 -0.00484098
1.79900000 -0.00482486
1.80000000 -0.00480881
1.80100000 -0.00479282
1.80200000 -0.00477689
1.80300000 -0.00476102
1.80400000 -0.00474521
1.80500000 -0.00472947
1.80600000 -0.00471378
1.80700000 -0.00469816
1.80800000 -0.00468260
1.80900000 -0.00466710
1.81000000 -0.00465165
1.81100000 -0.00463627
1.81200000 -0.00462094
1.81300000 -0.00460568
1.81400000 -0.00459047
1.81500000 -0.00457532
1.81600000 -0.00456023
1.81700000 -0.00454520
1.81800000 -0.00453023
1.81900000 -0.00451531
1.82000000 -0.00450045
1.82100000 -0.00448565
1.82200000 -0.00447091
1.82300000 -0.00445622
1.82400000 -0.00444158
1.82500000 -0.00442701
1.82600000 -0.00441249
1.82700000 -0.00439802
1.82800000 -0.00438361
1.82900000 -0.00436926
1.83000000 -0.00435496
1.83100000 -0.00434071
1.83200000 -0.00432652
1.83300000 -0.00431238
1.83400000 -0.00429830
1.83500000 -0.00428427
1.83600000 -0.00427029
1.83700000 -0.00425637
1.83800000 -0.00424250
1.83900000 -0.00422868
1.84000000 -0.00421492
1.84100000 -0.00420120
1.84200000 -0.00418754
1.84300000 -0.00417393
1.84400000 -0.00416038
1.84500000 -0.00414687
1.84600000 -0.00413341
1.84700000 -0.00412001
1.84800000 -0.00410666
1.84900000 -0.00409335
1.85000000 -0.00408010
1.85100000 -0.00406690
1.85200000 -0.00405374
1.85300000 -0.00404064
1.85400000 -0.00402759
1.85500000 -0.00401458
1.85600000 -0.00400163
1.85700000 -0.00398872
1.85800000 -0.00397586
1.85900000 -0.00396305
1.86000000 -0.00395029
1.86100000 -0.00393757
1.86200000 -0.00392491
1.86300000 -0.00391229
1.86400000 -0.00389972
1.86500000 -0.00388719
1.86600000 -0.00387471
1.86700000 -0.00386228
1.86800000 -0.00384990
1.86900000 -0.00383756
1.87000000 -0.00382527
1.87100000 -0.00381302
1.87200000 -0.00380082
1.87300000 -0.00378866
1.87400000 -0.00377655
1.87500000 -0.00376449
1.87600000 -0.00375247
1.87700000 -0.00374049
1.87800000 -0.00372856
1.87900000 -0.00371668
1.88000000 -0.00370484
1.88100000 -0.00369304
1.88200000 -0.00368128
1.88300000 -0.00366957
1.88400000 -0.00365791
1.88500000 -0.00364628
1.88600000 -0.00363470
1.88700000 -0.00362316
1.88800000 -0.00361167
1.88900000 -0.00360022
1.89000000 -0.00358880
1.89100000 -0.00357744
1.89200000 -0.00356611
1.89300000 -0.00355483
1.89400000 -0.00354358
1.89500000 -0.00353238
1.89600000 -0.00352122
1.89700000 -0.00351010
1.89800000 -0.00349902
1.89900000 -0.00348799
1.90000000 -0.00347699
1.90100000 -0.00346603
1.90200000 -0.00345512
1.90300000 -0.00344424
1.90400000 -0.00343341
1.90500000 -0.00342261
1.90600000 -0.00341185
1.90700000 -0.00340114
1.90800000 -0.00339046
1.90900000 -0.00337982
1.91000000 -0.00336922
1.91100000 -0.00335866
1.91200000 -0.00334813
1.91300000 -0.00333765
1.91400000 -0.00332720
1.91500000 -0.00331680
1.91600000 -0.00330643
1.91700000 -0.00329609
1.91800000 -0.00328580
1.91900000 -0.00327554
1.92000000 -0.00326532
1.92100000 -0.00325514
1.92200000 -0.00324499
1.92300000 -0.00323489
1.92400000 -0.00322481
1.92500000 -0.00321478
1.92600000 -0.00320478
1.92700000 -0.00319482
1.92800000 -0.00318489
1.92900000 -0.00317500
1.93000000 -0.00316514
1.93100000 -0.00315533
1.93200000 -0.00314554
1.93300000 -0.00313579
1.93400000 -0.00312608
1.93500000 -0.00311640
1.93600000 -0.00310676
1.93700000 -0.00309715
1.93800000 -0.00308758
1.93900000 -0.00307804
1.94000000 -0.00306853
1.94100000 -0.00305906
1.94200000 -0.00304963
1.94300000 -0.00304022
1.94400000 -0.00303085
1.94500000 -0.00302152
1.94600000 -0.00301222
1.94700000 -0.00300295
1.94800000 -0.00299372
1.94900000 -0.00298451
1.95000000 -0.00297534
1.95100000 -0.00296621
1.95200000 -0.00295711
1.95300000 -0.00294803
1.95400000 -0.00293900
1.95500000 -0.00292999
1.95600000 -0.00292102
1.95700000 -0.00291207
1.95800000 -0.00290316
1.95900000 -0.00289429
1.96000000 -0.00288544
1.96100000 -0.00287662
1.96200000 -0.00286784
1.96300000 -0.00285909
1.96400000 -0.00285037
1.96500000 -0.00284168
1.96600000 -0.00283302
1.96700000 -0.00282439
1.96800000 -0.00281579
1.96900000 -0.00280723
1.97000000 -0.00279869
1.97100000 -0.00279018
1.97200000 -0.00278171
1.97300000 -0.00277326
1.97400000 -0.00276484
1.97500000 -0.00275646
1.97600000 -0.00274810
1.97700000 -0.00273977
1.97800000 -0.00273147
1.97900000 -0.00272320
1.98000000 -0.00271496
1.98100000 -0.00270675
1.98200000 -0.00269857
1.98300000 -0.00269042
1.98400000 -0.00268229
1.98500000 -0.00267420
1.98600000 -0.00266613
1.98700000 -0.00265809
1.98800000 -0.00265008
1.98900000 -0.00264210
1.99000000 -0.00263415
1.99100000 -0.00262622
1.99200000 -0.00261832
1.99300000 -0.00261045
1.99400000 -0.00260261
1.99500000 -0.00259479
1.99600000 -0.00258700
1.99700000 -0.00257924
1.99800000 -0.00257151
1.99900000 -0.00256380
2.00000000 -0.00255612
