0.10000000 8850550308.69416428
0.10100000 7854381529.04009056
0.10200000 6978539327.27469444
0.10300000 6207516930.66935539
0.10400000 5527929005.17365265
0.10500000 4928204900.13451004
0.10600000 4398328595.83002853
0.10700000 3929617892.52607584
0.10800000 3514536626.85329914
0.10900000 3146534730.90952206
0.11000000 2819911801.09430742
0.11100000 2529700549.31296492
0.11200000 2271567094.89346457
0.11300000 2041725542.56014490
0.11400000 1836864697.42219925
0.11500000 1654085106.32420659
0.11600000 1490844897.67245507
0.11700000 1344913128.51571679
0.11800000 1214329546.05031991
0.11900000 1097369837.28345394
0.12000000 992515580.64387274
0.12100000 898428231.27014089
0.12200000 813926571.17076147
0.12300000 737967139.45343268
0.12400000 669627228.86631119
0.12500000 608090095.06482792
0.12600000 552632076.04791987
0.12700000 502611362.54422736
0.12800000 457458196.98070407
0.12900000 416666310.04443419
0.13000000 379785430.60053772
0.13100000 346414727.56577396
0.13200000 316197061.85612047
0.13300000 288813943.22973239
0.13400000 263981101.15764683
0.13500000 241444591.13054651
0.13600000 220977368.35251862
0.13700000 202376269.83720726
0.13800000 185459353.72414571
0.13900000 170063551.35659492
0.14000000 156042593.46245822
0.14100000 143265176.78900054
0.14200000 131613341.87269823
0.14300000 120981036.37343740
0.14400000 111272841.64924623
0.14500000 102402843.06361166
0.14600000 94293626.96189857
0.14700000 86875389.37755495
0.14800000 80085143.37642694
0.14900000 73866013.55617872
0.15000000 68166607.61975397
0.15100000 62940456.16474599
0.15200000 58145512.89830959
0.15300000 53743708.42038914
0.15400000 49700551.53426370
0.15500000 45984772.75800952
0.15600000 42568005.33664804
0.15700000 39424499.60391523
0.15800000 36530867.02462436
0.15900000 33865850.67207199
0.16000000 31410119.26727591
0.16100000 29146082.23448014
0.16200000 27057723.51591537
0.16300000 25130452.14313057
0.16400000 23350967.78655172
0.16500000 21707139.70296616
0.16600000 20187897.67559415
0.16700000 18783133.69610093
0.16800000 17483613.27477385
0.16900000 16280895.38628401
0.17000000 15167260.16584432
0.17100000 14135643.56580672
0.17200000 13179578.26724952
0.17300000 12293140.21615044
0.17400000 11470900.22043001
0.17500000 10707880.10345405
0.17600000 9999512.96235645
0.17700000 9341607.12653745
0.17800000 8730313.45356650
0.17900000 8162095.63705677
0.18000000 7633703.23439300
0.18100000 7142147.15193821
0.18200000 6684677.35191801
0.18300000 6258762.56893641
0.18400000 5862071.84532665
0.18500000 5492457.71356015
0.18600000 5147940.87097143
0.18700000 4826696.20732223
0.18800000 4527040.05941679
0.18900000 4247418.57926193
0.19000000 3986397.11329160
0.19100000 3742650.50007998
0.19200000 3514954.20286871
0.19300000 3302176.20123973
0.19400000 3103269.57346797
0.19500000 2917265.70757349
0.19600000 2743268.08493422
0.19700000 2580446.58558560
0.19800000 2428032.26908097
0.19900000 2285312.58907057
0.20000000 2151627.00362381
0.20100000 2026362.94681204
0.20200000 1908952.13022536
0.20300000 1798867.14595044
0.20400000 1695618.34511750
0.20500000 1598750.96846082
0.20600000 1507842.50745232
0.20700000 1422500.27648406
0.20800000 1342359.17831245
0.20900000 1267079.64655165
0.21000000 1196345.75043296
0.21100000 1129863.44834334
0.21200000 1067358.97783451
0.21300000 1008577.37086346
0.21400000 953281.08399816
0.21500000 901248.73420630
0.21600000 852273.93164955
0.21700000 806164.20163785
0.21800000 762739.98856535
0.21900000 721833.73525642
0.22000000 683289.03170412
0.22100000 646959.82768798
0.22200000 612709.70421817
0.22300000 580411.19917320
0.22400000 549945.18288186
0.22500000 521200.27975011
0.22600000 494072.33235348
0.22700000 468463.90470840
0.22800000 444283.82170258
0.22900000 421446.74190983
0.23000000 399872.76123800
0.23100000 379487.04506393
0.23200000 360219.48669678
0.23300000 342004.39018320
0.23400000 324780.17562507
0.23500000 308489.10532536
0.23600000 293077.02920992
0.23700000 278493.14809467
0.23800000 264689.79347919
0.23900000 251622.22265038
0.24000000 239248.42797371
0.24100000 227528.95933629
0.24200000 216426.75878530
0.24300000 205907.00647868
0.24400000 195936.97713199
0.24500000 186485.90620732
0.24600000 177524.86514706
0.24700000 169026.64500798
0.24800000 160965.64789898
0.24900000 153317.78567083
0.25000000 146060.38534697
0.25100000 139172.10082229
0.25200000 132632.83039192
0.25300000 126423.63970401
0.25400000 120526.68976029
0.25500000 114925.16961563
0.25600000 109603.23345332
0.25700000 104545.94173576
0.25800000 99739.20615244
0.25900000 95169.73810667
0.26000000 90825.00050113
0.26100000 86693.16259953
0.26200000 82763.05775730
0.26300000 79024.14382903
0.26400000 75466.46607389
0.26500000 72080.62239271
0.26600000 68857.73074222
0.26700000 65789.39858268
0.26800000 62867.69422486
0.26900000 60085.11995209
0.27000000 57434.58680121
0.27100000 54909.39089445
0.27200000 52503.19122171
0.27300000 50209.98877941
0.27400000 48024.10697855
0.27500000 45940.17324058
0.27600000 43953.10170507
0.27700000 42058.07697833
0.27800000 40250.53885688
0.27900000 38526.16796416
0.28000000 36880.87224275
0.28100000 35310.77424848
0.28200000 33812.19919615
0.28300000 32381.66370997
0.28400000 31015.86523487
0.28500000 29711.67206778
0.28600000 28466.11397054
0.28700000 27276.37332865
0.28800000 26139.77682244
0.28900000 25053.78757916
0.29000000 24015.99777693
0.29100000 23024.12167292
0.29200000 22075.98903016
0.29300000 21169.53891893
0.29400000 20302.81387024
0.29500000 19473.95436022
0.29600000 18681.19360571
0.29700000 17922.85265263
0.29800000 17197.33573951
0.29900000 16503.12592013
0.30000000 15838.78092995
0.30100000 15202.92928193
0.30200000 14594.26657838
0.30300000 14011.55202618
0.30400000 13453.60514363
0.30500000 12919.30264769
0.30600000 12407.57551124
0.30700000 11917.40618066
0.30800000 11447.82594426
0.30900000 10997.91244329
0.31000000 10566.78731701
0.31100000 10153.61397447
0.31200000 9757.59548572
0.31300000 9377.97258563
0.31400000 9014.02178407
0.31500000 8665.05357648
0.31600000 8330.41074906
0.31700000 8009.46677350
0.31800000 7701.62428609
0.31900000 7406.31364667
0.32000000 7122.99157286
0.32100000 6851.13984554
0.32200000 6590.26408160
0.32300000 6339.89257024
0.32400000 6099.57516947
0.32500000 5868.88225937
0.32600000 5647.40374916
0.32700000 5434.74813502
0.32800000 5230.54160615
0.32900000 5034.42719618
0.33000000 4846.06397773
0.33100000 4665.12629768
0.33200000 4491.30305107
0.33300000 4324.29699146
0.33400000 4163.82407594
0.33500000 4009.61284283
0.33600000 3861.40382049
0.33700000 3718.94896542
0.33800000 3582.01112835
0.33900000 3450.36354659
0.34000000 3323.78936149
0.34100000 3202.08115961
0.34200000 3085.04053634
0.34300000 2972.47768086
0.34400000 2864.21098138
0.34500000 2760.06664948
0.34600000 2659.87836274
0.34700000 2563.48692456
0.34800000 2470.73994043
0.34900000 2381.49150978
0.35000000 2295.60193249
0.35100000 2212.93742955
0.35200000 2133.36987697
0.35300000 2056.77655236
0.35400000 1983.03989346
0.35500000 1912.04726821
0.35600000 1843.69075554
0.35700000 1777.86693652
0.35800000 1714.47669530
0.35900000 1653.42502933
0.36000000 1594.62086850
0.36100000 1537.97690260
0.36200000 1483.40941685
0.36300000 1430.83813500
0.36400000 1380.18606972
0.36500000 1331.37937981
0.36600000 1284.34723398
0.36700000 1239.02168095
0.36800000 1195.33752532
0.36900000 1153.23220927
0.37000000 1112.64569946
0.37100000 1073.52037921
0.37200000 1035.80094546
0.37300000 999.43431036
0.37400000 964.36950736
0.37500000 930.55760146
0.37600000 897.95160345
0.37700000 866.50638806
0.37800000 836.17861565
0.37900000 806.92665743
0.38000000 778.71052402
0.38100000 751.49179707
0.38200000 725.23356401
0.38300000 699.90035555
0.38400000 675.45808602
0.38500000 651.87399623
0.38600000 629.11659891
0.38700000 607.15562644
0.38800000 585.96198089
0.38900000 565.50768623
0.39000000 545.76584260
0.39100000 526.71058251
0.39200000 508.31702895
0.39300000 490.56125535
0.39400000 473.42024714
0.39500000 456.87186502
0.39600000 440.89480983
0.39700000 425.46858879
0.39800000 410.57348330
0.39900000 396.19051800
0.40000000 382.30143120
0.40100000 368.88864654
0.40200000 355.93524581
0.40300000 343.42494290
0.40400000 331.34205893
0.40500000 319.67149829
0.40600000 308.39872576
0.40700000 297.50974453
0.40800000 286.99107519
0.40900000 276.82973551
0.41000000 267.01322112
0.41100000 257.52948694
0.41200000 248.36692937
0.41300000 239.51436925
0.41400000 230.96103549
0.41500000 222.69654932
0.41600000 214.71090929
0.41700000 206.99447676
0.41800000 199.53796205
0.41900000 192.33241111
0.42000000 185.36919276
0.42100000 178.63998643
0.42200000 172.13677036
0.42300000 165.85181033
0.42400000 159.77764878
0.42500000 153.90709439
0.42600000 148.23321211
0.42700000 142.74931351
0.42800000 137.44894755
0.42900000 132.32589175
0.43000000 127.37414365
0.43100000 122.58791261
0.43200000 117.96161197
0.43300000 113.48985151
0.43400000 109.16743015
0.43500000 104.98932901
0.43600000 100.95070466
0.43700000 97.04688274
0.43800000 93.27335169
0.43900000 89.62575685
0.44000000 86.09989469
0.44100000 82.69170735
0.44200000 79.39727729
0.44300000 76.21282223
0.44400000 73.13469023
0.44500000 70.15935500
0.44600000 67.28341136
0.44700000 64.50357086
0.44800000 61.81665762
0.44900000 59.21960425
0.45000000 56.70944800
0.45100000 54.28332700
0.45200000 51.93847668
0.45300000 49.67222628
0.45400000 47.48199556
0.45500000 45.36529153
0.45600000 43.31970543
0.45700000 41.34290969
0.45800000 39.43265512
0.45900000 37.58676810
0.46000000 35.80314799
0.46100000 34.07976449
0.46200000 32.41465527
0.46300000 30.80592350
0.46400000 29.25173563
0.46500000 27.75031919
0.46600000 26.29996062
0.46700000 24.89900325
0.46800000 23.54584535
0.46900000 22.23893821
0.47000000 20.97678431
0.47100000 19.75793556
0.47200000 18.58099160
0.47300000 17.44459818
0.47400000 16.34744553
0.47500000 15.28826690
0.47600000 14.26583706
0.47700000 13.27897087
0.47800000 12.32652196
0.47900000 11.40738135
0.48000000 10.52047625
0.48100000 9.66476879
0.48200000 8.83925484
0.48300000 8.04296291
0.48400000 7.27495299
0.48500000 6.53431555
0.48600000 5.82017048
0.48700000 5.13166611
0.48800000 4.46797828
0.48900000 3.82830938
0.49000000 3.21188750
0.49100000 2.61796555
0.49200000 2.04582046
0.49300000 1.49475235
0.49400000 0.96408380
0.49500000 0.45315905
0.49600000 -0.03865664
0.49700000 -0.51197776
0.49800000 -0.96739918
0.49900000 -1.40549677
0.50000000 -1.82682808
0.50100000 -2.23193292
0.50200000 -2.62133391
0.50300000 -2.99553708
0.50400000 -3.35503242
0.50500000 -3.70029434
0.50600000 -4.03178226
0.50700000 -4.34994105
0.50800000 -4.65520150
0.50900000 -4.94798079
0.51000000 -5.22868294
0.51100000 -5.49769921
0.51200000 -5.75540853
0.51300000 -6.00217792
0.51400000 -6.23836281
0.51500000 -6.46430747
0.51600000 -6.68034535
0.51700000 -6.88679942
0.51800000 -7.08398252
0.51900000 -7.27219768
0.52000000 -7.45173842
0.52100000 -7.62288907
0.52200000 -7.78592505
0.52300000 -7.94111318
0.52400000 -8.08871191
0.52500000 -8.22897163
0.52600000 -8.36213490
0.52700000 -8.48843669
0.52800000 -8.60810466
0.52900000 -8.72135935
0.53000000 -8.82841442
0.53100000 -8.92947687
0.53200000 -9.02474725
0.53300000 -9.11441985
0.53400000 -9.19868293
0.53500000 -9.27771886
0.53600000 -9.35170434
0.53700000 -9.42081058
0.53800000 -9.48520345
0.53900000 -9.54504365
0.54000000 -9.60048690
0.54100000 -9.65168406
0.54200000 -9.69878129
0.54300000 -9.74192022
0.54400000 -9.78123806
0.54500000 -9.81686776
0.54600000 -9.84893812
0.54700000 -9.87757394
0.54800000 -9.90289614
0.54900000 -9.92502187
0.55000000 -9.94406463
0.55100000 -9.96013438
0.55200000 -9.97333767
0.55300000 -9.98377773
0.55400000 -9.99155454
0.55500000 -9.99676501
0.55600000 -9.99950299
0.55700000 -9.99985941
0.55800000 -9.99792238
0.55900000 -9.99377722
0.56000000 -9.98750661
0.56100000 -9.97919064
0.56200000 -9.96890689
0.56300000 -9.95673050
0.56400000 -9.94273427
0.56500000 -9.92698871
0.56600000 -9.90956212
0.56700000 -9.89052064
0.56800000 -9.86992834
0.56900000 -9.84784728
0.57000000 -9.82433754
0.57100000 -9.79945733
0.57200000 -9.77326300
0.57300000 -9.74580914
0.57400000 -9.71714858
0.57500000 -9.68733251
0.57600000 -9.65641048
0.57700000 -9.62443044
0.57800000 -9.59143886
0.57900000 -9.55748069
0.58000000 -9.52259946
0.58100000 -9.48683730
0.58200000 -9.45023499
0.58300000 -9.41283202
0.58400000 -9.37466658
0.58500000 -9.33577565
0.58600000 -9.29619500
0.58700000 -9.25595926
0.58800000 -9.21510192
0.58900000 -9.17365539
0.59000000 -9.13165102
0.59100000 -9.08911914
0.59200000 -9.04608908
0.59300000 -9.00258923
0.59400000 -8.95864700
0.59500000 -8.91428895
0.59600000 -8.86954071
0.59700000 -8.82442710
0.59800000 -8.77897209
0.59900000 -8.73319885
0.60000000 -8.68712979
0.60100000 -8.64078655
0.60200000 -8.59419004
0.60300000 -8.54736048
0.60400000 -8.50031738
0.60500000 -8.45307960
0.60600000 -8.40566534
0.60700000 -8.35809219
0.60800000 -8.31037712
0.60900000 -8.26253653
0.61000000 -8.21458622
0.61100000 -8.16654145
0.61200000 -8.11841695
0.61300000 -8.07022693
0.61400000 -8.02198508
0.61500000 -7.97370462
0.61600000 -7.92539828
0.61700000 -7.87707833
0.61800000 -7.82875661
0.61900000 -7.78044451
0.62000000 -7.73215301
0.62100000 -7.68389269
0.62200000 -7.63567371
0.62300000 -7.58750589
0.62400000 -7.53939864
0.62500000 -7.49136102
0.62600000 -7.44340177
0.62700000 -7.39552926
0.62800000 -7.34775155
0.62900000 -7.30007637
0.63000000 -7.25251117
0.63100000 -7.20506306
0.63200000 -7.15773891
0.63300000 -7.11054527
0.63400000 -7.06348845
0.63500000 -7.01657447
0.63600000 -6.96980912
0.63700000 -6.92319793
0.63800000 -6.87674620
0.63900000 -6.83045899
0.64000000 -6.78434114
0.64100000 -6.73839728
0.64200000 -6.69263182
0.64300000 -6.64704896
0.64400000 -6.60165274
0.64500000 -6.55644696
0.64600000 -6.51143526
0.64700000 -6.46662111
0.64800000 -6.42200779
0.64900000 -6.37759843
0.65000000 -6.33339597
0.65100000 -6.28940321
0.65200000 -6.24562281
0.65300000 -6.20205727
0.65400000 -6.15870894
0.65500000 -6.11558004
0.65600000 -6.07267267
0.65700000 -6.02998878
0.65800000 -5.98753020
0.65900000 -5.94529865
0.66000000 -5.90329573
0.66100000 -5.86152291
0.66200000 -5.81998158
0.66300000 -5.77867301
0.66400000 -5.73759835
0.66500000 -5.69675869
0.66600000 -5.65615500
0.66700000 -5.61578815
0.66800000 -5.57565895
0.66900000 -5.53576810
0.67000000 -5.49611623
0.67100000 -5.45670388
0.67200000 -5.41753152
0.67300000 -5.37859954
0.67400000 -5.33990827
0.67500000 -5.30145796
0.67600000 -5.26324880
0.67700000 -5.22528090
0.67800000 -5.18755433
0.67900000 -5.15006908
0.68000000 -5.11282510
0.68100000 -5.07582227
0.68200000 -5.03906042
0.68300000 -5.00253934
0.68400000 -4.96625875
0.68500000 -4.93021834
0.68600000 -4.89441775
0.68700000 -4.85885656
0.68800000 -4.82353434
0.68900000 -4.78845057
0.69000000 -4.75360474
0.69100000 -4.71899628
0.69200000 -4.68462458
0.69300000 -4.65048901
0.69400000 -4.61658889
0.69500000 -4.58292351
0.69600000 -4.54949214
0.69700000 -4.51629402
0.69800000 -4.48332835
0.69900000 -4.45059432
0.70000000 -4.41809107
0.70100000 -4.38581773
0.70200000 -4.35377342
0.70300000 -4.32195721
0.70400000 -4.29036817
0.70500000 -4.25900534
0.70600000 -4.22786774
0.70700000 -4.19695437
0.70800000 -4.16626423
0.70900000 -4.13579627
0.71000000 -4.10554946
0.71100000 -4.07552272
0.71200000 -4.04571499
0.71300000 -4.01612517
0.71400000 -3.98675217
0.71500000 -3.95759487
0.71600000 -3.92865213
0.71700000 -3.89992284
0.71800000 -3.87140583
0.71900000 -3.84309995
0.72000000 -3.81500405
0.72100000 -3.78711694
0.72200000 -3.75943745
0.72300000 -3.73196439
0.72400000 -3.70469657
0.72500000 -3.67763279
0.72600000 -3.65077183
0.72700000 -3.62411251
0.72800000 -3.59765359
0.72900000 -3.57139386
0.73000000 -3.54533210
0.73100000 -3.51946709
0.73200000 -3.49379759
0.73300000 -3.46832238
0.73400000 -3.44304023
0.73500000 -3.41794990
0.73600000 -3.39305016
0.73700000 -3.36833977
0.73800000 -3.34381749
0.73900000 -3.31948210
0.74000000 -3.29533235
0.74100000 -3.27136701
0.74200000 -3.24758485
0.74300000 -3.22398462
0.74400000 -3.20056510
0.74500000 -3.17732506
0.74600000 -3.15426326
0.74700000 -3.13137848
0.74800000 -3.10866950
0.74900000 -3.08613508
0.75000000 -3.06377402
0.75100000 -3.04158508
0.75200000 -3.01956707
0.75300000 -2.99771876
0.75400000 -2.97603894
0.75500000 -2.95452643
0.75600000 -2.93318000
0.75700000 -2.91199847
0.75800000 -2.89098065
0.75900000 -2.87012534
0.76000000 -2.84943136
0.76100000 -2.82889753
0.76200000 -2.80852267
0.76300000 -2.78830562
0.76400000 -2.76824522
0.76500000 -2.74834029
0.76600000 -2.72858968
0.76700000 -2.70899224
0.76800000 -2.68954683
0.76900000 -2.67025231
0.77000000 -2.65110754
0.77100000 -2.63211140
0.77200000 -2.61326275
0.77300000 -2.59456048
0.77400000 -2.57600349
0.77500000 -2.55759065
0.77600000 -2.53932088
0.77700000 -2.52119308
0.77800000 -2.50320615
0.77900000 -2.48535902
0.78000000 -2.46765061
0.78100000 -2.45007985
0.78200000 -2.43264568
0.78300000 -2.41534702
0.78400000 -2.39818285
0.78500000 -2.38115210
0.78600000 -2.36425374
0.78700000 -2.34748673
0.78800000 -2.33085006
0.78900000 -2.31434269
0.79000000 -2.29796361
0.79100000 -2.28171182
0.79200000 -2.26558632
0.79300000 -2.24958610
0.79400000 -2.23371019
0.79500000 -2.21795759
0.79600000 -2.20232734
0.79700000 -2.18681846
0.79800000 -2.17142999
0.79900000 -2.15616098
0.80000000 -2.14101047
0.80100000 -2.12597753
0.80200000 -2.11106121
0.80300000 -2.09626058
0.80400000 -2.08157472
0.80500000 -2.06700272
0.80600000 -2.05254366
0.80700000 -2.03819663
0.80800000 -2.02396074
0.80900000 -2.00983510
0.81000000 -1.99581882
0.81100000 -1.98191102
0.81200000 -1.96811084
0.81300000 -1.95441739
0.81400000 -1.94082982
0.81500000 -1.92734729
0.81600000 -1.91396893
0.81700000 -1.90069392
0.81800000 -1.88752141
0.81900000 -1.87445057
0.82000000 -1.86148059
0.82100000 -1.84861065
0.82200000 -1.83583993
0.82300000 -1.82316763
0.82400000 -1.81059296
0.82500000 -1.79811512
0.82600000 -1.78573333
0.82700000 -1.77344680
0.82800000 -1.76125476
0.82900000 -1.74915645
0.83000000 -1.73715110
0.83100000 -1.72523796
0.83200000 -1.71341627
0.83300000 -1.70168530
0.83400000 -1.69004430
0.83500000 -1.67849253
0.83600000 -1.66702928
0.83700000 -1.65565383
0.83800000 -1.64436544
0.83900000 -1.63316343
0.84000000 -1.62204708
0.84100000 -1.61101569
0.84200000 -1.60006857
0.84300000 -1.58920503
0.84400000 -1.57842439
0.84500000 -1.56772598
0.84600000 -1.55710912
0.84700000 -1.54657314
0.84800000 -1.53611740
0.84900000 -1.52574122
0.85000000 -1.51544397
0.85100000 -1.50522499
0.85200000 -1.49508365
0.85300000 -1.48501931
0.85400000 -1.47503135
0.85500000 -1.46511914
0.85600000 -1.45528207
0.85700000 -1.44551951
0.85800000 -1.43583086
0.85900000 -1.42621552
0.86000000 -1.41667288
0.86100000 -1.40720236
0.86200000 -1.39780337
0.86300000 -1.38847532
0.86400000 -1.37921763
0.86500000 -1.37002973
0.86600000 -1.36091104
0.86700000 -1.35186101
0.86800000 -1.34287907
0.86900000 -1.33396468
0.87000000 -1.32511726
0.87100000 -1.31633629
0.87200000 -1.30762122
0.87300000 -1.29897151
0.87400000 -1.29038663
0.87500000 -1.28186605
0.87600000 -1.27340924
0.87700000 -1.26501569
0.87800000 -1.25668489
0.87900000 -1.24841631
0.88000000 -1.24020946
0.88100000 -1.23206384
0.88200000 -1.22397893
0.88300000 -1.21595426
0.88400000 -1.20798933
0.88500000 -1.20008365
0.88600000 -1.19223674
0.88700000 -1.18444814
0.88800000 -1.17671735
0.88900000 -1.16904392
0.89000000 -1.16142737
0.89100000 -1.15386725
0.89200000 -1.14636310
0.89300000 -1.13891446
0.89400000 -1.13152089
0.89500000 -1.12418193
0.89600000 -1.11689715
0.89700000 -1.10966611
0.89800000 -1.10248837
0.89900000 -1.09536350
0.90000000 -1.08829108
0.90100000 -1.08127067
0.90200000 -1.07430186
0.90300000 -1.06738424
0.90400000 -1.06051738
0.90500000 -1.05370089
0.90600000 -1.04693435
0.90700000 -1.04021735
0.90800000 -1.03354951
0.90900000 -1.02693042
0.91000000 -1.02035970
0.91100000 -1.01383695
0.91200000 -1.00736178
0.91300000 -1.00093382
0.91400000 -0.99455269
0.91500000 -0.98821800
0.91600000 -0.98192938
0.91700000 -0.97568648
0.91800000 -0.96948891
0.91900000 -0.96333632
0.92000000 -0.95722834
0.92100000 -0.95116462
0.92200000 -0.94514480
0.92300000 -0.93916853
0.92400000 -0.93323547
0.92500000 -0.92734526
0.92600000 -0.92149757
0.92700000 -0.91569206
0.92800000 -0.90992838
0.92900000 -0.90420621
0.93000000 -0.89852522
0.93100000 -0.89288507
0.93200000 -0.88728544
0.93300000 -0.88172601
0.93400000 -0.87620645
0.93500000 -0.87072646
0.93600000 -0.86528572
0.93700000 -0.85988391
0.93800000 -0.85452072
0.93900000 -0.84919586
0.94000000 -0.84390901
0.94100000 -0.83865987
0.94200000 -0.83344815
0.94300000 -0.82827355
0.94400000 -0.82313577
0.94500000 -0.81803453
0.94600000 -0.81296954
0.94700000 -0.80794050
0.94800000 -0.80294714
0.94900000 -0.79798917
0.95000000 -0.79306632
0.95100000 -0.78817831
0.95200000 -0.78332486
0.95300000 -0.77850570
0.95400000 -0.77372056
0.95500000 -0.76896918
0.95600000 -0.76425129
0.95700000 -0.75956663
0.95800000 -0.75491493
0.95900000 -0.75029594
0.96000000 -0.74570941
0.96100000 -0.74115507
0.96200000 -0.73663267
0.96300000 -0.73214197
0.96400000 -0.72768272
0.96500000 -0.72325467
0.96600000 -0.71885758
0.96700000 -0.71449121
0.96800000 -0.71015531
0.96900000 -0.70584966
0.97000000 -0.70157401
0.97100000 -0.69732813
0.97200000 -0.69311179
0.97300000 -0.68892476
0.97400000 -0.68476682
0.97500000 -0.68063773
0.97600000 -0.67653728
0.97700000 -0.67246523
0.97800000 -0.66842138
0.97900000 -0.66440550
0.98000000 -0.66041738
0.98100000 -0.65645680
0.98200000 -0.65252356
0.98300000 -0.64861743
0.98400000 -0.64473821
0.98500000 -0.64088569
0.98600000 -0.63705967
0.98700000 -0.63325994
0.98800000 -0.62948630
0.98900000 -0.62573855
0.99000000 -0.62201649
0.99100000 -0.61831993
0.99200000 -0.61464866
0.99300000 -0.61100250
0.99400000 -0.60738125
0.99500000 -0.60378473
0.99600000 -0.60021273
0.99700000 -0.59666508
0.99800000 -0.59314159
0.99900000 -0.58964207
1.00000000 -0.58616634
1.00100000 -0.58271423
1.00200000 -0.57928554
1.00300000 -0.57588011
1.00400000 -0.57249775
1.00500000 -0.56913829
1.00600000 -0.56580156
1.00700000 -0.56248738
1.00800000 -0.55919558
1.00900000 -0.55592599
1.01000000 -0.55267845
1.01100000 -0.54945278
1.01200000 -0.54624883
1.01300000 -0.54306643
1.01400000 -0.53990541
1.01500000 -0.53676561
1.01600000 -0.53364688
1.01700000 -0.53054905
1.01800000 -0.52747197
1.01900000 -0.52441549
1.02000000 -0.52137944
1.02100000 -0.51836367
1.02200000 -0.51536803
1.02300000 -0.51239237
1.02400000 -0.50943654
1.02500000 -0.50650040
1.02600000 -0.50358378
1.02700000 -0.50068656
1.02800000 -0.49780857
1.02900000 -0.49494969
1.03000000 -0.49210976
1.03100000 -0.48928865
1.03200000 -0.48648622
1.03300000 -0.48370232
1.03400000 -0.48093681
1.03500000 -0.47818957
1.03600000 -0.47546045
1.03700000 -0.47274933
1.03800000 -0.47005606
1.03900000 -0.46738052
1.04000000 -0.46472257
1.04100000 -0.46208208
1.04200000 -0.45945893
1.04300000 -0.45685298
1.04400000 -0.45426411
1.04500000 -0.45169219
1.04600000 -0.44913711
1.04700000 -0.44659872
1.04800000 -0.44407692
1.04900000 -0.44157157
1.05000000 -0.43908256
1.05100000 -0.43660977
1.05200000 -0.43415308
1.05300000 -0.43171237
1.05400000 -0.42928752
1.05500000 -0.42687842
1.05600000 -0.42448495
1.05700000 -0.42210699
1.05800000 -0.41974444
1.05900000 -0.41739718
1.06000000 -0.41506510
1.06100000 -0.41274809
1.06200000 -0.41044604
1.06300000 -0.40815884
1.06400000 -0.40588638
1.06500000 -0.40362856
1.06600000 -0.40138526
1.06700000 -0.39915639
1.06800000 -0.39694183
1.06900000 -0.39474149
1.07000000 -0.39255526
1.07100000 -0.39038304
1.07200000 -0.38822473
1.07300000 -0.38608023
1.07400000 -0.38394943
1.07500000 -0.38183225
1.07600000 -0.37972857
1.07700000 -0.37763831
1.07800000 -0.37556136
1.07900000 -0.37349764
1.08000000 -0.37144704
1.08100000 -0.36940947
1.08200000 -0.36738484
1.08300000 -0.36537306
1.08400000 -0.36337403
1.08500000 -0.36138766
1.08600000 -0.35941386
1.08700000 -0.35745255
1.08800000 -0.35550362
1.08900000 -0.35356700
1.09000000 -0.35164260
1.09100000 -0.34973032
1.09200000 -0.34783009
1.09300000 -0.34594182
1.09400000 -0.34406541
1.09500000 -0.34220079
1.09600000 -0.34034788
1.09700000 -0.33850659
1.09800000 -0.33667683
1.09900000 -0.33485854
1.10000000 -0.33305161
1.10100000 -0.33125599
1.10200000 -0.32947157
1.10300000 -0.32769830
1.10400000 -0.32593607
1.10500000 -0.32418483
1.10600000 -0.32244449
1.10700000 -0.32071498
1.10800000 -0.31899622
1.10900000 -0.31728812
1.11000000 -0.31559063
1.11100000 -0.31390366
1.11200000 -0.31222714
1.11300000 -0.31056100
1.11400000 -0.30890516
1.11500000 -0.30725955
1.11600000 -0.30562410
1.11700000 -0.30399875
1.11800000 -0.30238341
1.11900000 -0.30077802
1.12000000 -0.29918251
1.12100000 -0.29759681
1.12200000 -0.29602085
1.12300000 -0.29445457
1.12400000 -0.29289790
1.12500000 -0.29135077
1.12600000 -0.28981311
1.12700000 -0.28828486
1.12800000 -0.28676595
1.12900000 -0.28525633
1.13000000 -0.28375591
1.13100000 -0.28226465
1.13200000 -0.28078248
1.13300000 -0.27930933
1.13400000 -0.27784515
1.13500000 -0.27638986
1.13600000 -0.27494342
1.13700000 -0.27350575
1.13800000 -0.27207681
1.13900000 -0.27065652
1.14000000 -0.26924483
1.14100000 -0.26784168
1.14200000 -0.26644701
1.14300000 -0.26506077
1.14400000 -0.26368289
1.14500000 -0.26231332
1.14600000 -0.26095201
1.14700000 -0.25959889
1.14800000 -0.25825390
1.14900000 -0.25691701
1.15000000 -0.25558814
1.15100000 -0.25426724
1.15200000 -0.25295427
1.15300000 -0.25164916
1.15400000 -0.25035187
1.15500000 -0.24906233
1.15600000 -0.24778051
1.15700000 -0.24650633
1.15800000 -0.24523977
1.15900000 -0.24398075
1.16000000 -0.24272923
1.16100000 -0.24148516
1.16200000 -0.24024850
1.16300000 -0.23901918
1.16400000 -0.23779716
1.16500000 -0.23658240
1.16600000 -0.23537483
1.16700000 -0.23417442
1.16800000 -0.23298112
1.16900000 -0.23179487
1.17000000 -0.23061564
1.17100000 -0.22944336
1.17200000 -0.22827801
1.17300000 -0.22711952
1.17400000 -0.22596786
1.17500000 -0.22482298
1.17600000 -0.22368484
1.17700000 -0.22255338
1.17800000 -0.22142857
1.17900000 -0.22031035
1.18000000 -0.21919869
1.18100000 -0.21809355
1.18200000 -0.21699487
1.18300000 -0.21590262
1.18400000 -0.21481676
1.18500000 -0.21373723
1.18600000 -0.21266401
1.18700000 -0.21159704
1.18800000 -0.21053629
1.18900000 -0.20948171
1.19000000 -0.20843326
1.19100000 -0.20739092
1.19200000 -0.20635462
1.19300000 -0.20532434
1.19400000 -0.20430003
1.19500000 -0.20328165
1.19600000 -0.20226917
1.19700000 -0.20126255
1.19800000 -0.20026174
1.19900000 -0.19926672
1.20000000 -0.19827744
1.20100000 -0.19729386
1.20200000 -0.19631595
1.20300000 -0.19534367
1.20400000 -0.19437698
1.20500000 -0.19341585
1.20600000 -0.19246024
1.20700000 -0.19151012
1.20800000 -0.19056544
1.20900000 -0.18962618
1.21000000 -0.18869229
1.21100000 -0.18776375
1.21200000 -0.18684051
1.21300000 -0.18592255
1.21400000 -0.18500983
1.21500000 -0.18410232
1.21600000 -0.18319997
1.21700000 -0.18230277
1.21800000 -0.18141067
1.21900000 -0.18052364
1.22000000 -0.17964165
1.22100000 -0.17876467
1.22200000 -0.17789266
1.22300000 -0.17702560
1.22400000 -0.17616344
1.22500000 -0.17530617
1.22600000 -0.17445374
1.22700000 -0.17360613
1.22800000 -0.17276331
1.22900000 -0.17192524
1.23000000 -0.17109189
1.23100000 -0.17026324
1.23200000 -0.16943925
1.23300000 -0.16861990
1.23400000 -0.16780515
1.23500000 -0.16699497
1.23600000 -0.16618935
1.23700000 -0.16538824
1.23800000 -0.16459161
1.23900000 -0.16379945
1.24000000 -0.16301172
1.24100000 -0.16222839
1.24200000 -0.16144944
1.24300000 -0.16067483
1.24400000 -0.15990454
1.24500000 -0.15913855
1.24600000 -0.15837682
1.24700000 -0.15761933
1.24800000 -0.15686605
1.24900000 -0.15611696
1.25000000 -0.15537202
1.25100000 -0.15463121
1.25200000 -0.15389452
1.25300000 -0.15316190
1.25400000 -0.15243333
1.25500000 -0.15170880
1.25600000 -0.15098827
1.25700000 -0.15027171
1.25800000 -0.14955911
1.25900000 -0.14885044
1.26000000 -0.14814568
1.26100000 -0.14744479
1.26200000 -0.14674776
1.26300000 -0.14605455
1.26400000 -0.14536516
1.26500000 -0.14467955
1.26600000 -0.14399770
1.26700000 -0.14331958
1.26800000 -0.14264518
1.26900000 -0.14197447
1.27000000 -0.14130743
1.27100000 -0.14064403
1.27200000 -0.13998425
1.27300000 -0.13932807
1.27400000 -0.13867546
1.27500000 -0.13802641
1.27600000 -0.13738090
1.27700000 -0.13673889
1.27800000 -0.13610037
1.27900000 -0.13546532
1.28000000 -0.13483372
1.28100000 -0.13420554
1.28200000 -0.13358076
1.28300000 -0.13295937
1.28400000 -0.13234134
1.28500000 -0.13172665
1.28600000 -0.13111528
1.28700000 -0.13050721
1.28800000 -0.12990242
1.28900000 -0.12930089
1.29000000 -0.12870260
1.29100000 -0.12810752
1.29200000 -0.12751565
1.29300000 -0.12692696
1.29400000 -0.12634143
1.29500000 -0.12575904
1.29600000 -0.12517978
1.29700000 -0.12460362
1.29800000 -0.12403054
1.29900000 -0.12346053
1.30000000 -0.12289356
1.30100000 -0.12232962
1.30200000 -0.12176870
1.30300000 -0.12121076
1.30400000 -0.12065580
1.30500000 -0.12010380
1.30600000 -0.11955473
1.30700000 -0.11900858
1.30800000 -0.11846534
1.30900000 -0.11792498
1.31000000 -0.11738748
1.31100000 -0.11685284
1.31200000 -0.11632103
1.31300000 -0.11579203
1.31400000 -0.11526584
1.31500000 -0.11474242
1.31600000 -0.11422177
1.31700000 -0.11370387
1.31800000 -0.11318870
1.31900000 -0.11267625
1.32000000 -0.11216650
1.32100000 -0.11165943
1.32200000 -0.11115502
1.32300000 -0.11065327
1.32400000 -0.11015415
1.32500000 -0.10965765
1.32600000 -0.10916376
1.32700000 -0.10867245
1.32800000 -0.10818372
1.32900000 -0.10769754
1.33000000 -0.10721391
1.33100000 -0.10673280
1.33200000 -0.10625420
1.33300000 -0.10577810
1.33400000 -0.10530449
1.33500000 -0.10483334
1.33600000 -0.10436464
1.33700000 -0.10389839
1.33800000 -0.10343455
1.33900000 -0.10297313
1.34000000 -0.10251410
1.34100000 -0.10205745
1.34200000 -0.10160317
1.34300000 -0.10115124
1.34400000 -0.10070166
1.34500000 -0.10025439
1.34600000 -0.09980944
1.34700000 -0.09936679
1.34800000 -0.09892642
1.34900000 -0.09848832
1.35000000 -0.09805248
1.35100000 -0.09761889
1.35200000 -0.09718752
1.35300000 -0.09675838
1.35400000 -0.09633144
1.35500000 -0.09590669
1.35600000 -0.09548412
1.35700000 -0.09506372
1.35800000 -0.09464547
1.35900000 -0.09422937
1.36000000 -0.09381539
1.36100000 -0.09340353
1.36200000 -0.09299378
1.36300000 -0.09258611
1.36400000 -0.09218053
1.36500000 -0.09177701
1.36600000 -0.09137555
1.36700000 -0.09097614
1.36800000 -0.09057875
1.36900000 -0.09018339
1.37000000 -0.08979004
1.37100000 -0.08939868
1.37200000 -0.08900931
1.37300000 -0.08862191
1.37400000 -0.08823647
1.37500000 -0.08785299
1.37600000 -0.08747144
1.37700000 -0.08709183
1.37800000 -0.08671413
1.37900000 -0.08633834
1.38000000 -0.08596444
1.38100000 -0.08559243
1.38200000 -0.08522229
1.38300000 -0.08485402
1.38400000 -0.08448760
1.38500000 -0.08412302
1.38600000 -0.08376027
1.38700000 -0.08339934
1.38800000 -0.08304022
1.38900000 -0.08268291
1.39000000 -0.08232738
1.39100000 -0.08197363
1.39200000 -0.08162166
1.39300000 -0.08127144
1.39400000 -0.08092297
1.39500000 -0.08057624
1.39600000 -0.08023124
1.39700000 -0.07988796
1.39800000 -0.07954639
1.39900000 -0.07920651
1.40000000 -0.07886833
1.40100000 -0.07853184
1.40200000 -0.07819701
1.40300000 -0.07786384
1.40400000 -0.07753233
1.40500000 -0.07720246
1.40600000 -0.07687422
1.40700000 -0.07654761
1.40800000 -0.07622262
1.40900000 -0.07589923
1.41000000 -0.07557744
1.41100000 -0.07525723
1.41200000 -0.07493861
1.41300000 -0.07462155
1.41400000 -0.07430606
1.41500000 -0.07399212
1.41600000 -0.07367973
1.41700000 -0.07336887
1.41800000 -0.07305954
1.41900000 -0.07275173
1.42000000 -0.07244542
1.42100000 -0.07214062
1.42200000 -0.07183731
1.42300000 -0.07153549
1.42400000 -0.07123514
1.42500000 -0.07093626
1.42600000 -0.07063884
1.42700000 -0.07034288
1.42800000 -0.07004835
1.42900000 -0.06975527
1.43000000 -0.06946361
1.43100000 -0.06917337
1.43200000 -0.06888454
1.43300000 -0.06859712
1.43400000 -0.06831109
1.43500000 -0.06802646
1.43600000 -0.06774320
1.43700000 -0.06746132
1.43800000 -0.06718080
1.43900000 -0.06690164
1.44000000 -0.06662383
1.44100000 -0.06634737
1.44200000 -0.06607224
1.44300000 -0.06579844
1.44400000 -0.06552596
1.44500000 -0.06525479
1.44600000 -0.06498493
1.44700000 -0.06471638
1.44800000 -0.06444911
1.44900000 -0.06418313
1.45000000 -0.06391842
1.45100000 -0.06365499
1.45200000 -0.06339283
1.45300000 -0.06313192
1.45400000 -0.06287226
1.45500000 -0.06261384
1.45600000 -0.06235666
1.45700000 -0.06210071
1.45800000 -0.06184599
1.45900000 -0.06159248
1.46000000 -0.06134018
1.46100000 -0.06108909
1.46200000 -0.06083919
1.46300000 -0.06059048
1.46400000 -0.06034296
1.46500000 -0.06009662
1.46600000 -0.05985144
1.46700000 -0.05960743
1.46800000 -0.05936458
1.46900000 -0.05912288
1.47000000 -0.05888233
1.47100000 -0.05864292
1.47200000 -0.05840464
1.47300000 -0.05816749
1.47400000 -0.05793146
1.47500000 -0.05769655
1.47600000 -0.05746274
1.47700000 -0.05723004
1.47800000 -0.05699844
1.47900000 -0.05676793
1.48000000 -0.05653850
1.48100000 -0.05631015
1.48200000 -0.05608288
1.48300000 -0.05585668
1.48400000 -0.05563154
1.48500000 -0.05540745
1.48600000 -0.05518442
1.48700000 -0.05496243
1.48800000 -0.05474148
1.48900000 -0.05452157
1.49000000 -0.05430269
1.49100000 -0.05408483
1.49200000 -0.05386799
1.49300000 -0.05365216
1.49400000 -0.05343734
1.49500000 -0.05322351
1.49600000 -0.05301069
1.49700000 -0.05279886
1.49800000 -0.05258801
1.49900000 -0.05237815
1.50000000 -0.05216926
1.50100000 -0.05196134
1.50200000 -0.05175438
1.50300000 -0.05154839
1.50400000 -0.05134335
1.50500000 -0.05113926
1.50600000 -0.05093611
1.50700000 -0.05073391
1.50800000 -0.05053264
1.50900000 -0.05033230
1.51000000 -0.05013289
1.51100000 -0.04993439
1.51200000 -0.04973681
1.51300000 -0.04954015
1.51400000 -0.04934438
1.51500000 -0.04914952
1.51600000 -0.04895556
1.51700000 -0.04876249
1.51800000 -0.04857030
1.51900000 -0.04837900
1.52000000 -0.04818857
1.52100000 -0.04799902
1.52200000 -0.04781034
1.52300000 -0.04762252
1.52400000 -0.04743555
1.52500000 -0.04724945
1.52600000 -0.04706419
1.52700000 -0.04687979
1.52800000 -0.04669622
1.52900000 -0.04651349
1.53000000 -0.04633159
1.53100000 -0.04615052
1.53200000 -0.04597028
1.53300000 -0.04579086
1.53400000 -0.04561225
1.53500000 -0.04543445
1.53600000 -0.04525747
1.53700000 -0.04508128
1.53800000 -0.04490589
1.53900000 -0.04473130
1.54000000 -0.04455750
1.54100000 -0.04438449
1.54200000 -0.04421225
1.54300000 -0.04404080
1.54400000 -0.04387012
1.54500000 -0.04370022
1.54600000 -0.04353107
1.54700000 -0.04336270
1.54800000 -0.04319508
1.54900000 -0.04302821
1.55000000 -0.04286210
1.55100000 -0.04269673
1.55200000 -0.04253211
1.55300000 -0.04236822
1.55400000 -0.04220508
1.55500000 -0.04204266
1.55600000 -0.04188097
1.55700000 -0.04172001
1.55800000 -0.04155976
1.55900000 -0.04140024
1.56000000 -0.04124143
1.56100000 -0.04108332
1.56200000 -0.04092593
1.56300000 -0.04076923
1.56400000 -0.04061324
1.56500000 -0.04045794
1.56600000 -0.04030333
1.56700000 -0.04014941
1.56800000 -0.03999618
1.56900000 -0.03984362
1.57000000 -0.03969175
1.57100000 -0.03954055
1.57200000 -0.03939002
1.57300000 -0.03924016
1.57400000 -0.03909096
1.57500000 -0.03894242
1.57600000 -0.03879454
1.57700000 -0.03864732
1.57800000 -0.03850074
1.57900000 -0.03835482
1.58000000 -0.03820954
1.58100000 -0.03806490
1.58200000 -0.03792089
1.58300000 -0.03777752
1.58400000 -0.03763479
1.58500000 -0.03749268
1.58600000 -0.03735120
1.58700000 -0.03721034
1.58800000 -0.03707009
1.58900000 -0.03693047
1.59000000 -0.03679146
1.59100000 -0.03665305
1.59200000 -0.03651526
1.59300000 -0.03637806
1.59400000 -0.03624147
1.59500000 -0.03610548
1.59600000 -0.03597007
1.59700000 -0.03583527
1.59800000 -0.03570105
1.59900000 -0.03556741
1.60000000 -0.03543436
1.60100000 -0.03530189
1.60200000 -0.03516999
1.60300000 -0.03503867
1.60400000 -0.03490793
1.60500000 -0.03477775
1.60600000 -0.03464813
1.60700000 -0.03451908
1.60800000 -0.03439059
1.60900000 -0.03426265
1.61000000 -0.03413527
1.61100000 -0.03400845
1.61200000 -0.03388217
1.61300000 -0.03375643
1.61400000 -0.03363124
1.61500000 -0.03350660
1.61600000 -0.03338249
1.61700000 -0.03325891
1.61800000 -0.03313587
1.61900000 -0.03301336
1.62000000 -0.03289138
1.62100000 -0.03276992
1.62200000 -0.03264899
1.62300000 -0.03252857
1.62400000 -0.03240868
1.62500000 -0.03228929
1.62600000 -0.03217042
1.62700000 -0.03205206
1.62800000 -0.03193421
1.62900000 -0.03181686
1.63000000 -0.03170002
1.63100000 -0.03158367
1.63200000 -0.03146783
1.63300000 -0.03135247
1.63400000 -0.03123761
1.63500000 -0.03112325
1.63600000 -0.03100936
1.63700000 -0.03089597
1.63800000 -0.03078306
1.63900000 -0.03067062
1.64000000 -0.03055867
1.64100000 -0.03044720
1.64200000 -0.03033619
1.64300000 -0.03022566
1.64400000 -0.03011560
1.64500000 -0.03000600
1.64600000 -0.02989687
1.64700000 -0.02978821
1.64800000 -0.02968000
1.64900000 -0.02957225
1.65000000 -0.02946496
1.65100000 -0.02935812
1.65200000 -0.02925173
1.65300000 -0.02914579
1.65400000 -0.02904030
1.65500000 -0.02893525
1.65600000 -0.02883065
1.65700000 -0.02872648
1.65800000 -0.02862276
1.65900000 -0.02851947
1.66000000 -0.02841662
1.66100000 -0.02831419
1.66200000 -0.02821220
1.66300000 -0.02811064
1.66400000 -0.02800950
1.66500000 -0.02790879
1.66600000 -0.02780850
1.66700000 -0.02770863
1.66800000 -0.02760917
1.66900000 -0.02751013
1.67000000 -0.02741151
1.67100000 -0.02731330
1.67200000 -0.02721550
1.67300000 -0.02711811
1.67400000 -0.02702112
1.67500000 -0.02692454
1.67600000 -0.02682836
1.67700000 -0.02673258
1.67800000 -0.02663720
1.67900000 -0.02654221
1.68000000 -0.02644762
1.68100000 -0.02635342
1.68200000 -0.02625962
1.68300000 -0.02616620
1.68400000 -0.02607317
1.68500000 -0.02598053
1.68600000 -0.02588827
1.68700000 -0.02579639
1.68800000 -0.02570489
1.68900000 -0.02561377
1.69000000 -0.02552302
1.69100000 -0.02543265
1.69200000 -0.02534266
1.69300000 -0.02525303
1.69400000 -0.02516378
1.69500000 -0.02507489
1.69600000 -0.02498637
1.69700000 -0.02489821
1.69800000 -0.02481041
1.69900000 -0.02472298
1.70000000 -0.02463590
1.70100000 -0.02454918
1.70200000 -0.02446282
1.70300000 -0.02437681
1.70400000 -0.02429116
1.70500000 -0.02420585
1.70600000 -0.02412090
1.70700000 -0.02403629
1.70800000 -0.02395203
1.70900000 -0.02386811
1.71000000 -0.02378453
1.71100000 -0.02370130
1.71200000 -0.02361840
1.71300000 -0.02353584
1.71400000 -0.02345362
1.71500000 -0.02337174
1.71600000 -0.02329019
1.71700000 -0.02320896
1.71800000 -0.02312807
1.71900000 -0.02304751
1.72000000 -0.02296728
1.72100000 -0.02288737
1.72200000 -0.02280778
1.72300000 -0.02272852
1.72400000 -0.02264957
1.72500000 -0.02257095
1.72600000 -0.02249265
1.72700000 -0.02241466
1.72800000 -0.02233699
1.72900000 -0.02225963
1.73000000 -0.02218258
1.73100000 -0.02210584
1.73200000 -0.02202942
1.73300000 -0.02195330
1.73400000 -0.02187749
1.73500000 -0.02180198
1.73600000 -0.02172678
1.73700000 -0.02165188
1.73800000 -0.02157728
1.73900000 -0.02150298
1.74000000 -0.02142897
1.74100000 -0.02135527
1.74200000 -0.02128186
1.74300000 -0.02120874
1.74400000 -0.02113592
1.74500000 -0.02106339
1.74600000 -0.02099115
1.74700000 -0.02091920
1.74800000 -0.02084753
1.74900000 -0.02077615
1.75000000 -0.02070506
1.75100000 -0.02063425
1.75200000 -0.02056372
1.75300000 -0.02049347
1.75400000 -0.02042351
1.75500000 -0.02035382
1.75600000 -0.02028440
1.75700000 -0.02021527
1.75800000 -0.02014641
1.75900000 -0.02007782
1.76000000 -0.02000950
1.76100000 -0.01994146
1.76200000 -0.01987368
1.76300000 -0.01980618
1.76400000 -0.01973894
1.76500000 -0.01967196
1.76600000 -0.01960526
1.76700000 -0.01953881
1.76800000 -0.01947263
1.76900000 -0.01940671
1.77000000 -0.01934105
1.77100000 -0.01927565
1.77200000 -0.01921050
1.77300000 -0.01914561
1.77400000 -0.01908098
1.77500000 -0.01901660
1.77600000 -0.01895248
1.77700000 -0.01888861
1.77800000 -0.01882499
1.77900000 -0.01876161
1.78000000 -0.01869849
1.78100000 -0.01863562
1.78200000 -0.01857299
1.78300000 -0.01851060
1.78400000 -0.01844846
1.78500000 -0.01838657
1.78600000 -0.01832491
1.78700000 -0.01826350
1.78800000 -0.01820233
1.78900000 -0.01814139
1.79000000 -0.01808069
1.79100000 -0.01802023
1.79200000 -0.01796001
1.79300000 -0.01790002
1.79400000 -0.01784026
1.79500000 -0.01778074
1.79600000 -0.01772145
1.79700000 -0.01766239
1.79800000 -0.01760355
1.79900000 -0.01754495
1.80000000 -0.01748657
1.80100000 -0.01742842
1.80200000 -0.01737050
1.80300000 -0.01731280
1.80400000 -0.01725532
1.80500000 -0.01719807
1.80600000 -0.01714103
1.80700000 -0.01708422
1.80800000 -0.01702763
1.80900000 -0.01697125
1.81000000 -0.01691510
1.81100000 -0.01685916
1.81200000 -0.01680343
1.81300000 -0.01674792
1.81400000 -0.01669263
1.81500000 -0.01663754
1.81600000 -0.01658267
1.81700000 -0.01652801
1.81800000 -0.01647356
1.81900000 -0.01641932
1.82000000 -0.01636529
1.82100000 -0.01631146
1.82200000 -0.01625784
1.82300000 -0.01620443
1.82400000 -0.01615122
1.82500000 -0.01609821
1.82600000 -0.01604541
1.82700000 -0.01599281
1.82800000 -0.01594041
1.82900000 -0.01588821
1.83000000 -0.01583621
1.83100000 -0.01578440
1.83200000 -0.01573280
1.83300000 -0.01568139
1.83400000 -0.01563018
1.83500000 -0.01557916
1.83600000 -0.01552834
1.83700000 -0.01547771
1.83800000 -0.01542727
1.83900000 -0.01537702
1.84000000 -0.01532697
1.84100000 -0.01527710
1.84200000 -0.01522743
1.84300000 -0.01517794
1.84400000 -0.01512864
1.84500000 -0.01507953
1.84600000 -0.01503060
1.84700000 -0.01498186
1.84800000 -0.01493330
1.84900000 -0.01488492
1.85000000 -0.01483673
1.85100000 -0.01478872
1.85200000 -0.01474089
1.85300000 -0.01469324
1.85400000 -0.01464577
1.85500000 -0.01459848
1.85600000 -0.01455137
1.85700000 -0.01450443
1.85800000 -0.01445767
1.85900000 -0.01441109
1.86000000 -0.01436468
1.86100000 -0.01431845
1.86200000 -0.01427239
1.86300000 -0.01422650
1.86400000 -0.01418078
1.86500000 -0.01413524
1.86600000 -0.01408987
1.86700000 -0.01404466
1.86800000 -0.01399963
1.86900000 -0.01395476
1.87000000 -0.01391006
1.87100000 -0.01386553
1.87200000 -0.01382116
1.87300000 -0.01377696
1.87400000 -0.01373292
1.87500000 -0.01368905
1.87600000 -0.01364534
1.87700000 -0.01360180
1.87800000 -0.01355841
1.87900000 -0.01351519
1.88000000 -0.01347213
1.88100000 -0.01342923
1.88200000 -0.01338649
1.88300000 -0.01334390
1.88400000 -0.01330148
1.88500000 -0.01325921
1.88600000 -0.01321710
1.88700000 -0.01317514
1.88800000 -0.01313334
1.88900000 -0.01309169
1.89000000 -0.01305020
1.89100000 -0.01300886
1.89200000 -0.01296767
1.89300000 -0.01292664
1.89400000 -0.01288576
1.89500000 -0.01284502
1.89600000 -0.01280444
1.89700000 -0.01276401
1.89800000 -0.01272372
1.89900000 -0.01268359
1.90000000 -0.01264360
1.90100000 -0.01260376
1.90200000 -0.01256407
1.90300000 -0.01252452
1.90400000 -0.01248511
1.90500000 -0.01244585
1.90600000 -0.01240674
1.90700000 -0.01236777
1.90800000 -0.01232894
1.90900000 -0.01229025
1.91000000 -0.01225170
1.91100000 -0.01221330
1.91200000 -0.01217503
1.91300000 -0.01213691
1.91400000 -0.01209892
1.91500000 -0.01206108
1.91600000 -0.01202337
1.91700000 -0.01198580
1.91800000 -0.01194836
1.91900000 -0.01191106
1.92000000 -0.01187390
1.92100000 -0.01183687
1.92200000 -0.01179998
1.92300000 -0.01176322
1.92400000 -0.01172660
1.92500000 -0.01169010
1.92600000 -0.01165374
1.92700000 -0.01161752
1.92800000 -0.01158142
1.92900000 -0.01154545
1.93000000 -0.01150962
1.93100000 -0.01147391
1.93200000 -0.01143833
1.93300000 -0.01140289
1.93400000 -0.01136756
1.93500000 -0.01133237
1.93600000 -0.01129731
1.93700000 -0.01126237
1.93800000 -0.01122755
1.93900000 -0.01119287
1.94000000 -0.01115830
1.94100000 -0.01112386
1.94200000 -0.01108955
1.94300000 -0.01105536
1.94400000 -0.01102129
1.94500000 -0.01098734
1.94600000 -0.01095352
1.94700000 -0.01091982
1.94800000 -0.01088624
1.94900000 -0.01085278
1.95000000 -0.01081943
1.95100000 -0.01078621
1.95200000 -0.01075311
1.95300000 -0.01072012
1.95400000 -0.01068726
1.95500000 -0.01065451
1.95600000 -0.01062188
1.95700000 -0.01058936
1.95800000 -0.01055696
1.95900000 -0.01052468
1.96000000 -0.01049251
1.96100000 -0.01046045
1.96200000 -0.01042851
1.96300000 -0.01039669
1.96400000 -0.01036497
1.96500000 -0.01033337
1.96600000 -0.01030189
1.96700000 -0.01027051
1.96800000 -0.01023925
1.96900000 -0.01020809
1.97000000 -0.01017705
1.97100000 -0.01014612
1.97200000 -0.01011529
1.97300000 -0.01008458
1.97400000 -0.01005397
1.97500000 -0.01002347
1.97600000 -0.00999308
1.97700000 -0.00996280
1.97800000 -0.00993263
1.97900000 -0.00990256
1.98000000 -0.00987260
1.98100000 -0.00984274
1.98200000 -0.00981299
1.98300000 -0.00978334
1.98400000 -0.00975380
1.98500000 -0.00972436
1.98600000 -0.00969503
1.98700000 -0.00966579
1.98800000 -0.00963667
1.98900000 -0.00960764
1.99000000 -0.00957871
1.99100000 -0.00954989
1.99200000 -0.00952117
1.99300000 -0.00949255
1.99400000 -0.00946403
1.99500000 -0.00943561
1.99600000 -0.00940729
1.99700000 -0.00937906
1.99800000 -0.00935094
1.99900000 -0.00932291
2.00000000 -0.00929499
