0.10000000 2304392500.00000000
0.10100000 2045015233.00888371
0.10200000 1816968414.04060149
0.10300000 1616214384.77651906
0.10400000 1439267869.91896605
0.10500000 1283116103.66408634
0.10600000 1145151116.75943756
0.10700000 1023112241.35660434
0.10800000 915037215.58950126
0.10900000 819220537.90096998
0.11000000 734177942.88247299
0.11100000 658616054.12560451
0.11200000 591406422.09182942
0.11300000 531563281.81319082
0.11400000 478224470.85161722
0.11500000 430635036.05503738
0.11600000 388133131.27595991
0.11700000 350137869.84156680
0.11800000 316138847.22190475
0.11900000 285687092.71315163
0.12000000 258387245.42079636
0.12100000 233890780.53734809
0.12200000 211890137.80787861
0.12300000 192113625.94957399
0.12400000 174320995.29047877
0.12500000 158299586.56000000
0.12600000 143860977.05109295
0.12700000 130838056.65816939
0.12800000 119082475.89032587
0.12900000 108462416.12984848
0.13000000 98860639.37171005
0.13100000 90172780.62604430
0.13200000 82305851.24788822
0.13300000 75176925.80767187
0.13400000 68711988.84224702
0.13500000 62844921.02267865
0.13600000 57516607.02012479
0.13700000 52674149.71135134
0.13800000 48270177.39702449
0.13900000 44262232.45660540
0.14000000 40612231.37395053
0.14100000 37285987.37200862
0.14200000 34252788.02261226
0.14300000 31485021.17324213
0.14400000 28957843.37809022
0.14500000 26648885.75394543
0.14600000 24537992.81791777
0.14700000 22606990.41710903
0.14800000 20839479.34142666
0.14900000 19220651.62960505
0.15000000 17737126.94353652
0.15100000 16376806.70444003
0.15200000 15128743.96242249
0.15300000 13983027.21395731
0.15400000 12930676.59433473
0.15500000 11963551.05820567
0.15600000 11074265.32438153
0.15700000 10256115.50404539
0.15800000 9503012.45704134
0.15900000 8809422.03117436
0.16000000 8170311.43640179
0.16100000 7581101.09111007
0.16200000 7037621.35280334
0.16300000 6536073.61175211
0.16400000 6072995.28456315
0.16500000 5645228.29619844
0.16600000 5249890.68452675
0.16700000 4884351.00177046
0.16800000 4546205.22284792
0.16900000 4233255.90216842
0.17000000 3943493.34839916
0.17100000 3675078.61151989
0.17200000 3426328.09848434
0.17300000 3195699.65334793
0.17400000 2981779.95508539
0.17500000 2783273.10176302
0.17600000 2598990.26347138
0.17700000 2427840.29866012
0.17800000 2268821.23941952
0.17900000 2121012.56097537
0.18000000 1983568.15933804
0.18100000 1855709.96879099
0.18200000 1736722.15782325
0.18300000 1625945.84829540
0.18400000 1522774.30816141
0.18500000 1426648.57302110
0.18600000 1337053.45621322
0.18700000 1253513.91113380
0.18800000 1175591.71302867
0.18900000 1102882.43070698
0.19000000 1035012.66149308
0.19100000 971637.50531329
0.19200000 912438.25613163
0.19300000 857120.29103298
0.19400000 805411.13912781
0.19500000 757058.71414092
0.19600000 711829.69606771
0.19700000 669508.04865251
0.19800000 629893.66067932
0.19900000 592801.10018101
0.20000000 558058.47167969
0.20100000 525506.36748028
0.20200000 494996.90486125
0.20300000 466392.84174922
0.20400000 439566.76413639
0.20500000 414400.33910792
0.20600000 390783.62789699
0.20700000 368614.45388457
0.20800000 347797.82091266
0.20900000 328245.37769022
0.21000000 309874.92444277
0.21100000 292609.95829457
0.21200000 276379.25417856
0.21300000 261116.47834817
0.21400000 246759.83181811
0.21500000 233251.72129151
0.21600000 220538.45534030
0.21700000 208569.96379630
0.21800000 197299.53848411
0.21900000 186683.59358509
0.22000000 176681.44406553
0.22100000 167255.10073398
0.22200000 158369.08061203
0.22300000 149990.23141268
0.22400000 142087.56901971
0.22500000 134632.12695333
0.22600000 127596.81688985
0.22700000 120956.29938011
0.22800000 114686.86398020
0.22900000 108766.31807244
0.23000000 103173.88371216
0.23100000 97890.10188972
0.23200000 92896.74364574
0.23300000 88176.72752239
0.23400000 83714.04287453
0.23500000 79493.67860231
0.23600000 75501.55690095
0.23700000 71724.47165549
0.23800000 68150.03113714
0.23900000 64766.60468443
0.24000000 61563.27307720
0.24100000 58529.78233357
0.24200000 55656.50068120
0.24300000 52934.37847260
0.24400000 50354.91083237
0.24500000 47910.10283994
0.24600000 45592.43706629
0.24700000 43394.84329697
0.24800000 41310.67028602
0.24900000 39333.65939728
0.25000000 37457.92000000
0.25100000 35677.90649575
0.25200000 33988.39686244
0.25300000 32384.47260996
0.25400000 30861.50004934
0.25500000 29415.11278488
0.25600000 28041.19534478
0.25700000 26735.86787246
0.25800000 25495.47180590
0.25900000 24316.55647789
0.26000000 23195.86657462
0.26100000 22130.33039477
0.26200000 21117.04885505
0.26300000 20153.28519228
0.26400000 19236.45531547
0.26500000 18364.11876449
0.26600000 17533.97023530
0.26700000 16743.83163416
0.26800000 15991.64462606
0.26900000 15275.46364494
0.27000000 14593.44933555
0.27100000 13943.86239877
0.27200000 13325.05781423
0.27300000 12735.47941598
0.27400000 12173.65479816
0.27500000 11638.19052982
0.27600000 11127.76765891
0.27700000 10641.13748701
0.27800000 10177.11759773
0.27900000 9734.58812259
0.28000000 9312.48822951
0.28100000 8909.81281976
0.28200000 8525.60942055
0.28300000 8158.97526080
0.28400000 7809.05451886
0.28500000 7475.03573147
0.28600000 7156.14935395
0.28700000 6851.66546239
0.28800000 6560.89158909
0.28900000 6283.17068309
0.29000000 6017.87918813
0.29100000 5764.42523104
0.29200000 5522.24691368
0.29300000 5290.81070240
0.29400000 5069.60990892
0.29500000 4858.16325735
0.29600000 4656.01353211
0.29700000 4462.72630193
0.29800000 4277.88871543
0.29900000 4101.10836404
0.30000000 3932.01220832
0.30100000 3770.24556390
0.30200000 3615.47114361
0.30300000 3467.36815241
0.30400000 3325.63143219
0.30500000 3189.97065347
0.30600000 3060.10955121
0.30700000 2935.78520240
0.30800000 2816.74734278
0.30900000 2702.75772063
0.31000000 2593.58948544
0.31100000 2489.02660943
0.31200000 2388.86334019
0.31300000 2292.90368255
0.31400000 2200.96090806
0.31500000 2112.85709059
0.31600000 2028.42266653
0.31700000 1947.49601817
0.31800000 1869.92307913
0.31900000 1795.55696039
0.32000000 1724.25759601
0.32100000 1655.89140727
0.32200000 1590.33098430
0.32300000 1527.45478427
0.32400000 1467.14684513
0.32500000 1409.29651413
0.32600000 1353.79819039
0.32700000 1300.55108052
0.32800000 1249.45896681
0.32900000 1200.42998729
0.33000000 1153.37642685
0.33100000 1108.21451905
0.33200000 1064.86425786
0.33300000 1023.24921895
0.33400000 983.29638991
0.33500000 944.93600902
0.33600000 908.10141202
0.33700000 872.72888659
0.33800000 838.75753392
0.33900000 806.12913731
0.34000000 774.78803713
0.34100000 744.68101197
0.34200000 715.75716565
0.34300000 687.96781976
0.34400000 661.26641140
0.34500000 635.60839596
0.34600000 610.95115459
0.34700000 587.25390614
0.34800000 564.47762341
0.34900000 542.58495334
0.35000000 521.54014111
0.35100000 501.30895787
0.35200000 481.85863186
0.35300000 463.15778289
0.35400000 445.17635987
0.35500000 427.88558137
0.35600000 411.25787888
0.35700000 395.26684287
0.35800000 379.88717129
0.35900000 365.09462054
0.36000000 350.86595868
0.36100000 337.17892091
0.36200000 324.01216701
0.36300000 311.34524082
0.36400000 299.15853160
0.36500000 287.43323716
0.36600000 276.15132866
0.36700000 265.29551704
0.36800000 254.84922105
0.36900000 244.79653664
0.37000000 235.12220778
0.37100000 225.81159868
0.37200000 216.85066713
0.37300000 208.22593918
0.37400000 199.92448485
0.37500000 191.93389505
0.37600000 184.24225941
0.37700000 176.83814518
0.37800000 169.71057709
0.37900000 162.84901802
0.38000000 156.24335063
0.38100000 149.88385969
0.38200000 143.76121533
0.38300000 137.86645691
0.38400000 132.19097765
0.38500000 126.72650993
0.38600000 121.46511123
0.38700000 116.39915070
0.38800000 111.52129629
0.38900000 106.82450244
0.39000000 102.30199832
0.39100000 97.94727660
0.39200000 93.75408264
0.39300000 89.71640418
0.39400000 85.82846152
0.39500000 82.08469804
0.39600000 78.47977115
0.39700000 75.00854369
0.39800000 71.66607557
0.39900000 68.44761590
0.40000000 65.34859538
0.40100000 62.36461899
0.40200000 59.49145904
0.40300000 56.72504852
0.40400000 54.06147466
0.40500000 51.49697282
0.40600000 49.02792062
0.40700000 46.65083232
0.40800000 44.36235339
0.40900000 42.15925539
0.41000000 40.03843097
0.41100000 37.99688916
0.41200000 36.03175077
0.41300000 34.14024406
0.41400000 32.31970052
0.41500000 30.56755089
0.41600000 28.88132125
0.41700000 27.25862939
0.41800000 25.69718123
0.41900000 24.19476740
0.42000000 22.74926002
0.42100000 21.35860952
0.42200000 20.02084169
0.42300000 18.73405474
0.42400000 17.49641656
0.42500000 16.30616207
0.42600000 15.16159064
0.42700000 14.06106366
0.42800000 13.00300219
0.42900000 11.98588469
0.43000000 11.00824487
0.43100000 10.06866955
0.43200000 9.16579676
0.43300000 8.29831372
0.43400000 7.46495504
0.43500000 6.66450095
0.43600000 5.89577558
0.43700000 5.15764531
0.43800000 4.44901725
0.43900000 3.76883765
0.44000000 3.11609051
0.44100000 2.48979615
0.44200000 1.88900989
0.44300000 1.31282073
0.44400000 0.76035011
0.44500000 0.23075077
0.44600000 -0.27679447
0.44700000 -0.76307379
0.44800000 -1.22884739
0.44900000 -1.67484858
0.45000000 -2.10178470
0.45100000 -2.51033813
0.45200000 -2.90116711
0.45300000 -3.27490671
0.45400000 -3.63216961
0.45500000 -3.97354692
0.45600000 -4.29960897
0.45700000 -4.61090607
0.45800000 -4.90796920
0.45900000 -5.19131072
0.46000000 -5.46142507
0.46100000 -5.71878933
0.46200000 -5.96386395
0.46300000 -6.19709325
0.46400000 -6.41890606
0.46500000 -6.62971622
0.46600000 -6.82992317
0.46700000 -7.01991240
0.46800000 -7.20005601
0.46900000 -7.37071313
0.47000000 -7.53223041
0.47100000 -7.68494243
0.47200000 -7.82917219
0.47300000 -7.96523143
0.47400000 -8.09342110
0.47500000 -8.21403171
0.47600000 -8.32734368
0.47700000 -8.43362774
0.47800000 -8.53314520
0.47900000 -8.62614837
0.48000000 -8.71288078
0.48100000 -8.79357756
0.48200000 -8.86846570
0.48300000 -8.93776431
0.48400000 -9.00168497
0.48500000 -9.06043189
0.48600000 -9.11420225
0.48700000 -9.16318642
0.48800000 -9.20756815
0.48900000 -9.24752487
0.49000000 -9.28322786
0.49100000 -9.31484247
0.49200000 -9.34252836
0.49300000 -9.36643962
0.49400000 -9.38672506
0.49500000 -9.40352829
0.49600000 -9.41698799
0.49700000 -9.42723802
0.49800000 -9.43440758
0.49900000 -9.43862144
0.50000000 -9.44000000
0.50100000 -9.43210413
0.50200000 -9.40904293
0.50300000 -9.37172951
0.50400000 -9.32104245
0.50500000 -9.25782668
0.50600000 -9.18289451
0.50700000 -9.09702647
0.50800000 -9.00097224
0.50900000 -8.89545150
0.51000000 -8.78115485
0.51100000 -8.65874457
0.51200000 -8.52885551
0.51300000 -8.39209586
0.51400000 -8.24904796
0.51500000 -8.10026905
0.51600000 -7.94629204
0.51700000 -7.78762627
0.51800000 -7.62475818
0.51900000 -7.45815206
0.52000000 -7.28825072
0.52100000 -7.11547619
0.52200000 -6.94023035
0.52300000 -6.76289559
0.52400000 -6.58383544
0.52500000 -6.40339518
0.52600000 -6.22190245
0.52700000 -6.03966783
0.52800000 -5.85698543
0.52900000 -5.67413341
0.53000000 -5.49137457
0.53100000 -5.30895687
0.53200000 -5.12711392
0.53300000 -4.94606553
0.53400000 -4.76601818
0.53500000 -4.58716551
0.53600000 -4.40968879
0.53700000 -4.23375736
0.53800000 -4.05952910
0.53900000 -3.88715086
0.54000000 -3.71675887
0.54100000 -3.54847916
0.54200000 -3.38242797
0.54300000 -3.21871212
0.54400000 -3.05742940
0.54500000 -2.89866894
0.54600000 -2.74251158
0.54700000 -2.58903019
0.54800000 -2.43829003
0.54900000 -2.29034908
0.55000000 -2.14525834
0.55100000 -2.00306219
0.55200000 -1.86379861
0.55300000 -1.72749956
0.55400000 -1.59419120
0.55500000 -1.46389420
0.55600000 -1.33662398
0.55700000 -1.21239101
0.55800000 -1.09120102
0.55900000 -0.97305524
0.56000000 -0.85795070
0.56100000 -0.74588036
0.56200000 -0.63683342
0.56300000 -0.53079547
0.56400000 -0.42774874
0.56500000 -0.32767224
0.56600000 -0.23054204
0.56700000 -0.13633138
0.56800000 -0.04501088
0.56900000 0.04345129
0.57000000 0.12908926
0.57100000 0.21193924
0.57200000 0.29203946
0.57300000 0.36942993
0.57400000 0.44415237
0.57500000 0.51625000
0.57600000 0.58576747
0.57700000 0.65275070
0.57800000 0.71724676
0.57900000 0.77930376
0.58000000 0.83897072
0.58100000 0.89629750
0.58200000 0.95133465
0.58300000 1.00413332
0.58400000 1.05474520
0.58500000 1.10322238
0.58600000 1.14961731
0.58700000 1.19398266
0.58800000 1.23637131
0.58900000 1.27683620
0.59000000 1.31543032
0.59100000 1.35220660
0.59200000 1.38721786
0.59300000 1.42051677
0.59400000 1.45215572
0.59500000 1.48218686
0.59600000 1.51066195
0.59700000 1.53763240
0.59800000 1.56314915
0.59900000 1.58726266
0.60000000 1.61002286
0.60100000 1.63147911
0.60200000 1.65168015
0.60300000 1.67067409
0.60400000 1.68850834
0.60500000 1.70522963
0.60600000 1.72088392
0.60700000 1.73551641
0.60800000 1.74917151
0.60900000 1.76189280
0.61000000 1.77372303
0.61100000 1.78470408
0.61200000 1.79487693
0.61300000 1.80428169
0.61400000 1.81295752
0.61500000 1.82094267
0.61600000 1.82827443
0.61700000 1.83498912
0.61800000 1.84112210
0.61900000 1.84670774
0.62000000 1.85177940
0.62100000 1.85636945
0.62200000 1.86050925
0.62300000 1.86422912
0.62400000 1.86755837
0.62500000 1.87052526
0.62600000 1.87315703
0.62700000 1.87547985
0.62800000 1.87751886
0.62900000 1.87929814
0.63000000 1.88084072
0.63100000 1.88216855
0.63200000 1.88330254
0.63300000 1.88426253
0.63400000 1.88506728
0.63500000 1.88573451
0.63600000 1.88628085
0.63700000 1.88672186
0.63800000 1.88707203
0.63900000 1.88734479
0.64000000 1.88755248
0.64100000 1.88770638
0.64200000 1.88781669
0.64300000 1.88789255
0.64400000 1.88794200
0.64500000 1.88797203
0.64600000 1.88798854
0.64700000 1.88799638
0.64800000 1.88799928
0.64900000 1.88799996
0.65000000 1.88800000
0.65100000 1.88787287
0.65200000 1.88749150
0.65300000 1.88685587
0.65400000 1.88596596
0.65500000 1.88482174
0.65600000 1.88342310
0.65700000 1.88176988
0.65800000 1.87986179
0.65900000 1.87769842
0.66000000 1.87527915
0.66100000 1.87260313
0.66200000 1.86966920
0.66300000 1.86647588
0.66400000 1.86302124
0.66500000 1.85930291
0.66600000 1.85531791
0.66700000 1.85106269
0.66800000 1.84653295
0.66900000 1.84172361
0.67000000 1.83662874
0.67100000 1.83124141
0.67200000 1.82555369
0.67300000 1.81955650
0.67400000 1.81323954
0.67500000 1.80659123
0.67600000 1.79959860
0.67700000 1.79224724
0.67800000 1.78452120
0.67900000 1.77640299
0.68000000 1.76787343
0.68100000 1.75891173
0.68200000 1.74949536
0.68300000 1.73960011
0.68400000 1.72920009
0.68500000 1.71826776
0.68600000 1.70677400
0.68700000 1.69468822
0.68800000 1.68197846
0.68900000 1.66861162
0.69000000 1.65455361
0.69100000 1.63976967
0.69200000 1.62422466
0.69300000 1.60788340
0.69400000 1.59071114
0.69500000 1.57267399
0.69600000 1.55373950
0.69700000 1.53387717
0.69800000 1.51305917
0.69900000 1.49126094
0.70000000 1.46846194
0.70100000 1.44464636
0.70200000 1.41980386
0.70300000 1.39393032
0.70400000 1.36702849
0.70500000 1.33910870
0.70600000 1.31018939
0.70700000 1.28029761
0.70800000 1.24946940
0.70900000 1.21774998
0.71000000 1.18519383
0.71100000 1.15186457
0.71200000 1.11783467
0.71300000 1.08318491
0.71400000 1.04800376
0.71500000 1.01238642
0.71600000 0.97643386
0.71700000 0.94025159
0.71800000 0.90394834
0.71900000 0.86763472
0.72000000 0.83142178
0.72100000 0.79541952
0.72200000 0.75973555
0.72300000 0.72447372
0.72400000 0.68973292
0.72500000 0.65560594
0.72600000 0.62217859
0.72700000 0.58952888
0.72800000 0.55772651
0.72900000 0.52683241
0.73000000 0.49689855
0.73100000 0.46796792
0.73200000 0.44007464
0.73300000 0.41324419
0.73400000 0.38749383
0.73500000 0.36283308
0.73600000 0.33926422
0.73700000 0.31678295
0.73800000 0.29537905
0.73900000 0.27503698
0.74000000 0.25573661
0.74100000 0.23745384
0.74200000 0.22016122
0.74300000 0.20382860
0.74400000 0.18842363
0.74500000 0.17391229
0.74600000 0.16025939
0.74700000 0.14742896
0.74800000 0.13538463
0.74900000 0.12408998
0.75000000 0.11350879
0.75100000 0.10360530
0.75200000 0.09434443
0.75300000 0.08569191
0.75400000 0.07761444
0.75500000 0.07007981
0.75600000 0.06305695
0.75700000 0.05651600
0.75800000 0.05042837
0.75900000 0.04476671
0.76000000 0.03950497
0.76100000 0.03461838
0.76200000 0.03008341
0.76300000 0.02587777
0.76400000 0.02198039
0.76500000 0.01837135
0.76600000 0.01503187
0.76700000 0.01194426
0.76800000 0.00909186
0.76900000 0.00645903
0.77000000 0.00403105
0.77100000 0.00179414
0.77200000 -0.00026465
0.77300000 -0.00215744
0.77400000 -0.00389558
0.77500000 -0.00548970
0.77600000 -0.00694973
0.77700000 -0.00828498
0.77800000 -0.00950413
0.77900000 -0.01061530
0.78000000 -0.01162606
0.78100000 -0.01254350
0.78200000 -0.01337422
0.78300000 -0.01412438
0.78400000 -0.01479974
0.78500000 -0.01540566
0.78600000 -0.01594714
0.78700000 -0.01642885
0.78800000 -0.01685513
0.78900000 -0.01723004
0.79000000 -0.01755735
0.79100000 -0.01784059
0.79200000 -0.01808304
0.79300000 -0.01828774
0.79400000 -0.01845755
0.79500000 -0.01859511
0.79600000 -0.01870290
0.79700000 -0.01878322
0.79800000 -0.01883820
0.79900000 -0.01886984
0.80000000 -0.01888000
0.80100000 -0.01887040
0.80200000 -0.01884265
0.80300000 -0.01879824
0.80400000 -0.01873858
0.80500000 -0.01866494
0.80600000 -0.01857855
0.80700000 -0.01848052
0.80800000 -0.01837188
0.80900000 -0.01825362
0.81000000 -0.01812663
0.81100000 -0.01799174
0.81200000 -0.01784974
0.81300000 -0.01770135
0.81400000 -0.01754724
0.81500000 -0.01738802
0.81600000 -0.01722429
0.81700000 -0.01705657
0.81800000 -0.01688536
0.81900000 -0.01671113
0.82000000 -0.01653430
0.82100000 -0.01635526
0.82200000 -0.01617438
0.82300000 -0.01599200
0.82400000 -0.01580843
0.82500000 -0.01562397
0.82600000 -0.01543887
0.82700000 -0.01525339
0.82800000 -0.01506775
0.82900000 -0.01488216
0.83000000 -0.01469681
0.83100000 -0.01451188
0.83200000 -0.01432753
0.83300000 -0.01414391
0.83400000 -0.01396115
0.83500000 -0.01377938
0.83600000 -0.01359871
0.83700000 -0.01341925
0.83800000 -0.01324108
0.83900000 -0.01306429
0.84000000 -0.01288897
0.84100000 -0.01271516
0.84200000 -0.01254295
0.84300000 -0.01237237
0.84400000 -0.01220349
0.84500000 -0.01203634
0.84600000 -0.01187096
0.84700000 -0.01170739
0.84800000 -0.01154565
0.84900000 -0.01138576
0.85000000 -0.01122775
0.85100000 -0.01107163
0.85200000 -0.01091742
0.85300000 -0.01076512
0.85400000 -0.01061475
0.85500000 -0.01046630
0.85600000 -0.01031978
0.85700000 -0.01017519
0.85800000 -0.01003252
0.85900000 -0.00989177
0.86000000 -0.00975294
0.86100000 -0.00961602
0.86200000 -0.00948100
0.86300000 -0.00934786
0.86400000 -0.00921660
0.86500000 -0.00908720
0.86600000 -0.00895965
0.86700000 -0.00883394
0.86800000 -0.00871004
0.86900000 -0.00858795
0.87000000 -0.00846764
0.87100000 -0.00834910
0.87200000 -0.00823231
0.87300000 -0.00811725
0.87400000 -0.00800390
0.87500000 -0.00789224
0.87600000 -0.00778226
0.87700000 -0.00767393
0.87800000 -0.00756723
0.87900000 -0.00746214
0.88000000 -0.00735864
0.88100000 -0.00725672
0.88200000 -0.00715634
0.88300000 -0.00705749
0.88400000 -0.00696015
0.88500000 -0.00686430
0.88600000 -0.00676992
0.88700000 -0.00667698
0.88800000 -0.00658546
0.88900000 -0.00649535
0.89000000 -0.00640663
0.89100000 -0.00631927
0.89200000 -0.00623325
0.89300000 -0.00614855
0.89400000 -0.00606516
0.89500000 -0.00598305
0.89600000 -0.00590221
0.89700000 -0.00582261
0.89800000 -0.00574424
0.89900000 -0.00566707
0.90000000 -0.00559109
0.90100000 -0.00551628
0.90200000 -0.00544262
0.90300000 -0.00537009
0.90400000 -0.00529868
0.90500000 -0.00522836
0.90600000 -0.00515912
0.90700000 -0.00509095
0.90800000 -0.00502382
0.90900000 -0.00495771
0.91000000 -0.00489262
0.91100000 -0.00482852
0.91200000 -0.00476540
0.91300000 -0.00470325
0.91400000 -0.00464204
0.91500000 -0.00458176
0.91600000 -0.00452240
0.91700000 -0.00446394
0.91800000 -0.00440637
0.91900000 -0.00434967
0.92000000 -0.00429382
0.92100000 -0.00423882
0.92200000 -0.00418465
0.92300000 -0.00413130
0.92400000 -0.00407875
0.92500000 -0.00402699
0.92600000 -0.00397600
0.92700000 -0.00392578
0.92800000 -0.00387631
0.92900000 -0.00382757
0.93000000 -0.00377957
0.93100000 -0.00373228
0.93200000 -0.00368569
0.93300000 -0.00363979
0.93400000 -0.00359457
0.93500000 -0.00355002
0.93600000 -0.00350613
0.93700000 -0.00346289
0.93800000 -0.00342028
0.93900000 -0.00337829
0.94000000 -0.00333692
0.94100000 -0.00329616
0.94200000 -0.00325599
0.94300000 -0.00321641
0.94400000 -0.00317740
0.94500000 -0.00313896
0.94600000 -0.00310107
0.94700000 -0.00306374
0.94800000 -0.00302694
0.94900000 -0.00299067
0.95000000 -0.00295493
0.95100000 -0.00291969
0.95200000 -0.00288497
0.95300000 -0.00285074
0.95400000 -0.00281699
0.95500000 -0.00278373
0.95600000 -0.00275094
0.95700000 -0.00271862
0.95800000 -0.00268675
0.95900000 -0.00265533
0.96000000 -0.00262436
0.96100000 -0.00259382
0.96200000 -0.00256371
0.96300000 -0.00253402
0.96400000 -0.00250475
0.96500000 -0.00247589
0.96600000 -0.00244743
0.96700000 -0.00241936
0.96800000 -0.00239168
0.96900000 -0.00236439
0.97000000 -0.00233747
0.97100000 -0.00231092
0.97200000 -0.00228474
0.97300000 -0.00225892
0.97400000 -0.00223345
0.97500000 -0.00220833
0.97600000 -0.00218355
0.97700000 -0.00215911
0.97800000 -0.00213500
0.97900000 -0.00211122
0.98000000 -0.00208776
0.98100000 -0.00206462
0.98200000 -0.00204178
0.98300000 -0.00201926
0.98400000 -0.00199703
0.98500000 -0.00197511
0.98600000 -0.00195347
0.98700000 -0.00193213
0.98800000 -0.00191107
0.98900000 -0.00189029
0.99000000 -0.00186978
0.99100000 -0.00184954
0.99200000 -0.00182957
0.99300000 -0.00180986
0.99400000 -0.00179042
0.99500000 -0.00177122
0.99600000 -0.00175228
0.99700000 -0.00173358
0.99800000 -0.00171513
0.99900000 -0.00169692
1.00000000 -0.00167894
1.00100000 -0.00166119
1.00200000 -0.00164368
1.00300000 -0.00162639
1.00400000 -0.00160932
1.00500000 -0.00159247
1.00600000 -0.00157583
1.00700000 -0.00155941
1.00800000 -0.00154320
1.00900000 -0.00152719
1.01000000 -0.00151139
1.01100000 -0.00149578
1.01200000 -0.00148037
1.01300000 -0.00146516
1.01400000 -0.00145014
1.01500000 -0.00143531
1.01600000 -0.00142066
1.01700000 -0.00140619
1.01800000 -0.00139191
1.01900000 -0.00137780
1.02000000 -0.00136387
1.02100000 -0.00135011
1.02200000 -0.00133652
1.02300000 -0.00132310
1.02400000 -0.00130984
1.02500000 -0.00129675
1.02600000 -0.00128381
1.02700000 -0.00127104
1.02800000 -0.00125842
1.02900000 -0.00124595
1.03000000 -0.00123363
1.03100000 -0.00122147
1.03200000 -0.00120945
1.03300000 -0.00119758
1.03400000 -0.00118585
1.03500000 -0.00117426
1.03600000 -0.00116281
1.03700000 -0.00115149
1.03800000 -0.00114032
1.03900000 -0.00112927
1.04000000 -0.00111836
1.04100000 -0.00110757
1.04200000 -0.00109692
1.04300000 -0.00108639
1.04400000 -0.00107598
1.04500000 -0.00106570
1.04600000 -0.00105553
1.04700000 -0.00104549
1.04800000 -0.00103556
1.04900000 -0.00102575
1.05000000 -0.00101605
1.05100000 -0.00100647
1.05200000 -0.00099700
1.05300000 -0.00098763
1.05400000 -0.00097838
1.05500000 -0.00096923
1.05600000 -0.00096019
1.05700000 -0.00095125
1.05800000 -0.00094241
1.05900000 -0.00093368
1.06000000 -0.00092504
1.06100000 -0.00091650
1.06200000 -0.00090806
1.06300000 -0.00089972
1.06400000 -0.00089147
1.06500000 -0.00088331
1.06600000 -0.00087524
1.06700000 -0.00086727
1.06800000 -0.00085938
1.06900000 -0.00085158
1.07000000 -0.00084387
1.07100000 -0.00083625
1.07200000 -0.00082871
1.07300000 -0.00082126
1.07400000 -0.00081388
1.07500000 -0.00080659
1.07600000 -0.00079938
1.07700000 -0.00079225
1.07800000 -0.00078520
1.07900000 -0.00077822
1.08000000 -0.00077132
1.08100000 -0.00076450
1.08200000 -0.00075775
1.08300000 -0.00075107
1.08400000 -0.00074447
1.08500000 -0.00073794
1.08600000 -0.00073148
1.08700000 -0.00072508
1.08800000 -0.00071876
1.08900000 -0.00071251
1.09000000 -0.00070632
1.09100000 -0.00070020
1.09200000 -0.00069414
1.09300000 -0.00068815
1.09400000 -0.00068222
1.09500000 -0.00067636
1.09600000 -0.00067056
1.09700000 -0.00066482
1.09800000 -0.00065914
1.09900000 -0.00065352
1.10000000 -0.00064796
1.10100000 -0.00064246
1.10200000 -0.00063701
1.10300000 -0.00063162
1.10400000 -0.00062629
1.10500000 -0.00062102
1.10600000 -0.00061579
1.10700000 -0.00061063
1.10800000 -0.00060551
1.10900000 -0.00060045
1.11000000 -0.00059545
1.11100000 -0.00059049
1.11200000 -0.00058558
1.11300000 -0.00058073
1.11400000 -0.00057592
1.11500000 -0.00057117
1.11600000 -0.00056646
1.11700000 -0.00056180
1.11800000 -0.00055719
1.11900000 -0.00055262
1.12000000 -0.00054810
1.12100000 -0.00054363
1.12200000 -0.00053920
1.12300000 -0.00053482
1.12400000 -0.00053048
1.12500000 -0.00052618
1.12600000 -0.00052193
1.12700000 -0.00051772
1.12800000 -0.00051355
1.12900000 -0.00050942
1.13000000 -0.00050533
1.13100000 -0.00050129
1.13200000 -0.00049728
1.13300000 -0.00049332
1.13400000 -0.00048939
1.13500000 -0.00048550
1.13600000 -0.00048165
1.13700000 -0.00047784
1.13800000 -0.00047406
1.13900000 -0.00047033
1.14000000 -0.00046662
1.14100000 -0.00046296
1.14200000 -0.00045933
1.14300000 -0.00045573
1.14400000 -0.00045217
1.14500000 -0.00044865
1.14600000 -0.00044516
1.14700000 -0.00044170
1.14800000 -0.00043827
1.14900000 -0.00043488
1.15000000 -0.00043152
1.15100000 -0.00042820
1.15200000 -0.00042490
1.15300000 -0.00042164
1.15400000 -0.00041840
1.15500000 -0.00041520
1.15600000 -0.00041203
1.15700000 -0.00040889
1.15800000 -0.00040578
1.15900000 -0.00040269
1.16000000 -0.00039964
1.16100000 -0.00039661
1.16200000 -0.00039362
1.16300000 -0.00039065
1.16400000 -0.00038771
1.16500000 -0.00038479
1.16600000 -0.00038191
1.16700000 -0.00037905
1.16800000 -0.00037621
1.16900000 -0.00037341
1.17000000 -0.00037063
1.17100000 -0.00036787
1.17200000 -0.00036514
1.17300000 -0.00036244
1.17400000 -0.00035976
1.17500000 -0.00035710
1.17600000 -0.00035447
1.17700000 -0.00035186
1.17800000 -0.00034928
1.17900000 -0.00034672
1.18000000 -0.00034418
1.18100000 -0.00034167
1.18200000 -0.00033918
1.18300000 -0.00033671
1.18400000 -0.00033426
1.18500000 -0.00033184
1.18600000 -0.00032944
1.18700000 -0.00032706
1.18800000 -0.00032470
1.18900000 -0.00032236
1.19000000 -0.00032004
1.19100000 -0.00031775
1.19200000 -0.00031547
1.19300000 -0.00031321
1.19400000 -0.00031098
1.19500000 -0.00030876
1.19600000 -0.00030656
1.19700000 -0.00030439
1.19800000 -0.00030223
1.19900000 -0.00030009
1.20000000 -0.00029797
1.20100000 -0.00029587
1.20200000 -0.00029378
1.20300000 -0.00029172
1.20400000 -0.00028967
1.20500000 -0.00028764
1.20600000 -0.00028563
1.20700000 -0.00028364
1.20800000 -0.00028166
1.20900000 -0.00027970
1.21000000 -0.00027776
1.21100000 -0.00027583
1.21200000 -0.00027392
1.21300000 -0.00027203
1.21400000 -0.00027015
1.21500000 -0.00026829
1.21600000 -0.00026644
1.21700000 -0.00026461
1.21800000 -0.00026280
1.21900000 -0.00026100
1.22000000 -0.00025922
1.22100000 -0.00025745
1.22200000 -0.00025570
1.22300000 -0.00025396
1.22400000 -0.00025224
1.22500000 -0.00025053
1.22600000 -0.00024883
1.22700000 -0.00024715
1.22800000 -0.00024549
1.22900000 -0.00024383
1.23000000 -0.00024219
1.23100000 -0.00024057
1.23200000 -0.00023896
1.23300000 -0.00023736
1.23400000 -0.00023578
1.23500000 -0.00023420
1.23600000 -0.00023265
1.23700000 -0.00023110
1.23800000 -0.00022957
1.23900000 -0.00022805
1.24000000 -0.00022654
1.24100000 -0.00022504
1.24200000 -0.00022356
1.24300000 -0.00022209
1.24400000 -0.00022063
1.24500000 -0.00021918
1.24600000 -0.00021775
1.24700000 -0.00021632
1.24800000 -0.00021491
1.24900000 -0.00021351
1.25000000 -0.00021212
1.25100000 -0.00021074
1.25200000 -0.00020938
1.25300000 -0.00020802
1.25400000 -0.00020668
1.25500000 -0.00020534
1.25600000 -0.00020402
1.25700000 -0.00020270
1.25800000 -0.00020140
1.25900000 -0.00020011
1.26000000 -0.00019883
1.26100000 -0.00019756
1.26200000 -0.00019630
1.26300000 -0.00019504
1.26400000 -0.00019380
1.26500000 -0.00019257
1.26600000 -0.00019135
1.26700000 -0.00019014
1.26800000 -0.00018893
1.26900000 -0.00018774
1.27000000 -0.00018656
1.27100000 -0.00018538
1.27200000 -0.00018422
1.27300000 -0.00018306
1.27400000 -0.00018191
1.27500000 -0.00018077
1.27600000 -0.00017964
1.27700000 -0.00017852
1.27800000 -0.00017741
1.27900000 -0.00017631
1.28000000 -0.00017521
1.28100000 -0.00017412
1.28200000 -0.00017305
1.28300000 -0.00017198
1.28400000 -0.00017091
1.28500000 -0.00016986
1.28600000 -0.00016882
1.28700000 -0.00016778
1.28800000 -0.00016675
1.28900000 -0.00016573
1.29000000 -0.00016471
1.29100000 -0.00016371
1.29200000 -0.00016271
1.29300000 -0.00016172
1.29400000 -0.00016073
1.29500000 -0.00015976
1.29600000 -0.00015879
1.29700000 -0.00015783
1.29800000 -0.00015687
1.29900000 -0.00015593
1.30000000 -0.00015499
1.30100000 -0.00015405
1.30200000 -0.00015313
1.30300000 -0.00015221
1.30400000 -0.00015130
1.30500000 -0.00015039
1.30600000 -0.00014949
1.30700000 -0.00014860
1.30800000 -0.00014772
1.30900000 -0.00014684
1.31000000 -0.00014596
1.31100000 -0.00014510
1.31200000 -0.00014424
1.31300000 -0.00014339
1.31400000 -0.00014254
1.31500000 -0.00014170
1.31600000 -0.00014086
1.31700000 -0.00014004
1.31800000 -0.00013921
1.31900000 -0.00013840
1.32000000 -0.00013759
1.32100000 -0.00013678
1.32200000 -0.00013598
1.32300000 -0.00013519
1.32400000 -0.00013440
1.32500000 -0.00013362
1.32600000 -0.00013285
1.32700000 -0.00013208
1.32800000 -0.00013131
1.32900000 -0.00013055
1.33000000 -0.00012980
1.33100000 -0.00012905
1.33200000 -0.00012831
1.33300000 -0.00012757
1.33400000 -0.00012684
1.33500000 -0.00012611
1.33600000 -0.00012539
1.33700000 -0.00012467
1.33800000 -0.00012396
1.33900000 -0.00012326
1.34000000 -0.00012255
1.34100000 -0.00012186
1.34200000 -0.00012117
1.34300000 -0.00012048
1.34400000 -0.00011980
1.34500000 -0.00011912
1.34600000 -0.00011845
1.34700000 -0.00011778
1.34800000 -0.00011712
1.34900000 -0.00011646
1.35000000 -0.00011581
1.35100000 -0.00011516
1.35200000 -0.00011451
1.35300000 -0.00011387
1.35400000 -0.00011324
1.35500000 -0.00011260
1.35600000 -0.00011198
1.35700000 -0.00011136
1.35800000 -0.00011074
1.35900000 -0.00011012
1.36000000 -0.00010951
1.36100000 -0.00010891
1.36200000 -0.00010831
1.36300000 -0.00010771
1.36400000 -0.00010712
1.36500000 -0.00010653
1.36600000 -0.00010594
1.36700000 -0.00010536
1.36800000 -0.00010478
1.36900000 -0.00010421
1.37000000 -0.00010364
1.37100000 -0.00010308
1.37200000 -0.00010251
1.37300000 -0.00010196
1.37400000 -0.00010140
1.37500000 -0.00010085
1.37600000 -0.00010031
1.37700000 -0.00009976
1.37800000 -0.00009922
1.37900000 -0.00009869
1.38000000 -0.00009816
1.38100000 -0.00009763
1.38200000 -0.00009710
1.38300000 -0.00009658
1.38400000 -0.00009606
1.38500000 -0.00009555
1.38600000 -0.00009504
1.38700000 -0.00009453
1.38800000 -0.00009403
1.38900000 -0.00009353
1.39000000 -0.00009303
1.39100000 -0.00009254
1.39200000 -0.00009204
1.39300000 -0.00009156
1.39400000 -0.00009107
1.39500000 -0.00009059
1.39600000 -0.00009011
1.39700000 -0.00008964
1.39800000 -0.00008917
1.39900000 -0.00008870
1.40000000 -0.00008823
1.40100000 -0.00008777
1.40200000 -0.00008731
1.40300000 -0.00008685
1.40400000 -0.00008640
1.40500000 -0.00008595
1.40600000 -0.00008550
1.40700000 -0.00008506
1.40800000 -0.00008461
1.40900000 -0.00008417
1.41000000 -0.00008374
1.41100000 -0.00008330
1.41200000 -0.00008287
1.41300000 -0.00008245
1.41400000 -0.00008202
1.41500000 -0.00008160
1.41600000 -0.00008118
1.41700000 -0.00008076
1.41800000 -0.00008035
1.41900000 -0.00007993
1.42000000 -0.00007953
1.42100000 -0.00007912
1.42200000 -0.00007872
1.42300000 -0.00007831
1.42400000 -0.00007792
1.42500000 -0.00007752
1.42600000 -0.00007713
1.42700000 -0.00007673
1.42800000 -0.00007634
1.42900000 -0.00007596
1.43000000 -0.00007557
1.43100000 -0.00007519
1.43200000 -0.00007481
1.43300000 -0.00007444
1.43400000 -0.00007406
1.43500000 -0.00007369
1.43600000 -0.00007332
1.43700000 -0.00007295
1.43800000 -0.00007259
1.43900000 -0.00007223
1.44000000 -0.00007187
1.44100000 -0.00007151
1.44200000 -0.00007115
1.44300000 -0.00007080
1.44400000 -0.00007045
1.44500000 -0.00007010
1.44600000 -0.00006975
1.44700000 -0.00006940
1.44800000 -0.00006906
1.44900000 -0.00006872
1.45000000 -0.00006838
1.45100000 -0.00006804
1.45200000 -0.00006771
1.45300000 -0.00006738
1.45400000 -0.00006705
1.45500000 -0.00006672
1.45600000 -0.00006639
1.45700000 -0.00006607
1.45800000 -0.00006574
1.45900000 -0.00006542
1.46000000 -0.00006510
1.46100000 -0.00006479
1.46200000 -0.00006447
1.46300000 -0.00006416
1.46400000 -0.00006385
1.46500000 -0.00006354
1.46600000 -0.00006323
1.46700000 -0.00006293
1.46800000 -0.00006262
1.46900000 -0.00006232
1.47000000 -0.00006202
1.47100000 -0.00006172
1.47200000 -0.00006143
1.47300000 -0.00006113
1.47400000 -0.00006084
1.47500000 -0.00006055
1.47600000 -0.00006026
1.47700000 -0.00005997
1.47800000 -0.00005968
1.47900000 -0.00005940
1.48000000 -0.00005912
1.48100000 -0.00005884
1.48200000 -0.00005856
1.48300000 -0.00005828
1.48400000 -0.00005800
1.48500000 -0.00005773
1.48600000 -0.00005746
1.48700000 -0.00005718
1.48800000 -0.00005692
1.48900000 -0.00005665
1.49000000 -0.00005638
1.49100000 -0.00005612
1.49200000 -0.00005585
1.49300000 -0.00005559
1.49400000 -0.00005533
1.49500000 -0.00005507
1.49600000 -0.00005482
1.49700000 -0.00005456
1.49800000 -0.00005431
1.49900000 -0.00005405
1.50000000 -0.00005380
1.50100000 -0.00005355
1.50200000 -0.00005330
1.50300000 -0.00005306
1.50400000 -0.00005281
1.50500000 -0.00005257
1.50600000 -0.00005232
1.50700000 -0.00005208
1.50800000 -0.00005184
1.50900000 -0.00005160
1.51000000 -0.00005137
1.51100000 -0.00005113
1.51200000 -0.00005090
1.51300000 -0.00005066
1.51400000 -0.00005043
1.51500000 -0.00005020
1.51600000 -0.00004997
1.51700000 -0.00004974
1.51800000 -0.00004952
1.51900000 -0.00004929
1.52000000 -0.00004907
1.52100000 -0.00004885
1.52200000 -0.00004862
1.52300000 -0.00004840
1.52400000 -0.00004819
1.52500000 -0.00004797
1.52600000 -0.00004775
1.52700000 -0.00004754
1.52800000 -0.00004732
1.52900000 -0.00004711
1.53000000 -0.00004690
1.53100000 -0.00004669
1.53200000 -0.00004648
1.53300000 -0.00004627
1.53400000 -0.00004606
1.53500000 -0.00004586
1.53600000 -0.00004565
1.53700000 -0.00004545
1.53800000 -0.00004525
1.53900000 -0.00004504
1.54000000 -0.00004484
1.54100000 -0.00004465
1.54200000 -0.00004445
1.54300000 -0.00004425
1.54400000 -0.00004405
1.54500000 -0.00004386
1.54600000 -0.00004367
1.54700000 -0.00004347
1.54800000 -0.00004328
1.54900000 -0.00004309
1.55000000 -0.00004290
1.55100000 -0.00004271
1.55200000 -0.00004253
1.55300000 -0.00004234
1.55400000 -0.00004216
1.55500000 -0.00004197
1.55600000 -0.00004179
1.55700000 -0.00004161
1.55800000 -0.00004142
1.55900000 -0.00004124
1.56000000 -0.00004106
1.56100000 -0.00004089
1.56200000 -0.00004071
1.56300000 -0.00004053
1.56400000 -0.00004036
1.56500000 -0.00004018
1.56600000 -0.00004001
1.56700000 -0.00003984
1.56800000 -0.00003966
1.56900000 -0.00003949
1.57000000 -0.00003932
1.57100000 -0.00003915
1.57200000 -0.00003899
1.57300000 -0.00003882
1.57400000 -0.00003865
1.57500000 -0.00003849
1.57600000 -0.00003832
1.57700000 -0.00003816
1.57800000 -0.00003800
1.57900000 -0.00003783
1.58000000 -0.00003767
1.58100000 -0.00003751
1.58200000 -0.00003735
1.58300000 -0.00003720
1.58400000 -0.00003704
1.58500000 -0.00003688
1.58600000 -0.00003672
1.58700000 -0.00003657
1.58800000 -0.00003642
1.58900000 -0.00003626
1.59000000 -0.00003611
1.59100000 -0.00003596
1.59200000 -0.00003581
1.59300000 -0.00003566
1.59400000 -0.00003551
1.59500000 -0.00003536
1.59600000 -0.00003521
1.59700000 -0.00003506
1.59800000 -0.00003492
1.59900000 -0.00003477
1.60000000 -0.00003462
1.60100000 -0.00003448
1.60200000 -0.00003434
1.60300000 -0.00003419
1.60400000 -0.00003405
1.60500000 -0.00003391
1.60600000 -0.00003377
1.60700000 -0.00003363
1.60800000 -0.00003349
1.60900000 -0.00003335
1.61000000 -0.00003322
1.61100000 -0.00003308
1.61200000 -0.00003294
1.61300000 -0.00003281
1.61400000 -0.00003267
1.61500000 -0.00003254
1.61600000 -0.00003241
1.61700000 -0.00003227
1.61800000 -0.00003214
1.61900000 -0.00003201
1.62000000 -0.00003188
1.62100000 -0.00003175
1.62200000 -0.00003162
1.62300000 -0.00003149
1.62400000 -0.00003136
1.62500000 -0.00003123
1.62600000 -0.00003111
1.62700000 -0.00003098
1.62800000 -0.00003086
1.62900000 -0.00003073
1.63000000 -0.00003061
1.63100000 -0.00003048
1.63200000 -0.00003036
1.63300000 -0.00003024
1.63400000 -0.00003012
1.63500000 -0.00002999
1.63600000 -0.00002987
1.63700000 -0.00002975
1.63800000 -0.00002963
1.63900000 -0.00002952
1.64000000 -0.00002940
1.64100000 -0.00002928
1.64200000 -0.00002916
1.64300000 -0.00002905
1.64400000 -0.00002893
1.64500000 -0.00002882
1.64600000 -0.00002870
1.64700000 -0.00002859
1.64800000 -0.00002847
1.64900000 -0.00002836
1.65000000 -0.00002825
1.65100000 -0.00002814
1.65200000 -0.00002802
1.65300000 -0.00002791
1.65400000 -0.00002780
1.65500000 -0.00002769
1.65600000 -0.00002759
1.65700000 -0.00002748
1.65800000 -0.00002737
1.65900000 -0.00002726
1.66000000 -0.00002715
1.66100000 -0.00002705
1.66200000 -0.00002694
1.66300000 -0.00002684
1.66400000 -0.00002673
1.66500000 -0.00002663
1.66600000 -0.00002652
1.66700000 -0.00002642
1.66800000 -0.00002632
1.66900000 -0.00002621
1.67000000 -0.00002611
1.67100000 -0.00002601
1.67200000 -0.00002591
1.67300000 -0.00002581
1.67400000 -0.00002571
1.67500000 -0.00002561
1.67600000 -0.00002551
1.67700000 -0.00002541
1.67800000 -0.00002531
1.67900000 -0.00002522
1.68000000 -0.00002512
1.68100000 -0.00002502
1.68200000 -0.00002493
1.68300000 -0.00002483
1.68400000 -0.00002474
1.68500000 -0.00002464
1.68600000 -0.00002455
1.68700000 -0.00002445
1.68800000 -0.00002436
1.68900000 -0.00002427
1.69000000 -0.00002417
1.69100000 -0.00002408
1.69200000 -0.00002399
1.69300000 -0.00002390
1.69400000 -0.00002381
1.69500000 -0.00002372
1.69600000 -0.00002363
1.69700000 -0.00002354
1.69800000 -0.00002345
1.69900000 -0.00002336
1.70000000 -0.00002327
1.70100000 -0.00002318
1.70200000 -0.00002310
1.70300000 -0.00002301
1.70400000 -0.00002292
1.70500000 -0.00002284
1.70600000 -0.00002275
1.70700000 -0.00002267
1.70800000 -0.00002258
1.70900000 -0.00002250
1.71000000 -0.00002241
1.71100000 -0.00002233
1.71200000 -0.00002225
1.71300000 -0.00002216
1.71400000 -0.00002208
1.71500000 -0.00002200
1.71600000 -0.00002192
1.71700000 -0.00002183
1.71800000 -0.00002175
1.71900000 -0.00002167
1.72000000 -0.00002159
1.72100000 -0.00002151
1.72200000 -0.00002143
1.72300000 -0.00002135
1.72400000 -0.00002127
1.72500000 -0.00002120
1.72600000 -0.00002112
1.72700000 -0.00002104
1.72800000 -0.00002096
1.72900000 -0.00002088
1.73000000 -0.00002081
1.73100000 -0.00002073
1.73200000 -0.00002066
1.73300000 -0.00002058
1.73400000 -0.00002050
1.73500000 -0.00002043
1.73600000 -0.00002035
1.73700000 -0.00002028
1.73800000 -0.00002021
1.73900000 -0.00002013
1.74000000 -0.00002006
1.74100000 -0.00001999
1.74200000 -0.00001991
1.74300000 -0.00001984
1.74400000 -0.00001977
1.74500000 -0.00001970
1.74600000 -0.00001963
1.74700000 -0.00001956
1.74800000 -0.00001948
1.74900000 -0.00001941
1.75000000 -0.00001934
1.75100000 -0.00001927
1.75200000 -0.00001921
1.75300000 -0.00001914
1.75400000 -0.00001907
1.75500000 -0.00001900
1.75600000 -0.00001893
1.75700000 -0.00001886
1.75800000 -0.00001880
1.75900000 -0.00001873
1.76000000 -0.00001866
1.76100000 -0.00001859
1.76200000 -0.00001853
1.76300000 -0.00001846
1.76400000 -0.00001840
1.76500000 -0.00001833
1.76600000 -0.00001827
1.76700000 -0.00001820
1.76800000 -0.00001814
1.76900000 -0.00001807
1.77000000 -0.00001801
1.77100000 -0.00001794
1.77200000 -0.00001788
1.77300000 -0.00001782
1.77400000 -0.00001775
1.77500000 -0.00001769
1.77600000 -0.00001763
1.77700000 -0.00001757
1.77800000 -0.00001750
1.77900000 -0.00001744
1.78000000 -0.00001738
1.78100000 -0.00001732
1.78200000 -0.00001726
1.78300000 -0.00001720
1.78400000 -0.00001714
1.78500000 -0.00001708
1.78600000 -0.00001702
1.78700000 -0.00001696
1.78800000 -0.00001690
1.78900000 -0.00001684
1.79000000 -0.00001678
1.79100000 -0.00001672
1.79200000 -0.00001667
1.79300000 -0.00001661
1.79400000 -0.00001655
1.79500000 -0.00001649
1.79600000 -0.00001644
1.79700000 -0.00001638
1.79800000 -0.00001632
1.79900000 -0.00001627
1.80000000 -0.00001621
1.80100000 -0.00001615
1.80200000 -0.00001610
1.80300000 -0.00001604
1.80400000 -0.00001599
1.80500000 -0.00001593
1.80600000 -0.00001588
1.80700000 -0.00001582
1.80800000 -0.00001577
1.80900000 -0.00001572
1.81000000 -0.00001566
1.81100000 -0.00001561
1.81200000 -0.00001555
1.81300000 -0.00001550
1.81400000 -0.00001545
1.81500000 -0.00001540
1.81600000 -0.00001534
1.81700000 -0.00001529
1.81800000 -0.00001524
1.81900000 -0.00001519
1.82000000 -0.00001514
1.82100000 -0.00001508
1.82200000 -0.00001503
1.82300000 -0.00001498
1.82400000 -0.00001493
1.82500000 -0.00001488
1.82600000 -0.00001483
1.82700000 -0.00001478
1.82800000 -0.00001473
1.82900000 -0.00001468
1.83000000 -0.00001463
1.83100000 -0.00001458
1.83200000 -0.00001453
1.83300000 -0.00001448
1.83400000 -0.00001444
1.83500000 -0.00001439
1.83600000 -0.00001434
1.83700000 -0.00001429
1.83800000 -0.00001424
1.83900000 -0.00001420
1.84000000 -0.00001415
1.84100000 -0.00001410
1.84200000 -0.00001405
1.84300000 -0.00001401
1.84400000 -0.00001396
1.84500000 -0.00001391
1.84600000 -0.00001387
1.84700000 -0.00001382
1.84800000 -0.00001378
1.84900000 -0.00001373
1.85000000 -0.00001369
1.85100000 -0.00001364
1.85200000 -0.00001360
1.85300000 -0.00001355
1.85400000 -0.00001351
1.85500000 -0.00001346
1.85600000 -0.00001342
1.85700000 -0.00001337
1.85800000 -0.00001333
1.85900000 -0.00001328
1.86000000 -0.00001324
1.86100000 -0.00001320
1.86200000 -0.00001315
1.86300000 -0.00001311
1.86400000 -0.00001307
1.86500000 -0.00001303
1.86600000 -0.00001298
1.86700000 -0.00001294
1.86800000 -0.00001290
1.86900000 -0.00001286
1.87000000 -0.00001281
1.87100000 -0.00001277
1.87200000 -0.00001273
1.87300000 -0.00001269
1.87400000 -0.00001265
1.87500000 -0.00001261
1.87600000 -0.00001257
1.87700000 -0.00001253
1.87800000 -0.00001249
1.87900000 -0.00001244
1.88000000 -0.00001240
1.88100000 -0.00001236
1.88200000 -0.00001232
1.88300000 -0.00001228
1.88400000 -0.00001225
1.88500000 -0.00001221
1.88600000 -0.00001217
1.88700000 -0.00001213
1.88800000 -0.00001209
1.88900000 -0.00001205
1.89000000 -0.00001201
1.89100000 -0.00001197
1.89200000 -0.00001193
1.89300000 -0.00001190
1.89400000 -0.00001186
1.89500000 -0.00001182
1.89600000 -0.00001178
1.89700000 -0.00001175
1.89800000 -0.00001171
1.89900000 -0.00001167
1.90000000 -0.00001163
1.90100000 -0.00001160
1.90200000 -0.00001156
1.90300000 -0.00001152
1.90400000 -0.00001149
1.90500000 -0.00001145
1.90600000 -0.00001141
1.90700000 -0.00001138
1.90800000 -0.00001134
1.90900000 -0.00001131
1.91000000 -0.00001127
1.91100000 -0.00001123
1.91200000 -0.00001120
1.91300000 -0.00001116
1.91400000 -0.00001113
1.91500000 -0.00001109
1.91600000 -0.00001106
1.91700000 -0.00001102
1.91800000 -0.00001099
1.91900000 -0.00001096
1.92000000 -0.00001092
1.92100000 -0.00001089
1.92200000 -0.00001085
1.92300000 -0.00001082
1.92400000 -0.00001078
1.92500000 -0.00001075
1.92600000 -0.00001072
1.92700000 -0.00001068
1.92800000 -0.00001065
1.92900000 -0.00001062
1.93000000 -0.00001059
1.93100000 -0.00001055
1.93200000 -0.00001052
1.93300000 -0.00001049
1.93400000 -0.00001045
1.93500000 -0.00001042
1.93600000 -0.00001039
1.93700000 -0.00001036
1.93800000 -0.00001033
1.93900000 -0.00001029
1.94000000 -0.00001026
1.94100000 -0.00001023
1.94200000 -0.00001020
1.94300000 -0.00001017
1.94400000 -0.00001014
1.94500000 -0.00001011
1.94600000 -0.00001007
1.94700000 -0.00001004
1.94800000 -0.00001001
1.94900000 -0.00000998
1.95000000 -0.00000995
1.95100000 -0.00000992
1.95200000 -0.00000989
1.95300000 -0.00000986
1.95400000 -0.00000983
1.95500000 -0.00000980
1.95600000 -0.00000977
1.95700000 -0.00000974
1.95800000 -0.00000971
1.95900000 -0.00000968
1.96000000 -0.00000965
1.96100000 -0.00000962
1.96200000 -0.00000959
1.96300000 -0.00000956
1.96400000 -0.00000954
1.96500000 -0.00000951
1.96600000 -0.00000948
1.96700000 -0.00000945
1.96800000 -0.00000942
1.96900000 -0.00000939
1.97000000 -0.00000936
1.97100000 -0.00000934
1.97200000 -0.00000931
1.97300000 -0.00000928
1.97400000 -0.00000925
1.97500000 -0.00000922
1.97600000 -0.00000920
1.97700000 -0.00000917
1.97800000 -0.00000914
1.97900000 -0.00000911
1.98000000 -0.00000909
1.98100000 -0.00000906
1.98200000 -0.00000903
1.98300000 -0.00000901
1.98400000 -0.00000898
1.98500000 -0.00000895
1.98600000 -0.00000893
1.98700000 -0.00000890
1.98800000 -0.00000887
1.98900000 -0.00000885
1.99000000 -0.00000882
1.99100000 -0.00000879
1.99200000 -0.00000877
1.99300000 -0.00000874
1.99400000 -0.00000872
1.99500000 -0.00000869
1.99600000 -0.00000866
1.99700000 -0.00000864
1.99800000 -0.00000861
1.99900000 -0.00000859
2.00000000 -0.00000856
