0.10000000 3407461868.84725285
0.10100000 3023936888.68043518
0.10200000 2686737641.00075722
0.10300000 2389894018.30770206
0.10400000 2128252666.99185610
0.10500000 1897358886.55178666
0.10600000 1693356509.39456081
0.10700000 1512902888.62253928
0.10800000 1353096601.33852029
0.10900000 1211415871.40016603
0.11000000 1085666043.42130828
0.11100000 973934711.48549151
0.11200000 874553331.53398383
0.11300000 786064333.88565588
0.11400000 707192908.50754678
0.11500000 636822765.93481958
0.11600000 573975285.60389519
0.11700000 517791554.47855097
0.11800000 467516875.22937316
0.11900000 422487387.35412979
0.12000000 382118498.54789102
0.12100000 345894869.03900427
0.12200000 313361729.90074319
0.12300000 284117348.68957162
0.12400000 257806483.11352983
0.12500000 234114686.59995875
0.12600000 212763349.27844915
0.12700000 193505374.57952756
0.12800000 176121405.83757108
0.12900000 160416529.36710718
0.13000000 146217390.78120703
0.13100000 133369670.11282298
0.13200000 121735868.81460638
0.13300000 111193368.14344698
0.13400000 101632723.94569404
0.13500000 92956167.58526041
0.13600000 85076286.81571966
0.13700000 77914863.88732480
0.13800000 71401851.18379609
0.13900000 65474467.27228905
0.14000000 60076398.48304641
0.14100000 55157093.06376521
0.14200000 50671136.62098882
0.14300000 46577699.00377340
0.14400000 42840044.03495980
0.14500000 39425094.57949048
0.14600000 36303046.38033095
0.14700000 33447024.91035866
0.14800000 30832780.19992437
0.14900000 28438415.21912881
0.15000000 26244143.93360528
0.15100000 24232075.62342721
0.15200000 22386022.46584919
0.15300000 20691327.74184982
0.15400000 19134712.34069152
0.15500000 17704137.51183366
0.15600000 16388682.05460950
0.15700000 15178432.34750736
0.15800000 14064383.80448038
0.15900000 13038352.50874772
0.16000000 12092895.91790122
0.16100000 11221241.66027485
0.16200000 10417223.55362742
0.16300000 9675224.07510527
0.16400000 8990122.59782241
0.16500000 8357248.78564197
0.16600000 7772340.60510375
0.16700000 7231506.47299886
0.16800000 6731191.11078793
0.16900000 6268144.72371934
0.17000000 5839395.16385006
0.17100000 5442222.77283559
0.17200000 5074137.63289107
0.17300000 4732858.98321792
0.17400000 4416296.58486556
0.17500000 4122533.83982981
0.17600000 3849812.49050723
0.17700000 3596518.74371692
0.17800000 3361170.67962310
0.17900000 3142406.82026686
0.18000000 2938975.74524130
0.18100000 2749726.65349621
0.18200000 2573600.78048843
0.18300000 2409623.58904052
0.18400000 2256897.66045076
0.18500000 2114596.21972066
0.18600000 1981957.23532400
0.18700000 1858278.03981906
0.18800000 1742910.42287546
0.18900000 1635256.15301584
0.19000000 1534762.88861727
0.19100000 1440920.44253079
0.19200000 1353257.36810445
0.19300000 1271337.83747730
0.19400000 1194758.78578517
0.19500000 1123147.29741579
0.19600000 1056158.21269967
0.19700000 993471.93545046
0.19800000 934792.42359617
0.19900000 879845.34679217
0.20000000 828376.39639517
0.20100000 780149.73452264
0.20200000 734946.57013676
0.20300000 692563.85119092
0.20400000 652813.06287024
0.20500000 615519.12285742
0.20600000 580519.36536914
0.20700000 547662.60644636
0.20800000 516808.28365029
0.20900000 487825.66392239
0.21000000 460593.11391669
0.21100000 434997.42761219
0.21200000 410933.20646629
0.21300000 388302.28778243
0.21400000 367013.21733929
0.21500000 346980.76266943
0.21600000 328125.46368508
0.21700000 310373.21763057
0.21800000 293654.89559766
0.21900000 277905.98807372
0.22000000 263066.27720609
0.22100000 249079.53365987
0.22200000 235893.23612400
0.22300000 223458.31168168
0.22400000 211728.89540952
0.22500000 200662.10770379
0.22600000 190217.84795609
0.22700000 180358.60331273
0.22800000 171049.27135549
0.22900000 162256.99563528
0.23000000 153951.01307663
0.23100000 146102.51234961
0.23200000 138684.50237826
0.23300000 131671.69022053
0.23400000 125040.36761565
0.23500000 118768.30555026
0.23600000 112834.65624582
0.23700000 107219.86201645
0.23800000 101905.57048949
0.23900000 96874.55572039
0.24000000 92110.64476988
0.24100000 87598.64934447
0.24200000 83324.30213234
0.24300000 79274.19749429
0.24400000 75435.73619582
0.24500000 71797.07388982
0.24600000 68347.07308162
0.24700000 65075.25832807
0.24800000 61971.77444111
0.24900000 59027.34748327
0.25000000 56233.24835858
0.25100000 53581.25881658
0.25200000 51063.63970089
0.25300000 48673.10128605
0.25400000 46402.77555771
0.25500000 44246.19030202
0.25600000 42197.24487953
0.25700000 40250.18756827
0.25800000 38399.59436869
0.25900000 36640.34917107
0.26000000 34967.62519294
0.26100000 33376.86760082
0.26200000 31863.77723656
0.26300000 30424.29537418
0.26400000 29054.58943845
0.26500000 27751.03962119
0.26600000 26510.22633576
0.26700000 25328.91845433
0.26800000 24204.06227657
0.26900000 23132.77118155
0.27000000 22112.31591847
0.27100000 21140.11549436
0.27200000 20213.72862036
0.27300000 19330.84568007
0.27400000 18489.28118674
0.27500000 17686.96669762
0.27600000 16921.94415645
0.27700000 16192.35963666
0.27800000 15496.45745990
0.27900000 14832.57466620
0.28000000 14199.13581346
0.28100000 13594.64808566
0.28200000 13017.69669052
0.28300000 12466.94052834
0.28400000 11941.10811542
0.28500000 11438.99374609
0.28600000 10959.45387866
0.28700000 10501.40373153
0.28800000 10063.81407664
0.28900000 9645.70821798
0.29000000 9246.15914412
0.29100000 8864.28684407
0.29200000 8499.25577661
0.29300000 8150.27248379
0.29400000 7816.58334004
0.29500000 7497.47242868
0.29600000 7192.25953820
0.29700000 6900.29827126
0.29800000 6620.97425971
0.29900000 6353.70347925
0.30000000 6097.93065803
0.30100000 5853.12777354
0.30200000 5618.79263268
0.30300000 5394.44753008
0.30400000 5179.63798030
0.30500000 4973.93151936
0.30600000 4776.91657183
0.30700000 4588.20137955
0.30800000 4407.41298854
0.30900000 4234.19629067
0.31000000 4068.21311705
0.31100000 3909.14138017
0.31200000 3756.67426200
0.31300000 3610.51944547
0.31400000 3470.39838687
0.31500000 3336.04562695
0.31600000 3207.20813839
0.31700000 3083.64470780
0.31800000 2965.12535014
0.31900000 2851.43075397
0.32000000 2742.35175555
0.32100000 2637.68884053
0.32200000 2537.25167141
0.32300000 2440.85863954
0.32400000 2348.33644025
0.32500000 2259.51966986
0.32600000 2174.25044342
0.32700000 2092.37803198
0.32800000 2013.75851837
0.32900000 1938.25447053
0.33000000 1865.73463143
0.33100000 1796.07362461
0.33200000 1729.15167466
0.33300000 1664.85434171
0.33400000 1603.07226924
0.33500000 1543.70094449
0.33600000 1486.64047089
0.33700000 1431.79535169
0.33800000 1379.07428441
0.33900000 1328.38996544
0.34000000 1279.65890417
0.34100000 1232.80124645
0.34200000 1187.74060649
0.34300000 1144.40390713
0.34400000 1102.72122783
0.34500000 1062.62566005
0.34600000 1024.05316965
0.34700000 986.94246595
0.34800000 951.23487707
0.34900000 916.87423127
0.35000000 883.80674401
0.35100000 851.98091038
0.35200000 821.34740264
0.35300000 791.85897266
0.35400000 763.47035898
0.35500000 736.13819826
0.35600000 709.82094088
0.35700000 684.47877056
0.35800000 660.07352769
0.35900000 636.56863629
0.36000000 613.92903437
0.36100000 592.12110750
0.36200000 571.11262549
0.36300000 550.87268198
0.36400000 531.37163684
0.36500000 512.58106122
0.36600000 494.47368508
0.36700000 477.02334717
0.36800000 460.20494725
0.36900000 443.99440057
0.37000000 428.36859429
0.37100000 413.30534600
0.37200000 398.78336400
0.37300000 384.78220949
0.37400000 371.28226033
0.37500000 358.26467656
0.37600000 345.71136733
0.37700000 333.60495941
0.37800000 321.92876703
0.37900000 310.66676311
0.38000000 299.80355175
0.38100000 289.32434187
0.38200000 279.21492214
0.38300000 269.46163689
0.38400000 260.05136312
0.38500000 250.97148855
0.38600000 242.20989058
0.38700000 233.75491618
0.38800000 225.59536264
0.38900000 217.72045920
0.39000000 210.11984940
0.39100000 202.78357426
0.39200000 195.70205615
0.39300000 188.86608331
0.39400000 182.26679515
0.39500000 175.89566803
0.39600000 169.74450179
0.39700000 163.80540669
0.39800000 158.07079107
0.39900000 152.53334943
0.40000000 147.18605101
0.40100000 142.02212892
0.40200000 137.03506964
0.40300000 132.21860302
0.40400000 127.56669269
0.40500000 123.07352684
0.40600000 118.73350942
0.40700000 114.54125164
0.40800000 110.49156395
0.40900000 106.57944817
0.41000000 102.80009013
0.41100000 99.14885247
0.41200000 95.62126781
0.41300000 92.21303216
0.41400000 88.91999866
0.41500000 85.73817149
0.41600000 82.66370008
0.41700000 79.69287355
0.41800000 76.82211539
0.41900000 74.04797828
0.42000000 71.36713921
0.42100000 68.77639478
0.42200000 66.27265659
0.42300000 63.85294698
0.42400000 61.51439478
0.42500000 59.25423134
0.42600000 57.06978666
0.42700000 54.95848570
0.42800000 52.91784481
0.42900000 50.94546832
0.43000000 49.03904530
0.43100000 47.19634635
0.43200000 45.41522061
0.43300000 43.69359283
0.43400000 42.02946061
0.43500000 40.42089167
0.43600000 38.86602129
0.43700000 37.36304985
0.43800000 35.91024040
0.43900000 34.50591639
0.44000000 33.14845946
0.44100000 31.83630733
0.44200000 30.56795176
0.44300000 29.34193656
0.44400000 28.15685574
0.44500000 27.01135167
0.44600000 25.90411337
0.44700000 24.83387478
0.44800000 23.79941318
0.44900000 22.79954764
0.45000000 21.83313748
0.45100000 20.89908090
0.45200000 19.99631352
0.45300000 19.12380712
0.45400000 18.28056829
0.45500000 17.46563724
0.45600000 16.67808659
0.45700000 15.91702023
0.45800000 15.18157222
0.45900000 14.47090572
0.46000000 13.78421197
0.46100000 13.12070933
0.46200000 12.47964228
0.46300000 11.86028055
0.46400000 11.26191822
0.46500000 10.68387289
0.46600000 10.12548484
0.46700000 9.58611625
0.46800000 9.06515046
0.46900000 8.56199121
0.47000000 8.07606196
0.47100000 7.60680519
0.47200000 7.15368177
0.47300000 6.71617030
0.47400000 6.29376653
0.47500000 5.88598276
0.47600000 5.49234727
0.47700000 5.11240379
0.47800000 4.74571095
0.47900000 4.39184182
0.48000000 4.05038336
0.48100000 3.72093598
0.48200000 3.40311311
0.48300000 3.09654072
0.48400000 2.80085690
0.48500000 2.51571149
0.48600000 2.24076563
0.48700000 1.97569145
0.48800000 1.72017164
0.48900000 1.47389911
0.49000000 1.23657669
0.49100000 1.00791674
0.49200000 0.78764088
0.49300000 0.57547966
0.49400000 0.37117226
0.49500000 0.17446624
0.49600000 -0.01488281
0.49700000 -0.19711144
0.49800000 -0.37244868
0.49900000 -0.54111626
0.50000000 -0.70332881
0.50100000 -0.85929417
0.50200000 -1.00921355
0.50300000 -1.15328178
0.50400000 -1.29168748
0.50500000 -1.42461332
0.50600000 -1.55223617
0.50700000 -1.67472730
0.50800000 -1.79225258
0.50900000 -1.90497260
0.51000000 -2.01304293
0.51100000 -2.11661419
0.51200000 -2.21583229
0.51300000 -2.31083850
0.51400000 -2.40176968
0.51500000 -2.48875837
0.51600000 -2.57193296
0.51700000 -2.65141778
0.51800000 -2.72733327
0.51900000 -2.79979611
0.52000000 -2.86891929
0.52100000 -2.93481229
0.52200000 -2.99758114
0.52300000 -3.05732857
0.52400000 -3.11415409
0.52500000 -3.16815408
0.52600000 -3.21942194
0.52700000 -3.26804813
0.52800000 -3.31412030
0.52900000 -3.35772335
0.53000000 -3.39893955
0.53100000 -3.43784859
0.53200000 -3.47452769
0.53300000 -3.50905164
0.53400000 -3.54149293
0.53500000 -3.57192176
0.53600000 -3.60040617
0.53700000 -3.62701207
0.53800000 -3.65180333
0.53900000 -3.67484181
0.54000000 -3.69618746
0.54100000 -3.71589836
0.54200000 -3.73403080
0.54300000 -3.75063928
0.54400000 -3.76577665
0.54500000 -3.77949409
0.54600000 -3.79184118
0.54700000 -3.80286597
0.54800000 -3.81261501
0.54900000 -3.82113342
0.55000000 -3.82846488
0.55100000 -3.83465174
0.55200000 -3.83973500
0.55300000 -3.84375442
0.55400000 -3.84674850
0.55500000 -3.84875453
0.55600000 -3.84980865
0.55700000 -3.84994587
0.55800000 -3.84920012
0.55900000 -3.84760423
0.56000000 -3.84519004
0.56100000 -3.84198840
0.56200000 -3.83802915
0.56300000 -3.83334124
0.56400000 -3.82795269
0.56500000 -3.82189065
0.56600000 -3.81518142
0.56700000 -3.80785045
0.56800000 -3.79992241
0.56900000 -3.79142120
0.57000000 -3.78236995
0.57100000 -3.77279107
0.57200000 -3.76270626
0.57300000 -3.75213652
0.57400000 -3.74110220
0.57500000 -3.72962302
0.57600000 -3.71771803
0.57700000 -3.70540572
0.57800000 -3.69270396
0.57900000 -3.67963006
0.58000000 -3.66620079
0.58100000 -3.65243236
0.58200000 -3.63834047
0.58300000 -3.62394033
0.58400000 -3.60924663
0.58500000 -3.59427363
0.58600000 -3.57903508
0.58700000 -3.56354431
0.58800000 -3.54781424
0.58900000 -3.53185732
0.59000000 -3.51568564
0.59100000 -3.49931087
0.59200000 -3.48274430
0.59300000 -3.46599685
0.59400000 -3.44907910
0.59500000 -3.43200124
0.59600000 -3.41477317
0.59700000 -3.39740443
0.59800000 -3.37990425
0.59900000 -3.36228156
0.60000000 -3.34454497
0.60100000 -3.32670282
0.60200000 -3.30876317
0.60300000 -3.29073378
0.60400000 -3.27262219
0.60500000 -3.25443564
0.60600000 -3.23618116
0.60700000 -3.21786549
0.60800000 -3.19949519
0.60900000 -3.18107656
0.61000000 -3.16261569
0.61100000 -3.14411846
0.61200000 -3.12559053
0.61300000 -3.10703737
0.61400000 -3.08846426
0.61500000 -3.06987628
0.61600000 -3.05127834
0.61700000 -3.03267516
0.61800000 -3.01407129
0.61900000 -2.99547114
0.62000000 -2.97687891
0.62100000 -2.95829868
0.62200000 -2.93973438
0.62300000 -2.92118977
0.62400000 -2.90266847
0.62500000 -2.88417399
0.62600000 -2.86570968
0.62700000 -2.84727877
0.62800000 -2.82888435
0.62900000 -2.81052940
0.63000000 -2.79221680
0.63100000 -2.77394928
0.63200000 -2.75572948
0.63300000 -2.73755993
0.63400000 -2.71944305
0.63500000 -2.70138117
0.63600000 -2.68337651
0.63700000 -2.66543120
0.63800000 -2.64754729
0.63900000 -2.62972671
0.64000000 -2.61197134
0.64100000 -2.59428295
0.64200000 -2.57666325
0.64300000 -2.55911385
0.64400000 -2.54163630
0.64500000 -2.52423208
0.64600000 -2.50690258
0.64700000 -2.48964913
0.64800000 -2.47247300
0.64900000 -2.45537539
0.65000000 -2.43835745
0.65100000 -2.42142024
0.65200000 -2.40456478
0.65300000 -2.38779205
0.65400000 -2.37110294
0.65500000 -2.35449832
0.65600000 -2.33797898
0.65700000 -2.32154568
0.65800000 -2.30519913
0.65900000 -2.28893998
0.66000000 -2.27276886
0.66100000 -2.25668632
0.66200000 -2.24069291
0.66300000 -2.22478911
0.66400000 -2.20897537
0.66500000 -2.19325210
0.66600000 -2.17761967
0.66700000 -2.16207844
0.66800000 -2.14662870
0.66900000 -2.13127072
0.67000000 -2.11600475
0.67100000 -2.10083099
0.67200000 -2.08574963
0.67300000 -2.07076082
0.67400000 -2.05586468
0.67500000 -2.04106131
0.67600000 -2.02635079
0.67700000 -2.01173315
0.67800000 -1.99720842
0.67900000 -1.98277659
0.68000000 -1.96843766
0.68100000 -1.95419157
0.68200000 -1.94003826
0.68300000 -1.92597765
0.68400000 -1.91200962
0.68500000 -1.89813406
0.68600000 -1.88435083
0.68700000 -1.87065978
0.68800000 -1.85706072
0.68900000 -1.84355347
0.69000000 -1.83013783
0.69100000 -1.81681357
0.69200000 -1.80358047
0.69300000 -1.79043827
0.69400000 -1.77738672
0.69500000 -1.76442555
0.69600000 -1.75155447
0.69700000 -1.73877320
0.69800000 -1.72608142
0.69900000 -1.71347881
0.70000000 -1.70096506
0.70100000 -1.68853983
0.70200000 -1.67620277
0.70300000 -1.66395353
0.70400000 -1.65179175
0.70500000 -1.63971706
0.70600000 -1.62772908
0.70700000 -1.61582743
0.70800000 -1.60401173
0.70900000 -1.59228156
0.71000000 -1.58063654
0.71100000 -1.56907625
0.71200000 -1.55760027
0.71300000 -1.54620819
0.71400000 -1.53489959
0.71500000 -1.52367402
0.71600000 -1.51253107
0.71700000 -1.50147029
0.71800000 -1.49049124
0.71900000 -1.47959348
0.72000000 -1.46877656
0.72100000 -1.45804002
0.72200000 -1.44738342
0.72300000 -1.43680629
0.72400000 -1.42630818
0.72500000 -1.41588862
0.72600000 -1.40554716
0.72700000 -1.39528331
0.72800000 -1.38509663
0.72900000 -1.37498664
0.73000000 -1.36495286
0.73100000 -1.35499483
0.73200000 -1.34511207
0.73300000 -1.33530412
0.73400000 -1.32557049
0.73500000 -1.31591071
0.73600000 -1.30632431
0.73700000 -1.29681081
0.73800000 -1.28736973
0.73900000 -1.27800061
0.74000000 -1.26870296
0.74100000 -1.25947630
0.74200000 -1.25032017
0.74300000 -1.24123408
0.74400000 -1.23221756
0.74500000 -1.22327015
0.74600000 -1.21439136
0.74700000 -1.20558072
0.74800000 -1.19683776
0.74900000 -1.18816201
0.75000000 -1.17955300
0.75100000 -1.17101026
0.75200000 -1.16253332
0.75300000 -1.15412172
0.75400000 -1.14577499
0.75500000 -1.13749267
0.75600000 -1.12927430
0.75700000 -1.12111941
0.75800000 -1.11302755
0.75900000 -1.10499825
0.76000000 -1.09703107
0.76100000 -1.08912555
0.76200000 -1.08128123
0.76300000 -1.07349767
0.76400000 -1.06577441
0.76500000 -1.05811101
0.76600000 -1.05050703
0.76700000 -1.04296201
0.76800000 -1.03547553
0.76900000 -1.02804714
0.77000000 -1.02067640
0.77100000 -1.01336289
0.77200000 -1.00610616
0.77300000 -0.99890579
0.77400000 -0.99176134
0.77500000 -0.98467240
0.77600000 -0.97763854
0.77700000 -0.97065933
0.77800000 -0.96373437
0.77900000 -0.95686322
0.78000000 -0.95004549
0.78100000 -0.94328074
0.78200000 -0.93656859
0.78300000 -0.92990860
0.78400000 -0.92330040
0.78500000 -0.91674356
0.78600000 -0.91023769
0.78700000 -0.90378239
0.78800000 -0.89737727
0.78900000 -0.89102194
0.79000000 -0.88471599
0.79100000 -0.87845905
0.79200000 -0.87225073
0.79300000 -0.86609065
0.79400000 -0.85997842
0.79500000 -0.85391367
0.79600000 -0.84789603
0.79700000 -0.84192511
0.79800000 -0.83600055
0.79900000 -0.83012198
0.80000000 -0.82428903
0.80100000 -0.81850135
0.80200000 -0.81275856
0.80300000 -0.80706032
0.80400000 -0.80140627
0.80500000 -0.79579605
0.80600000 -0.79022931
0.80700000 -0.78470570
0.80800000 -0.77922489
0.80900000 -0.77378651
0.81000000 -0.76839025
0.81100000 -0.76303574
0.81200000 -0.75772267
0.81300000 -0.75245069
0.81400000 -0.74721948
0.81500000 -0.74202871
0.81600000 -0.73687804
0.81700000 -0.73176716
0.81800000 -0.72669574
0.81900000 -0.72166347
0.82000000 -0.71667003
0.82100000 -0.71171510
0.82200000 -0.70679837
0.82300000 -0.70191954
0.82400000 -0.69707829
0.82500000 -0.69227432
0.82600000 -0.68750733
0.82700000 -0.68277702
0.82800000 -0.67808308
0.82900000 -0.67342523
0.83000000 -0.66880317
0.83100000 -0.66421661
0.83200000 -0.65966527
0.83300000 -0.65514884
0.83400000 -0.65066705
0.83500000 -0.64621963
0.83600000 -0.64180627
0.83700000 -0.63742672
0.83800000 -0.63308070
0.83900000 -0.62876792
0.84000000 -0.62448812
0.84100000 -0.62024104
0.84200000 -0.61602640
0.84300000 -0.61184394
0.84400000 -0.60769339
0.84500000 -0.60357450
0.84600000 -0.59948701
0.84700000 -0.59543066
0.84800000 -0.59140520
0.84900000 -0.58741037
0.85000000 -0.58344593
0.85100000 -0.57951162
0.85200000 -0.57560721
0.85300000 -0.57173244
0.85400000 -0.56788707
0.85500000 -0.56407087
0.85600000 -0.56028360
0.85700000 -0.55652501
0.85800000 -0.55279488
0.85900000 -0.54909297
0.86000000 -0.54541906
0.86100000 -0.54177291
0.86200000 -0.53815430
0.86300000 -0.53456300
0.86400000 -0.53099879
0.86500000 -0.52746144
0.86600000 -0.52395075
0.86700000 -0.52046649
0.86800000 -0.51700844
0.86900000 -0.51357640
0.87000000 -0.51017015
0.87100000 -0.50678947
0.87200000 -0.50343417
0.87300000 -0.50010403
0.87400000 -0.49679885
0.87500000 -0.49351843
0.87600000 -0.49026256
0.87700000 -0.48703104
0.87800000 -0.48382368
0.87900000 -0.48064028
0.88000000 -0.47748064
0.88100000 -0.47434458
0.88200000 -0.47123189
0.88300000 -0.46814239
0.88400000 -0.46507589
0.88500000 -0.46203220
0.88600000 -0.45901115
0.88700000 -0.45601253
0.88800000 -0.45303618
0.88900000 -0.45008191
0.89000000 -0.44714954
0.89100000 -0.44423889
0.89200000 -0.44134979
0.89300000 -0.43848207
0.89400000 -0.43563554
0.89500000 -0.43281004
0.89600000 -0.43000540
0.89700000 -0.42722145
0.89800000 -0.42445802
0.89900000 -0.42171495
0.90000000 -0.41899206
0.90100000 -0.41628921
0.90200000 -0.41360622
0.90300000 -0.41094293
0.90400000 -0.40829919
0.90500000 -0.40567484
0.90600000 -0.40306972
0.90700000 -0.40048368
0.90800000 -0.39791656
0.90900000 -0.39536821
0.91000000 -0.39283848
0.91100000 -0.39032722
0.91200000 -0.38783429
0.91300000 -0.38535952
0.91400000 -0.38290278
0.91500000 -0.38046393
0.91600000 -0.37804281
0.91700000 -0.37563929
0.91800000 -0.37325323
0.91900000 -0.37088448
0.92000000 -0.36853291
0.92100000 -0.36619838
0.92200000 -0.36388075
0.92300000 -0.36157989
0.92400000 -0.35929566
0.92500000 -0.35702793
0.92600000 -0.35477657
0.92700000 -0.35254144
0.92800000 -0.35032243
0.92900000 -0.34811939
0.93000000 -0.34593221
0.93100000 -0.34376075
0.93200000 -0.34160489
0.93300000 -0.33946451
0.93400000 -0.33733948
0.93500000 -0.33522969
0.93600000 -0.33313500
0.93700000 -0.33105530
0.93800000 -0.32899048
0.93900000 -0.32694040
0.94000000 -0.32490497
0.94100000 -0.32288405
0.94200000 -0.32087754
0.94300000 -0.31888532
0.94400000 -0.31690727
0.94500000 -0.31494329
0.94600000 -0.31299327
0.94700000 -0.31105709
0.94800000 -0.30913465
0.94900000 -0.30722583
0.95000000 -0.30533053
0.95100000 -0.30344865
0.95200000 -0.30158007
0.95300000 -0.29972469
0.95400000 -0.29788242
0.95500000 -0.29605314
0.95600000 -0.29423675
0.95700000 -0.29243315
0.95800000 -0.29064225
0.95900000 -0.28886394
0.96000000 -0.28709812
0.96100000 -0.28534470
0.96200000 -0.28360358
0.96300000 -0.28187466
0.96400000 -0.28015785
0.96500000 -0.27845305
0.96600000 -0.27676017
0.96700000 -0.27507912
0.96800000 -0.27340980
0.96900000 -0.27175212
0.97000000 -0.27010599
0.97100000 -0.26847133
0.97200000 -0.26684804
0.97300000 -0.26523603
0.97400000 -0.26363522
0.97500000 -0.26204553
0.97600000 -0.26046685
0.97700000 -0.25889911
0.97800000 -0.25734223
0.97900000 -0.25579612
0.98000000 -0.25426069
0.98100000 -0.25273587
0.98200000 -0.25122157
0.98300000 -0.24971771
0.98400000 -0.24822421
0.98500000 -0.24674099
0.98600000 -0.24526797
0.98700000 -0.24380508
0.98800000 -0.24235223
0.98900000 -0.24090934
0.99000000 -0.23947635
0.99100000 -0.23805317
0.99200000 -0.23663974
0.99300000 -0.23523596
0.99400000 -0.23384178
0.99500000 -0.23245712
0.99600000 -0.23108190
0.99700000 -0.22971606
0.99800000 -0.22835951
0.99900000 -0.22701220
1.00000000 -0.22567404
1.00100000 -0.22434498
1.00200000 -0.22302493
1.00300000 -0.22171384
1.00400000 -0.22041163
1.00500000 -0.21911824
1.00600000 -0.21783360
1.00700000 -0.21655764
1.00800000 -0.21529030
1.00900000 -0.21403151
1.01000000 -0.21278120
1.01100000 -0.21153932
1.01200000 -0.21030580
1.01300000 -0.20908057
1.01400000 -0.20786358
1.01500000 -0.20665476
1.01600000 -0.20545405
1.01700000 -0.20426139
1.01800000 -0.20307671
1.01900000 -0.20189996
1.02000000 -0.20073108
1.02100000 -0.19957001
1.02200000 -0.19841669
1.02300000 -0.19727106
1.02400000 -0.19613307
1.02500000 -0.19500265
1.02600000 -0.19387976
1.02700000 -0.19276432
1.02800000 -0.19165630
1.02900000 -0.19055563
1.03000000 -0.18946226
1.03100000 -0.18837613
1.03200000 -0.18729719
1.03300000 -0.18622539
1.03400000 -0.18516067
1.03500000 -0.18410298
1.03600000 -0.18305227
1.03700000 -0.18200849
1.03800000 -0.18097158
1.03900000 -0.17994150
1.04000000 -0.17891819
1.04100000 -0.17790160
1.04200000 -0.17689169
1.04300000 -0.17588840
1.04400000 -0.17489168
1.04500000 -0.17390149
1.04600000 -0.17291779
1.04700000 -0.17194051
1.04800000 -0.17096961
1.04900000 -0.17000505
1.05000000 -0.16904679
1.05100000 -0.16809476
1.05200000 -0.16714894
1.05300000 -0.16620926
1.05400000 -0.16527569
1.05500000 -0.16434819
1.05600000 -0.16342670
1.05700000 -0.16251119
1.05800000 -0.16160161
1.05900000 -0.16069792
1.06000000 -0.15980006
1.06100000 -0.15890802
1.06200000 -0.15802173
1.06300000 -0.15714115
1.06400000 -0.15626626
1.06500000 -0.15539699
1.06600000 -0.15453332
1.06700000 -0.15367521
1.06800000 -0.15282261
1.06900000 -0.15197547
1.07000000 -0.15113378
1.07100000 -0.15029747
1.07200000 -0.14946652
1.07300000 -0.14864089
1.07400000 -0.14782053
1.07500000 -0.14700541
1.07600000 -0.14619550
1.07700000 -0.14539075
1.07800000 -0.14459112
1.07900000 -0.14379659
1.08000000 -0.14300711
1.08100000 -0.14222265
1.08200000 -0.14144316
1.08300000 -0.14066863
1.08400000 -0.13989900
1.08500000 -0.13913425
1.08600000 -0.13837434
1.08700000 -0.13761923
1.08800000 -0.13686889
1.08900000 -0.13612330
1.09000000 -0.13538240
1.09100000 -0.13464617
1.09200000 -0.13391459
1.09300000 -0.13318760
1.09400000 -0.13246518
1.09500000 -0.13174731
1.09600000 -0.13103393
1.09700000 -0.13032504
1.09800000 -0.12962058
1.09900000 -0.12892054
1.10000000 -0.12822487
1.10100000 -0.12753355
1.10200000 -0.12684656
1.10300000 -0.12616384
1.10400000 -0.12548539
1.10500000 -0.12481116
1.10600000 -0.12414113
1.10700000 -0.12347527
1.10800000 -0.12281354
1.10900000 -0.12215593
1.11000000 -0.12150239
1.11100000 -0.12085291
1.11200000 -0.12020745
1.11300000 -0.11956598
1.11400000 -0.11892849
1.11500000 -0.11829493
1.11600000 -0.11766528
1.11700000 -0.11703952
1.11800000 -0.11641761
1.11900000 -0.11579954
1.12000000 -0.11518527
1.12100000 -0.11457477
1.12200000 -0.11396803
1.12300000 -0.11336501
1.12400000 -0.11276569
1.12500000 -0.11217004
1.12600000 -0.11157805
1.12700000 -0.11098967
1.12800000 -0.11040489
1.12900000 -0.10982369
1.13000000 -0.10924603
1.13100000 -0.10867189
1.13200000 -0.10810125
1.13300000 -0.10753409
1.13400000 -0.10697038
1.13500000 -0.10641010
1.13600000 -0.10585322
1.13700000 -0.10529971
1.13800000 -0.10474957
1.13900000 -0.10420276
1.14000000 -0.10365926
1.14100000 -0.10311905
1.14200000 -0.10258210
1.14300000 -0.10204840
1.14400000 -0.10151791
1.14500000 -0.10099063
1.14600000 -0.10046652
1.14700000 -0.09994557
1.14800000 -0.09942775
1.14900000 -0.09891305
1.15000000 -0.09840143
1.15100000 -0.09789289
1.15200000 -0.09738739
1.15300000 -0.09688493
1.15400000 -0.09638547
1.15500000 -0.09588900
1.15600000 -0.09539550
1.15700000 -0.09490494
1.15800000 -0.09441731
1.15900000 -0.09393259
1.16000000 -0.09345075
1.16100000 -0.09297179
1.16200000 -0.09249567
1.16300000 -0.09202238
1.16400000 -0.09155191
1.16500000 -0.09108422
1.16600000 -0.09061931
1.16700000 -0.09015715
1.16800000 -0.08969773
1.16900000 -0.08924103
1.17000000 -0.08878702
1.17100000 -0.08833569
1.17200000 -0.08788703
1.17300000 -0.08744102
1.17400000 -0.08699763
1.17500000 -0.08655685
1.17600000 -0.08611866
1.17700000 -0.08568305
1.17800000 -0.08525000
1.17900000 -0.08481949
1.18000000 -0.08439150
1.18100000 -0.08396602
1.18200000 -0.08354303
1.18300000 -0.08312251
1.18400000 -0.08270445
1.18500000 -0.08228883
1.18600000 -0.08187564
1.18700000 -0.08146486
1.18800000 -0.08105647
1.18900000 -0.08065046
1.19000000 -0.08024681
1.19100000 -0.07984550
1.19200000 -0.07944653
1.19300000 -0.07904987
1.19400000 -0.07865551
1.19500000 -0.07826344
1.19600000 -0.07787363
1.19700000 -0.07748608
1.19800000 -0.07710077
1.19900000 -0.07671769
1.20000000 -0.07633681
1.20100000 -0.07595814
1.20200000 -0.07558164
1.20300000 -0.07520731
1.20400000 -0.07483514
1.20500000 -0.07446510
1.20600000 -0.07409719
1.20700000 -0.07373140
1.20800000 -0.07336769
1.20900000 -0.07300608
1.21000000 -0.07264653
1.21100000 -0.07228904
1.21200000 -0.07193360
1.21300000 -0.07158018
1.21400000 -0.07122879
1.21500000 -0.07087939
1.21600000 -0.07053199
1.21700000 -0.07018657
1.21800000 -0.06984311
1.21900000 -0.06950160
1.22000000 -0.06916204
1.22100000 -0.06882440
1.22200000 -0.06848868
1.22300000 -0.06815486
1.22400000 -0.06782293
1.22500000 -0.06749288
1.22600000 -0.06716469
1.22700000 -0.06683836
1.22800000 -0.06651387
1.22900000 -0.06619122
1.23000000 -0.06587038
1.23100000 -0.06555135
1.23200000 -0.06523411
1.23300000 -0.06491866
1.23400000 -0.06460498
1.23500000 -0.06429306
1.23600000 -0.06398290
1.23700000 -0.06367447
1.23800000 -0.06336777
1.23900000 -0.06306279
1.24000000 -0.06275951
1.24100000 -0.06245793
1.24200000 -0.06215803
1.24300000 -0.06185981
1.24400000 -0.06156325
1.24500000 -0.06126834
1.24600000 -0.06097508
1.24700000 -0.06068344
1.24800000 -0.06039343
1.24900000 -0.06010503
1.25000000 -0.05981823
1.25100000 -0.05953302
1.25200000 -0.05924939
1.25300000 -0.05896733
1.25400000 -0.05868683
1.25500000 -0.05840789
1.25600000 -0.05813048
1.25700000 -0.05785461
1.25800000 -0.05758026
1.25900000 -0.05730742
1.26000000 -0.05703609
1.26100000 -0.05676624
1.26200000 -0.05649789
1.26300000 -0.05623100
1.26400000 -0.05596559
1.26500000 -0.05570163
1.26600000 -0.05543911
1.26700000 -0.05517804
1.26800000 -0.05491840
1.26900000 -0.05466017
1.27000000 -0.05440336
1.27100000 -0.05414795
1.27200000 -0.05389393
1.27300000 -0.05364131
1.27400000 -0.05339005
1.27500000 -0.05314017
1.27600000 -0.05289165
1.27700000 -0.05264447
1.27800000 -0.05239864
1.27900000 -0.05215415
1.28000000 -0.05191098
1.28100000 -0.05166913
1.28200000 -0.05142859
1.28300000 -0.05118936
1.28400000 -0.05095142
1.28500000 -0.05071476
1.28600000 -0.05047938
1.28700000 -0.05024528
1.28800000 -0.05001243
1.28900000 -0.04978084
1.29000000 -0.04955050
1.29100000 -0.04932140
1.29200000 -0.04909353
1.29300000 -0.04886688
1.29400000 -0.04864145
1.29500000 -0.04841723
1.29600000 -0.04819421
1.29700000 -0.04797239
1.29800000 -0.04775176
1.29900000 -0.04753230
1.30000000 -0.04731402
1.30100000 -0.04709691
1.30200000 -0.04688095
1.30300000 -0.04666614
1.30400000 -0.04645248
1.30500000 -0.04623996
1.30600000 -0.04602857
1.30700000 -0.04581830
1.30800000 -0.04560915
1.30900000 -0.04540112
1.31000000 -0.04519418
1.31100000 -0.04498834
1.31200000 -0.04478360
1.31300000 -0.04457993
1.31400000 -0.04437735
1.31500000 -0.04417583
1.31600000 -0.04397538
1.31700000 -0.04377599
1.31800000 -0.04357765
1.31900000 -0.04338036
1.32000000 -0.04318410
1.32100000 -0.04298888
1.32200000 -0.04279468
1.32300000 -0.04260151
1.32400000 -0.04240935
1.32500000 -0.04221820
1.32600000 -0.04202805
1.32700000 -0.04183889
1.32800000 -0.04165073
1.32900000 -0.04146355
1.33000000 -0.04127735
1.33100000 -0.04109213
1.33200000 -0.04090787
1.33300000 -0.04072457
1.33400000 -0.04054223
1.33500000 -0.04036084
1.33600000 -0.04018039
1.33700000 -0.04000088
1.33800000 -0.03982230
1.33900000 -0.03964465
1.34000000 -0.03946793
1.34100000 -0.03929212
1.34200000 -0.03911722
1.34300000 -0.03894323
1.34400000 -0.03877014
1.34500000 -0.03859794
1.34600000 -0.03842664
1.34700000 -0.03825621
1.34800000 -0.03808667
1.34900000 -0.03791800
1.35000000 -0.03775021
1.35100000 -0.03758327
1.35200000 -0.03741720
1.35300000 -0.03725198
1.35400000 -0.03708760
1.35500000 -0.03692408
1.35600000 -0.03676139
1.35700000 -0.03659953
1.35800000 -0.03643851
1.35900000 -0.03627831
1.36000000 -0.03611893
1.36100000 -0.03596036
1.36200000 -0.03580260
1.36300000 -0.03564565
1.36400000 -0.03548950
1.36500000 -0.03533415
1.36600000 -0.03517959
1.36700000 -0.03502581
1.36800000 -0.03487282
1.36900000 -0.03472061
1.37000000 -0.03456916
1.37100000 -0.03441849
1.37200000 -0.03426858
1.37300000 -0.03411943
1.37400000 -0.03397104
1.37500000 -0.03382340
1.37600000 -0.03367651
1.37700000 -0.03353035
1.37800000 -0.03338494
1.37900000 -0.03324026
1.38000000 -0.03309631
1.38100000 -0.03295309
1.38200000 -0.03281058
1.38300000 -0.03266880
1.38400000 -0.03252772
1.38500000 -0.03238736
1.38600000 -0.03224770
1.38700000 -0.03210875
1.38800000 -0.03197049
1.38900000 -0.03183292
1.39000000 -0.03169604
1.39100000 -0.03155985
1.39200000 -0.03142434
1.39300000 -0.03128950
1.39400000 -0.03115534
1.39500000 -0.03102185
1.39600000 -0.03088903
1.39700000 -0.03075686
1.39800000 -0.03062536
1.39900000 -0.03049451
1.40000000 -0.03036431
1.40100000 -0.03023476
1.40200000 -0.03010585
1.40300000 -0.02997758
1.40400000 -0.02984995
1.40500000 -0.02972295
1.40600000 -0.02959658
1.40700000 -0.02947083
1.40800000 -0.02934571
1.40900000 -0.02922120
1.41000000 -0.02909731
1.41100000 -0.02897403
1.41200000 -0.02885136
1.41300000 -0.02872930
1.41400000 -0.02860783
1.41500000 -0.02848697
1.41600000 -0.02836670
1.41700000 -0.02824702
1.41800000 -0.02812792
1.41900000 -0.02800941
1.42000000 -0.02789149
1.42100000 -0.02777414
1.42200000 -0.02765737
1.42300000 -0.02754116
1.42400000 -0.02742553
1.42500000 -0.02731046
1.42600000 -0.02719596
1.42700000 -0.02708201
1.42800000 -0.02696862
1.42900000 -0.02685578
1.43000000 -0.02674349
1.43100000 -0.02663175
1.43200000 -0.02652055
1.43300000 -0.02640989
1.43400000 -0.02629977
1.43500000 -0.02619019
1.43600000 -0.02608113
1.43700000 -0.02597261
1.43800000 -0.02586461
1.43900000 -0.02575713
1.44000000 -0.02565018
1.44100000 -0.02554374
1.44200000 -0.02543781
1.44300000 -0.02533240
1.44400000 -0.02522749
1.44500000 -0.02512310
1.44600000 -0.02501920
1.44700000 -0.02491580
1.44800000 -0.02481291
1.44900000 -0.02471050
1.45000000 -0.02460859
1.45100000 -0.02450717
1.45200000 -0.02440624
1.45300000 -0.02430579
1.45400000 -0.02420582
1.45500000 -0.02410633
1.45600000 -0.02400732
1.45700000 -0.02390877
1.45800000 -0.02381071
1.45900000 -0.02371311
1.46000000 -0.02361597
1.46100000 -0.02351930
1.46200000 -0.02342309
1.46300000 -0.02332734
1.46400000 -0.02323204
1.46500000 -0.02313720
1.46600000 -0.02304281
1.46700000 -0.02294886
1.46800000 -0.02285536
1.46900000 -0.02276231
1.47000000 -0.02266970
1.47100000 -0.02257752
1.47200000 -0.02248579
1.47300000 -0.02239448
1.47400000 -0.02230361
1.47500000 -0.02221317
1.47600000 -0.02212316
1.47700000 -0.02203357
1.47800000 -0.02194440
1.47900000 -0.02185565
1.48000000 -0.02176732
1.48100000 -0.02167941
1.48200000 -0.02159191
1.48300000 -0.02150482
1.48400000 -0.02141814
1.48500000 -0.02133187
1.48600000 -0.02124600
1.48700000 -0.02116054
1.48800000 -0.02107547
1.48900000 -0.02099081
1.49000000 -0.02090654
1.49100000 -0.02082266
1.49200000 -0.02073917
1.49300000 -0.02065608
1.49400000 -0.02057337
1.49500000 -0.02049105
1.49600000 -0.02040912
1.49700000 -0.02032756
1.49800000 -0.02024638
1.49900000 -0.02016559
1.50000000 -0.02008516
1.50100000 -0.02000511
1.50200000 -0.01992544
1.50300000 -0.01984613
1.50400000 -0.01976719
1.50500000 -0.01968861
1.50600000 -0.01961040
1.50700000 -0.01953256
1.50800000 -0.01945507
1.50900000 -0.01937794
1.51000000 -0.01930116
1.51100000 -0.01922474
1.51200000 -0.01914867
1.51300000 -0.01907296
1.51400000 -0.01899759
1.51500000 -0.01892257
1.51600000 -0.01884789
1.51700000 -0.01877356
1.51800000 -0.01869957
1.51900000 -0.01862591
1.52000000 -0.01855260
1.52100000 -0.01847962
1.52200000 -0.01840698
1.52300000 -0.01833467
1.52400000 -0.01826269
1.52500000 -0.01819104
1.52600000 -0.01811971
1.52700000 -0.01804872
1.52800000 -0.01797804
1.52900000 -0.01790769
1.53000000 -0.01783766
1.53100000 -0.01776795
1.53200000 -0.01769856
1.53300000 -0.01762948
1.53400000 -0.01756072
1.53500000 -0.01749226
1.53600000 -0.01742412
1.53700000 -0.01735629
1.53800000 -0.01728877
1.53900000 -0.01722155
1.54000000 -0.01715464
1.54100000 -0.01708803
1.54200000 -0.01702172
1.54300000 -0.01695571
1.54400000 -0.01689000
1.54500000 -0.01682458
1.54600000 -0.01675946
1.54700000 -0.01669464
1.54800000 -0.01663010
1.54900000 -0.01656586
1.55000000 -0.01650191
1.55100000 -0.01643824
1.55200000 -0.01637486
1.55300000 -0.01631177
1.55400000 -0.01624895
1.55500000 -0.01618642
1.55600000 -0.01612417
1.55700000 -0.01606220
1.55800000 -0.01600051
1.55900000 -0.01593909
1.56000000 -0.01587795
1.56100000 -0.01581708
1.56200000 -0.01575648
1.56300000 -0.01569615
1.56400000 -0.01563610
1.56500000 -0.01557631
1.56600000 -0.01551678
1.56700000 -0.01545752
1.56800000 -0.01539853
1.56900000 -0.01533979
1.57000000 -0.01528132
1.57100000 -0.01522311
1.57200000 -0.01516516
1.57300000 -0.01510746
1.57400000 -0.01505002
1.57500000 -0.01499283
1.57600000 -0.01493590
1.57700000 -0.01487922
1.57800000 -0.01482279
1.57900000 -0.01476660
1.58000000 -0.01471067
1.58100000 -0.01465498
1.58200000 -0.01459954
1.58300000 -0.01454435
1.58400000 -0.01448939
1.58500000 -0.01443468
1.58600000 -0.01438021
1.58700000 -0.01432598
1.58800000 -0.01427199
1.58900000 -0.01421823
1.59000000 -0.01416471
1.59100000 -0.01411143
1.59200000 -0.01405837
1.59300000 -0.01400555
1.59400000 -0.01395297
1.59500000 -0.01390061
1.59600000 -0.01384848
1.59700000 -0.01379658
1.59800000 -0.01374490
1.59900000 -0.01369345
1.60000000 -0.01364223
1.60100000 -0.01359123
1.60200000 -0.01354045
1.60300000 -0.01348989
1.60400000 -0.01343955
1.60500000 -0.01338943
1.60600000 -0.01333953
1.60700000 -0.01328985
1.60800000 -0.01324038
1.60900000 -0.01319112
1.61000000 -0.01314208
1.61100000 -0.01309325
1.61200000 -0.01304463
1.61300000 -0.01299623
1.61400000 -0.01294803
1.61500000 -0.01290004
1.61600000 -0.01285226
1.61700000 -0.01280468
1.61800000 -0.01275731
1.61900000 -0.01271014
1.62000000 -0.01266318
1.62100000 -0.01261642
1.62200000 -0.01256986
1.62300000 -0.01252350
1.62400000 -0.01247734
1.62500000 -0.01243138
1.62600000 -0.01238561
1.62700000 -0.01234004
1.62800000 -0.01229467
1.62900000 -0.01224949
1.63000000 -0.01220451
1.63100000 -0.01215971
1.63200000 -0.01211511
1.63300000 -0.01207070
1.63400000 -0.01202648
1.63500000 -0.01198245
1.63600000 -0.01193861
1.63700000 -0.01189495
1.63800000 -0.01185148
1.63900000 -0.01180819
1.64000000 -0.01176509
1.64100000 -0.01172217
1.64200000 -0.01167943
1.64300000 -0.01163688
1.64400000 -0.01159451
1.64500000 -0.01155231
1.64600000 -0.01151030
1.64700000 -0.01146846
1.64800000 -0.01142680
1.64900000 -0.01138532
1.65000000 -0.01134401
1.65100000 -0.01130287
1.65200000 -0.01126192
1.65300000 -0.01122113
1.65400000 -0.01118051
1.65500000 -0.01114007
1.65600000 -0.01109980
1.65700000 -0.01105970
1.65800000 -0.01101976
1.65900000 -0.01098000
1.66000000 -0.01094040
1.66100000 -0.01090096
1.66200000 -0.01086170
1.66300000 -0.01082260
1.66400000 -0.01078366
1.66500000 -0.01074488
1.66600000 -0.01070627
1.66700000 -0.01066782
1.66800000 -0.01062953
1.66900000 -0.01059140
1.67000000 -0.01055343
1.67100000 -0.01051562
1.67200000 -0.01047797
1.67300000 -0.01044047
1.67400000 -0.01040313
1.67500000 -0.01036595
1.67600000 -0.01032892
1.67700000 -0.01029204
1.67800000 -0.01025532
1.67900000 -0.01021875
1.68000000 -0.01018233
1.68100000 -0.01014607
1.68200000 -0.01010995
1.68300000 -0.01007399
1.68400000 -0.01003817
1.68500000 -0.01000250
1.68600000 -0.00996698
1.68700000 -0.00993161
1.68800000 -0.00989638
1.68900000 -0.00986130
1.69000000 -0.00982636
1.69100000 -0.00979157
1.69200000 -0.00975692
1.69300000 -0.00972242
1.69400000 -0.00968805
1.69500000 -0.00965383
1.69600000 -0.00961975
1.69700000 -0.00958581
1.69800000 -0.00955201
1.69900000 -0.00951835
1.70000000 -0.00948482
1.70100000 -0.00945144
1.70200000 -0.00941819
1.70300000 -0.00938507
1.70400000 -0.00935210
1.70500000 -0.00931925
1.70600000 -0.00928655
1.70700000 -0.00925397
1.70800000 -0.00922153
1.70900000 -0.00918922
1.71000000 -0.00915704
1.71100000 -0.00912500
1.71200000 -0.00909308
1.71300000 -0.00906130
1.71400000 -0.00902965
1.71500000 -0.00899812
1.71600000 -0.00896672
1.71700000 -0.00893545
1.71800000 -0.00890431
1.71900000 -0.00887329
1.72000000 -0.00884240
1.72100000 -0.00881164
1.72200000 -0.00878100
1.72300000 -0.00875048
1.72400000 -0.00872009
1.72500000 -0.00868982
1.72600000 -0.00865967
1.72700000 -0.00862964
1.72800000 -0.00859974
1.72900000 -0.00856996
1.73000000 -0.00854029
1.73100000 -0.00851075
1.73200000 -0.00848133
1.73300000 -0.00845202
1.73400000 -0.00842283
1.73500000 -0.00839376
1.73600000 -0.00836481
1.73700000 -0.00833597
1.73800000 -0.00830725
1.73900000 -0.00827865
1.74000000 -0.00825016
1.74100000 -0.00822178
1.74200000 -0.00819352
1.74300000 -0.00816537
1.74400000 -0.00813733
1.74500000 -0.00810941
1.74600000 -0.00808159
1.74700000 -0.00805389
1.74800000 -0.00802630
1.74900000 -0.00799882
1.75000000 -0.00797145
1.75100000 -0.00794419
1.75200000 -0.00791703
1.75300000 -0.00788999
1.75400000 -0.00786305
1.75500000 -0.00783622
1.75600000 -0.00780950
1.75700000 -0.00778288
1.75800000 -0.00775637
1.75900000 -0.00772996
1.76000000 -0.00770366
1.76100000 -0.00767746
1.76200000 -0.00765137
1.76300000 -0.00762538
1.76400000 -0.00759949
1.76500000 -0.00757371
1.76600000 -0.00754802
1.76700000 -0.00752244
1.76800000 -0.00749696
1.76900000 -0.00747158
1.77000000 -0.00744630
1.77100000 -0.00742112
1.77200000 -0.00739604
1.77300000 -0.00737106
1.77400000 -0.00734618
1.77500000 -0.00732139
1.77600000 -0.00729670
1.77700000 -0.00727211
1.77800000 -0.00724762
1.77900000 -0.00722322
1.78000000 -0.00719892
1.78100000 -0.00717471
1.78200000 -0.00715060
1.78300000 -0.00712658
1.78400000 -0.00710266
1.78500000 -0.00707883
1.78600000 -0.00705509
1.78700000 -0.00703145
1.78800000 -0.00700790
1.78900000 -0.00698444
1.79000000 -0.00696107
1.79100000 -0.00693779
1.79200000 -0.00691460
1.79300000 -0.00689151
1.79400000 -0.00686850
1.79500000 -0.00684558
1.79600000 -0.00682276
1.79700000 -0.00680002
1.79800000 -0.00677737
1.79900000 -0.00675481
1.80000000 -0.00673233
1.80100000 -0.00670994
1.80200000 -0.00668764
1.80300000 -0.00666543
1.80400000 -0.00664330
1.80500000 -0.00662126
1.80600000 -0.00659930
1.80700000 -0.00657743
1.80800000 -0.00655564
1.80900000 -0.00653393
1.81000000 -0.00651231
1.81100000 -0.00649078
1.81200000 -0.00646932
1.81300000 -0.00644795
1.81400000 -0.00642666
1.81500000 -0.00640545
1.81600000 -0.00638433
1.81700000 -0.00636328
1.81800000 -0.00634232
1.81900000 -0.00632144
1.82000000 -0.00630064
1.82100000 -0.00627991
1.82200000 -0.00625927
1.82300000 -0.00623870
1.82400000 -0.00621822
1.82500000 -0.00619781
1.82600000 -0.00617748
1.82700000 -0.00615723
1.82800000 -0.00613706
1.82900000 -0.00611696
1.83000000 -0.00609694
1.83100000 -0.00607700
1.83200000 -0.00605713
1.83300000 -0.00603734
1.83400000 -0.00601762
1.83500000 -0.00599798
1.83600000 -0.00597841
1.83700000 -0.00595892
1.83800000 -0.00593950
1.83900000 -0.00592015
1.84000000 -0.00590088
1.84100000 -0.00588169
1.84200000 -0.00586256
1.84300000 -0.00584351
1.84400000 -0.00582453
1.84500000 -0.00580562
1.84600000 -0.00578678
1.84700000 -0.00576801
1.84800000 -0.00574932
1.84900000 -0.00573069
1.85000000 -0.00571214
1.85100000 -0.00569366
1.85200000 -0.00567524
1.85300000 -0.00565690
1.85400000 -0.00563862
1.85500000 -0.00562042
1.85600000 -0.00560228
1.85700000 -0.00558421
1.85800000 -0.00556620
1.85900000 -0.00554827
1.86000000 -0.00553040
1.86100000 -0.00551260
1.86200000 -0.00549487
1.86300000 -0.00547720
1.86400000 -0.00545960
1.86500000 -0.00544207
1.86600000 -0.00542460
1.86700000 -0.00540719
1.86800000 -0.00538986
1.86900000 -0.00537258
1.87000000 -0.00535537
1.87100000 -0.00533823
1.87200000 -0.00532115
1.87300000 -0.00530413
1.87400000 -0.00528718
1.87500000 -0.00527029
1.87600000 -0.00525346
1.87700000 -0.00523669
1.87800000 -0.00521999
1.87900000 -0.00520335
1.88000000 -0.00518677
1.88100000 -0.00517025
1.88200000 -0.00515380
1.88300000 -0.00513740
1.88400000 -0.00512107
1.88500000 -0.00510479
1.88600000 -0.00508858
1.88700000 -0.00507243
1.88800000 -0.00505634
1.88900000 -0.00504030
1.89000000 -0.00502433
1.89100000 -0.00500841
1.89200000 -0.00499255
1.89300000 -0.00497676
1.89400000 -0.00496102
1.89500000 -0.00494533
1.89600000 -0.00492971
1.89700000 -0.00491414
1.89800000 -0.00489863
1.89900000 -0.00488318
1.90000000 -0.00486779
1.90100000 -0.00485245
1.90200000 -0.00483717
1.90300000 -0.00482194
1.90400000 -0.00480677
1.90500000 -0.00479165
1.90600000 -0.00477659
1.90700000 -0.00476159
1.90800000 -0.00474664
1.90900000 -0.00473175
1.91000000 -0.00471691
1.91100000 -0.00470212
1.91200000 -0.00468739
1.91300000 -0.00467271
1.91400000 -0.00465809
1.91500000 -0.00464351
1.91600000 -0.00462900
1.91700000 -0.00461453
1.91800000 -0.00460012
1.91900000 -0.00458576
1.92000000 -0.00457145
1.92100000 -0.00455720
1.92200000 -0.00454299
1.92300000 -0.00452884
1.92400000 -0.00451474
1.92500000 -0.00450069
1.92600000 -0.00448669
1.92700000 -0.00447274
1.92800000 -0.00445885
1.92900000 -0.00444500
1.93000000 -0.00443120
1.93100000 -0.00441746
1.93200000 -0.00440376
1.93300000 -0.00439011
1.93400000 -0.00437651
1.93500000 -0.00436296
1.93600000 -0.00434946
1.93700000 -0.00433601
1.93800000 -0.00432261
1.93900000 -0.00430925
1.94000000 -0.00429595
1.94100000 -0.00428269
1.94200000 -0.00426948
1.94300000 -0.00425631
1.94400000 -0.00424320
1.94500000 -0.00423013
1.94600000 -0.00421711
1.94700000 -0.00420413
1.94800000 -0.00419120
1.94900000 -0.00417832
1.95000000 -0.00416548
1.95100000 -0.00415269
1.95200000 -0.00413995
1.95300000 -0.00412725
1.95400000 -0.00411459
1.95500000 -0.00410199
1.95600000 -0.00408942
1.95700000 -0.00407690
1.95800000 -0.00406443
1.95900000 -0.00405200
1.96000000 -0.00403962
1.96100000 -0.00402727
1.96200000 -0.00401498
1.96300000 -0.00400272
1.96400000 -0.00399052
1.96500000 -0.00397835
1.96600000 -0.00396623
1.96700000 -0.00395415
1.96800000 -0.00394211
1.96900000 -0.00393012
1.97000000 -0.00391816
1.97100000 -0.00390625
1.97200000 -0.00389439
1.97300000 -0.00388256
1.97400000 -0.00387078
1.97500000 -0.00385904
1.97600000 -0.00384734
1.97700000 -0.00383568
1.97800000 -0.00382406
1.97900000 -0.00381248
1.98000000 -0.00380095
1.98100000 -0.00378945
1.98200000 -0.00377800
1.98300000 -0.00376659
1.98400000 -0.00375521
1.98500000 -0.00374388
1.98600000 -0.00373258
1.98700000 -0.00372133
1.98800000 -0.00371012
1.98900000 -0.00369894
1.99000000 -0.00368781
1.99100000 -0.00367671
1.99200000 -0.00366565
1.99300000 -0.00365463
1.99400000 -0.00364365
1.99500000 -0.00363271
1.99600000 -0.00362181
1.99700000 -0.00361094
1.99800000 -0.00360011
1.99900000 -0.00358932
2.00000000 -0.00357857
