0.10000000 2212637577.17354107
0.10100000 1963595382.26002264
0.10200000 1744634831.81867361
0.10300000 1551879232.66733885
0.10400000 1381982251.29341316
0.10500000 1232051225.03362751
0.10600000 1099582148.95750713
0.10700000 982404473.13151896
0.10800000 878634156.71332479
0.10900000 786633682.72738051
0.11000000 704977950.27357686
0.11100000 632425137.32824123
0.11200000 567891773.72336614
0.11300000 510431385.64003623
0.11400000 459216174.35554981
0.11500000 413521276.58105165
0.11600000 372711224.41811377
0.11700000 336228282.12892920
0.11800000 303582386.51257998
0.11900000 274342459.32086349
0.12000000 248128895.16096818
0.12100000 224607057.81753522
0.12200000 203481642.79269037
0.12300000 184491784.86335817
0.12400000 167406807.21657780
0.12500000 152022523.76620698
0.12600000 138158019.01197997
0.12700000 125652840.63605684
0.12800000 114364549.24517602
0.12900000 104166577.51110855
0.13000000 94946357.65013443
0.13100000 86603681.89144349
0.13200000 79049265.46403012
0.13300000 72203485.80743310
0.13400000 65995275.28941171
0.13500000 60361147.78263663
0.13600000 55244342.08812965
0.13700000 50594067.45930181
0.13800000 46364838.43103643
0.13900000 42515887.83914873
0.14000000 39010648.36561456
0.14100000 35816294.19725014
0.14200000 32903335.46817456
0.14300000 30245259.09335935
0.14400000 27818210.41231156
0.14500000 25600710.76590291
0.14600000 23573406.74047464
0.14700000 21718847.34438874
0.14800000 20021285.84410673
0.14900000 18466503.38904468
0.15000000 17041651.90493849
0.15100000 15735114.04118650
0.15200000 14536378.22457740
0.15300000 13435927.10509728
0.15400000 12425137.88356593
0.15500000 11496193.18950238
0.15600000 10642001.33416201
0.15700000 9856124.90097881
0.15800000 9132716.75615609
0.15900000 8466462.66801800
0.16000000 7852529.81681898
0.16100000 7286520.55862003
0.16200000 6764430.87897884
0.16300000 6282613.03578264
0.16400000 5837741.94663793
0.16500000 5426784.92574154
0.16600000 5046974.41889854
0.16700000 4695783.42402523
0.16800000 4370903.31869346
0.16900000 4070223.84657100
0.17000000 3791815.04146108
0.17100000 3533910.89145168
0.17200000 3294894.56681238
0.17300000 3073285.05403761
0.17400000 2867725.05510750
0.17500000 2676970.02586351
0.17600000 2499878.24058911
0.17700000 2335401.78163436
0.17800000 2182578.36339163
0.17900000 2040523.90926419
0.18000000 1908425.80859825
0.18100000 1785536.78798455
0.18200000 1671169.33797950
0.18300000 1564690.64223410
0.18400000 1465517.96133166
0.18500000 1373114.42839004
0.18600000 1286985.21774286
0.18700000 1206674.05183056
0.18800000 1131760.01485420
0.18900000 1061854.64481548
0.19000000 996599.27832290
0.19100000 935662.62502000
0.19200000 878738.55071718
0.19300000 825544.05030993
0.19400000 775817.39336699
0.19500000 729316.42689337
0.19600000 685817.02123355
0.19700000 645111.64639640
0.19800000 607008.06727024
0.19900000 571328.14726764
0.20000000 537906.75090595
0.20100000 506590.73670301
0.20200000 477238.03255634
0.20300000 449716.78648761
0.20400000 423904.58627937
0.20500000 399687.74211520
0.20600000 376960.62686308
0.20700000 355625.06912102
0.20800000 335589.79457811
0.20900000 316769.91163791
0.21000000 299086.43760824
0.21100000 282465.86208584
0.21200000 266839.74445863
0.21300000 252144.34271586
0.21400000 238320.27099954
0.21500000 225312.18355158
0.21600000 213068.48291239
0.21700000 201541.05040946
0.21800000 190684.99714134
0.21900000 180458.43381410
0.22000000 170822.25792603
0.22100000 161739.95692200
0.22200000 153177.42605454
0.22300000 145102.79979330
0.22400000 137486.29572047
0.22500000 130300.06993753
0.22600000 123518.08308837
0.22700000 117115.97617710
0.22800000 111070.95542564
0.22900000 105361.68547746
0.23000000 99968.19030950
0.23100000 94871.76126598
0.23200000 90054.87167420
0.23300000 85501.09754580
0.23400000 81195.04390627
0.23500000 77122.27633134
0.23600000 73269.25730248
0.23700000 69623.28702367
0.23800000 66172.44836980
0.23900000 62905.55566259
0.24000000 59812.10699343
0.24100000 56882.23983407
0.24200000 54106.68969632
0.24300000 51476.75161967
0.24400000 48984.24428300
0.24500000 46621.47655183
0.24600000 44381.21628676
0.24700000 42256.66125199
0.24800000 40241.41197474
0.24900000 38329.44641771
0.25000000 36515.09633674
0.25100000 34793.02520557
0.25200000 33158.20759798
0.25300000 31605.90992600
0.25400000 30131.67244007
0.25500000 28731.29240391
0.25600000 27400.80836333
0.25700000 26136.48543394
0.25800000 24934.80153811
0.25900000 23792.43452667
0.26000000 22706.25012528
0.26100000 21673.29064988
0.26200000 20690.76443932
0.26300000 19756.03595726
0.26400000 18866.61651847
0.26500000 18020.15559818
0.26600000 17214.43268556
0.26700000 16447.34964567
0.26800000 15716.92355621
0.26900000 15021.27998802
0.27000000 14358.64670030
0.27100000 13727.34772361
0.27200000 13125.79780543
0.27300000 12552.49719485
0.27400000 12006.02674464
0.27500000 11485.04331014
0.27600000 10988.27542627
0.27700000 10514.51924458
0.27800000 10062.63471422
0.27900000 9631.54199104
0.28000000 9220.21806069
0.28100000 8827.69356212
0.28200000 8453.04979904
0.28300000 8095.41592749
0.28400000 7753.96630872
0.28500000 7427.91801694
0.28600000 7116.52849263
0.28700000 6819.09333216
0.28800000 6534.94420561
0.28900000 6263.44689479
0.29000000 6003.99944423
0.29100000 5756.03041823
0.29200000 5518.99725754
0.29300000 5292.38472973
0.29400000 5075.70346756
0.29500000 4868.48859005
0.29600000 4670.29840143
0.29700000 4480.71316316
0.29800000 4299.33393488
0.29900000 4125.78148003
0.30000000 3959.69523249
0.30100000 3800.73232048
0.30200000 3648.56664459
0.30300000 3502.88800655
0.30400000 3363.40128591
0.30500000 3229.82566192
0.30600000 3101.89387781
0.30700000 2979.35154516
0.30800000 2861.95648607
0.30900000 2749.47811082
0.31000000 2641.69682925
0.31100000 2538.40349362
0.31200000 2439.39887143
0.31300000 2344.49314641
0.31400000 2253.50544602
0.31500000 2166.26339412
0.31600000 2082.60268727
0.31700000 2002.36669337
0.31800000 1925.40607152
0.31900000 1851.57841167
0.32000000 1780.74789321
0.32100000 1712.78496139
0.32200000 1647.56602040
0.32300000 1584.97314256
0.32400000 1524.89379237
0.32500000 1467.22056484
0.32600000 1411.85093729
0.32700000 1358.68703376
0.32800000 1307.63540154
0.32900000 1258.60679905
0.33000000 1211.51599443
0.33100000 1166.28157442
0.33200000 1122.82576277
0.33300000 1081.07424786
0.33400000 1040.95601898
0.33500000 1002.40321071
0.33600000 965.35095512
0.33700000 929.73724136
0.33800000 895.50278209
0.33900000 862.59088665
0.34000000 830.94734037
0.34100000 800.52028990
0.34200000 771.26013408
0.34300000 743.11942021
0.34400000 716.05274534
0.34500000 690.01666237
0.34600000 664.96959068
0.34700000 640.87173114
0.34800000 617.68498511
0.34900000 595.37287744
0.35000000 573.90048312
0.35100000 553.23435739
0.35200000 533.34246924
0.35300000 514.19413809
0.35400000 495.75997336
0.35500000 478.01181705
0.35600000 460.92268889
0.35700000 444.46673413
0.35800000 428.61917382
0.35900000 413.35625733
0.36000000 398.65521712
0.36100000 384.49422565
0.36200000 370.85235421
0.36300000 357.70953375
0.36400000 345.04651743
0.36500000 332.84484495
0.36600000 321.08680850
0.36700000 309.75542024
0.36800000 298.83438133
0.36900000 288.30805232
0.37000000 278.16142486
0.37100000 268.38009480
0.37200000 258.95023636
0.37300000 249.85857759
0.37400000 241.09237684
0.37500000 232.63940036
0.37600000 224.48790086
0.37700000 216.62659702
0.37800000 209.04465391
0.37900000 201.73166436
0.38000000 194.67763100
0.38100000 187.87294927
0.38200000 181.30839100
0.38300000 174.97508889
0.38400000 168.86452150
0.38500000 162.96849906
0.38600000 157.27914973
0.38700000 151.78890661
0.38800000 146.49049522
0.38900000 141.37692156
0.39000000 136.44146065
0.39100000 131.67764563
0.39200000 127.07925724
0.39300000 122.64031384
0.39400000 118.35506178
0.39500000 114.21796626
0.39600000 110.22370246
0.39700000 106.36714720
0.39800000 102.64337082
0.39900000 99.04762950
0.40000000 95.57535780
0.40100000 92.22216164
0.40200000 88.98381145
0.40300000 85.85623573
0.40400000 82.83551473
0.40500000 79.91787457
0.40600000 77.09968144
0.40700000 74.37743613
0.40800000 71.74776880
0.40900000 69.20743388
0.41000000 66.75330528
0.41100000 64.38237173
0.41200000 62.09173234
0.41300000 59.87859231
0.41400000 57.74025887
0.41500000 55.67413733
0.41600000 53.67772732
0.41700000 51.74861919
0.41800000 49.88449051
0.41900000 48.08310278
0.42000000 46.34229819
0.42100000 44.65999661
0.42200000 43.03419259
0.42300000 41.46295258
0.42400000 39.94441219
0.42500000 38.47677360
0.42600000 37.05830303
0.42700000 35.68732838
0.42800000 34.36223689
0.42900000 33.08147294
0.43000000 31.84353591
0.43100000 30.64697815
0.43200000 29.49040299
0.43300000 28.37246288
0.43400000 27.29185754
0.43500000 26.24733225
0.43600000 25.23767616
0.43700000 24.26172068
0.43800000 23.31833792
0.43900000 22.40643921
0.44000000 21.52497367
0.44100000 20.67292684
0.44200000 19.84931932
0.44300000 19.05320556
0.44400000 18.28367256
0.44500000 17.53983875
0.44600000 16.82085284
0.44700000 16.12589272
0.44800000 15.45416440
0.44900000 14.80490106
0.45000000 14.17736200
0.45100000 13.57083175
0.45200000 12.98461917
0.45300000 12.41805657
0.45400000 11.87049889
0.45500000 11.34132288
0.45600000 10.82992636
0.45700000 10.33572742
0.45800000 9.85816378
0.45900000 9.39669203
0.46000000 8.95078700
0.46100000 8.51994112
0.46200000 8.10366382
0.46300000 7.70148087
0.46400000 7.31293391
0.46500000 6.93757980
0.46600000 6.57499015
0.46700000 6.22475081
0.46800000 5.88646134
0.46900000 5.55973455
0.47000000 5.24419608
0.47100000 4.93948389
0.47200000 4.64524790
0.47300000 4.36114954
0.47400000 4.08686138
0.47500000 3.82206673
0.47600000 3.56645926
0.47700000 3.31974272
0.47800000 3.08163049
0.47900000 2.85184534
0.48000000 2.63011906
0.48100000 2.41619220
0.48200000 2.20981371
0.48300000 2.01074073
0.48400000 1.81873825
0.48500000 1.63357889
0.48600000 1.45504262
0.48700000 1.28291653
0.48800000 1.11699457
0.48900000 0.95707734
0.49000000 0.80297187
0.49100000 0.65449139
0.49200000 0.51145511
0.49300000 0.37368809
0.49400000 0.24102095
0.49500000 0.11328976
0.49600000 -0.00966416
0.49700000 -0.12799444
0.49800000 -0.24184979
0.49900000 -0.35137419
0.50000000 -0.45670702
0.50100000 -0.55798323
0.50200000 -0.65533348
0.50300000 -0.74888427
0.50400000 -0.83875810
0.50500000 -0.92507359
0.50600000 -1.00794557
0.50700000 -1.08748526
0.50800000 -1.16380037
0.50900000 -1.23699520
0.51000000 -1.30717073
0.51100000 -1.37442480
0.51200000 -1.43885213
0.51300000 -1.50054448
0.51400000 -1.55959070
0.51500000 -1.61607687
0.51600000 -1.67008634
0.51700000 -1.72169985
0.51800000 -1.77099563
0.51900000 -1.81804942
0.52000000 -1.86293460
0.52100000 -1.90572227
0.52200000 -1.94648126
0.52300000 -1.98527829
0.52400000 -2.02217798
0.52500000 -2.05724291
0.52600000 -2.09053372
0.52700000 -2.12210917
0.52800000 -2.15202617
0.52900000 -2.18033984
0.53000000 -2.20710360
0.53100000 -2.23236922
0.53200000 -2.25618681
0.53300000 -2.27860496
0.53400000 -2.29967073
0.53500000 -2.31942971
0.53600000 -2.33792608
0.53700000 -2.35520264
0.53800000 -2.37130086
0.53900000 -2.38626091
0.54000000 -2.40012172
0.54100000 -2.41292101
0.54200000 -2.42469532
0.54300000 -2.43548005
0.54400000 -2.44530952
0.54500000 -2.45421694
0.54600000 -2.46223453
0.54700000 -2.46939349
0.54800000 -2.47572404
0.54900000 -2.48125547
0.55000000 -2.48601616
0.55100000 -2.49003360
0.55200000 -2.49333442
0.55300000 -2.49594443
0.55400000 -2.49788864
0.55500000 -2.49919125
0.55600000 -2.49987575
0.55700000 -2.49996485
0.55800000 -2.49948059
0.55900000 -2.49844430
0.56000000 -2.49687665
0.56100000 -2.49479766
0.56200000 -2.49222672
0.56300000 -2.48918262
0.56400000 -2.48568357
0.56500000 -2.48174718
0.56600000 -2.47739053
0.56700000 -2.47263016
0.56800000 -2.46748209
0.56900000 -2.46196182
0.57000000 -2.45608439
0.57100000 -2.44986433
0.57200000 -2.44331575
0.57300000 -2.43645228
0.57400000 -2.42928715
0.57500000 -2.42183313
0.57600000 -2.41410262
0.57700000 -2.40610761
0.57800000 -2.39785971
0.57900000 -2.38937017
0.58000000 -2.38064986
0.58100000 -2.37170932
0.58200000 -2.36255875
0.58300000 -2.35320801
0.58400000 -2.34366665
0.58500000 -2.33394391
0.58600000 -2.32404875
0.58700000 -2.31398981
0.58800000 -2.30377548
0.58900000 -2.29341385
0.59000000 -2.28291275
0.59100000 -2.27227978
0.59200000 -2.26152227
0.59300000 -2.25064731
0.59400000 -2.23966175
0.59500000 -2.22857224
0.59600000 -2.21738518
0.59700000 -2.20610677
0.59800000 -2.19474302
0.59900000 -2.18329971
0.60000000 -2.17178245
0.60100000 -2.16019664
0.60200000 -2.14854751
0.60300000 -2.13684012
0.60400000 -2.12507934
0.60500000 -2.11326990
0.60600000 -2.10141633
0.60700000 -2.08952305
0.60800000 -2.07759428
0.60900000 -2.06563413
0.61000000 -2.05364655
0.61100000 -2.04163536
0.61200000 -2.02960424
0.61300000 -2.01755673
0.61400000 -2.00549627
0.61500000 -1.99342616
0.61600000 -1.98134957
0.61700000 -1.96926958
0.61800000 -1.95718915
0.61900000 -1.94511113
0.62000000 -1.93303825
0.62100000 -1.92097317
0.62200000 -1.90891843
0.62300000 -1.89687647
0.62400000 -1.88484966
0.62500000 -1.87284026
0.62600000 -1.86085044
0.62700000 -1.84888232
0.62800000 -1.83693789
0.62900000 -1.82501909
0.63000000 -1.81312779
0.63100000 -1.80126577
0.63200000 -1.78943473
0.63300000 -1.77763632
0.63400000 -1.76587211
0.63500000 -1.75414362
0.63600000 -1.74245228
0.63700000 -1.73079948
0.63800000 -1.71918655
0.63900000 -1.70761475
0.64000000 -1.69608529
0.64100000 -1.68459932
0.64200000 -1.67315795
0.64300000 -1.66176224
0.64400000 -1.65041318
0.64500000 -1.63911174
0.64600000 -1.62785882
0.64700000 -1.61665528
0.64800000 -1.60550195
0.64900000 -1.59439961
0.65000000 -1.58334899
0.65100000 -1.57235080
0.65200000 -1.56140570
0.65300000 -1.55051432
0.65400000 -1.53967723
0.65500000 -1.52889501
0.65600000 -1.51816817
0.65700000 -1.50749719
0.65800000 -1.49688255
0.65900000 -1.48632466
0.66000000 -1.47582393
0.66100000 -1.46538073
0.66200000 -1.45499540
0.66300000 -1.44466825
0.66400000 -1.43439959
0.66500000 -1.42418967
0.66600000 -1.41403875
0.66700000 -1.40394704
0.66800000 -1.39391474
0.66900000 -1.38394203
0.67000000 -1.37402906
0.67100000 -1.36417597
0.67200000 -1.35438288
0.67300000 -1.34464988
0.67400000 -1.33497707
0.67500000 -1.32536449
0.67600000 -1.31581220
0.67700000 -1.30632022
0.67800000 -1.29688858
0.67900000 -1.28751727
0.68000000 -1.27820627
0.68100000 -1.26895557
0.68200000 -1.25976511
0.68300000 -1.25063483
0.68400000 -1.24156469
0.68500000 -1.23255459
0.68600000 -1.22360444
0.68700000 -1.21471414
0.68800000 -1.20588358
0.68900000 -1.19711264
0.69000000 -1.18840119
0.69100000 -1.17974907
0.69200000 -1.17115615
0.69300000 -1.16262225
0.69400000 -1.15414722
0.69500000 -1.14573088
0.69600000 -1.13737304
0.69700000 -1.12907351
0.69800000 -1.12083209
0.69900000 -1.11264858
0.70000000 -1.10452277
0.70100000 -1.09645443
0.70200000 -1.08844335
0.70300000 -1.08048930
0.70400000 -1.07259204
0.70500000 -1.06475134
0.70600000 -1.05696694
0.70700000 -1.04923859
0.70800000 -1.04156606
0.70900000 -1.03394907
0.71000000 -1.02638736
0.71100000 -1.01888068
0.71200000 -1.01142875
0.71300000 -1.00403129
0.71400000 -0.99668804
0.71500000 -0.98939872
0.71600000 -0.98216303
0.71700000 -0.97498071
0.71800000 -0.96785146
0.71900000 -0.96077499
0.72000000 -0.95375101
0.72100000 -0.94677924
0.72200000 -0.93985936
0.72300000 -0.93299110
0.72400000 -0.92617414
0.72500000 -0.91940820
0.72600000 -0.91269296
0.72700000 -0.90602813
0.72800000 -0.89941340
0.72900000 -0.89284846
0.73000000 -0.88633303
0.73100000 -0.87986677
0.73200000 -0.87344940
0.73300000 -0.86708060
0.73400000 -0.86076006
0.73500000 -0.85448747
0.73600000 -0.84826254
0.73700000 -0.84208494
0.73800000 -0.83595437
0.73900000 -0.82987052
0.74000000 -0.82383309
0.74100000 -0.81784175
0.74200000 -0.81189621
0.74300000 -0.80599615
0.74400000 -0.80014128
0.74500000 -0.79433126
0.74600000 -0.78856582
0.74700000 -0.78284462
0.74800000 -0.77716737
0.74900000 -0.77153377
0.75000000 -0.76594350
0.75100000 -0.76039627
0.75200000 -0.75489177
0.75300000 -0.74942969
0.75400000 -0.74400974
0.75500000 -0.73863161
0.75600000 -0.73329500
0.75700000 -0.72799962
0.75800000 -0.72274516
0.75900000 -0.71753133
0.76000000 -0.71235784
0.76100000 -0.70722438
0.76200000 -0.70213067
0.76300000 -0.69707641
0.76400000 -0.69206130
0.76500000 -0.68708507
0.76600000 -0.68214742
0.76700000 -0.67724806
0.76800000 -0.67238671
0.76900000 -0.66756308
0.77000000 -0.66277689
0.77100000 -0.65802785
0.77200000 -0.65331569
0.77300000 -0.64864012
0.77400000 -0.64400087
0.77500000 -0.63939766
0.77600000 -0.63483022
0.77700000 -0.63029827
0.77800000 -0.62580154
0.77900000 -0.62133976
0.78000000 -0.61691265
0.78100000 -0.61251996
0.78200000 -0.60816142
0.78300000 -0.60383676
0.78400000 -0.59954571
0.78500000 -0.59528802
0.78600000 -0.59106343
0.78700000 -0.58687168
0.78800000 -0.58271251
0.78900000 -0.57858567
0.79000000 -0.57449090
0.79100000 -0.57042796
0.79200000 -0.56639658
0.79300000 -0.56239653
0.79400000 -0.55842755
0.79500000 -0.55448940
0.79600000 -0.55058184
0.79700000 -0.54670462
0.79800000 -0.54285750
0.79900000 -0.53904025
0.80000000 -0.53525262
0.80100000 -0.53149438
0.80200000 -0.52776530
0.80300000 -0.52406515
0.80400000 -0.52039368
0.80500000 -0.51675068
0.80600000 -0.51313591
0.80700000 -0.50954916
0.80800000 -0.50599019
0.80900000 -0.50245878
0.81000000 -0.49895471
0.81100000 -0.49547776
0.81200000 -0.49202771
0.81300000 -0.48860435
0.81400000 -0.48520746
0.81500000 -0.48183682
0.81600000 -0.47849223
0.81700000 -0.47517348
0.81800000 -0.47188035
0.81900000 -0.46861264
0.82000000 -0.46537015
0.82100000 -0.46215266
0.82200000 -0.45895998
0.82300000 -0.45579191
0.82400000 -0.45264824
0.82500000 -0.44952878
0.82600000 -0.44643333
0.82700000 -0.44336170
0.82800000 -0.44031369
0.82900000 -0.43728911
0.83000000 -0.43428778
0.83100000 -0.43130949
0.83200000 -0.42835407
0.83300000 -0.42542132
0.83400000 -0.42251107
0.83500000 -0.41962313
0.83600000 -0.41675732
0.83700000 -0.41391346
0.83800000 -0.41109136
0.83900000 -0.40829086
0.84000000 -0.40551177
0.84100000 -0.40275392
0.84200000 -0.40001714
0.84300000 -0.39730126
0.84400000 -0.39460610
0.84500000 -0.39193149
0.84600000 -0.38927728
0.84700000 -0.38664329
0.84800000 -0.38402935
0.84900000 -0.38143531
0.85000000 -0.37886099
0.85100000 -0.37630625
0.85200000 -0.37377091
0.85300000 -0.37125483
0.85400000 -0.36875784
0.85500000 -0.36627979
0.85600000 -0.36382052
0.85700000 -0.36137988
0.85800000 -0.35895772
0.85900000 -0.35655388
0.86000000 -0.35416822
0.86100000 -0.35180059
0.86200000 -0.34945084
0.86300000 -0.34711883
0.86400000 -0.34480441
0.86500000 -0.34250743
0.86600000 -0.34022776
0.86700000 -0.33796525
0.86800000 -0.33571977
0.86900000 -0.33349117
0.87000000 -0.33127932
0.87100000 -0.32908407
0.87200000 -0.32690531
0.87300000 -0.32474288
0.87400000 -0.32259666
0.87500000 -0.32046651
0.87600000 -0.31835231
0.87700000 -0.31625392
0.87800000 -0.31417122
0.87900000 -0.31210408
0.88000000 -0.31005237
0.88100000 -0.30801596
0.88200000 -0.30599473
0.88300000 -0.30398856
0.88400000 -0.30199733
0.88500000 -0.30002091
0.88600000 -0.29805919
0.88700000 -0.29611203
0.88800000 -0.29417934
0.88900000 -0.29226098
0.89000000 -0.29035684
0.89100000 -0.28846681
0.89200000 -0.28659077
0.89300000 -0.28472862
0.89400000 -0.28288022
0.89500000 -0.28104548
0.89600000 -0.27922429
0.89700000 -0.27741653
0.89800000 -0.27562209
0.89900000 -0.27384088
0.90000000 -0.27207277
0.90100000 -0.27031767
0.90200000 -0.26857547
0.90300000 -0.26684606
0.90400000 -0.26512935
0.90500000 -0.26342522
0.90600000 -0.26173359
0.90700000 -0.26005434
0.90800000 -0.25838738
0.90900000 -0.25673261
0.91000000 -0.25508992
0.91100000 -0.25345924
0.91200000 -0.25184045
0.91300000 -0.25023346
0.91400000 -0.24863817
0.91500000 -0.24705450
0.91600000 -0.24548235
0.91700000 -0.24392162
0.91800000 -0.24237223
0.91900000 -0.24083408
0.92000000 -0.23930708
0.92100000 -0.23779115
0.92200000 -0.23628620
0.92300000 -0.23479213
0.92400000 -0.23330887
0.92500000 -0.23183632
0.92600000 -0.23037439
0.92700000 -0.22892302
0.92800000 -0.22748210
0.92900000 -0.22605155
0.93000000 -0.22463130
0.93100000 -0.22322127
0.93200000 -0.22182136
0.93300000 -0.22043150
0.93400000 -0.21905161
0.93500000 -0.21768162
0.93600000 -0.21632143
0.93700000 -0.21497098
0.93800000 -0.21363018
0.93900000 -0.21229896
0.94000000 -0.21097725
0.94100000 -0.20966497
0.94200000 -0.20836204
0.94300000 -0.20706839
0.94400000 -0.20578394
0.94500000 -0.20450863
0.94600000 -0.20324238
0.94700000 -0.20198512
0.94800000 -0.20073678
0.94900000 -0.19949729
0.95000000 -0.19826658
0.95100000 -0.19704458
0.95200000 -0.19583121
0.95300000 -0.19462642
0.95400000 -0.19343014
0.95500000 -0.19224230
0.95600000 -0.19106282
0.95700000 -0.18989166
0.95800000 -0.18872873
0.95900000 -0.18757399
0.96000000 -0.18642735
0.96100000 -0.18528877
0.96200000 -0.18415817
0.96300000 -0.18303549
0.96400000 -0.18192068
0.96500000 -0.18081367
0.96600000 -0.17971440
0.96700000 -0.17862280
0.96800000 -0.17753883
0.96900000 -0.17646241
0.97000000 -0.17539350
0.97100000 -0.17433203
0.97200000 -0.17327795
0.97300000 -0.17223119
0.97400000 -0.17119170
0.97500000 -0.17015943
0.97600000 -0.16913432
0.97700000 -0.16811631
0.97800000 -0.16710535
0.97900000 -0.16610138
0.98000000 -0.16510435
0.98100000 -0.16411420
0.98200000 -0.16313089
0.98300000 -0.16215436
0.98400000 -0.16118455
0.98500000 -0.16022142
0.98600000 -0.15926492
0.98700000 -0.15831498
0.98800000 -0.15737157
0.98900000 -0.15643464
0.99000000 -0.15550412
0.99100000 -0.15457998
0.99200000 -0.15366217
0.99300000 -0.15275063
0.99400000 -0.15184531
0.99500000 -0.15094618
0.99600000 -0.15005318
0.99700000 -0.14916627
0.99800000 -0.14828540
0.99900000 -0.14741052
1.00000000 -0.14654159
1.00100000 -0.14567856
1.00200000 -0.14482139
1.00300000 -0.14397003
1.00400000 -0.14312444
1.00500000 -0.14228457
1.00600000 -0.14145039
1.00700000 -0.14062184
1.00800000 -0.13979889
1.00900000 -0.13898150
1.01000000 -0.13816961
1.01100000 -0.13736320
1.01200000 -0.13656221
1.01300000 -0.13576661
1.01400000 -0.13497635
1.01500000 -0.13419140
1.01600000 -0.13341172
1.01700000 -0.13263726
1.01800000 -0.13186799
1.01900000 -0.13110387
1.02000000 -0.13034486
1.02100000 -0.12959092
1.02200000 -0.12884201
1.02300000 -0.12809809
1.02400000 -0.12735914
1.02500000 -0.12662510
1.02600000 -0.12589595
1.02700000 -0.12517164
1.02800000 -0.12445214
1.02900000 -0.12373742
1.03000000 -0.12302744
1.03100000 -0.12232216
1.03200000 -0.12162155
1.03300000 -0.12092558
1.03400000 -0.12023420
1.03500000 -0.11954739
1.03600000 -0.11886511
1.03700000 -0.11818733
1.03800000 -0.11751402
1.03900000 -0.11684513
1.04000000 -0.11618064
1.04100000 -0.11552052
1.04200000 -0.11486473
1.04300000 -0.11421324
1.04400000 -0.11356603
1.04500000 -0.11292305
1.04600000 -0.11228428
1.04700000 -0.11164968
1.04800000 -0.11101923
1.04900000 -0.11039289
1.05000000 -0.10977064
1.05100000 -0.10915244
1.05200000 -0.10853827
1.05300000 -0.10792809
1.05400000 -0.10732188
1.05500000 -0.10671960
1.05600000 -0.10612124
1.05700000 -0.10552675
1.05800000 -0.10493611
1.05900000 -0.10434930
1.06000000 -0.10376628
1.06100000 -0.10318702
1.06200000 -0.10261151
1.06300000 -0.10203971
1.06400000 -0.10147160
1.06500000 -0.10090714
1.06600000 -0.10034631
1.06700000 -0.09978910
1.06800000 -0.09923546
1.06900000 -0.09868537
1.07000000 -0.09813882
1.07100000 -0.09759576
1.07200000 -0.09705618
1.07300000 -0.09652006
1.07400000 -0.09598736
1.07500000 -0.09545806
1.07600000 -0.09493214
1.07700000 -0.09440958
1.07800000 -0.09389034
1.07900000 -0.09337441
1.08000000 -0.09286176
1.08100000 -0.09235237
1.08200000 -0.09184621
1.08300000 -0.09134326
1.08400000 -0.09084351
1.08500000 -0.09034691
1.08600000 -0.08985347
1.08700000 -0.08936314
1.08800000 -0.08887591
1.08900000 -0.08839175
1.09000000 -0.08791065
1.09100000 -0.08743258
1.09200000 -0.08695752
1.09300000 -0.08648545
1.09400000 -0.08601635
1.09500000 -0.08555020
1.09600000 -0.08508697
1.09700000 -0.08462665
1.09800000 -0.08416921
1.09900000 -0.08371463
1.10000000 -0.08326290
1.10100000 -0.08281400
1.10200000 -0.08236789
1.10300000 -0.08192457
1.10400000 -0.08148402
1.10500000 -0.08104621
1.10600000 -0.08061112
1.10700000 -0.08017875
1.10800000 -0.07974905
1.10900000 -0.07932203
1.11000000 -0.07889766
1.11100000 -0.07847591
1.11200000 -0.07805678
1.11300000 -0.07764025
1.11400000 -0.07722629
1.11500000 -0.07681489
1.11600000 -0.07640603
1.11700000 -0.07599969
1.11800000 -0.07559585
1.11900000 -0.07519450
1.12000000 -0.07479563
1.12100000 -0.07439920
1.12200000 -0.07400521
1.12300000 -0.07361364
1.12400000 -0.07322447
1.12500000 -0.07283769
1.12600000 -0.07245328
1.12700000 -0.07207121
1.12800000 -0.07169149
1.12900000 -0.07131408
1.13000000 -0.07093898
1.13100000 -0.07056616
1.13200000 -0.07019562
1.13300000 -0.06982733
1.13400000 -0.06946129
1.13500000 -0.06909747
1.13600000 -0.06873585
1.13700000 -0.06837644
1.13800000 -0.06801920
1.13900000 -0.06766413
1.14000000 -0.06731121
1.14100000 -0.06696042
1.14200000 -0.06661175
1.14300000 -0.06626519
1.14400000 -0.06592072
1.14500000 -0.06557833
1.14600000 -0.06523800
1.14700000 -0.06489972
1.14800000 -0.06456348
1.14900000 -0.06422925
1.15000000 -0.06389703
1.15100000 -0.06356681
1.15200000 -0.06323857
1.15300000 -0.06291229
1.15400000 -0.06258797
1.15500000 -0.06226558
1.15600000 -0.06194513
1.15700000 -0.06162658
1.15800000 -0.06130994
1.15900000 -0.06099519
1.16000000 -0.06068231
1.16100000 -0.06037129
1.16200000 -0.06006212
1.16300000 -0.05975479
1.16400000 -0.05944929
1.16500000 -0.05914560
1.16600000 -0.05884371
1.16700000 -0.05854361
1.16800000 -0.05824528
1.16900000 -0.05794872
1.17000000 -0.05765391
1.17100000 -0.05736084
1.17200000 -0.05706950
1.17300000 -0.05677988
1.17400000 -0.05649197
1.17500000 -0.05620575
1.17600000 -0.05592121
1.17700000 -0.05563834
1.17800000 -0.05535714
1.17900000 -0.05507759
1.18000000 -0.05479967
1.18100000 -0.05452339
1.18200000 -0.05424872
1.18300000 -0.05397566
1.18400000 -0.05370419
1.18500000 -0.05343431
1.18600000 -0.05316600
1.18700000 -0.05289926
1.18800000 -0.05263407
1.18900000 -0.05237043
1.19000000 -0.05210832
1.19100000 -0.05184773
1.19200000 -0.05158865
1.19300000 -0.05133108
1.19400000 -0.05107501
1.19500000 -0.05082041
1.19600000 -0.05056729
1.19700000 -0.05031564
1.19800000 -0.05006544
1.19900000 -0.04981668
1.20000000 -0.04956936
1.20100000 -0.04932347
1.20200000 -0.04907899
1.20300000 -0.04883592
1.20400000 -0.04859425
1.20500000 -0.04835396
1.20600000 -0.04811506
1.20700000 -0.04787753
1.20800000 -0.04764136
1.20900000 -0.04740654
1.21000000 -0.04717307
1.21100000 -0.04694094
1.21200000 -0.04671013
1.21300000 -0.04648064
1.21400000 -0.04625246
1.21500000 -0.04602558
1.21600000 -0.04579999
1.21700000 -0.04557569
1.21800000 -0.04535267
1.21900000 -0.04513091
1.22000000 -0.04491041
1.22100000 -0.04469117
1.22200000 -0.04447317
1.22300000 -0.04425640
1.22400000 -0.04404086
1.22500000 -0.04382654
1.22600000 -0.04361344
1.22700000 -0.04340153
1.22800000 -0.04319083
1.22900000 -0.04298131
1.23000000 -0.04277297
1.23100000 -0.04256581
1.23200000 -0.04235981
1.23300000 -0.04215497
1.23400000 -0.04195129
1.23500000 -0.04174874
1.23600000 -0.04154734
1.23700000 -0.04134706
1.23800000 -0.04114790
1.23900000 -0.04094986
1.24000000 -0.04075293
1.24100000 -0.04055710
1.24200000 -0.04036236
1.24300000 -0.04016871
1.24400000 -0.03997614
1.24500000 -0.03978464
1.24600000 -0.03959421
1.24700000 -0.03940483
1.24800000 -0.03921651
1.24900000 -0.03902924
1.25000000 -0.03884300
1.25100000 -0.03865780
1.25200000 -0.03847363
1.25300000 -0.03829047
1.25400000 -0.03810833
1.25500000 -0.03792720
1.25600000 -0.03774707
1.25700000 -0.03756793
1.25800000 -0.03738978
1.25900000 -0.03721261
1.26000000 -0.03703642
1.26100000 -0.03686120
1.26200000 -0.03668694
1.26300000 -0.03651364
1.26400000 -0.03634129
1.26500000 -0.03616989
1.26600000 -0.03599942
1.26700000 -0.03582990
1.26800000 -0.03566130
1.26900000 -0.03549362
1.27000000 -0.03532686
1.27100000 -0.03516101
1.27200000 -0.03499606
1.27300000 -0.03483202
1.27400000 -0.03466887
1.27500000 -0.03450660
1.27600000 -0.03434522
1.27700000 -0.03418472
1.27800000 -0.03402509
1.27900000 -0.03386633
1.28000000 -0.03370843
1.28100000 -0.03355139
1.28200000 -0.03339519
1.28300000 -0.03323984
1.28400000 -0.03308533
1.28500000 -0.03293166
1.28600000 -0.03277882
1.28700000 -0.03262680
1.28800000 -0.03247560
1.28900000 -0.03232522
1.29000000 -0.03217565
1.29100000 -0.03202688
1.29200000 -0.03187891
1.29300000 -0.03173174
1.29400000 -0.03158536
1.29500000 -0.03143976
1.29600000 -0.03129494
1.29700000 -0.03115090
1.29800000 -0.03100763
1.29900000 -0.03086513
1.30000000 -0.03072339
1.30100000 -0.03058241
1.30200000 -0.03044217
1.30300000 -0.03030269
1.30400000 -0.03016395
1.30500000 -0.03002595
1.30600000 -0.02988868
1.30700000 -0.02975215
1.30800000 -0.02961633
1.30900000 -0.02948124
1.31000000 -0.02934687
1.31100000 -0.02921321
1.31200000 -0.02908026
1.31300000 -0.02894801
1.31400000 -0.02881646
1.31500000 -0.02868561
1.31600000 -0.02855544
1.31700000 -0.02842597
1.31800000 -0.02829718
1.31900000 -0.02816906
1.32000000 -0.02804162
1.32100000 -0.02791486
1.32200000 -0.02778876
1.32300000 -0.02766332
1.32400000 -0.02753854
1.32500000 -0.02741441
1.32600000 -0.02729094
1.32700000 -0.02716811
1.32800000 -0.02704593
1.32900000 -0.02692439
1.33000000 -0.02680348
1.33100000 -0.02668320
1.33200000 -0.02656355
1.33300000 -0.02644453
1.33400000 -0.02632612
1.33500000 -0.02620834
1.33600000 -0.02609116
1.33700000 -0.02597460
1.33800000 -0.02585864
1.33900000 -0.02574328
1.34000000 -0.02562853
1.34100000 -0.02551436
1.34200000 -0.02540079
1.34300000 -0.02528781
1.34400000 -0.02517541
1.34500000 -0.02506360
1.34600000 -0.02495236
1.34700000 -0.02484170
1.34800000 -0.02473160
1.34900000 -0.02462208
1.35000000 -0.02451312
1.35100000 -0.02440472
1.35200000 -0.02429688
1.35300000 -0.02418959
1.35400000 -0.02408286
1.35500000 -0.02397667
1.35600000 -0.02387103
1.35700000 -0.02376593
1.35800000 -0.02366137
1.35900000 -0.02355734
1.36000000 -0.02345385
1.36100000 -0.02335088
1.36200000 -0.02324844
1.36300000 -0.02314653
1.36400000 -0.02304513
1.36500000 -0.02294425
1.36600000 -0.02284389
1.36700000 -0.02274403
1.36800000 -0.02264469
1.36900000 -0.02254585
1.37000000 -0.02244751
1.37100000 -0.02234967
1.37200000 -0.02225233
1.37300000 -0.02215548
1.37400000 -0.02205912
1.37500000 -0.02196325
1.37600000 -0.02186786
1.37700000 -0.02177296
1.37800000 -0.02167853
1.37900000 -0.02158458
1.38000000 -0.02149111
1.38100000 -0.02139811
1.38200000 -0.02130557
1.38300000 -0.02121350
1.38400000 -0.02112190
1.38500000 -0.02103075
1.38600000 -0.02094007
1.38700000 -0.02084984
1.38800000 -0.02076006
1.38900000 -0.02067073
1.39000000 -0.02058185
1.39100000 -0.02049341
1.39200000 -0.02040541
1.39300000 -0.02031786
1.39400000 -0.02023074
1.39500000 -0.02014406
1.39600000 -0.02005781
1.39700000 -0.01997199
1.39800000 -0.01988660
1.39900000 -0.01980163
1.40000000 -0.01971708
1.40100000 -0.01963296
1.40200000 -0.01954925
1.40300000 -0.01946596
1.40400000 -0.01938308
1.40500000 -0.01930061
1.40600000 -0.01921856
1.40700000 -0.01913690
1.40800000 -0.01905565
1.40900000 -0.01897481
1.41000000 -0.01889436
1.41100000 -0.01881431
1.41200000 -0.01873465
1.41300000 -0.01865539
1.41400000 -0.01857652
1.41500000 -0.01849803
1.41600000 -0.01841993
1.41700000 -0.01834222
1.41800000 -0.01826488
1.41900000 -0.01818793
1.42000000 -0.01811136
1.42100000 -0.01803516
1.42200000 -0.01795933
1.42300000 -0.01788387
1.42400000 -0.01780879
1.42500000 -0.01773407
1.42600000 -0.01765971
1.42700000 -0.01758572
1.42800000 -0.01751209
1.42900000 -0.01743882
1.43000000 -0.01736590
1.43100000 -0.01729334
1.43200000 -0.01722114
1.43300000 -0.01714928
1.43400000 -0.01707777
1.43500000 -0.01700661
1.43600000 -0.01693580
1.43700000 -0.01686533
1.43800000 -0.01679520
1.43900000 -0.01672541
1.44000000 -0.01665596
1.44100000 -0.01658684
1.44200000 -0.01651806
1.44300000 -0.01644961
1.44400000 -0.01638149
1.44500000 -0.01631370
1.44600000 -0.01624623
1.44700000 -0.01617909
1.44800000 -0.01611228
1.44900000 -0.01604578
1.45000000 -0.01597961
1.45100000 -0.01591375
1.45200000 -0.01584821
1.45300000 -0.01578298
1.45400000 -0.01571806
1.45500000 -0.01565346
1.45600000 -0.01558917
1.45700000 -0.01552518
1.45800000 -0.01546150
1.45900000 -0.01539812
1.46000000 -0.01533505
1.46100000 -0.01527227
1.46200000 -0.01520980
1.46300000 -0.01514762
1.46400000 -0.01508574
1.46500000 -0.01502415
1.46600000 -0.01496286
1.46700000 -0.01490186
1.46800000 -0.01484115
1.46900000 -0.01478072
1.47000000 -0.01472058
1.47100000 -0.01466073
1.47200000 -0.01460116
1.47300000 -0.01454187
1.47400000 -0.01448287
1.47500000 -0.01442414
1.47600000 -0.01436569
1.47700000 -0.01430751
1.47800000 -0.01424961
1.47900000 -0.01419198
1.48000000 -0.01413462
1.48100000 -0.01407754
1.48200000 -0.01402072
1.48300000 -0.01396417
1.48400000 -0.01390788
1.48500000 -0.01385186
1.48600000 -0.01379610
1.48700000 -0.01374061
1.48800000 -0.01368537
1.48900000 -0.01363039
1.49000000 -0.01357567
1.49100000 -0.01352121
1.49200000 -0.01346700
1.49300000 -0.01341304
1.49400000 -0.01335933
1.49500000 -0.01330588
1.49600000 -0.01325267
1.49700000 -0.01319971
1.49800000 -0.01314700
1.49900000 -0.01309454
1.50000000 -0.01304231
1.50100000 -0.01299033
1.50200000 -0.01293860
1.50300000 -0.01288710
1.50400000 -0.01283584
1.50500000 -0.01278481
1.50600000 -0.01273403
1.50700000 -0.01268348
1.50800000 -0.01263316
1.50900000 -0.01258308
1.51000000 -0.01253322
1.51100000 -0.01248360
1.51200000 -0.01243420
1.51300000 -0.01238504
1.51400000 -0.01233610
1.51500000 -0.01228738
1.51600000 -0.01223889
1.51700000 -0.01219062
1.51800000 -0.01214258
1.51900000 -0.01209475
1.52000000 -0.01204714
1.52100000 -0.01199975
1.52200000 -0.01195258
1.52300000 -0.01190563
1.52400000 -0.01185889
1.52500000 -0.01181236
1.52600000 -0.01176605
1.52700000 -0.01171995
1.52800000 -0.01167405
1.52900000 -0.01162837
1.53000000 -0.01158290
1.53100000 -0.01153763
1.53200000 -0.01149257
1.53300000 -0.01144771
1.53400000 -0.01140306
1.53500000 -0.01135861
1.53600000 -0.01131437
1.53700000 -0.01127032
1.53800000 -0.01122647
1.53900000 -0.01118283
1.54000000 -0.01113938
1.54100000 -0.01109612
1.54200000 -0.01105306
1.54300000 -0.01101020
1.54400000 -0.01096753
1.54500000 -0.01092505
1.54600000 -0.01088277
1.54700000 -0.01084067
1.54800000 -0.01079877
1.54900000 -0.01075705
1.55000000 -0.01071552
1.55100000 -0.01067418
1.55200000 -0.01063303
1.55300000 -0.01059206
1.55400000 -0.01055127
1.55500000 -0.01051066
1.55600000 -0.01047024
1.55700000 -0.01043000
1.55800000 -0.01038994
1.55900000 -0.01035006
1.56000000 -0.01031036
1.56100000 -0.01027083
1.56200000 -0.01023148
1.56300000 -0.01019231
1.56400000 -0.01015331
1.56500000 -0.01011448
1.56600000 -0.01007583
1.56700000 -0.01003735
1.56800000 -0.00999904
1.56900000 -0.00996091
1.57000000 -0.00992294
1.57100000 -0.00988514
1.57200000 -0.00984750
1.57300000 -0.00981004
1.57400000 -0.00977274
1.57500000 -0.00973561
1.57600000 -0.00969864
1.57700000 -0.00966183
1.57800000 -0.00962519
1.57900000 -0.00958870
1.58000000 -0.00955238
1.58100000 -0.00951622
1.58200000 -0.00948022
1.58300000 -0.00944438
1.58400000 -0.00940870
1.58500000 -0.00937317
1.58600000 -0.00933780
1.58700000 -0.00930258
1.58800000 -0.00926752
1.58900000 -0.00923262
1.59000000 -0.00919786
1.59100000 -0.00916326
1.59200000 -0.00912881
1.59300000 -0.00909452
1.59400000 -0.00906037
1.59500000 -0.00902637
1.59600000 -0.00899252
1.59700000 -0.00895882
1.59800000 -0.00892526
1.59900000 -0.00889185
1.60000000 -0.00885859
1.60100000 -0.00882547
1.60200000 -0.00879250
1.60300000 -0.00875967
1.60400000 -0.00872698
1.60500000 -0.00869444
1.60600000 -0.00866203
1.60700000 -0.00862977
1.60800000 -0.00859765
1.60900000 -0.00856566
1.61000000 -0.00853382
1.61100000 -0.00850211
1.61200000 -0.00847054
1.61300000 -0.00843911
1.61400000 -0.00840781
1.61500000 -0.00837665
1.61600000 -0.00834562
1.61700000 -0.00831473
1.61800000 -0.00828397
1.61900000 -0.00825334
1.62000000 -0.00822284
1.62100000 -0.00819248
1.62200000 -0.00816225
1.62300000 -0.00813214
1.62400000 -0.00810217
1.62500000 -0.00807232
1.62600000 -0.00804261
1.62700000 -0.00801302
1.62800000 -0.00798355
1.62900000 -0.00795422
1.63000000 -0.00792500
1.63100000 -0.00789592
1.63200000 -0.00786696
1.63300000 -0.00783812
1.63400000 -0.00780940
1.63500000 -0.00778081
1.63600000 -0.00775234
1.63700000 -0.00772399
1.63800000 -0.00769576
1.63900000 -0.00766766
1.64000000 -0.00763967
1.64100000 -0.00761180
1.64200000 -0.00758405
1.64300000 -0.00755642
1.64400000 -0.00752890
1.64500000 -0.00750150
1.64600000 -0.00747422
1.64700000 -0.00744705
1.64800000 -0.00742000
1.64900000 -0.00739306
1.65000000 -0.00736624
1.65100000 -0.00733953
1.65200000 -0.00731293
1.65300000 -0.00728645
1.65400000 -0.00726007
1.65500000 -0.00723381
1.65600000 -0.00720766
1.65700000 -0.00718162
1.65800000 -0.00715569
1.65900000 -0.00712987
1.66000000 -0.00710415
1.66100000 -0.00707855
1.66200000 -0.00705305
1.66300000 -0.00702766
1.66400000 -0.00700238
1.66500000 -0.00697720
1.66600000 -0.00695212
1.66700000 -0.00692716
1.66800000 -0.00690229
1.66900000 -0.00687753
1.67000000 -0.00685288
1.67100000 -0.00682833
1.67200000 -0.00680387
1.67300000 -0.00677953
1.67400000 -0.00675528
1.67500000 -0.00673113
1.67600000 -0.00670709
1.67700000 -0.00668314
1.67800000 -0.00665930
1.67900000 -0.00663555
1.68000000 -0.00661191
1.68100000 -0.00658836
1.68200000 -0.00656490
1.68300000 -0.00654155
1.68400000 -0.00651829
1.68500000 -0.00649513
1.68600000 -0.00647207
1.68700000 -0.00644910
1.68800000 -0.00642622
1.68900000 -0.00640344
1.69000000 -0.00638076
1.69100000 -0.00635816
1.69200000 -0.00633566
1.69300000 -0.00631326
1.69400000 -0.00629094
1.69500000 -0.00626872
1.69600000 -0.00624659
1.69700000 -0.00622455
1.69800000 -0.00620260
1.69900000 -0.00618074
1.70000000 -0.00615898
1.70100000 -0.00613730
1.70200000 -0.00611571
1.70300000 -0.00609420
1.70400000 -0.00607279
1.70500000 -0.00605146
1.70600000 -0.00603022
1.70700000 -0.00600907
1.70800000 -0.00598801
1.70900000 -0.00596703
1.71000000 -0.00594613
1.71100000 -0.00592532
1.71200000 -0.00590460
1.71300000 -0.00588396
1.71400000 -0.00586341
1.71500000 -0.00584293
1.71600000 -0.00582255
1.71700000 -0.00580224
1.71800000 -0.00578202
1.71900000 -0.00576188
1.72000000 -0.00574182
1.72100000 -0.00572184
1.72200000 -0.00570194
1.72300000 -0.00568213
1.72400000 -0.00566239
1.72500000 -0.00564274
1.72600000 -0.00562316
1.72700000 -0.00560366
1.72800000 -0.00558425
1.72900000 -0.00556491
1.73000000 -0.00554565
1.73100000 -0.00552646
1.73200000 -0.00550735
1.73300000 -0.00548832
1.73400000 -0.00546937
1.73500000 -0.00545050
1.73600000 -0.00543169
1.73700000 -0.00541297
1.73800000 -0.00539432
1.73900000 -0.00537574
1.74000000 -0.00535724
1.74100000 -0.00533882
1.74200000 -0.00532046
1.74300000 -0.00530219
1.74400000 -0.00528398
1.74500000 -0.00526585
1.74600000 -0.00524779
1.74700000 -0.00522980
1.74800000 -0.00521188
1.74900000 -0.00519404
1.75000000 -0.00517626
1.75100000 -0.00515856
1.75200000 -0.00514093
1.75300000 -0.00512337
1.75400000 -0.00510588
1.75500000 -0.00508845
1.75600000 -0.00507110
1.75700000 -0.00505382
1.75800000 -0.00503660
1.75900000 -0.00501945
1.76000000 -0.00500238
1.76100000 -0.00498536
1.76200000 -0.00496842
1.76300000 -0.00495154
1.76400000 -0.00493473
1.76500000 -0.00491799
1.76600000 -0.00490131
1.76700000 -0.00488470
1.76800000 -0.00486816
1.76900000 -0.00485168
1.77000000 -0.00483526
1.77100000 -0.00481891
1.77200000 -0.00480263
1.77300000 -0.00478640
1.77400000 -0.00477025
1.77500000 -0.00475415
1.77600000 -0.00473812
1.77700000 -0.00472215
1.77800000 -0.00470625
1.77900000 -0.00469040
1.78000000 -0.00467462
1.78100000 -0.00465890
1.78200000 -0.00464325
1.78300000 -0.00462765
1.78400000 -0.00461212
1.78500000 -0.00459664
1.78600000 -0.00458123
1.78700000 -0.00456587
1.78800000 -0.00455058
1.78900000 -0.00453535
1.79000000 -0.00452017
1.79100000 -0.00450506
1.79200000 -0.00449000
1.79300000 -0.00447501
1.79400000 -0.00446007
1.79500000 -0.00444519
1.79600000 -0.00443036
1.79700000 -0.00441560
1.79800000 -0.00440089
1.79900000 -0.00438624
1.80000000 -0.00437164
1.80100000 -0.00435711
1.80200000 -0.00434262
1.80300000 -0.00432820
1.80400000 -0.00431383
1.80500000 -0.00429952
1.80600000 -0.00428526
1.80700000 -0.00427106
1.80800000 -0.00425691
1.80900000 -0.00424281
1.81000000 -0.00422877
1.81100000 -0.00421479
1.81200000 -0.00420086
1.81300000 -0.00418698
1.81400000 -0.00417316
1.81500000 -0.00415939
1.81600000 -0.00414567
1.81700000 -0.00413200
1.81800000 -0.00411839
1.81900000 -0.00410483
1.82000000 -0.00409132
1.82100000 -0.00407787
1.82200000 -0.00406446
1.82300000 -0.00405111
1.82400000 -0.00403780
1.82500000 -0.00402455
1.82600000 -0.00401135
1.82700000 -0.00399820
1.82800000 -0.00398510
1.82900000 -0.00397205
1.83000000 -0.00395905
1.83100000 -0.00394610
1.83200000 -0.00393320
1.83300000 -0.00392035
1.83400000 -0.00390754
1.83500000 -0.00389479
1.83600000 -0.00388208
1.83700000 -0.00386943
1.83800000 -0.00385682
1.83900000 -0.00384426
1.84000000 -0.00383174
1.84100000 -0.00381928
1.84200000 -0.00380686
1.84300000 -0.00379449
1.84400000 -0.00378216
1.84500000 -0.00376988
1.84600000 -0.00375765
1.84700000 -0.00374546
1.84800000 -0.00373332
1.84900000 -0.00372123
1.85000000 -0.00370918
1.85100000 -0.00369718
1.85200000 -0.00368522
1.85300000 -0.00367331
1.85400000 -0.00366144
1.85500000 -0.00364962
1.85600000 -0.00363784
1.85700000 -0.00362611
1.85800000 -0.00361442
1.85900000 -0.00360277
1.86000000 -0.00359117
1.86100000 -0.00357961
1.86200000 -0.00356810
1.86300000 -0.00355662
1.86400000 -0.00354520
1.86500000 -0.00353381
1.86600000 -0.00352247
1.86700000 -0.00351117
1.86800000 -0.00349991
1.86900000 -0.00348869
1.87000000 -0.00347751
1.87100000 -0.00346638
1.87200000 -0.00345529
1.87300000 -0.00344424
1.87400000 -0.00343323
1.87500000 -0.00342226
1.87600000 -0.00341134
1.87700000 -0.00340045
1.87800000 -0.00338960
1.87900000 -0.00337880
1.88000000 -0.00336803
1.88100000 -0.00335731
1.88200000 -0.00334662
1.88300000 -0.00333598
1.88400000 -0.00332537
1.88500000 -0.00331480
1.88600000 -0.00330427
1.88700000 -0.00329378
1.88800000 -0.00328333
1.88900000 -0.00327292
1.89000000 -0.00326255
1.89100000 -0.00325222
1.89200000 -0.00324192
1.89300000 -0.00323166
1.89400000 -0.00322144
1.89500000 -0.00321126
1.89600000 -0.00320111
1.89700000 -0.00319100
1.89800000 -0.00318093
1.89900000 -0.00317090
1.90000000 -0.00316090
1.90100000 -0.00315094
1.90200000 -0.00314102
1.90300000 -0.00313113
1.90400000 -0.00312128
1.90500000 -0.00311146
1.90600000 -0.00310168
1.90700000 -0.00309194
1.90800000 -0.00308223
1.90900000 -0.00307256
1.91000000 -0.00306293
1.91100000 -0.00305332
1.91200000 -0.00304376
1.91300000 -0.00303423
1.91400000 -0.00302473
1.91500000 -0.00301527
1.91600000 -0.00300584
1.91700000 -0.00299645
1.91800000 -0.00298709
1.91900000 -0.00297777
1.92000000 -0.00296847
1.92100000 -0.00295922
1.92200000 -0.00294999
1.92300000 -0.00294081
1.92400000 -0.00293165
1.92500000 -0.00292253
1.92600000 -0.00291344
1.92700000 -0.00290438
1.92800000 -0.00289535
1.92900000 -0.00288636
1.93000000 -0.00287740
1.93100000 -0.00286848
1.93200000 -0.00285958
1.93300000 -0.00285072
1.93400000 -0.00284189
1.93500000 -0.00283309
1.93600000 -0.00282433
1.93700000 -0.00281559
1.93800000 -0.00280689
1.93900000 -0.00279822
1.94000000 -0.00278958
1.94100000 -0.00278097
1.94200000 -0.00277239
1.94300000 -0.00276384
1.94400000 -0.00275532
1.94500000 -0.00274684
1.94600000 -0.00273838
1.94700000 -0.00272995
1.94800000 -0.00272156
1.94900000 -0.00271319
1.95000000 -0.00270486
1.95100000 -0.00269655
1.95200000 -0.00268828
1.95300000 -0.00268003
1.95400000 -0.00267181
1.95500000 -0.00266363
1.95600000 -0.00265547
1.95700000 -0.00264734
1.95800000 -0.00263924
1.95900000 -0.00263117
1.96000000 -0.00262313
1.96100000 -0.00261511
1.96200000 -0.00260713
1.96300000 -0.00259917
1.96400000 -0.00259124
1.96500000 -0.00258334
1.96600000 -0.00257547
1.96700000 -0.00256763
1.96800000 -0.00255981
1.96900000 -0.00255202
1.97000000 -0.00254426
1.97100000 -0.00253653
1.97200000 -0.00252882
1.97300000 -0.00252114
1.97400000 -0.00251349
1.97500000 -0.00250587
1.97600000 -0.00249827
1.97700000 -0.00249070
1.97800000 -0.00248316
1.97900000 -0.00247564
1.98000000 -0.00246815
1.98100000 -0.00246068
1.98200000 -0.00245325
1.98300000 -0.00244584
1.98400000 -0.00243845
1.98500000 -0.00243109
1.98600000 -0.00242376
1.98700000 -0.00241645
1.98800000 -0.00240917
1.98900000 -0.00240191
1.99000000 -0.00239468
1.99100000 -0.00238747
1.99200000 -0.00238029
1.99300000 -0.00237314
1.99400000 -0.00236601
1.99500000 -0.00235890
1.99600000 -0.00235182
1.99700000 -0.00234477
1.99800000 -0.00233773
1.99900000 -0.00233073
2.00000000 -0.00232375
