0.10000000 2685203125.00000000
0.10100000 2382962665.58238602
0.10200000 2117230143.47951436
0.10300000 1883300660.22687626
0.10400000 1677112984.01574445
0.10500000 1495156476.72721910
0.10600000 1334392191.13917518
0.10700000 1192185874.46214485
0.10800000 1066250992.74200368
0.10900000 954600203.06257093
0.11000000 855503958.86728835
0.11100000 767455147.81585276
0.11200000 689138839.30192006
0.11300000 619406366.51960790
0.11400000 557253091.03472352
0.11500000 501799300.48786139
0.11600000 452273775.85122454
0.11700000 407999636.46792746
0.11800000 368382131.29671103
0.11900000 332898095.32252842
0.12000000 301086832.58779240
0.12100000 272542223.08377427
0.12200000 246905880.92019752
0.12300000 223861216.67852902
0.12400000 203128278.41051552
0.12500000 184459264.00000000
0.12600000 167634613.08919734
0.12700000 152459599.91947705
0.12800000 138761359.61796448
0.12900000 126386289.98181500
0.13000000 115197778.92889944
0.13100000 105074214.71255162
0.13200000 95907241.92020875
0.13300000 87600231.34368545
0.13400000 80066936.15092345
0.13500000 73230310.51371454
0.13600000 67021470.04463693
0.13700000 61378776.14670177
0.13800000 56247028.74653278
0.13900000 51576753.92189191
0.14000000 47323574.69422200
0.14100000 43447654.77670497
0.14200000 39913206.38228124
0.14300000 36688054.33322706
0.14400000 33743249.69904581
0.14500000 31052727.04379234
0.14600000 28593000.10562452
0.14700000 26342891.37586858
0.14800000 24283291.60547598
0.14900000 22396945.75483640
0.15000000 20668262.32827348
0.15100000 19083143.40559750
0.15200000 17628833.00706011
0.15300000 16293781.71117907
0.15400000 15067525.69255107
0.15500000 13940578.56358712
0.15600000 12904334.59408865
0.15700000 11950982.04920544
0.15800000 11073425.53256936
0.15900000 10265216.34988537
0.16000000 9520490.02123090
0.16100000 8833910.16972571
0.16200000 8200618.10178355
0.16300000 7616187.47132131
0.16400000 7076583.48836808
0.16500000 6578126.19260411
0.16600000 6117457.36544430
0.16700000 5691510.70121558
0.16800000 5297484.89950500
0.16900000 4932819.37752676
0.17000000 4595172.33393970
0.17100000 4282400.92444055
0.17200000 3992543.33509827
0.17300000 3723802.56216390
0.17400000 3474531.72732408
0.17500000 3243220.77535945
0.17600000 3028484.41718064
0.17700000 2829051.19547260
0.17800000 2643753.56288291
0.17900000 2471518.87401791
0.18000000 2311361.20261848
0.18100000 2162373.90431153
0.18200000 2023722.85339574
0.18300000 1894640.28932727
0.18400000 1774419.21501859
0.18500000 1662408.29483391
0.18600000 1558007.20533321
0.18700000 1460662.39644828
0.18800000 1369863.22492748
0.18900000 1285138.42561194
0.19000000 1206052.88945168
0.19100000 1132204.72017439
0.19200000 1063222.54422118
0.19300000 998763.05099182
0.19400000 938508.74262775
0.19500000 882165.87452861
0.19600000 829462.56957043
0.19700000 780147.09059085
0.19800000 733986.25714751
0.19900000 690763.99385499
0.20000000 650279.99877930
0.20100000 612348.52142829
0.20200000 576797.24083408
0.20300000 543466.23508913
0.20400000 512207.03448097
0.20500000 482881.75107914
0.20600000 455362.27826979
0.20700000 429529.55431465
0.20800000 405272.88453806
0.20900000 382489.31722377
0.21000000 361083.06873628
0.21100000 340964.99377545
0.21200000 322052.09703010
0.21300000 304267.08282096
0.21400000 287537.93961856
0.21500000 271797.55658969
0.21600000 256983.36957027
0.21700000 243037.03408467
0.21800000 229904.12323360
0.21900000 217533.84845720
0.22000000 205878.80134755
0.22100000 194894.71483832
0.22200000 184540.24223860
0.22300000 174776.75270545
0.22400000 165568.14186619
0.22500000 156880.65640748
0.22600000 148682.73154538
0.22700000 140944.84037936
0.22800000 133639.35421422
0.22900000 126740.41300814
0.23000000 120223.80517307
0.23100000 114066.85601557
0.23200000 108248.32416347
0.23300000 102748.30537566
0.23400000 97548.14318007
0.23500000 92630.34582896
0.23600000 87978.50910068
0.23700000 83577.24451381
0.23800000 79412.11255387
0.23900000 75469.56054330
0.24000000 71736.86481453
0.24100000 68202.07687175
0.24200000 64853.97325140
0.24300000 61682.00881341
0.24400000 58676.27321569
0.24500000 55827.45034315
0.24600000 53126.78047979
0.24700000 50566.02502825
0.24800000 48137.43359600
0.24900000 45833.71328073
0.25000000 43648.00000000
0.25100000 41573.83172174
0.25200000 39605.12346259
0.25300000 37736.14393109
0.25400000 35961.49370156
0.25500000 34276.08481289
0.25600000 32675.12169413
0.25700000 31154.08332595
0.25800000 29708.70655348
0.25900000 28334.97047211
0.26000000 27029.08181365
0.26100000 25787.46126510
0.26200000 24606.73065736
0.26300000 23483.70096558
0.26400000 22415.36106675
0.26500000 21398.86720439
0.26600000 20431.53311317
0.26700000 19510.82076015
0.26800000 18634.33166172
0.26900000 17799.79873881
0.27000000 17005.07867490
0.27100000 16248.14474432
0.27200000 15527.08008014
0.27300000 14840.07135336
0.27400000 14185.40283684
0.27500000 13561.45082924
0.27600000 12966.67841610
0.27700000 12399.63054630
0.27800000 11858.92940413
0.27900000 11343.27005811
0.28000000 10851.41636913
0.28100000 10382.19714167
0.28200000 9934.50250276
0.28300000 9507.28049458
0.28400000 9099.53386732
0.28500000 8710.31705998
0.28600000 8338.73335735
0.28700000 7983.93221253
0.28800000 7645.10672458
0.28900000 7321.49126207
0.29000000 7012.35922346
0.29100000 6717.02092599
0.29200000 6434.82161552
0.29300000 6165.13958966
0.29400000 5907.38442776
0.29500000 5660.99532106
0.29600000 5425.43949716
0.29700000 5200.21073319
0.29800000 4984.82795230
0.29900000 4778.83389877
0.30000000 4581.79388681
0.30100000 4393.29461896
0.30200000 4212.94306989
0.30300000 4040.36543184
0.30400000 3875.20611802
0.30500000 3717.12682077
0.30600000 3565.80562111
0.30700000 3420.93614686
0.30800000 3282.22677654
0.30900000 3149.39988633
0.31000000 3022.19113769
0.31100000 2900.34880336
0.31200000 2783.63312946
0.31300000 2671.81573178
0.31400000 2564.67902422
0.31500000 2462.01567760
0.31600000 2363.62810719
0.31700000 2269.32798728
0.31800000 2178.93579136
0.31900000 2092.28035638
0.32000000 2009.19846993
0.32100000 1929.53447881
0.32200000 1853.13991815
0.32300000 1779.87315964
0.32400000 1709.59907801
0.32500000 1642.18873469
0.32600000 1577.51907779
0.32700000 1515.47265738
0.32800000 1455.93735539
0.32900000 1398.80612926
0.33000000 1343.97676858
0.33100000 1291.35166415
0.33200000 1240.83758861
0.33300000 1192.34548818
0.33400000 1145.79028485
0.33500000 1101.09068847
0.33600000 1058.16901825
0.33700000 1016.95103310
0.33800000 977.36577046
0.33900000 939.34539305
0.34000000 902.82504326
0.34100000 867.74270462
0.34200000 834.03907014
0.34300000 801.65741709
0.34400000 770.54348786
0.34500000 740.64537665
0.34600000 711.91342166
0.34700000 684.30010250
0.34800000 657.75994253
0.34900000 632.24941597
0.35000000 607.72685935
0.35100000 584.15238735
0.35200000 561.48781255
0.35300000 539.69656904
0.35400000 518.74363968
0.35500000 498.59548677
0.35600000 479.21998598
0.35700000 460.58636351
0.35800000 442.66513604
0.35900000 425.42805359
0.36000000 408.84804508
0.36100000 392.89916632
0.36200000 377.55655054
0.36300000 362.79636112
0.36400000 348.59574657
0.36500000 334.93279754
0.36600000 321.78650585
0.36700000 309.13672536
0.36800000 296.96413470
0.36900000 285.25020159
0.37000000 273.97714890
0.37100000 263.12792219
0.37200000 252.68615874
0.37300000 242.63615794
0.37400000 232.96285311
0.37500000 223.65178449
0.37600000 214.68907346
0.37700000 206.06139799
0.37800000 197.75596907
0.37900000 189.76050829
0.38000000 182.06322636
0.38100000 174.65280260
0.38200000 167.51836532
0.38300000 160.64947310
0.38400000 154.03609684
0.38500000 147.66860267
0.38600000 141.53773554
0.38700000 135.63460357
0.38800000 129.95066305
0.38900000 124.47770411
0.39000000 119.20783703
0.39100000 114.13347909
0.39200000 109.24734206
0.39300000 104.54242013
0.39400000 100.01197847
0.39500000 95.64954221
0.39600000 91.44888588
0.39700000 87.40402336
0.39800000 83.50919822
0.39900000 79.75887446
0.40000000 76.14772767
0.40100000 72.67063653
0.40200000 69.32267473
0.40300000 66.09910315
0.40400000 62.99536242
0.40500000 60.00706579
0.40600000 57.12999225
0.40700000 54.36008003
0.40800000 51.69342026
0.40900000 49.12625098
0.41000000 46.65495135
0.41100000 44.27603610
0.41200000 41.98615027
0.41300000 39.78206406
0.41400000 37.66066798
0.41500000 35.61896819
0.41600000 33.65408196
0.41700000 31.76323340
0.41800000 29.94374931
0.41900000 28.19305523
0.42000000 26.50867163
0.42100000 24.88821025
0.42200000 23.32937061
0.42300000 21.82993667
0.42400000 20.38777354
0.42500000 19.00082445
0.42600000 17.66710774
0.42700000 16.38471401
0.42800000 15.15180340
0.42900000 13.96660293
0.43000000 12.82740397
0.43100000 11.73255986
0.43200000 10.68048351
0.43300000 9.66964522
0.43400000 8.69857049
0.43500000 7.76583797
0.43600000 6.87007747
0.43700000 6.00996806
0.43800000 5.18423620
0.43900000 4.39165404
0.44000000 3.63103767
0.44100000 2.90124552
0.44200000 2.20117678
0.44300000 1.52976991
0.44400000 0.88600119
0.44500000 0.26888332
0.44600000 -0.32253593
0.44700000 -0.88917496
0.44800000 -1.43191963
0.44900000 -1.95162440
0.45000000 -2.44911353
0.45100000 -2.92518214
0.45200000 -3.38059727
0.45300000 -3.81609892
0.45400000 -4.23240103
0.45500000 -4.63019238
0.45600000 -5.01013757
0.45700000 -5.37287784
0.45800000 -5.71903190
0.45900000 -6.04919682
0.46000000 -6.36394870
0.46100000 -6.66384350
0.46200000 -6.94941774
0.46300000 -7.22118917
0.46400000 -7.47965748
0.46500000 -7.72530492
0.46600000 -7.95859691
0.46700000 -8.17998267
0.46800000 -8.38989578
0.46900000 -8.58875471
0.47000000 -8.77696340
0.47100000 -8.95491173
0.47200000 -9.12297607
0.47300000 -9.28151967
0.47400000 -9.43089323
0.47500000 -9.57143526
0.47600000 -9.70347251
0.47700000 -9.82732046
0.47800000 -9.94328361
0.47900000 -10.05165594
0.48000000 -10.15272125
0.48100000 -10.24675352
0.48200000 -10.33401723
0.48300000 -10.41476774
0.48400000 -10.48925155
0.48500000 -10.55770665
0.48600000 -10.62036280
0.48700000 -10.67744180
0.48800000 -10.72915780
0.48900000 -10.77571754
0.49000000 -10.81732060
0.49100000 -10.85415966
0.49200000 -10.88642076
0.49300000 -10.91428346
0.49400000 -10.93792115
0.49500000 -10.95750119
0.49600000 -10.97318516
0.49700000 -10.98512904
0.49800000 -10.99348341
0.49900000 -10.99839363
0.50000000 -11.00000000
0.50100000 -10.98926585
0.50200000 -10.95791500
0.50300000 -10.90718878
0.50400000 -10.83828157
0.50500000 -10.75234206
0.50600000 -10.65047453
0.50700000 -10.53374008
0.50800000 -10.40315788
0.50900000 -10.25970631
0.51000000 -10.10432421
0.51100000 -9.93791193
0.51200000 -9.76133252
0.51300000 -9.57541280
0.51400000 -9.38094443
0.51500000 -9.17868497
0.51600000 -8.96935889
0.51700000 -8.75365859
0.51800000 -8.53224541
0.51900000 -8.30575050
0.52000000 -8.07477588
0.52100000 -7.83989525
0.52200000 -7.60165497
0.52300000 -7.36057487
0.52400000 -7.11714916
0.52500000 -6.87184726
0.52600000 -6.62511455
0.52700000 -6.37737329
0.52800000 -6.12902327
0.52900000 -5.88044266
0.53000000 -5.63198874
0.53100000 -5.38399857
0.53200000 -5.13678975
0.53300000 -4.89066112
0.53400000 -4.64589336
0.53500000 -4.40274973
0.53600000 -4.16147664
0.53700000 -3.92230431
0.53800000 -3.68544740
0.53900000 -3.45110551
0.54000000 -3.21946386
0.54100000 -2.99069377
0.54200000 -2.76495328
0.54300000 -2.54238759
0.54400000 -2.32312966
0.54500000 -2.10730065
0.54600000 -1.89501045
0.54700000 -1.68635813
0.54800000 -1.48143242
0.54900000 -1.28031213
0.55000000 -1.08306661
0.55100000 -0.88975615
0.55200000 -0.70043244
0.55300000 -0.51513888
0.55400000 -0.33391106
0.55500000 -0.15677707
0.55600000 0.01624211
0.55700000 0.18513227
0.55800000 0.34988562
0.55900000 0.51050046
0.56000000 0.66698086
0.56100000 0.81933637
0.56200000 0.96758168
0.56300000 1.11173638
0.56400000 1.25182464
0.56500000 1.38787495
0.56600000 1.51991989
0.56700000 1.64799583
0.56800000 1.77214270
0.56900000 1.89240377
0.57000000 2.00882544
0.57100000 2.12145695
0.57200000 2.23035025
0.57300000 2.33555976
0.57400000 2.43714217
0.57500000 2.53515625
0.57600000 2.62966270
0.57700000 2.72072394
0.57800000 2.80840396
0.57900000 2.89276817
0.58000000 2.97388322
0.58100000 3.05181687
0.58200000 3.12663785
0.58300000 3.19841571
0.58400000 3.26722070
0.58500000 3.33312365
0.58600000 3.39619584
0.58700000 3.45650892
0.58800000 3.51413472
0.58900000 3.56914526
0.59000000 3.62161254
0.59100000 3.67160855
0.59200000 3.71920508
0.59300000 3.76447371
0.59400000 3.80748571
0.59500000 3.84831193
0.59600000 3.88702278
0.59700000 3.92368812
0.59800000 3.95837720
0.59900000 3.99115863
0.60000000 4.02210029
0.60100000 4.05126927
0.60200000 4.07873184
0.60300000 4.10455340
0.60400000 4.12879842
0.60500000 4.15153039
0.60600000 4.17281183
0.60700000 4.19270416
0.60800000 4.21126777
0.60900000 4.22856190
0.61000000 4.24464466
0.61100000 4.25957299
0.61200000 4.27340261
0.61300000 4.28618803
0.61400000 4.29798251
0.61500000 4.30883803
0.61600000 4.31880528
0.61700000 4.32793366
0.61800000 4.33627122
0.61900000 4.34386469
0.62000000 4.35075942
0.62100000 4.35699943
0.62200000 4.36262733
0.62300000 4.36768436
0.62400000 4.37221035
0.62500000 4.37624374
0.62600000 4.37982153
0.62700000 4.38297932
0.62800000 4.38575128
0.62900000 4.38817014
0.63000000 4.39026722
0.63100000 4.39207236
0.63200000 4.39361397
0.63300000 4.39491904
0.63400000 4.39601308
0.63500000 4.39692015
0.63600000 4.39766288
0.63700000 4.39826241
0.63800000 4.39873846
0.63900000 4.39910926
0.64000000 4.39939161
0.64100000 4.39960083
0.64200000 4.39975080
0.64300000 4.39985392
0.64400000 4.39992115
0.64500000 4.39996198
0.64600000 4.39998443
0.64700000 4.39999507
0.64800000 4.39999903
0.64900000 4.39999994
0.65000000 4.40000000
0.65100000 4.39970373
0.65200000 4.39881493
0.65300000 4.39733359
0.65400000 4.39525965
0.65500000 4.39259303
0.65600000 4.38933349
0.65700000 4.38548065
0.65800000 4.38103384
0.65900000 4.37599209
0.66000000 4.37035396
0.66100000 4.36411746
0.66200000 4.35727992
0.66300000 4.34983785
0.66400000 4.34178680
0.66500000 4.33312118
0.66600000 4.32383412
0.66700000 4.31391729
0.66800000 4.30336069
0.66900000 4.29215249
0.67000000 4.28027884
0.67100000 4.26772363
0.67200000 4.25446835
0.67300000 4.24049184
0.67400000 4.22577012
0.67500000 4.21027617
0.67600000 4.19397979
0.67700000 4.17684737
0.67800000 4.15884179
0.67900000 4.13992221
0.68000000 4.12004402
0.68100000 4.09915869
0.68200000 4.07721375
0.68300000 4.05415280
0.68400000 4.02991547
0.68500000 4.00443758
0.68600000 3.97765128
0.68700000 3.94948525
0.68800000 3.91986506
0.68900000 3.88871351
0.69000000 3.85595121
0.69100000 3.82149712
0.69200000 3.78526933
0.69300000 3.74718589
0.69400000 3.70716579
0.69500000 3.66513007
0.69600000 3.62100306
0.69700000 3.57471375
0.69800000 3.52619722
0.69900000 3.47539626
0.70000000 3.42226299
0.70100000 3.36676058
0.70200000 3.30886493
0.70300000 3.24856642
0.70400000 3.18587149
0.70500000 3.12080418
0.70600000 3.05340747
0.70700000 2.98374443
0.70800000 2.91189902
0.70900000 2.83797664
0.71000000 2.76210426
0.71100000 2.68443014
0.71200000 2.60512317
0.71300000 2.52437162
0.71400000 2.44238164
0.71500000 2.35937514
0.71600000 2.27558739
0.71700000 2.19126429
0.71800000 2.10665926
0.71900000 2.02203008
0.72000000 1.93763550
0.72100000 1.85373193
0.72200000 1.77057013
0.72300000 1.68839215
0.72400000 1.60742841
0.72500000 1.52789520
0.72600000 1.44999247
0.72700000 1.37390206
0.72800000 1.29978637
0.72900000 1.22778739
0.73000000 1.15802628
0.73100000 1.09060321
0.73200000 1.02559767
0.73300000 0.96306908
0.73400000 0.90305766
0.73500000 0.84558556
0.73600000 0.79065813
0.73700000 0.73826536
0.73800000 0.68838338
0.73900000 0.64097602
0.74000000 0.59599634
0.74100000 0.55338818
0.74200000 0.51308760
0.74300000 0.47502429
0.74400000 0.43912286
0.74500000 0.40530406
0.74600000 0.37348586
0.74700000 0.34358444
0.74800000 0.31551504
0.74900000 0.28919276
0.75000000 0.26453320
0.75100000 0.24145304
0.75200000 0.21987049
0.75300000 0.19970571
0.75400000 0.18088111
0.75500000 0.16332159
0.75600000 0.14695476
0.75700000 0.13171103
0.75800000 0.11752374
0.75900000 0.10432919
0.76000000 0.09206667
0.76100000 0.08067842
0.76200000 0.07010963
0.76300000 0.06030836
0.76400000 0.05122548
0.76500000 0.04281459
0.76600000 0.03503191
0.76700000 0.02783620
0.76800000 0.02118866
0.76900000 0.01505282
0.77000000 0.00939440
0.77100000 0.00418125
0.77200000 -0.00061677
0.77300000 -0.00502793
0.77400000 -0.00907868
0.77500000 -0.01279378
0.77600000 -0.01619641
0.77700000 -0.01930822
0.77800000 -0.02214946
0.77900000 -0.02473904
0.78000000 -0.02709463
0.78100000 -0.02923273
0.78200000 -0.03116873
0.78300000 -0.03291699
0.78400000 -0.03449092
0.78500000 -0.03590302
0.78600000 -0.03716495
0.78700000 -0.03828757
0.78800000 -0.03928102
0.78900000 -0.04015475
0.79000000 -0.04091756
0.79100000 -0.04157765
0.79200000 -0.04214267
0.79300000 -0.04261973
0.79400000 -0.04301547
0.79500000 -0.04333607
0.79600000 -0.04358728
0.79700000 -0.04377445
0.79800000 -0.04390259
0.79900000 -0.04397633
0.80000000 -0.04400000
0.80100000 -0.04397762
0.80200000 -0.04391295
0.80300000 -0.04380946
0.80400000 -0.04367041
0.80500000 -0.04349881
0.80600000 -0.04329747
0.80700000 -0.04306900
0.80800000 -0.04281583
0.80900000 -0.04254021
0.81000000 -0.04224426
0.81100000 -0.04192991
0.81200000 -0.04159897
0.81300000 -0.04125315
0.81400000 -0.04089398
0.81500000 -0.04052294
0.81600000 -0.04014135
0.81700000 -0.03975048
0.81800000 -0.03935148
0.81900000 -0.03894543
0.82000000 -0.03853331
0.82100000 -0.03811606
0.82200000 -0.03769452
0.82300000 -0.03726949
0.82400000 -0.03684169
0.82500000 -0.03641179
0.82600000 -0.03598042
0.82700000 -0.03554815
0.82800000 -0.03511552
0.82900000 -0.03468299
0.83000000 -0.03425104
0.83100000 -0.03382006
0.83200000 -0.03339043
0.83300000 -0.03296249
0.83400000 -0.03253658
0.83500000 -0.03211296
0.83600000 -0.03169191
0.83700000 -0.03127367
0.83800000 -0.03085845
0.83900000 -0.03044645
0.84000000 -0.03003784
0.84100000 -0.02963279
0.84200000 -0.02923144
0.84300000 -0.02883392
0.84400000 -0.02844034
0.84500000 -0.02805079
0.84600000 -0.02766538
0.84700000 -0.02728417
0.84800000 -0.02690723
0.84900000 -0.02653461
0.85000000 -0.02616637
0.85100000 -0.02580253
0.85200000 -0.02544314
0.85300000 -0.02508821
0.85400000 -0.02473776
0.85500000 -0.02439180
0.85600000 -0.02405033
0.85700000 -0.02371336
0.85800000 -0.02338087
0.85900000 -0.02305286
0.86000000 -0.02272932
0.86100000 -0.02241022
0.86200000 -0.02209554
0.86300000 -0.02178526
0.86400000 -0.02147936
0.86500000 -0.02117780
0.86600000 -0.02088054
0.86700000 -0.02058756
0.86800000 -0.02029882
0.86900000 -0.02001428
0.87000000 -0.01973391
0.87100000 -0.01945765
0.87200000 -0.01918546
0.87300000 -0.01891732
0.87400000 -0.01865316
0.87500000 -0.01839294
0.87600000 -0.01813662
0.87700000 -0.01788415
0.87800000 -0.01763549
0.87900000 -0.01739058
0.88000000 -0.01714938
0.88100000 -0.01691184
0.88200000 -0.01667791
0.88300000 -0.01644755
0.88400000 -0.01622070
0.88500000 -0.01599732
0.88600000 -0.01577735
0.88700000 -0.01556075
0.88800000 -0.01534748
0.88900000 -0.01513748
0.89000000 -0.01493070
0.89100000 -0.01472711
0.89200000 -0.01452664
0.89300000 -0.01432926
0.89400000 -0.01413491
0.89500000 -0.01394356
0.89600000 -0.01375515
0.89700000 -0.01356965
0.89800000 -0.01338699
0.89900000 -0.01320716
0.90000000 -0.01303008
0.90100000 -0.01285574
0.90200000 -0.01268407
0.90300000 -0.01251504
0.90400000 -0.01234861
0.90500000 -0.01218474
0.90600000 -0.01202338
0.90700000 -0.01186450
0.90800000 -0.01170804
0.90900000 -0.01155399
0.91000000 -0.01140229
0.91100000 -0.01125291
0.91200000 -0.01110581
0.91300000 -0.01096096
0.91400000 -0.01081831
0.91500000 -0.01067783
0.91600000 -0.01053949
0.91700000 -0.01040325
0.91800000 -0.01026907
0.91900000 -0.01013693
0.92000000 -0.01000679
0.92100000 -0.00987861
0.92200000 -0.00975237
0.92300000 -0.00962803
0.92400000 -0.00950555
0.92500000 -0.00938492
0.92600000 -0.00926610
0.92700000 -0.00914906
0.92800000 -0.00903377
0.92900000 -0.00892020
0.93000000 -0.00880832
0.93100000 -0.00869810
0.93200000 -0.00858953
0.93300000 -0.00848256
0.93400000 -0.00837718
0.93500000 -0.00827336
0.93600000 -0.00817107
0.93700000 -0.00807028
0.93800000 -0.00797098
0.93900000 -0.00787314
0.94000000 -0.00777673
0.94100000 -0.00768173
0.94200000 -0.00758811
0.94300000 -0.00749586
0.94400000 -0.00740495
0.94500000 -0.00731537
0.94600000 -0.00722708
0.94700000 -0.00714007
0.94800000 -0.00705431
0.94900000 -0.00696979
0.95000000 -0.00688648
0.95100000 -0.00680437
0.95200000 -0.00672344
0.95300000 -0.00664366
0.95400000 -0.00656503
0.95500000 -0.00648751
0.95600000 -0.00641109
0.95700000 -0.00633576
0.95800000 -0.00626149
0.95900000 -0.00618828
0.96000000 -0.00611609
0.96100000 -0.00604492
0.96200000 -0.00597475
0.96300000 -0.00590556
0.96400000 -0.00583734
0.96500000 -0.00577008
0.96600000 -0.00570374
0.96700000 -0.00563834
0.96800000 -0.00557383
0.96900000 -0.00551022
0.97000000 -0.00544749
0.97100000 -0.00538563
0.97200000 -0.00532461
0.97300000 -0.00526443
0.97400000 -0.00520508
0.97500000 -0.00514653
0.97600000 -0.00508879
0.97700000 -0.00503183
0.97800000 -0.00497564
0.97900000 -0.00492022
0.98000000 -0.00486554
0.98100000 -0.00481161
0.98200000 -0.00475840
0.98300000 -0.00470590
0.98400000 -0.00465411
0.98500000 -0.00460301
0.98600000 -0.00455259
0.98700000 -0.00450284
0.98800000 -0.00445376
0.98900000 -0.00440533
0.99000000 -0.00435753
0.99100000 -0.00431037
0.99200000 -0.00426383
0.99300000 -0.00421790
0.99400000 -0.00417258
0.99500000 -0.00412785
0.99600000 -0.00408370
0.99700000 -0.00404013
0.99800000 -0.00399712
0.99900000 -0.00395468
1.00000000 -0.00391278
1.00100000 -0.00387143
1.00200000 -0.00383060
1.00300000 -0.00379031
1.00400000 -0.00375053
1.00500000 -0.00371126
1.00600000 -0.00367249
1.00700000 -0.00363422
1.00800000 -0.00359643
1.00900000 -0.00355913
1.01000000 -0.00352230
1.01100000 -0.00348593
1.01200000 -0.00345002
1.01300000 -0.00341457
1.01400000 -0.00337956
1.01500000 -0.00334499
1.01600000 -0.00331085
1.01700000 -0.00327714
1.01800000 -0.00324385
1.01900000 -0.00321097
1.02000000 -0.00317851
1.02100000 -0.00314644
1.02200000 -0.00311477
1.02300000 -0.00308349
1.02400000 -0.00305259
1.02500000 -0.00302208
1.02600000 -0.00299193
1.02700000 -0.00296216
1.02800000 -0.00293275
1.02900000 -0.00290370
1.03000000 -0.00287500
1.03100000 -0.00284664
1.03200000 -0.00281864
1.03300000 -0.00279096
1.03400000 -0.00276363
1.03500000 -0.00273662
1.03600000 -0.00270993
1.03700000 -0.00268357
1.03800000 -0.00265752
1.03900000 -0.00263177
1.04000000 -0.00260634
1.04100000 -0.00258121
1.04200000 -0.00255637
1.04300000 -0.00253183
1.04400000 -0.00250758
1.04500000 -0.00248361
1.04600000 -0.00245993
1.04700000 -0.00243652
1.04800000 -0.00241339
1.04900000 -0.00239052
1.05000000 -0.00236792
1.05100000 -0.00234559
1.05200000 -0.00232351
1.05300000 -0.00230169
1.05400000 -0.00228012
1.05500000 -0.00225880
1.05600000 -0.00223773
1.05700000 -0.00221690
1.05800000 -0.00219630
1.05900000 -0.00217594
1.06000000 -0.00215581
1.06100000 -0.00213592
1.06200000 -0.00211625
1.06300000 -0.00209680
1.06400000 -0.00207757
1.06500000 -0.00205856
1.06600000 -0.00203976
1.06700000 -0.00202117
1.06800000 -0.00200280
1.06900000 -0.00198462
1.07000000 -0.00196666
1.07100000 -0.00194889
1.07200000 -0.00193132
1.07300000 -0.00191394
1.07400000 -0.00189676
1.07500000 -0.00187977
1.07600000 -0.00186296
1.07700000 -0.00184634
1.07800000 -0.00182990
1.07900000 -0.00181365
1.08000000 -0.00179757
1.08100000 -0.00178167
1.08200000 -0.00176594
1.08300000 -0.00175038
1.08400000 -0.00173499
1.08500000 -0.00171977
1.08600000 -0.00170471
1.08700000 -0.00168981
1.08800000 -0.00167508
1.08900000 -0.00166050
1.09000000 -0.00164608
1.09100000 -0.00163182
1.09200000 -0.00161771
1.09300000 -0.00160374
1.09400000 -0.00158993
1.09500000 -0.00157626
1.09600000 -0.00156274
1.09700000 -0.00154936
1.09800000 -0.00153613
1.09900000 -0.00152303
1.10000000 -0.00151007
1.10100000 -0.00149725
1.10200000 -0.00148456
1.10300000 -0.00147200
1.10400000 -0.00145958
1.10500000 -0.00144728
1.10600000 -0.00143511
1.10700000 -0.00142307
1.10800000 -0.00141116
1.10900000 -0.00139936
1.11000000 -0.00138769
1.11100000 -0.00137614
1.11200000 -0.00136471
1.11300000 -0.00135339
1.11400000 -0.00134219
1.11500000 -0.00133111
1.11600000 -0.00132014
1.11700000 -0.00130928
1.11800000 -0.00129853
1.11900000 -0.00128789
1.12000000 -0.00127736
1.12100000 -0.00126693
1.12200000 -0.00125661
1.12300000 -0.00124639
1.12400000 -0.00123628
1.12500000 -0.00122627
1.12600000 -0.00121635
1.12700000 -0.00120654
1.12800000 -0.00119683
1.12900000 -0.00118721
1.13000000 -0.00117768
1.13100000 -0.00116825
1.13200000 -0.00115892
1.13300000 -0.00114968
1.13400000 -0.00114052
1.13500000 -0.00113146
1.13600000 -0.00112249
1.13700000 -0.00111361
1.13800000 -0.00110481
1.13900000 -0.00109610
1.14000000 -0.00108747
1.14100000 -0.00107893
1.14200000 -0.00107047
1.14300000 -0.00106209
1.14400000 -0.00105379
1.14500000 -0.00104558
1.14600000 -0.00103744
1.14700000 -0.00102938
1.14800000 -0.00102140
1.14900000 -0.00101350
1.15000000 -0.00100567
1.15100000 -0.00099791
1.15200000 -0.00099024
1.15300000 -0.00098263
1.15400000 -0.00097509
1.15500000 -0.00096763
1.15600000 -0.00096024
1.15700000 -0.00095292
1.15800000 -0.00094566
1.15900000 -0.00093848
1.16000000 -0.00093136
1.16100000 -0.00092431
1.16200000 -0.00091733
1.16300000 -0.00091041
1.16400000 -0.00090356
1.16500000 -0.00089677
1.16600000 -0.00089004
1.16700000 -0.00088337
1.16800000 -0.00087677
1.16900000 -0.00087023
1.17000000 -0.00086375
1.17100000 -0.00085733
1.17200000 -0.00085097
1.17300000 -0.00084466
1.17400000 -0.00083842
1.17500000 -0.00083223
1.17600000 -0.00082610
1.17700000 -0.00082002
1.17800000 -0.00081400
1.17900000 -0.00080803
1.18000000 -0.00080212
1.18100000 -0.00079626
1.18200000 -0.00079046
1.18300000 -0.00078471
1.18400000 -0.00077901
1.18500000 -0.00077336
1.18600000 -0.00076776
1.18700000 -0.00076221
1.18800000 -0.00075671
1.18900000 -0.00075126
1.19000000 -0.00074586
1.19100000 -0.00074051
1.19200000 -0.00073520
1.19300000 -0.00072995
1.19400000 -0.00072473
1.19500000 -0.00071957
1.19600000 -0.00071445
1.19700000 -0.00070938
1.19800000 -0.00070435
1.19900000 -0.00069936
1.20000000 -0.00069442
1.20100000 -0.00068952
1.20200000 -0.00068466
1.20300000 -0.00067985
1.20400000 -0.00067508
1.20500000 -0.00067035
1.20600000 -0.00066566
1.20700000 -0.00066102
1.20800000 -0.00065641
1.20900000 -0.00065184
1.21000000 -0.00064731
1.21100000 -0.00064282
1.21200000 -0.00063837
1.21300000 -0.00063396
1.21400000 -0.00062958
1.21500000 -0.00062525
1.21600000 -0.00062095
1.21700000 -0.00061668
1.21800000 -0.00061246
1.21900000 -0.00060827
1.22000000 -0.00060411
1.22100000 -0.00059999
1.22200000 -0.00059591
1.22300000 -0.00059185
1.22400000 -0.00058784
1.22500000 -0.00058385
1.22600000 -0.00057991
1.22700000 -0.00057599
1.22800000 -0.00057211
1.22900000 -0.00056826
1.23000000 -0.00056444
1.23100000 -0.00056065
1.23200000 -0.00055689
1.23300000 -0.00055317
1.23400000 -0.00054948
1.23500000 -0.00054581
1.23600000 -0.00054218
1.23700000 -0.00053858
1.23800000 -0.00053501
1.23900000 -0.00053146
1.24000000 -0.00052795
1.24100000 -0.00052446
1.24200000 -0.00052101
1.24300000 -0.00051758
1.24400000 -0.00051418
1.24500000 -0.00051081
1.24600000 -0.00050746
1.24700000 -0.00050414
1.24800000 -0.00050085
1.24900000 -0.00049759
1.25000000 -0.00049435
1.25100000 -0.00049114
1.25200000 -0.00048795
1.25300000 -0.00048479
1.25400000 -0.00048166
1.25500000 -0.00047855
1.25600000 -0.00047546
1.25700000 -0.00047240
1.25800000 -0.00046937
1.25900000 -0.00046636
1.26000000 -0.00046337
1.26100000 -0.00046041
1.26200000 -0.00045747
1.26300000 -0.00045455
1.26400000 -0.00045166
1.26500000 -0.00044879
1.26600000 -0.00044594
1.26700000 -0.00044311
1.26800000 -0.00044031
1.26900000 -0.00043753
1.27000000 -0.00043477
1.27100000 -0.00043203
1.27200000 -0.00042931
1.27300000 -0.00042662
1.27400000 -0.00042395
1.27500000 -0.00042129
1.27600000 -0.00041866
1.27700000 -0.00041605
1.27800000 -0.00041346
1.27900000 -0.00041088
1.28000000 -0.00040833
1.28100000 -0.00040580
1.28200000 -0.00040329
1.28300000 -0.00040079
1.28400000 -0.00039832
1.28500000 -0.00039586
1.28600000 -0.00039343
1.28700000 -0.00039101
1.28800000 -0.00038861
1.28900000 -0.00038623
1.29000000 -0.00038386
1.29100000 -0.00038152
1.29200000 -0.00037919
1.29300000 -0.00037688
1.29400000 -0.00037459
1.29500000 -0.00037232
1.29600000 -0.00037006
1.29700000 -0.00036782
1.29800000 -0.00036559
1.29900000 -0.00036339
1.30000000 -0.00036120
1.30100000 -0.00035902
1.30200000 -0.00035686
1.30300000 -0.00035472
1.30400000 -0.00035260
1.30500000 -0.00035049
1.30600000 -0.00034839
1.30700000 -0.00034631
1.30800000 -0.00034425
1.30900000 -0.00034220
1.31000000 -0.00034017
1.31100000 -0.00033815
1.31200000 -0.00033615
1.31300000 -0.00033416
1.31400000 -0.00033219
1.31500000 -0.00033023
1.31600000 -0.00032828
1.31700000 -0.00032635
1.31800000 -0.00032444
1.31900000 -0.00032254
1.32000000 -0.00032065
1.32100000 -0.00031877
1.32200000 -0.00031691
1.32300000 -0.00031506
1.32400000 -0.00031323
1.32500000 -0.00031141
1.32600000 -0.00030960
1.32700000 -0.00030781
1.32800000 -0.00030602
1.32900000 -0.00030426
1.33000000 -0.00030250
1.33100000 -0.00030076
1.33200000 -0.00029902
1.33300000 -0.00029731
1.33400000 -0.00029560
1.33500000 -0.00029391
1.33600000 -0.00029222
1.33700000 -0.00029055
1.33800000 -0.00028889
1.33900000 -0.00028725
1.34000000 -0.00028561
1.34100000 -0.00028399
1.34200000 -0.00028238
1.34300000 -0.00028078
1.34400000 -0.00027919
1.34500000 -0.00027761
1.34600000 -0.00027604
1.34700000 -0.00027449
1.34800000 -0.00027294
1.34900000 -0.00027141
1.35000000 -0.00026989
1.35100000 -0.00026837
1.35200000 -0.00026687
1.35300000 -0.00026538
1.35400000 -0.00026390
1.35500000 -0.00026243
1.35600000 -0.00026097
1.35700000 -0.00025951
1.35800000 -0.00025807
1.35900000 -0.00025664
1.36000000 -0.00025522
1.36100000 -0.00025381
1.36200000 -0.00025241
1.36300000 -0.00025102
1.36400000 -0.00024963
1.36500000 -0.00024826
1.36600000 -0.00024690
1.36700000 -0.00024554
1.36800000 -0.00024420
1.36900000 -0.00024286
1.37000000 -0.00024154
1.37100000 -0.00024022
1.37200000 -0.00023891
1.37300000 -0.00023761
1.37400000 -0.00023632
1.37500000 -0.00023504
1.37600000 -0.00023376
1.37700000 -0.00023250
1.37800000 -0.00023124
1.37900000 -0.00023000
1.38000000 -0.00022876
1.38100000 -0.00022752
1.38200000 -0.00022630
1.38300000 -0.00022509
1.38400000 -0.00022388
1.38500000 -0.00022268
1.38600000 -0.00022149
1.38700000 -0.00022031
1.38800000 -0.00021913
1.38900000 -0.00021796
1.39000000 -0.00021681
1.39100000 -0.00021565
1.39200000 -0.00021451
1.39300000 -0.00021337
1.39400000 -0.00021224
1.39500000 -0.00021112
1.39600000 -0.00021001
1.39700000 -0.00020890
1.39800000 -0.00020780
1.39900000 -0.00020671
1.40000000 -0.00020562
1.40100000 -0.00020455
1.40200000 -0.00020347
1.40300000 -0.00020241
1.40400000 -0.00020135
1.40500000 -0.00020030
1.40600000 -0.00019926
1.40700000 -0.00019822
1.40800000 -0.00019719
1.40900000 -0.00019617
1.41000000 -0.00019515
1.41100000 -0.00019414
1.41200000 -0.00019314
1.41300000 -0.00019214
1.41400000 -0.00019115
1.41500000 -0.00019016
1.41600000 -0.00018919
1.41700000 -0.00018821
1.41800000 -0.00018725
1.41900000 -0.00018629
1.42000000 -0.00018534
1.42100000 -0.00018439
1.42200000 -0.00018345
1.42300000 -0.00018251
1.42400000 -0.00018158
1.42500000 -0.00018066
1.42600000 -0.00017974
1.42700000 -0.00017883
1.42800000 -0.00017792
1.42900000 -0.00017702
1.43000000 -0.00017613
1.43100000 -0.00017524
1.43200000 -0.00017435
1.43300000 -0.00017348
1.43400000 -0.00017260
1.43500000 -0.00017174
1.43600000 -0.00017088
1.43700000 -0.00017002
1.43800000 -0.00016917
1.43900000 -0.00016832
1.44000000 -0.00016748
1.44100000 -0.00016665
1.44200000 -0.00016582
1.44300000 -0.00016499
1.44400000 -0.00016417
1.44500000 -0.00016336
1.44600000 -0.00016255
1.44700000 -0.00016174
1.44800000 -0.00016095
1.44900000 -0.00016015
1.45000000 -0.00015936
1.45100000 -0.00015858
1.45200000 -0.00015780
1.45300000 -0.00015702
1.45400000 -0.00015625
1.45500000 -0.00015548
1.45600000 -0.00015472
1.45700000 -0.00015397
1.45800000 -0.00015321
1.45900000 -0.00015247
1.46000000 -0.00015172
1.46100000 -0.00015099
1.46200000 -0.00015025
1.46300000 -0.00014952
1.46400000 -0.00014880
1.46500000 -0.00014808
1.46600000 -0.00014736
1.46700000 -0.00014665
1.46800000 -0.00014594
1.46900000 -0.00014524
1.47000000 -0.00014454
1.47100000 -0.00014384
1.47200000 -0.00014315
1.47300000 -0.00014247
1.47400000 -0.00014178
1.47500000 -0.00014110
1.47600000 -0.00014043
1.47700000 -0.00013976
1.47800000 -0.00013909
1.47900000 -0.00013843
1.48000000 -0.00013777
1.48100000 -0.00013712
1.48200000 -0.00013647
1.48300000 -0.00013582
1.48400000 -0.00013518
1.48500000 -0.00013454
1.48600000 -0.00013390
1.48700000 -0.00013327
1.48800000 -0.00013264
1.48900000 -0.00013202
1.49000000 -0.00013140
1.49100000 -0.00013078
1.49200000 -0.00013017
1.49300000 -0.00012956
1.49400000 -0.00012895
1.49500000 -0.00012835
1.49600000 -0.00012775
1.49700000 -0.00012715
1.49800000 -0.00012656
1.49900000 -0.00012597
1.50000000 -0.00012538
1.50100000 -0.00012480
1.50200000 -0.00012422
1.50300000 -0.00012365
1.50400000 -0.00012308
1.50500000 -0.00012251
1.50600000 -0.00012194
1.50700000 -0.00012138
1.50800000 -0.00012082
1.50900000 -0.00012026
1.51000000 -0.00011971
1.51100000 -0.00011916
1.51200000 -0.00011862
1.51300000 -0.00011807
1.51400000 -0.00011753
1.51500000 -0.00011700
1.51600000 -0.00011646
1.51700000 -0.00011593
1.51800000 -0.00011540
1.51900000 -0.00011488
1.52000000 -0.00011436
1.52100000 -0.00011384
1.52200000 -0.00011332
1.52300000 -0.00011281
1.52400000 -0.00011230
1.52500000 -0.00011179
1.52600000 -0.00011128
1.52700000 -0.00011078
1.52800000 -0.00011028
1.52900000 -0.00010979
1.53000000 -0.00010929
1.53100000 -0.00010880
1.53200000 -0.00010832
1.53300000 -0.00010783
1.53400000 -0.00010735
1.53500000 -0.00010687
1.53600000 -0.00010639
1.53700000 -0.00010592
1.53800000 -0.00010545
1.53900000 -0.00010498
1.54000000 -0.00010451
1.54100000 -0.00010405
1.54200000 -0.00010358
1.54300000 -0.00010313
1.54400000 -0.00010267
1.54500000 -0.00010222
1.54600000 -0.00010176
1.54700000 -0.00010132
1.54800000 -0.00010087
1.54900000 -0.00010043
1.55000000 -0.00009998
1.55100000 -0.00009955
1.55200000 -0.00009911
1.55300000 -0.00009867
1.55400000 -0.00009824
1.55500000 -0.00009781
1.55600000 -0.00009739
1.55700000 -0.00009696
1.55800000 -0.00009654
1.55900000 -0.00009612
1.56000000 -0.00009570
1.56100000 -0.00009528
1.56200000 -0.00009487
1.56300000 -0.00009446
1.56400000 -0.00009405
1.56500000 -0.00009364
1.56600000 -0.00009324
1.56700000 -0.00009284
1.56800000 -0.00009244
1.56900000 -0.00009204
1.57000000 -0.00009164
1.57100000 -0.00009125
1.57200000 -0.00009086
1.57300000 -0.00009047
1.57400000 -0.00009008
1.57500000 -0.00008969
1.57600000 -0.00008931
1.57700000 -0.00008893
1.57800000 -0.00008855
1.57900000 -0.00008817
1.58000000 -0.00008780
1.58100000 -0.00008742
1.58200000 -0.00008705
1.58300000 -0.00008668
1.58400000 -0.00008632
1.58500000 -0.00008595
1.58600000 -0.00008559
1.58700000 -0.00008523
1.58800000 -0.00008487
1.58900000 -0.00008451
1.59000000 -0.00008415
1.59100000 -0.00008380
1.59200000 -0.00008345
1.59300000 -0.00008310
1.59400000 -0.00008275
1.59500000 -0.00008240
1.59600000 -0.00008206
1.59700000 -0.00008171
1.59800000 -0.00008137
1.59900000 -0.00008103
1.60000000 -0.00008069
1.60100000 -0.00008036
1.60200000 -0.00008002
1.60300000 -0.00007969
1.60400000 -0.00007936
1.60500000 -0.00007903
1.60600000 -0.00007870
1.60700000 -0.00007838
1.60800000 -0.00007805
1.60900000 -0.00007773
1.61000000 -0.00007741
1.61100000 -0.00007709
1.61200000 -0.00007677
1.61300000 -0.00007646
1.61400000 -0.00007614
1.61500000 -0.00007583
1.61600000 -0.00007552
1.61700000 -0.00007521
1.61800000 -0.00007490
1.61900000 -0.00007460
1.62000000 -0.00007429
1.62100000 -0.00007399
1.62200000 -0.00007369
1.62300000 -0.00007339
1.62400000 -0.00007309
1.62500000 -0.00007279
1.62600000 -0.00007250
1.62700000 -0.00007220
1.62800000 -0.00007191
1.62900000 -0.00007162
1.63000000 -0.00007133
1.63100000 -0.00007104
1.63200000 -0.00007075
1.63300000 -0.00007047
1.63400000 -0.00007019
1.63500000 -0.00006990
1.63600000 -0.00006962
1.63700000 -0.00006934
1.63800000 -0.00006906
1.63900000 -0.00006879
1.64000000 -0.00006851
1.64100000 -0.00006824
1.64200000 -0.00006797
1.64300000 -0.00006769
1.64400000 -0.00006742
1.64500000 -0.00006716
1.64600000 -0.00006689
1.64700000 -0.00006662
1.64800000 -0.00006636
1.64900000 -0.00006609
1.65000000 -0.00006583
1.65100000 -0.00006557
1.65200000 -0.00006531
1.65300000 -0.00006505
1.65400000 -0.00006480
1.65500000 -0.00006454
1.65600000 -0.00006429
1.65700000 -0.00006403
1.65800000 -0.00006378
1.65900000 -0.00006353
1.66000000 -0.00006328
1.66100000 -0.00006303
1.66200000 -0.00006279
1.66300000 -0.00006254
1.66400000 -0.00006230
1.66500000 -0.00006205
1.66600000 -0.00006181
1.66700000 -0.00006157
1.66800000 -0.00006133
1.66900000 -0.00006109
1.67000000 -0.00006085
1.67100000 -0.00006062
1.67200000 -0.00006038
1.67300000 -0.00006015
1.67400000 -0.00005992
1.67500000 -0.00005968
1.67600000 -0.00005945
1.67700000 -0.00005922
1.67800000 -0.00005900
1.67900000 -0.00005877
1.68000000 -0.00005854
1.68100000 -0.00005832
1.68200000 -0.00005809
1.68300000 -0.00005787
1.68400000 -0.00005765
1.68500000 -0.00005743
1.68600000 -0.00005721
1.68700000 -0.00005699
1.68800000 -0.00005677
1.68900000 -0.00005655
1.69000000 -0.00005634
1.69100000 -0.00005612
1.69200000 -0.00005591
1.69300000 -0.00005570
1.69400000 -0.00005549
1.69500000 -0.00005527
1.69600000 -0.00005507
1.69700000 -0.00005486
1.69800000 -0.00005465
1.69900000 -0.00005444
1.70000000 -0.00005424
1.70100000 -0.00005403
1.70200000 -0.00005383
1.70300000 -0.00005363
1.70400000 -0.00005342
1.70500000 -0.00005322
1.70600000 -0.00005302
1.70700000 -0.00005282
1.70800000 -0.00005263
1.70900000 -0.00005243
1.71000000 -0.00005223
1.71100000 -0.00005204
1.71200000 -0.00005184
1.71300000 -0.00005165
1.71400000 -0.00005146
1.71500000 -0.00005126
1.71600000 -0.00005107
1.71700000 -0.00005088
1.71800000 -0.00005069
1.71900000 -0.00005051
1.72000000 -0.00005032
1.72100000 -0.00005013
1.72200000 -0.00004995
1.72300000 -0.00004976
1.72400000 -0.00004958
1.72500000 -0.00004940
1.72600000 -0.00004921
1.72700000 -0.00004903
1.72800000 -0.00004885
1.72900000 -0.00004867
1.73000000 -0.00004849
1.73100000 -0.00004831
1.73200000 -0.00004814
1.73300000 -0.00004796
1.73400000 -0.00004779
1.73500000 -0.00004761
1.73600000 -0.00004744
1.73700000 -0.00004726
1.73800000 -0.00004709
1.73900000 -0.00004692
1.74000000 -0.00004675
1.74100000 -0.00004658
1.74200000 -0.00004641
1.74300000 -0.00004624
1.74400000 -0.00004607
1.74500000 -0.00004591
1.74600000 -0.00004574
1.74700000 -0.00004557
1.74800000 -0.00004541
1.74900000 -0.00004525
1.75000000 -0.00004508
1.75100000 -0.00004492
1.75200000 -0.00004476
1.75300000 -0.00004460
1.75400000 -0.00004444
1.75500000 -0.00004428
1.75600000 -0.00004412
1.75700000 -0.00004396
1.75800000 -0.00004380
1.75900000 -0.00004365
1.76000000 -0.00004349
1.76100000 -0.00004333
1.76200000 -0.00004318
1.76300000 -0.00004302
1.76400000 -0.00004287
1.76500000 -0.00004272
1.76600000 -0.00004257
1.76700000 -0.00004242
1.76800000 -0.00004226
1.76900000 -0.00004211
1.77000000 -0.00004197
1.77100000 -0.00004182
1.77200000 -0.00004167
1.77300000 -0.00004152
1.77400000 -0.00004138
1.77500000 -0.00004123
1.77600000 -0.00004108
1.77700000 -0.00004094
1.77800000 -0.00004079
1.77900000 -0.00004065
1.78000000 -0.00004051
1.78100000 -0.00004037
1.78200000 -0.00004022
1.78300000 -0.00004008
1.78400000 -0.00003994
1.78500000 -0.00003980
1.78600000 -0.00003966
1.78700000 -0.00003953
1.78800000 -0.00003939
1.78900000 -0.00003925
1.79000000 -0.00003911
1.79100000 -0.00003898
1.79200000 -0.00003884
1.79300000 -0.00003871
1.79400000 -0.00003857
1.79500000 -0.00003844
1.79600000 -0.00003831
1.79700000 -0.00003817
1.79800000 -0.00003804
1.79900000 -0.00003791
1.80000000 -0.00003778
1.80100000 -0.00003765
1.80200000 -0.00003752
1.80300000 -0.00003739
1.80400000 -0.00003726
1.80500000 -0.00003713
1.80600000 -0.00003700
1.80700000 -0.00003688
1.80800000 -0.00003675
1.80900000 -0.00003662
1.81000000 -0.00003650
1.81100000 -0.00003637
1.81200000 -0.00003625
1.81300000 -0.00003613
1.81400000 -0.00003600
1.81500000 -0.00003588
1.81600000 -0.00003576
1.81700000 -0.00003564
1.81800000 -0.00003552
1.81900000 -0.00003539
1.82000000 -0.00003527
1.82100000 -0.00003515
1.82200000 -0.00003504
1.82300000 -0.00003492
1.82400000 -0.00003480
1.82500000 -0.00003468
1.82600000 -0.00003456
1.82700000 -0.00003445
1.82800000 -0.00003433
1.82900000 -0.00003422
1.83000000 -0.00003410
1.83100000 -0.00003399
1.83200000 -0.00003387
1.83300000 -0.00003376
1.83400000 -0.00003364
1.83500000 -0.00003353
1.83600000 -0.00003342
1.83700000 -0.00003331
1.83800000 -0.00003320
1.83900000 -0.00003308
1.84000000 -0.00003297
1.84100000 -0.00003286
1.84200000 -0.00003275
1.84300000 -0.00003265
1.84400000 -0.00003254
1.84500000 -0.00003243
1.84600000 -0.00003232
1.84700000 -0.00003221
1.84800000 -0.00003211
1.84900000 -0.00003200
1.85000000 -0.00003189
1.85100000 -0.00003179
1.85200000 -0.00003168
1.85300000 -0.00003158
1.85400000 -0.00003147
1.85500000 -0.00003137
1.85600000 -0.00003127
1.85700000 -0.00003116
1.85800000 -0.00003106
1.85900000 -0.00003096
1.86000000 -0.00003086
1.86100000 -0.00003076
1.86200000 -0.00003066
1.86300000 -0.00003056
1.86400000 -0.00003046
1.86500000 -0.00003036
1.86600000 -0.00003026
1.86700000 -0.00003016
1.86800000 -0.00003006
1.86900000 -0.00002996
1.87000000 -0.00002986
1.87100000 -0.00002977
1.87200000 -0.00002967
1.87300000 -0.00002957
1.87400000 -0.00002948
1.87500000 -0.00002938
1.87600000 -0.00002929
1.87700000 -0.00002919
1.87800000 -0.00002910
1.87900000 -0.00002900
1.88000000 -0.00002891
1.88100000 -0.00002882
1.88200000 -0.00002872
1.88300000 -0.00002863
1.88400000 -0.00002854
1.88500000 -0.00002845
1.88600000 -0.00002835
1.88700000 -0.00002826
1.88800000 -0.00002817
1.88900000 -0.00002808
1.89000000 -0.00002799
1.89100000 -0.00002790
1.89200000 -0.00002781
1.89300000 -0.00002772
1.89400000 -0.00002764
1.89500000 -0.00002755
1.89600000 -0.00002746
1.89700000 -0.00002737
1.89800000 -0.00002728
1.89900000 -0.00002720
1.90000000 -0.00002711
1.90100000 -0.00002703
1.90200000 -0.00002694
1.90300000 -0.00002685
1.90400000 -0.00002677
1.90500000 -0.00002668
1.90600000 -0.00002660
1.90700000 -0.00002652
1.90800000 -0.00002643
1.90900000 -0.00002635
1.91000000 -0.00002626
1.91100000 -0.00002618
1.91200000 -0.00002610
1.91300000 -0.00002602
1.91400000 -0.00002594
1.91500000 -0.00002585
1.91600000 -0.00002577
1.91700000 -0.00002569
1.91800000 -0.00002561
1.91900000 -0.00002553
1.92000000 -0.00002545
1.92100000 -0.00002537
1.92200000 -0.00002529
1.92300000 -0.00002521
1.92400000 -0.00002513
1.92500000 -0.00002506
1.92600000 -0.00002498
1.92700000 -0.00002490
1.92800000 -0.00002482
1.92900000 -0.00002475
1.93000000 -0.00002467
1.93100000 -0.00002459
1.93200000 -0.00002452
1.93300000 -0.00002444
1.93400000 -0.00002436
1.93500000 -0.00002429
1.93600000 -0.00002421
1.93700000 -0.00002414
1.93800000 -0.00002406
1.93900000 -0.00002399
1.94000000 -0.00002392
1.94100000 -0.00002384
1.94200000 -0.00002377
1.94300000 -0.00002370
1.94400000 -0.00002362
1.94500000 -0.00002355
1.94600000 -0.00002348
1.94700000 -0.00002341
1.94800000 -0.00002333
1.94900000 -0.00002326
1.95000000 -0.00002319
1.95100000 -0.00002312
1.95200000 -0.00002305
1.95300000 -0.00002298
1.95400000 -0.00002291
1.95500000 -0.00002284
1.95600000 -0.00002277
1.95700000 -0.00002270
1.95800000 -0.00002263
1.95900000 -0.00002256
1.96000000 -0.00002249
1.96100000 -0.00002243
1.96200000 -0.00002236
1.96300000 -0.00002229
1.96400000 -0.00002222
1.96500000 -0.00002216
1.96600000 -0.00002209
1.96700000 -0.00002202
1.96800000 -0.00002196
1.96900000 -0.00002189
1.97000000 -0.00002182
1.97100000 -0.00002176
1.97200000 -0.00002169
1.97300000 -0.00002163
1.97400000 -0.00002156
1.97500000 -0.00002150
1.97600000 -0.00002143
1.97700000 -0.00002137
1.97800000 -0.00002130
1.97900000 -0.00002124
1.98000000 -0.00002118
1.98100000 -0.00002111
1.98200000 -0.00002105
1.98300000 -0.00002099
1.98400000 -0.00002093
1.98500000 -0.00002086
1.98600000 -0.00002080
1.98700000 -0.00002074
1.98800000 -0.00002068
1.98900000 -0.00002062
1.99000000 -0.00002055
1.99100000 -0.00002049
1.99200000 -0.00002043
1.99300000 -0.00002037
1.99400000 -0.00002031
1.99500000 -0.00002025
1.99600000 -0.00002019
1.99700000 -0.00002013
1.99800000 -0.00002007
1.99900000 -0.00002001
2.00000000 -0.00001995
