0.10000000 2592441562.50000000
0.10100000 2300642137.13499451
0.10200000 2044089465.79567647
0.10300000 1818241182.87358427
0.10400000 1619176353.65883684
0.10500000 1443505616.62209702
0.10600000 1288295006.35436726
0.10700000 1151001271.52617979
0.10800000 1029416867.53818893
0.10900000 921623105.13859117
0.11000000 825950185.74278200
0.11100000 740943060.89130509
0.11200000 665332224.85330820
0.11300000 598008692.03983963
0.11400000 538002529.70806932
0.11500000 484464415.56191707
0.11600000 436649772.68545485
0.11700000 393905103.57176268
0.11800000 355656203.12464279
0.11900000 321397979.30229563
0.12000000 290685651.09839588
0.12100000 263127128.10451660
0.12200000 238376405.03386343
0.12300000 216127829.19327074
0.12400000 196111119.70178857
0.12500000 178087034.88000000
0.12600000 161843599.18247959
0.12700000 147192813.74044055
0.12800000 133967785.37661660
0.12900000 122020218.14607956
0.13000000 111218219.29317380
0.13100000 101444378.20429984
0.13200000 92594082.65387426
0.13300000 84574041.53363086
0.13400000 77300987.44752790
0.13500000 70700536.15051349
0.13600000 64706182.89764038
0.13700000 59258418.42527025
0.13800000 54303949.57165255
0.13900000 49795011.51368108
0.14000000 45688760.29569434
0.14100000 41946735.79350970
0.14200000 38534386.52543879
0.14300000 35420648.81989740
0.14400000 32577573.80035150
0.14500000 29979996.47318860
0.14600000 27605241.92015748
0.14700000 25432864.21924766
0.14800000 23444414.25910499
0.14900000 21623233.08330568
0.15000000 19954267.81147858
0.15100000 18423907.54249503
0.15200000 17019836.95772531
0.15300000 15730905.61570197
0.15400000 14547011.16862658
0.15500000 13458994.94048138
0.15600000 12458548.48992922
0.15700000 11538129.94205107
0.15800000 10690889.01417151
0.15900000 9910599.78507115
0.16000000 9191600.36595201
0.16100000 8528738.72749882
0.16200000 7917324.02190376
0.16300000 7353082.81322112
0.16400000 6832119.69513355
0.16500000 6350881.83322324
0.16600000 5906127.02009259
0.16700000 5494894.87699177
0.16800000 5114480.87570391
0.16900000 4762412.88993947
0.17000000 4436430.01694905
0.17100000 4134463.43795987
0.17200000 3854619.11079488
0.17300000 3595162.11001642
0.17400000 3354502.44947106
0.17500000 3131182.23948339
0.17600000 2923864.04640531
0.17700000 2731320.33599264
0.17800000 2552423.89434696
0.17900000 2386139.13109729
0.18000000 2231514.17925529
0.18100000 2087673.71488986
0.18200000 1953812.42755116
0.18300000 1829189.07933233
0.18400000 1713121.09668158
0.18500000 1604979.64464874
0.18600000 1504185.13823988
0.18700000 1410203.15002553
0.18800000 1322540.67715725
0.18900000 1240742.73454535
0.19000000 1164389.24417971
0.19100000 1093092.19347745
0.19200000 1026493.03814808
0.19300000 964260.32741210
0.19400000 906087.53151879
0.19500000 851691.05340853
0.19600000 800808.40807617
0.19700000 753196.55473408
0.19800000 708630.36826423
0.19900000 666901.23770364
0.20000000 627815.78063965
0.20100000 591194.66341531
0.20200000 556871.51796891
0.20300000 524691.94696787
0.20400000 494512.60965344
0.20500000 466200.38149641
0.20600000 439631.58138411
0.20700000 414691.26062014
0.20800000 391272.54852675
0.20900000 369276.04990150
0.21000000 348609.28999812
0.21100000 329186.20308139
0.21200000 310926.66095088
0.21300000 293756.03814169
0.21400000 277604.81079537
0.21500000 262408.18645295
0.21600000 248105.76225784
0.21700000 234641.20927083
0.21800000 221961.98079463
0.21900000 210019.04278323
0.22000000 198766.62457372
0.22100000 188161.98832573
0.22200000 178165.21568854
0.22300000 168739.01033926
0.22400000 159848.51514718
0.22500000 151461.14282250
0.22600000 143546.41900109
0.22700000 136075.83680262
0.22800000 129022.72197773
0.22900000 122362.10783150
0.23000000 116070.61917618
0.23100000 110126.36462594
0.23200000 104508.83660146
0.23300000 99198.81846268
0.23400000 94178.29823385
0.23500000 89430.38842760
0.23600000 84939.25151356
0.23700000 80690.03061243
0.23800000 76668.78502928
0.23900000 72862.43026999
0.24000000 69258.68221184
0.24100000 65846.00512527
0.24200000 62613.56326635
0.24300000 59551.17578167
0.24400000 56649.27468642
0.24500000 53898.86569493
0.24600000 51291.49169958
0.24700000 48819.19870910
0.24800000 46474.50407178
0.24900000 44250.36682194
0.25000000 42140.16000000
0.25100000 40137.64480772
0.25200000 38236.94647025
0.25300000 36432.53168620
0.25400000 34719.18755551
0.25500000 33092.00188299
0.25600000 31546.34476288
0.25700000 30077.85135651
0.25800000 28682.40578163
0.25900000 27356.12603762
0.26000000 26095.34989645
0.26100000 24896.62169412
0.26200000 23756.67996193
0.26300000 22672.44584131
0.26400000 21641.01222990
0.26500000 20659.63361005
0.26600000 19725.71651472
0.26700000 18836.81058843
0.26800000 17990.60020431
0.26900000 17184.89660056
0.27000000 16417.63050250
0.27100000 15686.84519861
0.27200000 14990.69004101
0.27300000 14327.41434298
0.27400000 13695.36164793
0.27500000 13092.96434605
0.27600000 12518.73861627
0.27700000 11971.27967288
0.27800000 11449.25729744
0.27900000 10951.41163792
0.28000000 10476.54925820
0.28100000 10023.53942223
0.28200000 9591.31059812
0.28300000 9178.84716840
0.28400000 8785.18633372
0.28500000 8409.41519791
0.28600000 8050.66802319
0.28700000 7708.12364518
0.28800000 7381.00303773
0.28900000 7068.56701847
0.29000000 6770.11408665
0.29100000 6484.97838491
0.29200000 6212.52777789
0.29300000 5952.16204020
0.29400000 5703.31114753
0.29500000 5465.43366452
0.29600000 5238.01522363
0.29700000 5020.56708968
0.29800000 4812.62480486
0.29900000 4613.74690954
0.30000000 4423.51373436
0.30100000 4241.52625939
0.30200000 4067.40503657
0.30300000 3900.78917146
0.30400000 3741.33536122
0.30500000 3588.71698515
0.30600000 3442.62324511
0.30700000 3302.75835269
0.30800000 3168.84076062
0.30900000 3040.60243571
0.31000000 2917.78817112
0.31100000 2800.15493560
0.31200000 2687.47125771
0.31300000 2579.51664286
0.31400000 2476.08102156
0.31500000 2376.96422692
0.31600000 2281.97549985
0.31700000 2190.93302045
0.31800000 2103.66346402
0.31900000 2020.00158044
0.32000000 1939.78979551
0.32100000 1862.87783318
0.32200000 1789.12235734
0.32300000 1718.38663231
0.32400000 1650.54020077
0.32500000 1585.45857840
0.32600000 1523.02296419
0.32700000 1463.11996558
0.32800000 1405.64133766
0.32900000 1350.48373570
0.33000000 1297.54848021
0.33100000 1246.74133394
0.33200000 1197.97229010
0.33300000 1151.15537132
0.33400000 1106.20843865
0.33500000 1063.05301014
0.33600000 1021.61408853
0.33700000 981.81999741
0.33800000 943.60222566
0.33900000 906.89527947
0.34000000 871.63654177
0.34100000 837.76613846
0.34200000 805.22681136
0.34300000 773.96379723
0.34400000 743.92471282
0.34500000 715.05944545
0.34600000 687.32004891
0.34700000 660.66064441
0.34800000 635.03732634
0.34900000 610.40807251
0.35000000 586.73265875
0.35100000 563.97257760
0.35200000 542.09096084
0.35300000 521.05250575
0.35400000 500.82340486
0.35500000 481.37127904
0.35600000 462.66511374
0.35700000 444.67519823
0.35800000 427.37306770
0.35900000 410.73144810
0.36000000 394.72420352
0.36100000 379.32628603
0.36200000 364.51368789
0.36300000 350.26339592
0.36400000 336.55334805
0.36500000 323.36239181
0.36600000 310.67024474
0.36700000 298.45745667
0.36800000 286.70537368
0.36900000 275.39610372
0.37000000 264.51248376
0.37100000 254.03804852
0.37200000 243.95700052
0.37300000 234.25418158
0.37400000 224.91504546
0.37500000 215.92563193
0.37600000 207.27254183
0.37700000 198.94291333
0.37800000 190.92439923
0.37900000 183.20514528
0.38000000 175.77376945
0.38100000 168.61934215
0.38200000 161.73136725
0.38300000 155.09976402
0.38400000 148.71484985
0.38500000 142.56732367
0.38600000 136.64825013
0.38700000 130.94904454
0.38800000 125.46145832
0.38900000 120.17756524
0.39000000 115.08974811
0.39100000 110.19068618
0.39200000 105.47334297
0.39300000 100.93095470
0.39400000 96.55701921
0.39500000 92.34528530
0.39600000 88.28974255
0.39700000 84.38461165
0.39800000 80.62433501
0.39900000 77.00356789
0.40000000 73.51716980
0.40100000 70.16019636
0.40200000 66.92789142
0.40300000 63.81567959
0.40400000 60.81915900
0.40500000 57.93409442
0.40600000 55.15641070
0.40700000 52.48218636
0.40800000 49.90764756
0.40900000 47.42916231
0.41000000 45.04323484
0.41100000 42.74650031
0.41200000 40.53571962
0.41300000 38.40777457
0.41400000 36.35966309
0.41500000 34.38849475
0.41600000 32.49148641
0.41700000 30.66595807
0.41800000 28.90932888
0.41900000 27.21911333
0.42000000 25.59291752
0.42100000 24.02843571
0.42200000 22.52344690
0.42300000 21.07581158
0.42400000 19.68346863
0.42500000 18.34443233
0.42600000 17.05678947
0.42700000 15.81869662
0.42800000 14.62837747
0.42900000 13.48412028
0.43000000 12.38427547
0.43100000 11.32725325
0.43200000 10.31152136
0.43300000 9.33560293
0.43400000 8.39807442
0.43500000 7.49756357
0.43600000 6.63274752
0.43700000 5.80235098
0.43800000 5.00514440
0.43900000 4.23994235
0.44000000 3.50560182
0.44100000 2.80102067
0.44200000 2.12513613
0.44300000 1.47692332
0.44400000 0.85539388
0.44500000 0.25959462
0.44600000 -0.31139378
0.44700000 -0.85845801
0.44800000 -1.38245331
0.44900000 -1.88420465
0.45000000 -2.36450779
0.45100000 -2.82413039
0.45200000 -3.26381300
0.45300000 -3.68427005
0.45400000 -4.08619081
0.45500000 -4.47024028
0.45600000 -4.83706009
0.45700000 -5.18726933
0.45800000 -5.52146535
0.45900000 -5.84022457
0.46000000 -6.14410320
0.46100000 -6.43363800
0.46200000 -6.70934694
0.46300000 -6.97172991
0.46400000 -7.22126932
0.46500000 -7.45843075
0.46600000 -7.68366356
0.46700000 -7.89740145
0.46800000 -8.10006301
0.46900000 -8.29205227
0.47000000 -8.47375921
0.47100000 -8.64556024
0.47200000 -8.80781871
0.47300000 -8.96088536
0.47400000 -9.10509874
0.47500000 -9.24078567
0.47600000 -9.36826164
0.47700000 -9.48783120
0.47800000 -9.59978835
0.47900000 -9.70441691
0.48000000 -9.80199088
0.48100000 -9.89277476
0.48200000 -9.97702391
0.48300000 -10.05498485
0.48400000 -10.12689559
0.48500000 -10.19298587
0.48600000 -10.25347754
0.48700000 -10.30858472
0.48800000 -10.35851417
0.48900000 -10.40346548
0.49000000 -10.44363134
0.49100000 -10.47919778
0.49200000 -10.51034440
0.49300000 -10.53724458
0.49400000 -10.56006569
0.49500000 -10.57896933
0.49600000 -10.59411149
0.49700000 -10.60564277
0.49800000 -10.61370853
0.49900000 -10.61844912
0.50000000 -10.62000000
0.50100000 -10.61111715
0.50200000 -10.58517329
0.50300000 -10.54319570
0.50400000 -10.48617275
0.50500000 -10.41505502
0.50600000 -10.33075633
0.50700000 -10.23415478
0.50800000 -10.12609377
0.50900000 -10.00738294
0.51000000 -9.87879920
0.51100000 -9.74108764
0.51200000 -9.59496245
0.51300000 -9.44110784
0.51400000 -9.28017895
0.51500000 -9.11280268
0.51600000 -8.93957855
0.51700000 -8.76107955
0.51800000 -8.57785295
0.51900000 -8.39042107
0.52000000 -8.19928206
0.52100000 -8.00491072
0.52200000 -7.80775915
0.52300000 -7.60825754
0.52400000 -7.40681487
0.52500000 -7.20381957
0.52600000 -6.99964025
0.52700000 -6.79462631
0.52800000 -6.58910860
0.52900000 -6.38340008
0.53000000 -6.17779639
0.53100000 -5.97257647
0.53200000 -5.76800316
0.53300000 -5.56432372
0.53400000 -5.36177045
0.53500000 -5.16056120
0.53600000 -4.96089989
0.53700000 -4.76297703
0.53800000 -4.56697023
0.53900000 -4.37304471
0.54000000 -4.18135373
0.54100000 -3.99203906
0.54200000 -3.80523147
0.54300000 -3.62105113
0.54400000 -3.43960807
0.54500000 -3.26100256
0.54600000 -3.08532553
0.54700000 -2.91265896
0.54800000 -2.74307628
0.54900000 -2.57664271
0.55000000 -2.41341564
0.55100000 -2.25344496
0.55200000 -2.09677344
0.55300000 -1.94343701
0.55400000 -1.79346510
0.55500000 -1.64688097
0.55600000 -1.50370198
0.55700000 -1.36393989
0.55800000 -1.22760114
0.55900000 -1.09468715
0.56000000 -0.96519454
0.56100000 -0.83911541
0.56200000 -0.71643760
0.56300000 -0.59714491
0.56400000 -0.48121733
0.56500000 -0.36863127
0.56600000 -0.25935980
0.56700000 -0.15337280
0.56800000 -0.05063724
0.56900000 0.04888271
0.57000000 0.14522541
0.57100000 0.23843165
0.57200000 0.32854439
0.57300000 0.41560868
0.57400000 0.49967141
0.57500000 0.58078125
0.57600000 0.65898840
0.57700000 0.73434454
0.57800000 0.80690260
0.57900000 0.87671673
0.58000000 0.94384207
0.58100000 1.00833469
0.58200000 1.07025148
0.58300000 1.12964999
0.58400000 1.18658835
0.58500000 1.24112518
0.58600000 1.29331947
0.58700000 1.34323050
0.58800000 1.39091772
0.58900000 1.43644072
0.59000000 1.47985911
0.59100000 1.52123242
0.59200000 1.56062010
0.59300000 1.59808136
0.59400000 1.63367519
0.59500000 1.66746021
0.59600000 1.69949470
0.59700000 1.72983645
0.59800000 1.75854280
0.59900000 1.78567050
0.60000000 1.81127572
0.60100000 1.83541400
0.60200000 1.85814017
0.60300000 1.87950835
0.60400000 1.89957188
0.60500000 1.91838333
0.60600000 1.93599441
0.60700000 1.95245596
0.60800000 1.96781795
0.60900000 1.98212940
0.61000000 1.99543841
0.61100000 2.00779209
0.61200000 2.01923655
0.61300000 2.02981690
0.61400000 2.03957721
0.61500000 2.04856051
0.61600000 2.05680874
0.61700000 2.06436276
0.61800000 2.07126237
0.61900000 2.07754621
0.62000000 2.08325182
0.62100000 2.08841563
0.62200000 2.09307291
0.62300000 2.09725776
0.62400000 2.10100317
0.62500000 2.10434092
0.62600000 2.10730166
0.62700000 2.10991483
0.62800000 2.11220872
0.62900000 2.11421041
0.63000000 2.11594581
0.63100000 2.11743962
0.63200000 2.11871536
0.63300000 2.11979534
0.63400000 2.12070069
0.63500000 2.12145133
0.63600000 2.12206596
0.63700000 2.12256209
0.63800000 2.12295603
0.63900000 2.12326289
0.64000000 2.12349654
0.64100000 2.12366968
0.64200000 2.12379378
0.64300000 2.12387912
0.64400000 2.12393475
0.64500000 2.12396853
0.64600000 2.12398711
0.64700000 2.12399592
0.64800000 2.12399919
0.64900000 2.12399995
0.65000000 2.12400000
0.65100000 2.12385698
0.65200000 2.12342794
0.65300000 2.12271285
0.65400000 2.12171171
0.65500000 2.12042445
0.65600000 2.11885099
0.65700000 2.11699111
0.65800000 2.11484452
0.65900000 2.11241073
0.66000000 2.10968905
0.66100000 2.10667852
0.66200000 2.10337785
0.66300000 2.09978536
0.66400000 2.09589890
0.66500000 2.09171577
0.66600000 2.08723265
0.66700000 2.08244553
0.66800000 2.07734957
0.66900000 2.07193907
0.67000000 2.06620733
0.67100000 2.06014659
0.67200000 2.05374791
0.67300000 2.04700106
0.67400000 2.03989448
0.67500000 2.03241513
0.67600000 2.02454843
0.67700000 2.01627814
0.67800000 2.00758636
0.67900000 1.99845336
0.68000000 1.98885761
0.68100000 1.97877569
0.68200000 1.96818228
0.68300000 1.95705012
0.68400000 1.94535010
0.68500000 1.93305123
0.68600000 1.92012075
0.68700000 1.90652424
0.68800000 1.89222577
0.68900000 1.87718807
0.69000000 1.86137281
0.69100000 1.84474088
0.69200000 1.82725274
0.69300000 1.80886882
0.69400000 1.78955003
0.69500000 1.76925824
0.69600000 1.74795693
0.69700000 1.72561182
0.69800000 1.70219157
0.69900000 1.67766856
0.70000000 1.65201968
0.70100000 1.62522715
0.70200000 1.59727934
0.70300000 1.56817161
0.70400000 1.53790705
0.70500000 1.50649729
0.70600000 1.47396306
0.70700000 1.44033481
0.70800000 1.40565307
0.70900000 1.36996872
0.71000000 1.33334306
0.71100000 1.29584764
0.71200000 1.25756400
0.71300000 1.21858303
0.71400000 1.17900423
0.71500000 1.13893473
0.71600000 1.09848810
0.71700000 1.05778303
0.71800000 1.01694188
0.71900000 0.97608907
0.72000000 0.93534950
0.72100000 0.89484696
0.72200000 0.85470249
0.72300000 0.81503294
0.72400000 0.77594953
0.72500000 0.73755668
0.72600000 0.69995091
0.72700000 0.66322000
0.72800000 0.62744233
0.72900000 0.59268646
0.73000000 0.55901087
0.73100000 0.52646391
0.73200000 0.49508396
0.73300000 0.46489971
0.73400000 0.43593056
0.73500000 0.40818721
0.73600000 0.38167224
0.73700000 0.35638082
0.73800000 0.33230143
0.73900000 0.30941660
0.74000000 0.28770369
0.74100000 0.26713557
0.74200000 0.24768138
0.74300000 0.22930718
0.74400000 0.21197658
0.74500000 0.19565132
0.74600000 0.18029181
0.74700000 0.16585758
0.74800000 0.15230771
0.74900000 0.13960123
0.75000000 0.12769739
0.75100000 0.11655597
0.75200000 0.10613748
0.75300000 0.09640339
0.75400000 0.08731624
0.75500000 0.07883979
0.75600000 0.07093907
0.75700000 0.06358050
0.75800000 0.05673191
0.75900000 0.05036255
0.76000000 0.04444309
0.76100000 0.03894567
0.76200000 0.03384383
0.76300000 0.02911249
0.76400000 0.02472794
0.76500000 0.02066777
0.76600000 0.01691086
0.76700000 0.01343729
0.76800000 0.01022835
0.76900000 0.00726641
0.77000000 0.00453493
0.77100000 0.00201840
0.77200000 -0.00029773
0.77300000 -0.00242712
0.77400000 -0.00438253
0.77500000 -0.00617591
0.77600000 -0.00781845
0.77700000 -0.00932060
0.77800000 -0.01069215
0.77900000 -0.01194221
0.78000000 -0.01307932
0.78100000 -0.01411144
0.78200000 -0.01504599
0.78300000 -0.01588993
0.78400000 -0.01664971
0.78500000 -0.01733137
0.78600000 -0.01794053
0.78700000 -0.01848245
0.78800000 -0.01896202
0.78900000 -0.01938379
0.79000000 -0.01975202
0.79100000 -0.02007067
0.79200000 -0.02034342
0.79300000 -0.02057371
0.79400000 -0.02076474
0.79500000 -0.02091950
0.79600000 -0.02104077
0.79700000 -0.02113112
0.79800000 -0.02119298
0.79900000 -0.02122857
0.80000000 -0.02124000
0.80100000 -0.02122920
0.80200000 -0.02119798
0.80300000 -0.02114802
0.80400000 -0.02108090
0.80500000 -0.02099806
0.80600000 -0.02090087
0.80700000 -0.02079058
0.80800000 -0.02066837
0.80900000 -0.02053532
0.81000000 -0.02039245
0.81100000 -0.02024071
0.81200000 -0.02008096
0.81300000 -0.01991402
0.81400000 -0.01974064
0.81500000 -0.01956153
0.81600000 -0.01937733
0.81700000 -0.01918864
0.81800000 -0.01899603
0.81900000 -0.01880002
0.82000000 -0.01860108
0.82100000 -0.01839966
0.82200000 -0.01819617
0.82300000 -0.01799100
0.82400000 -0.01778449
0.82500000 -0.01757696
0.82600000 -0.01736873
0.82700000 -0.01716006
0.82800000 -0.01695122
0.82900000 -0.01674243
0.83000000 -0.01653391
0.83100000 -0.01632586
0.83200000 -0.01611847
0.83300000 -0.01591190
0.83400000 -0.01570629
0.83500000 -0.01550180
0.83600000 -0.01529855
0.83700000 -0.01509665
0.83800000 -0.01489622
0.83900000 -0.01469733
0.84000000 -0.01450009
0.84100000 -0.01430456
0.84200000 -0.01411081
0.84300000 -0.01391892
0.84400000 -0.01372893
0.84500000 -0.01354088
0.84600000 -0.01335483
0.84700000 -0.01317081
0.84800000 -0.01298885
0.84900000 -0.01280898
0.85000000 -0.01263122
0.85100000 -0.01245559
0.85200000 -0.01228210
0.85300000 -0.01211076
0.85400000 -0.01194159
0.85500000 -0.01177459
0.85600000 -0.01160975
0.85700000 -0.01144708
0.85800000 -0.01128658
0.85900000 -0.01112824
0.86000000 -0.01097206
0.86100000 -0.01081802
0.86200000 -0.01066612
0.86300000 -0.01051634
0.86400000 -0.01036867
0.86500000 -0.01022310
0.86600000 -0.01007961
0.86700000 -0.00993818
0.86800000 -0.00979880
0.86900000 -0.00966144
0.87000000 -0.00952609
0.87100000 -0.00939274
0.87200000 -0.00926135
0.87300000 -0.00913190
0.87400000 -0.00900439
0.87500000 -0.00887877
0.87600000 -0.00875504
0.87700000 -0.00863317
0.87800000 -0.00851313
0.87900000 -0.00839491
0.88000000 -0.00827847
0.88100000 -0.00816381
0.88200000 -0.00805088
0.88300000 -0.00793968
0.88400000 -0.00783017
0.88500000 -0.00772234
0.88600000 -0.00761616
0.88700000 -0.00751160
0.88800000 -0.00740865
0.88900000 -0.00730727
0.89000000 -0.00720746
0.89100000 -0.00710918
0.89200000 -0.00701240
0.89300000 -0.00691712
0.89400000 -0.00682331
0.89500000 -0.00673094
0.89600000 -0.00663999
0.89700000 -0.00655044
0.89800000 -0.00646227
0.89900000 -0.00637545
0.90000000 -0.00628998
0.90100000 -0.00620582
0.90200000 -0.00612295
0.90300000 -0.00604135
0.90400000 -0.00596101
0.90500000 -0.00588191
0.90600000 -0.00580401
0.90700000 -0.00572732
0.90800000 -0.00565179
0.90900000 -0.00557743
0.91000000 -0.00550420
0.91100000 -0.00543209
0.91200000 -0.00536108
0.91300000 -0.00529115
0.91400000 -0.00522229
0.91500000 -0.00515448
0.91600000 -0.00508770
0.91700000 -0.00502193
0.91800000 -0.00495716
0.91900000 -0.00489337
0.92000000 -0.00483055
0.92100000 -0.00476868
0.92200000 -0.00470773
0.92300000 -0.00464771
0.92400000 -0.00458859
0.92500000 -0.00453036
0.92600000 -0.00447300
0.92700000 -0.00441650
0.92800000 -0.00436085
0.92900000 -0.00430602
0.93000000 -0.00425202
0.93100000 -0.00419881
0.93200000 -0.00414640
0.93300000 -0.00409476
0.93400000 -0.00404389
0.93500000 -0.00399378
0.93600000 -0.00394440
0.93700000 -0.00389575
0.93800000 -0.00384781
0.93900000 -0.00380058
0.94000000 -0.00375404
0.94100000 -0.00370818
0.94200000 -0.00366299
0.94300000 -0.00361846
0.94400000 -0.00357457
0.94500000 -0.00353133
0.94600000 -0.00348871
0.94700000 -0.00344670
0.94800000 -0.00340531
0.94900000 -0.00336451
0.95000000 -0.00332429
0.95100000 -0.00328466
0.95200000 -0.00324559
0.95300000 -0.00320708
0.95400000 -0.00316912
0.95500000 -0.00313170
0.95600000 -0.00309481
0.95700000 -0.00305844
0.95800000 -0.00302259
0.95900000 -0.00298725
0.96000000 -0.00295240
0.96100000 -0.00291805
0.96200000 -0.00288417
0.96300000 -0.00285078
0.96400000 -0.00281784
0.96500000 -0.00278537
0.96600000 -0.00275335
0.96700000 -0.00272178
0.96800000 -0.00269064
0.96900000 -0.00265994
0.97000000 -0.00262965
0.97100000 -0.00259979
0.97200000 -0.00257033
0.97300000 -0.00254128
0.97400000 -0.00251263
0.97500000 -0.00248437
0.97600000 -0.00245650
0.97700000 -0.00242900
0.97800000 -0.00240188
0.97900000 -0.00237512
0.98000000 -0.00234873
0.98100000 -0.00232269
0.98200000 -0.00229701
0.98300000 -0.00227167
0.98400000 -0.00224666
0.98500000 -0.00222200
0.98600000 -0.00219766
0.98700000 -0.00217365
0.98800000 -0.00214995
0.98900000 -0.00212657
0.99000000 -0.00210350
0.99100000 -0.00208073
0.99200000 -0.00205827
0.99300000 -0.00203610
0.99400000 -0.00201422
0.99500000 -0.00199262
0.99600000 -0.00197131
0.99700000 -0.00195028
0.99800000 -0.00192952
0.99900000 -0.00190903
1.00000000 -0.00188881
1.00100000 -0.00186884
1.00200000 -0.00184914
1.00300000 -0.00182968
1.00400000 -0.00181048
1.00500000 -0.00179153
1.00600000 -0.00177281
1.00700000 -0.00175434
1.00800000 -0.00173610
1.00900000 -0.00171809
1.01000000 -0.00170031
1.01100000 -0.00168275
1.01200000 -0.00166542
1.01300000 -0.00164831
1.01400000 -0.00163141
1.01500000 -0.00161472
1.01600000 -0.00159824
1.01700000 -0.00158197
1.01800000 -0.00156590
1.01900000 -0.00155002
1.02000000 -0.00153435
1.02100000 -0.00151887
1.02200000 -0.00150358
1.02300000 -0.00148848
1.02400000 -0.00147357
1.02500000 -0.00145884
1.02600000 -0.00144429
1.02700000 -0.00142992
1.02800000 -0.00141572
1.02900000 -0.00140169
1.03000000 -0.00138784
1.03100000 -0.00137415
1.03200000 -0.00136063
1.03300000 -0.00134727
1.03400000 -0.00133408
1.03500000 -0.00132104
1.03600000 -0.00130816
1.03700000 -0.00129543
1.03800000 -0.00128286
1.03900000 -0.00127043
1.04000000 -0.00125815
1.04100000 -0.00124602
1.04200000 -0.00123403
1.04300000 -0.00122218
1.04400000 -0.00121048
1.04500000 -0.00119891
1.04600000 -0.00118747
1.04700000 -0.00117617
1.04800000 -0.00116501
1.04900000 -0.00115397
1.05000000 -0.00114306
1.05100000 -0.00113228
1.05200000 -0.00112162
1.05300000 -0.00111109
1.05400000 -0.00110068
1.05500000 -0.00109039
1.05600000 -0.00108021
1.05700000 -0.00107016
1.05800000 -0.00106021
1.05900000 -0.00105039
1.06000000 -0.00104067
1.06100000 -0.00103107
1.06200000 -0.00102157
1.06300000 -0.00101218
1.06400000 -0.00100290
1.06500000 -0.00099372
1.06600000 -0.00098465
1.06700000 -0.00097568
1.06800000 -0.00096680
1.06900000 -0.00095803
1.07000000 -0.00094936
1.07100000 -0.00094078
1.07200000 -0.00093230
1.07300000 -0.00092391
1.07400000 -0.00091562
1.07500000 -0.00090741
1.07600000 -0.00089930
1.07700000 -0.00089128
1.07800000 -0.00088334
1.07900000 -0.00087550
1.08000000 -0.00086774
1.08100000 -0.00086006
1.08200000 -0.00085247
1.08300000 -0.00084496
1.08400000 -0.00083753
1.08500000 -0.00083018
1.08600000 -0.00082291
1.08700000 -0.00081572
1.08800000 -0.00080861
1.08900000 -0.00080157
1.09000000 -0.00079461
1.09100000 -0.00078772
1.09200000 -0.00078091
1.09300000 -0.00077417
1.09400000 -0.00076750
1.09500000 -0.00076091
1.09600000 -0.00075438
1.09700000 -0.00074792
1.09800000 -0.00074153
1.09900000 -0.00073521
1.10000000 -0.00072895
1.10100000 -0.00072276
1.10200000 -0.00071664
1.10300000 -0.00071058
1.10400000 -0.00070458
1.10500000 -0.00069864
1.10600000 -0.00069277
1.10700000 -0.00068696
1.10800000 -0.00068120
1.10900000 -0.00067551
1.11000000 -0.00066988
1.11100000 -0.00066430
1.11200000 -0.00065878
1.11300000 -0.00065332
1.11400000 -0.00064791
1.11500000 -0.00064256
1.11600000 -0.00063727
1.11700000 -0.00063202
1.11800000 -0.00062684
1.11900000 -0.00062170
1.12000000 -0.00061661
1.12100000 -0.00061158
1.12200000 -0.00060660
1.12300000 -0.00060167
1.12400000 -0.00059679
1.12500000 -0.00059195
1.12600000 -0.00058717
1.12700000 -0.00058243
1.12800000 -0.00057774
1.12900000 -0.00057310
1.13000000 -0.00056850
1.13100000 -0.00056395
1.13200000 -0.00055944
1.13300000 -0.00055498
1.13400000 -0.00055056
1.13500000 -0.00054619
1.13600000 -0.00054186
1.13700000 -0.00053757
1.13800000 -0.00053332
1.13900000 -0.00052912
1.14000000 -0.00052495
1.14100000 -0.00052083
1.14200000 -0.00051674
1.14300000 -0.00051270
1.14400000 -0.00050870
1.14500000 -0.00050473
1.14600000 -0.00050080
1.14700000 -0.00049691
1.14800000 -0.00049306
1.14900000 -0.00048924
1.15000000 -0.00048546
1.15100000 -0.00048172
1.15200000 -0.00047801
1.15300000 -0.00047434
1.15400000 -0.00047070
1.15500000 -0.00046710
1.15600000 -0.00046353
1.15700000 -0.00046000
1.15800000 -0.00045650
1.15900000 -0.00045303
1.16000000 -0.00044959
1.16100000 -0.00044619
1.16200000 -0.00044282
1.16300000 -0.00043948
1.16400000 -0.00043617
1.16500000 -0.00043289
1.16600000 -0.00042965
1.16700000 -0.00042643
1.16800000 -0.00042324
1.16900000 -0.00042008
1.17000000 -0.00041695
1.17100000 -0.00041386
1.17200000 -0.00041078
1.17300000 -0.00040774
1.17400000 -0.00040473
1.17500000 -0.00040174
1.17600000 -0.00039878
1.17700000 -0.00039585
1.17800000 -0.00039294
1.17900000 -0.00039006
1.18000000 -0.00038721
1.18100000 -0.00038438
1.18200000 -0.00038158
1.18300000 -0.00037880
1.18400000 -0.00037605
1.18500000 -0.00037332
1.18600000 -0.00037062
1.18700000 -0.00036794
1.18800000 -0.00036528
1.18900000 -0.00036265
1.19000000 -0.00036005
1.19100000 -0.00035746
1.19200000 -0.00035490
1.19300000 -0.00035236
1.19400000 -0.00034985
1.19500000 -0.00034736
1.19600000 -0.00034488
1.19700000 -0.00034243
1.19800000 -0.00034001
1.19900000 -0.00033760
1.20000000 -0.00033521
1.20100000 -0.00033285
1.20200000 -0.00033051
1.20300000 -0.00032818
1.20400000 -0.00032588
1.20500000 -0.00032360
1.20600000 -0.00032133
1.20700000 -0.00031909
1.20800000 -0.00031687
1.20900000 -0.00031466
1.21000000 -0.00031247
1.21100000 -0.00031031
1.21200000 -0.00030816
1.21300000 -0.00030603
1.21400000 -0.00030392
1.21500000 -0.00030182
1.21600000 -0.00029975
1.21700000 -0.00029769
1.21800000 -0.00029565
1.21900000 -0.00029363
1.22000000 -0.00029162
1.22100000 -0.00028963
1.22200000 -0.00028766
1.22300000 -0.00028570
1.22400000 -0.00028377
1.22500000 -0.00028184
1.22600000 -0.00027994
1.22700000 -0.00027805
1.22800000 -0.00027617
1.22900000 -0.00027431
1.23000000 -0.00027247
1.23100000 -0.00027064
1.23200000 -0.00026883
1.23300000 -0.00026703
1.23400000 -0.00026525
1.23500000 -0.00026348
1.23600000 -0.00026173
1.23700000 -0.00025999
1.23800000 -0.00025826
1.23900000 -0.00025655
1.24000000 -0.00025486
1.24100000 -0.00025317
1.24200000 -0.00025150
1.24300000 -0.00024985
1.24400000 -0.00024821
1.24500000 -0.00024658
1.24600000 -0.00024497
1.24700000 -0.00024336
1.24800000 -0.00024178
1.24900000 -0.00024020
1.25000000 -0.00023864
1.25100000 -0.00023709
1.25200000 -0.00023555
1.25300000 -0.00023402
1.25400000 -0.00023251
1.25500000 -0.00023101
1.25600000 -0.00022952
1.25700000 -0.00022804
1.25800000 -0.00022658
1.25900000 -0.00022512
1.26000000 -0.00022368
1.26100000 -0.00022225
1.26200000 -0.00022083
1.26300000 -0.00021942
1.26400000 -0.00021803
1.26500000 -0.00021664
1.26600000 -0.00021527
1.26700000 -0.00021390
1.26800000 -0.00021255
1.26900000 -0.00021121
1.27000000 -0.00020987
1.27100000 -0.00020855
1.27200000 -0.00020724
1.27300000 -0.00020594
1.27400000 -0.00020465
1.27500000 -0.00020337
1.27600000 -0.00020210
1.27700000 -0.00020084
1.27800000 -0.00019959
1.27900000 -0.00019834
1.28000000 -0.00019711
1.28100000 -0.00019589
1.28200000 -0.00019468
1.28300000 -0.00019347
1.28400000 -0.00019228
1.28500000 -0.00019109
1.28600000 -0.00018992
1.28700000 -0.00018875
1.28800000 -0.00018759
1.28900000 -0.00018644
1.29000000 -0.00018530
1.29100000 -0.00018417
1.29200000 -0.00018305
1.29300000 -0.00018193
1.29400000 -0.00018083
1.29500000 -0.00017973
1.29600000 -0.00017864
1.29700000 -0.00017756
1.29800000 -0.00017648
1.29900000 -0.00017542
1.30000000 -0.00017436
1.30100000 -0.00017331
1.30200000 -0.00017227
1.30300000 -0.00017123
1.30400000 -0.00017021
1.30500000 -0.00016919
1.30600000 -0.00016818
1.30700000 -0.00016718
1.30800000 -0.00016618
1.30900000 -0.00016519
1.31000000 -0.00016421
1.31100000 -0.00016324
1.31200000 -0.00016227
1.31300000 -0.00016131
1.31400000 -0.00016036
1.31500000 -0.00015941
1.31600000 -0.00015847
1.31700000 -0.00015754
1.31800000 -0.00015662
1.31900000 -0.00015570
1.32000000 -0.00015479
1.32100000 -0.00015388
1.32200000 -0.00015298
1.32300000 -0.00015209
1.32400000 -0.00015120
1.32500000 -0.00015033
1.32600000 -0.00014945
1.32700000 -0.00014859
1.32800000 -0.00014773
1.32900000 -0.00014687
1.33000000 -0.00014602
1.33100000 -0.00014518
1.33200000 -0.00014435
1.33300000 -0.00014352
1.33400000 -0.00014269
1.33500000 -0.00014188
1.33600000 -0.00014106
1.33700000 -0.00014026
1.33800000 -0.00013946
1.33900000 -0.00013866
1.34000000 -0.00013787
1.34100000 -0.00013709
1.34200000 -0.00013631
1.34300000 -0.00013554
1.34400000 -0.00013477
1.34500000 -0.00013401
1.34600000 -0.00013325
1.34700000 -0.00013250
1.34800000 -0.00013176
1.34900000 -0.00013102
1.35000000 -0.00013028
1.35100000 -0.00012955
1.35200000 -0.00012883
1.35300000 -0.00012811
1.35400000 -0.00012739
1.35500000 -0.00012668
1.35600000 -0.00012597
1.35700000 -0.00012527
1.35800000 -0.00012458
1.35900000 -0.00012389
1.36000000 -0.00012320
1.36100000 -0.00012252
1.36200000 -0.00012184
1.36300000 -0.00012117
1.36400000 -0.00012051
1.36500000 -0.00011984
1.36600000 -0.00011918
1.36700000 -0.00011853
1.36800000 -0.00011788
1.36900000 -0.00011724
1.37000000 -0.00011660
1.37100000 -0.00011596
1.37200000 -0.00011533
1.37300000 -0.00011470
1.37400000 -0.00011408
1.37500000 -0.00011346
1.37600000 -0.00011284
1.37700000 -0.00011223
1.37800000 -0.00011163
1.37900000 -0.00011102
1.38000000 -0.00011043
1.38100000 -0.00010983
1.38200000 -0.00010924
1.38300000 -0.00010866
1.38400000 -0.00010807
1.38500000 -0.00010749
1.38600000 -0.00010692
1.38700000 -0.00010635
1.38800000 -0.00010578
1.38900000 -0.00010522
1.39000000 -0.00010466
1.39100000 -0.00010410
1.39200000 -0.00010355
1.39300000 -0.00010300
1.39400000 -0.00010246
1.39500000 -0.00010191
1.39600000 -0.00010138
1.39700000 -0.00010084
1.39800000 -0.00010031
1.39900000 -0.00009978
1.40000000 -0.00009926
1.40100000 -0.00009874
1.40200000 -0.00009822
1.40300000 -0.00009771
1.40400000 -0.00009720
1.40500000 -0.00009669
1.40600000 -0.00009619
1.40700000 -0.00009569
1.40800000 -0.00009519
1.40900000 -0.00009470
1.41000000 -0.00009420
1.41100000 -0.00009372
1.41200000 -0.00009323
1.41300000 -0.00009275
1.41400000 -0.00009227
1.41500000 -0.00009180
1.41600000 -0.00009133
1.41700000 -0.00009086
1.41800000 -0.00009039
1.41900000 -0.00008993
1.42000000 -0.00008947
1.42100000 -0.00008901
1.42200000 -0.00008855
1.42300000 -0.00008810
1.42400000 -0.00008765
1.42500000 -0.00008721
1.42600000 -0.00008677
1.42700000 -0.00008633
1.42800000 -0.00008589
1.42900000 -0.00008545
1.43000000 -0.00008502
1.43100000 -0.00008459
1.43200000 -0.00008417
1.43300000 -0.00008374
1.43400000 -0.00008332
1.43500000 -0.00008290
1.43600000 -0.00008249
1.43700000 -0.00008207
1.43800000 -0.00008166
1.43900000 -0.00008125
1.44000000 -0.00008085
1.44100000 -0.00008045
1.44200000 -0.00008004
1.44300000 -0.00007965
1.44400000 -0.00007925
1.44500000 -0.00007886
1.44600000 -0.00007847
1.44700000 -0.00007808
1.44800000 -0.00007769
1.44900000 -0.00007731
1.45000000 -0.00007693
1.45100000 -0.00007655
1.45200000 -0.00007617
1.45300000 -0.00007580
1.45400000 -0.00007543
1.45500000 -0.00007506
1.45600000 -0.00007469
1.45700000 -0.00007432
1.45800000 -0.00007396
1.45900000 -0.00007360
1.46000000 -0.00007324
1.46100000 -0.00007289
1.46200000 -0.00007253
1.46300000 -0.00007218
1.46400000 -0.00007183
1.46500000 -0.00007148
1.46600000 -0.00007114
1.46700000 -0.00007079
1.46800000 -0.00007045
1.46900000 -0.00007011
1.47000000 -0.00006977
1.47100000 -0.00006944
1.47200000 -0.00006910
1.47300000 -0.00006877
1.47400000 -0.00006844
1.47500000 -0.00006812
1.47600000 -0.00006779
1.47700000 -0.00006747
1.47800000 -0.00006714
1.47900000 -0.00006682
1.48000000 -0.00006651
1.48100000 -0.00006619
1.48200000 -0.00006588
1.48300000 -0.00006556
1.48400000 -0.00006525
1.48500000 -0.00006494
1.48600000 -0.00006464
1.48700000 -0.00006433
1.48800000 -0.00006403
1.48900000 -0.00006373
1.49000000 -0.00006343
1.49100000 -0.00006313
1.49200000 -0.00006283
1.49300000 -0.00006254
1.49400000 -0.00006225
1.49500000 -0.00006196
1.49600000 -0.00006167
1.49700000 -0.00006138
1.49800000 -0.00006109
1.49900000 -0.00006081
1.50000000 -0.00006053
1.50100000 -0.00006025
1.50200000 -0.00005997
1.50300000 -0.00005969
1.50400000 -0.00005941
1.50500000 -0.00005914
1.50600000 -0.00005886
1.50700000 -0.00005859
1.50800000 -0.00005832
1.50900000 -0.00005805
1.51000000 -0.00005779
1.51100000 -0.00005752
1.51200000 -0.00005726
1.51300000 -0.00005700
1.51400000 -0.00005674
1.51500000 -0.00005648
1.51600000 -0.00005622
1.51700000 -0.00005596
1.51800000 -0.00005571
1.51900000 -0.00005545
1.52000000 -0.00005520
1.52100000 -0.00005495
1.52200000 -0.00005470
1.52300000 -0.00005445
1.52400000 -0.00005421
1.52500000 -0.00005396
1.52600000 -0.00005372
1.52700000 -0.00005348
1.52800000 -0.00005324
1.52900000 -0.00005300
1.53000000 -0.00005276
1.53100000 -0.00005252
1.53200000 -0.00005229
1.53300000 -0.00005205
1.53400000 -0.00005182
1.53500000 -0.00005159
1.53600000 -0.00005136
1.53700000 -0.00005113
1.53800000 -0.00005090
1.53900000 -0.00005068
1.54000000 -0.00005045
1.54100000 -0.00005023
1.54200000 -0.00005000
1.54300000 -0.00004978
1.54400000 -0.00004956
1.54500000 -0.00004934
1.54600000 -0.00004912
1.54700000 -0.00004891
1.54800000 -0.00004869
1.54900000 -0.00004848
1.55000000 -0.00004827
1.55100000 -0.00004805
1.55200000 -0.00004784
1.55300000 -0.00004763
1.55400000 -0.00004742
1.55500000 -0.00004722
1.55600000 -0.00004701
1.55700000 -0.00004681
1.55800000 -0.00004660
1.55900000 -0.00004640
1.56000000 -0.00004620
1.56100000 -0.00004600
1.56200000 -0.00004580
1.56300000 -0.00004560
1.56400000 -0.00004540
1.56500000 -0.00004520
1.56600000 -0.00004501
1.56700000 -0.00004482
1.56800000 -0.00004462
1.56900000 -0.00004443
1.57000000 -0.00004424
1.57100000 -0.00004405
1.57200000 -0.00004386
1.57300000 -0.00004367
1.57400000 -0.00004348
1.57500000 -0.00004330
1.57600000 -0.00004311
1.57700000 -0.00004293
1.57800000 -0.00004275
1.57900000 -0.00004256
1.58000000 -0.00004238
1.58100000 -0.00004220
1.58200000 -0.00004202
1.58300000 -0.00004184
1.58400000 -0.00004167
1.58500000 -0.00004149
1.58600000 -0.00004132
1.58700000 -0.00004114
1.58800000 -0.00004097
1.58900000 -0.00004079
1.59000000 -0.00004062
1.59100000 -0.00004045
1.59200000 -0.00004028
1.59300000 -0.00004011
1.59400000 -0.00003994
1.59500000 -0.00003978
1.59600000 -0.00003961
1.59700000 -0.00003944
1.59800000 -0.00003928
1.59900000 -0.00003912
1.60000000 -0.00003895
1.60100000 -0.00003879
1.60200000 -0.00003863
1.60300000 -0.00003847
1.60400000 -0.00003831
1.60500000 -0.00003815
1.60600000 -0.00003799
1.60700000 -0.00003783
1.60800000 -0.00003768
1.60900000 -0.00003752
1.61000000 -0.00003737
1.61100000 -0.00003721
1.61200000 -0.00003706
1.61300000 -0.00003691
1.61400000 -0.00003676
1.61500000 -0.00003661
1.61600000 -0.00003646
1.61700000 -0.00003631
1.61800000 -0.00003616
1.61900000 -0.00003601
1.62000000 -0.00003586
1.62100000 -0.00003572
1.62200000 -0.00003557
1.62300000 -0.00003543
1.62400000 -0.00003528
1.62500000 -0.00003514
1.62600000 -0.00003500
1.62700000 -0.00003485
1.62800000 -0.00003471
1.62900000 -0.00003457
1.63000000 -0.00003443
1.63100000 -0.00003429
1.63200000 -0.00003415
1.63300000 -0.00003402
1.63400000 -0.00003388
1.63500000 -0.00003374
1.63600000 -0.00003361
1.63700000 -0.00003347
1.63800000 -0.00003334
1.63900000 -0.00003321
1.64000000 -0.00003307
1.64100000 -0.00003294
1.64200000 -0.00003281
1.64300000 -0.00003268
1.64400000 -0.00003255
1.64500000 -0.00003242
1.64600000 -0.00003229
1.64700000 -0.00003216
1.64800000 -0.00003203
1.64900000 -0.00003191
1.65000000 -0.00003178
1.65100000 -0.00003165
1.65200000 -0.00003153
1.65300000 -0.00003140
1.65400000 -0.00003128
1.65500000 -0.00003116
1.65600000 -0.00003103
1.65700000 -0.00003091
1.65800000 -0.00003079
1.65900000 -0.00003067
1.66000000 -0.00003055
1.66100000 -0.00003043
1.66200000 -0.00003031
1.66300000 -0.00003019
1.66400000 -0.00003007
1.66500000 -0.00002996
1.66600000 -0.00002984
1.66700000 -0.00002972
1.66800000 -0.00002961
1.66900000 -0.00002949
1.67000000 -0.00002938
1.67100000 -0.00002926
1.67200000 -0.00002915
1.67300000 -0.00002904
1.67400000 -0.00002892
1.67500000 -0.00002881
1.67600000 -0.00002870
1.67700000 -0.00002859
1.67800000 -0.00002848
1.67900000 -0.00002837
1.68000000 -0.00002826
1.68100000 -0.00002815
1.68200000 -0.00002804
1.68300000 -0.00002794
1.68400000 -0.00002783
1.68500000 -0.00002772
1.68600000 -0.00002762
1.68700000 -0.00002751
1.68800000 -0.00002740
1.68900000 -0.00002730
1.69000000 -0.00002720
1.69100000 -0.00002709
1.69200000 -0.00002699
1.69300000 -0.00002689
1.69400000 -0.00002678
1.69500000 -0.00002668
1.69600000 -0.00002658
1.69700000 -0.00002648
1.69800000 -0.00002638
1.69900000 -0.00002628
1.70000000 -0.00002618
1.70100000 -0.00002608
1.70200000 -0.00002598
1.70300000 -0.00002589
1.70400000 -0.00002579
1.70500000 -0.00002569
1.70600000 -0.00002560
1.70700000 -0.00002550
1.70800000 -0.00002540
1.70900000 -0.00002531
1.71000000 -0.00002521
1.71100000 -0.00002512
1.71200000 -0.00002503
1.71300000 -0.00002493
1.71400000 -0.00002484
1.71500000 -0.00002475
1.71600000 -0.00002465
1.71700000 -0.00002456
1.71800000 -0.00002447
1.71900000 -0.00002438
1.72000000 -0.00002429
1.72100000 -0.00002420
1.72200000 -0.00002411
1.72300000 -0.00002402
1.72400000 -0.00002393
1.72500000 -0.00002384
1.72600000 -0.00002376
1.72700000 -0.00002367
1.72800000 -0.00002358
1.72900000 -0.00002350
1.73000000 -0.00002341
1.73100000 -0.00002332
1.73200000 -0.00002324
1.73300000 -0.00002315
1.73400000 -0.00002307
1.73500000 -0.00002298
1.73600000 -0.00002290
1.73700000 -0.00002282
1.73800000 -0.00002273
1.73900000 -0.00002265
1.74000000 -0.00002257
1.74100000 -0.00002248
1.74200000 -0.00002240
1.74300000 -0.00002232
1.74400000 -0.00002224
1.74500000 -0.00002216
1.74600000 -0.00002208
1.74700000 -0.00002200
1.74800000 -0.00002192
1.74900000 -0.00002184
1.75000000 -0.00002176
1.75100000 -0.00002168
1.75200000 -0.00002161
1.75300000 -0.00002153
1.75400000 -0.00002145
1.75500000 -0.00002137
1.75600000 -0.00002130
1.75700000 -0.00002122
1.75800000 -0.00002114
1.75900000 -0.00002107
1.76000000 -0.00002099
1.76100000 -0.00002092
1.76200000 -0.00002084
1.76300000 -0.00002077
1.76400000 -0.00002070
1.76500000 -0.00002062
1.76600000 -0.00002055
1.76700000 -0.00002048
1.76800000 -0.00002040
1.76900000 -0.00002033
1.77000000 -0.00002026
1.77100000 -0.00002019
1.77200000 -0.00002011
1.77300000 -0.00002004
1.77400000 -0.00001997
1.77500000 -0.00001990
1.77600000 -0.00001983
1.77700000 -0.00001976
1.77800000 -0.00001969
1.77900000 -0.00001962
1.78000000 -0.00001955
1.78100000 -0.00001949
1.78200000 -0.00001942
1.78300000 -0.00001935
1.78400000 -0.00001928
1.78500000 -0.00001921
1.78600000 -0.00001915
1.78700000 -0.00001908
1.78800000 -0.00001901
1.78900000 -0.00001895
1.79000000 -0.00001888
1.79100000 -0.00001882
1.79200000 -0.00001875
1.79300000 -0.00001868
1.79400000 -0.00001862
1.79500000 -0.00001856
1.79600000 -0.00001849
1.79700000 -0.00001843
1.79800000 -0.00001836
1.79900000 -0.00001830
1.80000000 -0.00001824
1.80100000 -0.00001817
1.80200000 -0.00001811
1.80300000 -0.00001805
1.80400000 -0.00001799
1.80500000 -0.00001792
1.80600000 -0.00001786
1.80700000 -0.00001780
1.80800000 -0.00001774
1.80900000 -0.00001768
1.81000000 -0.00001762
1.81100000 -0.00001756
1.81200000 -0.00001750
1.81300000 -0.00001744
1.81400000 -0.00001738
1.81500000 -0.00001732
1.81600000 -0.00001726
1.81700000 -0.00001720
1.81800000 -0.00001714
1.81900000 -0.00001709
1.82000000 -0.00001703
1.82100000 -0.00001697
1.82200000 -0.00001691
1.82300000 -0.00001686
1.82400000 -0.00001680
1.82500000 -0.00001674
1.82600000 -0.00001668
1.82700000 -0.00001663
1.82800000 -0.00001657
1.82900000 -0.00001652
1.83000000 -0.00001646
1.83100000 -0.00001641
1.83200000 -0.00001635
1.83300000 -0.00001630
1.83400000 -0.00001624
1.83500000 -0.00001619
1.83600000 -0.00001613
1.83700000 -0.00001608
1.83800000 -0.00001602
1.83900000 -0.00001597
1.84000000 -0.00001592
1.84100000 -0.00001586
1.84200000 -0.00001581
1.84300000 -0.00001576
1.84400000 -0.00001571
1.84500000 -0.00001565
1.84600000 -0.00001560
1.84700000 -0.00001555
1.84800000 -0.00001550
1.84900000 -0.00001545
1.85000000 -0.00001540
1.85100000 -0.00001535
1.85200000 -0.00001529
1.85300000 -0.00001524
1.85400000 -0.00001519
1.85500000 -0.00001514
1.85600000 -0.00001509
1.85700000 -0.00001504
1.85800000 -0.00001499
1.85900000 -0.00001495
1.86000000 -0.00001490
1.86100000 -0.00001485
1.86200000 -0.00001480
1.86300000 -0.00001475
1.86400000 -0.00001470
1.86500000 -0.00001465
1.86600000 -0.00001461
1.86700000 -0.00001456
1.86800000 -0.00001451
1.86900000 -0.00001446
1.87000000 -0.00001442
1.87100000 -0.00001437
1.87200000 -0.00001432
1.87300000 -0.00001428
1.87400000 -0.00001423
1.87500000 -0.00001418
1.87600000 -0.00001414
1.87700000 -0.00001409
1.87800000 -0.00001405
1.87900000 -0.00001400
1.88000000 -0.00001396
1.88100000 -0.00001391
1.88200000 -0.00001387
1.88300000 -0.00001382
1.88400000 -0.00001378
1.88500000 -0.00001373
1.88600000 -0.00001369
1.88700000 -0.00001364
1.88800000 -0.00001360
1.88900000 -0.00001356
1.89000000 -0.00001351
1.89100000 -0.00001347
1.89200000 -0.00001343
1.89300000 -0.00001338
1.89400000 -0.00001334
1.89500000 -0.00001330
1.89600000 -0.00001326
1.89700000 -0.00001321
1.89800000 -0.00001317
1.89900000 -0.00001313
1.90000000 -0.00001309
1.90100000 -0.00001305
1.90200000 -0.00001300
1.90300000 -0.00001296
1.90400000 -0.00001292
1.90500000 -0.00001288
1.90600000 -0.00001284
1.90700000 -0.00001280
1.90800000 -0.00001276
1.90900000 -0.00001272
1.91000000 -0.00001268
1.91100000 -0.00001264
1.91200000 -0.00001260
1.91300000 -0.00001256
1.91400000 -0.00001252
1.91500000 -0.00001248
1.91600000 -0.00001244
1.91700000 -0.00001240
1.91800000 -0.00001236
1.91900000 -0.00001232
1.92000000 -0.00001229
1.92100000 -0.00001225
1.92200000 -0.00001221
1.92300000 -0.00001217
1.92400000 -0.00001213
1.92500000 -0.00001210
1.92600000 -0.00001206
1.92700000 -0.00001202
1.92800000 -0.00001198
1.92900000 -0.00001195
1.93000000 -0.00001191
1.93100000 -0.00001187
1.93200000 -0.00001183
1.93300000 -0.00001180
1.93400000 -0.00001176
1.93500000 -0.00001172
1.93600000 -0.00001169
1.93700000 -0.00001165
1.93800000 -0.00001162
1.93900000 -0.00001158
1.94000000 -0.00001154
1.94100000 -0.00001151
1.94200000 -0.00001147
1.94300000 -0.00001144
1.94400000 -0.00001140
1.94500000 -0.00001137
1.94600000 -0.00001133
1.94700000 -0.00001130
1.94800000 -0.00001126
1.94900000 -0.00001123
1.95000000 -0.00001120
1.95100000 -0.00001116
1.95200000 -0.00001113
1.95300000 -0.00001109
1.95400000 -0.00001106
1.95500000 -0.00001103
1.95600000 -0.00001099
1.95700000 -0.00001096
1.95800000 -0.00001093
1.95900000 -0.00001089
1.96000000 -0.00001086
1.96100000 -0.00001083
1.96200000 -0.00001079
1.96300000 -0.00001076
1.96400000 -0.00001073
1.96500000 -0.00001070
1.96600000 -0.00001066
1.96700000 -0.00001063
1.96800000 -0.00001060
1.96900000 -0.00001057
1.97000000 -0.00001053
1.97100000 -0.00001050
1.97200000 -0.00001047
1.97300000 -0.00001044
1.97400000 -0.00001041
1.97500000 -0.00001038
1.97600000 -0.00001035
1.97700000 -0.00001032
1.97800000 -0.00001028
1.97900000 -0.00001025
1.98000000 -0.00001022
1.98100000 -0.00001019
1.98200000 -0.00001016
1.98300000 -0.00001013
1.98400000 -0.00001010
1.98500000 -0.00001007
1.98600000 -0.00001004
1.98700000 -0.00001001
1.98800000 -0.00000998
1.98900000 -0.00000995
1.99000000 -0.00000992
1.99100000 -0.00000989
1.99200000 -0.00000986
1.99300000 -0.00000983
1.99400000 -0.00000981
1.99500000 -0.00000978
1.99600000 -0.00000975
1.99700000 -0.00000972
1.99800000 -0.00000969
1.99900000 -0.00000966
2.00000000 -0.00000963
