0.10000000 1708765625.00000000
0.10100000 1516430787.18879104
0.10200000 1347328273.12332749
0.10300000 1198464056.50801206
0.10400000 1067253717.10092819
0.10500000 951463212.46277583
0.10600000 849158667.08856606
0.10700000 758663738.29409218
0.10800000 678523359.01763868
0.10900000 607472856.49436331
0.11000000 544411610.18827438
0.11100000 488380548.61008817
0.11200000 438542897.73758548
0.11300000 394167687.78520507
0.11400000 354615603.38573313
0.11500000 319326827.58318454
0.11600000 287810584.63259745
0.11700000 259636132.29777205
0.11800000 234424992.64336160
0.11900000 211844242.47797266
0.12000000 191600711.64677697
0.12100000 173435960.14421996
0.12200000 157121924.22194389
0.12300000 142457137.88633665
0.12400000 129263449.89760078
0.12500000 117383168.00000000
0.12600000 106676571.96585284
0.12700000 97019745.40330358
0.12800000 88302683.39325011
0.12900000 80427639.07933682
0.13000000 73307677.50020874
0.13100000 66865409.36253285
0.13200000 61031881.22195102
0.13300000 55745601.76416347
0.13400000 50951686.64149673
0.13500000 46601106.69054561
0.13600000 42650026.39204169
0.13700000 39059221.18426476
0.13800000 35793563.74779359
0.13900000 32821570.67756757
0.14000000 30115002.07814128
0.14100000 27648507.58517589
0.14200000 25399313.15236079
0.14300000 23346943.66659904
0.14400000 21472977.08121097
0.14500000 19760826.30059512
0.14600000 18195545.52176106
0.14700000 16763658.14828000
0.14800000 15453003.74893926
0.14900000 14252601.84398680
0.15000000 13152530.57253767
0.15100000 12143818.53083477
0.15200000 11218348.27722007
0.15300000 10368770.17984122
0.15400000 9588425.44071432
0.15500000 8871277.26773726
0.15600000 8211849.28714732
0.15700000 7605170.39494891
0.15800000 7046725.33890778
0.15900000 6532410.40447251
0.16000000 6058493.64987421
0.16100000 5621579.19891636
0.16200000 5218575.15568044
0.16300000 4846664.75447720
0.16400000 4503280.40168878
0.16500000 4186080.30438443
0.16600000 3892927.41437365
0.16700000 3621870.44622810
0.16800000 3371126.75423045
0.16900000 3139066.87660794
0.17000000 2924200.57614344
0.17100000 2725164.22464399
0.17200000 2540709.39506254
0.17300000 2369692.53955884
0.17400000 2211065.64466078
0.17500000 2063867.76613783
0.17600000 1927217.35638768
0.17700000 1800305.30620983
0.17800000 1682388.63092549
0.17900000 1572784.73801140
0.18000000 1470866.21984812
0.18100000 1376056.12092552
0.18200000 1287823.63397911
0.18300000 1205680.18411735
0.18400000 1129175.86410274
0.18500000 1057896.18762158
0.18600000 991459.13066659
0.18700000 929512.43410345
0.18800000 871731.14313567
0.18900000 817815.36175306
0.19000000 767488.20237834
0.19100000 720493.91283825
0.19200000 676596.16450439
0.19300000 635576.48699480
0.19400000 597232.83621766
0.19500000 561378.28379093
0.19600000 527839.81699936
0.19700000 496457.23946691
0.19800000 467082.16363933
0.19900000 439577.08699863
0.20000000 413814.54467773
0.20100000 389676.33181800
0.20200000 367052.78962169
0.20300000 345842.14960218
0.20400000 325949.93103334
0.20500000 307288.38705036
0.20600000 289775.99526260
0.20700000 273336.98910932
0.20800000 257900.92652422
0.20900000 243402.29277876
0.21000000 229780.13465036
0.21100000 216977.72331165
0.21200000 204942.24356461
0.21300000 193624.50724970
0.21400000 182978.68884817
0.21500000 172962.08146616
0.21600000 163534.87154472
0.21700000 154659.93078115
0.21800000 146302.62387593
0.21900000 138430.63083640
0.22000000 131013.78267571
0.22100000 124023.90944257
0.22200000 117434.69960638
0.22300000 111221.56990347
0.22400000 105361.54482394
0.22500000 99833.14498658
0.22600000 94616.28371070
0.22700000 89692.17115050
0.22800000 85043.22540905
0.22900000 80652.99009609
0.23000000 76506.05783741
0.23100000 72587.99928263
0.23200000 68885.29719494
0.23300000 65385.28523906
0.23400000 62076.09111459
0.23500000 58946.58370934
0.23600000 55986.32397316
0.23700000 53185.51923606
0.23800000 50534.98071610
0.23900000 48026.08398210
0.24000000 45650.73215470
0.24100000 43401.32164566
0.24200000 41270.71025089
0.24300000 39252.18742671
0.24400000 37339.44659180
0.24500000 35526.55930928
0.24600000 33807.95121441
0.24700000 32178.37956343
0.24800000 30632.91228836
0.24900000 29166.90845137
0.25000000 27776.00000000
0.25100000 26456.07473202
0.25200000 25203.26038529
0.25300000 24013.90977433
0.25400000 22884.58690100
0.25500000 21812.05397184
0.25600000 20793.25925990
0.25700000 19825.32575288
0.25800000 18905.54053403
0.25900000 18031.34484589
0.26000000 17200.32479051
0.26100000 16410.20262324
0.26200000 15658.82860014
0.26300000 14944.17334173
0.26400000 14264.32067884
0.26500000 13617.46094825
0.26600000 13001.88470838
0.26700000 12415.97684737
0.26800000 11858.21105746
0.26900000 11327.14465197
0.27000000 10821.41370221
0.27100000 10339.72847366
0.27200000 9880.86914191
0.27300000 9443.68177032
0.27400000 9027.07453253
0.27500000 8630.01416406
0.27600000 8251.52262843
0.27700000 7890.67398401
0.27800000 7546.59143899
0.27900000 7218.44458243
0.28000000 6905.44678036
0.28100000 6606.85272652
0.28200000 6321.95613812
0.28300000 6050.08758746
0.28400000 5790.61246102
0.28500000 5542.92903817
0.28600000 5306.46668195
0.28700000 5080.68413524
0.28800000 4865.06791564
0.28900000 4659.13080314
0.29000000 4462.41041493
0.29100000 4274.46786200
0.29200000 4094.88648260
0.29300000 3923.27064797
0.29400000 3759.24463585
0.29500000 3602.45156795
0.29600000 3452.55240729
0.29700000 3309.22501203
0.29800000 3172.16324237
0.29900000 3041.07611740
0.30000000 2915.68701888
0.30100000 2795.73293934
0.30200000 2680.96377175
0.30300000 2571.14163844
0.30400000 2466.04025692
0.30500000 2365.44434049
0.30600000 2269.14903161
0.30700000 2176.95936618
0.30800000 2088.68976689
0.30900000 2004.16356403
0.31000000 1923.21254217
0.31100000 1845.67651123
0.31200000 1771.40290056
0.31300000 1700.24637477
0.31400000 1632.06846996
0.31500000 1566.73724938
0.31600000 1504.12697730
0.31700000 1444.11781009
0.31800000 1386.59550359
0.31900000 1331.45113588
0.32000000 1278.58084450
0.32100000 1227.88557742
0.32200000 1179.27085700
0.32300000 1132.64655613
0.32400000 1087.92668600
0.32500000 1045.02919480
0.32600000 1003.87577678
0.32700000 964.39169106
0.32800000 926.50558979
0.32900000 890.14935498
0.33000000 855.25794364
0.33100000 821.76924082
0.33200000 789.62392003
0.33300000 758.76531066
0.33400000 729.13927218
0.33500000 700.69407448
0.33600000 673.38028434
0.33700000 647.15065743
0.33800000 621.96003574
0.33900000 597.76525012
0.34000000 574.52502753
0.34100000 552.19990294
0.34200000 530.75213555
0.34300000 510.14562906
0.34400000 490.34585591
0.34500000 471.31978514
0.34600000 453.03581378
0.34700000 435.46370159
0.34800000 418.57450889
0.34900000 402.34053743
0.35000000 386.73527413
0.35100000 371.73333740
0.35200000 357.31042617
0.35300000 343.44327121
0.35400000 330.10958889
0.35500000 317.28803703
0.35600000 304.95817290
0.35700000 293.10041315
0.35800000 281.69599566
0.35900000 270.72694319
0.36000000 260.17602869
0.36100000 250.02674220
0.36200000 240.26325943
0.36300000 230.87041162
0.36400000 221.83365691
0.36500000 213.13905298
0.36600000 204.77323099
0.36700000 196.72337069
0.36800000 188.97717663
0.36900000 181.52285556
0.37000000 174.34909475
0.37100000 167.44504139
0.37200000 160.80028283
0.37300000 154.40482778
0.37400000 148.24908835
0.37500000 142.32386286
0.37600000 136.62031947
0.37700000 131.12998054
0.37800000 125.84470759
0.37900000 120.75668709
0.38000000 115.85841678
0.38100000 111.14269257
0.38200000 106.60259611
0.38300000 102.23148288
0.38400000 98.02297071
0.38500000 93.97092897
0.38600000 90.06946807
0.38700000 86.31292955
0.38800000 82.69587649
0.38900000 79.21308443
0.39000000 75.85953265
0.39100000 72.63039579
0.39200000 69.52103585
0.39300000 66.52699463
0.39400000 63.64398630
0.39500000 60.86789050
0.39600000 58.19474556
0.39700000 55.62074214
0.39800000 53.14221705
0.39900000 50.75564739
0.40000000 48.45764488
0.40100000 46.24495052
0.40200000 44.11442938
0.40300000 42.06306564
0.40400000 40.08795791
0.40500000 38.18631459
0.40600000 36.35544962
0.40700000 34.59277820
0.40800000 32.89581289
0.40900000 31.26215972
0.41000000 29.68951449
0.41100000 28.17565934
0.41200000 26.71845926
0.41300000 25.31585894
0.41400000 23.96587963
0.41500000 22.66661612
0.41600000 21.41623398
0.41700000 20.21296671
0.41800000 19.05511320
0.41900000 17.94103515
0.42000000 16.86915467
0.42100000 15.83795198
0.42200000 14.84596312
0.42300000 13.89177788
0.42400000 12.97403771
0.42500000 12.09143374
0.42600000 11.24270492
0.42700000 10.42663619
0.42800000 9.64205671
0.42900000 8.88783823
0.43000000 8.16289344
0.43100000 7.46617446
0.43200000 6.79667133
0.43300000 6.15341060
0.43400000 5.53545395
0.43500000 4.94189689
0.43600000 4.37186748
0.43700000 3.82452513
0.43800000 3.29905940
0.43900000 2.79468893
0.44000000 2.31066033
0.44100000 1.84624715
0.44200000 1.40074886
0.44300000 0.97348994
0.44400000 0.56381894
0.44500000 0.17110757
0.44600000 -0.20525014
0.44700000 -0.56583861
0.44800000 -0.91122158
0.44900000 -1.24194280
0.45000000 -1.55852679
0.45100000 -1.86147954
0.45200000 -2.15128917
0.45300000 -2.42842659
0.45400000 -2.69334611
0.45500000 -2.94648606
0.45600000 -3.18826936
0.45700000 -3.41910408
0.45800000 -3.63938394
0.45900000 -3.84948888
0.46000000 -4.04978554
0.46100000 -4.24062768
0.46200000 -4.42235674
0.46300000 -4.59530220
0.46400000 -4.75978203
0.46500000 -4.91610313
0.46600000 -5.06456167
0.46700000 -5.20544352
0.46800000 -5.33902459
0.46900000 -5.46557118
0.47000000 -5.58534034
0.47100000 -5.69858019
0.47200000 -5.80553022
0.47300000 -5.90642161
0.47400000 -6.00147751
0.47500000 -6.09091334
0.47600000 -6.17493705
0.47700000 -6.25374938
0.47800000 -6.32754411
0.47900000 -6.39650832
0.48000000 -6.46082261
0.48100000 -6.52066133
0.48200000 -6.57619278
0.48300000 -6.62757947
0.48400000 -6.67497826
0.48500000 -6.71854060
0.48600000 -6.75841269
0.48700000 -6.79473569
0.48800000 -6.82764587
0.48900000 -6.85727480
0.49000000 -6.88374947
0.49100000 -6.90719251
0.49200000 -6.92772230
0.49300000 -6.94545311
0.49400000 -6.96049528
0.49500000 -6.97295530
0.49600000 -6.98293601
0.49700000 -6.99053666
0.49800000 -6.99585308
0.49900000 -6.99897776
0.50000000 -7.00000000
0.50100000 -6.99316918
0.50200000 -6.97321863
0.50300000 -6.94093831
0.50400000 -6.89708827
0.50500000 -6.84239950
0.50600000 -6.77757470
0.50700000 -6.70328914
0.50800000 -6.62019138
0.50900000 -6.52890402
0.51000000 -6.43002450
0.51100000 -6.32412577
0.51200000 -6.21175706
0.51300000 -6.09344451
0.51400000 -5.96969191
0.51500000 -5.84098134
0.51600000 -5.70777384
0.51700000 -5.57051001
0.51800000 -5.42961071
0.51900000 -5.28547759
0.52000000 -5.13849374
0.52100000 -4.98902425
0.52200000 -4.83741680
0.52300000 -4.68400219
0.52400000 -4.52909492
0.52500000 -4.37299371
0.52600000 -4.21598199
0.52700000 -4.05832845
0.52800000 -3.90028753
0.52900000 -3.74209988
0.53000000 -3.58399283
0.53100000 -3.42618091
0.53200000 -3.26886621
0.53300000 -3.11223889
0.53400000 -2.95647759
0.53500000 -2.80174983
0.53600000 -2.64821240
0.53700000 -2.49601184
0.53800000 -2.34528471
0.53900000 -2.19615805
0.54000000 -2.04874973
0.54100000 -1.90316877
0.54200000 -1.75951572
0.54300000 -1.61788301
0.54400000 -1.47835524
0.54500000 -1.34100950
0.54600000 -1.20591574
0.54700000 -1.07313699
0.54800000 -0.94272972
0.54900000 -0.81474408
0.55000000 -0.68922420
0.55100000 -0.56620846
0.55200000 -0.44572973
0.55300000 -0.32781565
0.55400000 -0.21248886
0.55500000 -0.09976723
0.55600000 0.01033589
0.55700000 0.11781145
0.55800000 0.22265449
0.55900000 0.32486393
0.56000000 0.42444237
0.56100000 0.52139587
0.56200000 0.61573380
0.56300000 0.70746860
0.56400000 0.79661568
0.56500000 0.88319315
0.56600000 0.96722175
0.56700000 1.04872462
0.56800000 1.12772717
0.56900000 1.20425695
0.57000000 1.27834346
0.57100000 1.35001806
0.57200000 1.41931380
0.57300000 1.48626530
0.57400000 1.55090865
0.57500000 1.61328125
0.57600000 1.67342172
0.57700000 1.73136978
0.57800000 1.78716616
0.57900000 1.84085247
0.58000000 1.89247114
0.58100000 1.94206528
0.58200000 1.98967863
0.58300000 2.03535545
0.58400000 2.07914044
0.58500000 2.12107868
0.58600000 2.16121554
0.58700000 2.19959658
0.58800000 2.23626755
0.58900000 2.27127425
0.59000000 2.30466253
0.59100000 2.33647817
0.59200000 2.36676687
0.59300000 2.39557418
0.59400000 2.42294545
0.59500000 2.44892578
0.59600000 2.47355995
0.59700000 2.49689244
0.59800000 2.51896731
0.59900000 2.53982822
0.60000000 2.55951837
0.60100000 2.57808044
0.60200000 2.59555663
0.60300000 2.61198853
0.60400000 2.62741717
0.60500000 2.64188298
0.60600000 2.65542571
0.60700000 2.66808447
0.60800000 2.67989767
0.60900000 2.69090303
0.61000000 2.70113751
0.61100000 2.71063735
0.61200000 2.71943802
0.61300000 2.72757420
0.61400000 2.73507978
0.61500000 2.74198784
0.61600000 2.74833063
0.61700000 2.75413960
0.61800000 2.75944532
0.61900000 2.76427753
0.62000000 2.76866509
0.62100000 2.77263600
0.62200000 2.77621739
0.62300000 2.77943550
0.62400000 2.78231568
0.62500000 2.78488238
0.62600000 2.78715915
0.62700000 2.78916866
0.62800000 2.79093263
0.62900000 2.79247191
0.63000000 2.79380641
0.63100000 2.79495514
0.63200000 2.79593617
0.63300000 2.79676666
0.63400000 2.79746287
0.63500000 2.79804010
0.63600000 2.79851274
0.63700000 2.79889426
0.63800000 2.79919720
0.63900000 2.79943317
0.64000000 2.79961284
0.64100000 2.79974599
0.64200000 2.79984142
0.64300000 2.79990704
0.64400000 2.79994982
0.64500000 2.79997580
0.64600000 2.79999009
0.64700000 2.79999686
0.64800000 2.79999938
0.64900000 2.79999996
0.65000000 2.80000000
0.65100000 2.79981287
0.65200000 2.79925146
0.65300000 2.79831576
0.65400000 2.79700567
0.65500000 2.79532090
0.65600000 2.79326091
0.65700000 2.79082469
0.65800000 2.78801060
0.65900000 2.78481615
0.66000000 2.78123771
0.66100000 2.77727026
0.66200000 2.77290706
0.66300000 2.76813928
0.66400000 2.76295567
0.66500000 2.75734215
0.66600000 2.75128137
0.66700000 2.74475229
0.66800000 2.73772975
0.66900000 2.73018397
0.67000000 2.72208013
0.67100000 2.71337789
0.67200000 2.70403094
0.67300000 2.69398659
0.67400000 2.68318542
0.67500000 2.67156087
0.67600000 2.65903909
0.67700000 2.64553868
0.67800000 2.63097071
0.67900000 2.61523880
0.68000000 2.59823939
0.68100000 2.57986223
0.68200000 2.55999109
0.68300000 2.53850481
0.68400000 2.51527854
0.68500000 2.49018547
0.68600000 2.46309875
0.68700000 2.43389394
0.68800000 2.40245172
0.68900000 2.36866099
0.69000000 2.33242231
0.69100000 2.29365148
0.69200000 2.25228342
0.69300000 2.20827591
0.69400000 2.16161337
0.69500000 2.11231023
0.69600000 2.06041390
0.69700000 2.00600701
0.69800000 1.94920890
0.69900000 1.89017599
0.70000000 1.82910113
0.70100000 1.76621166
0.70200000 1.70176636
0.70300000 1.63605117
0.70400000 1.56937399
0.70500000 1.50205859
0.70600000 1.43443803
0.70700000 1.36684774
0.70800000 1.29961868
0.70900000 1.23307082
0.71000000 1.16750712
0.71100000 1.10320841
0.71200000 1.04042919
0.71300000 0.97939442
0.71400000 0.92029749
0.71500000 0.86329919
0.71600000 0.80852765
0.71700000 0.75607921
0.71800000 0.70601988
0.71900000 0.65838753
0.72000000 0.61319436
0.72100000 0.57042969
0.72200000 0.53006289
0.72300000 0.49204632
0.72400000 0.45631820
0.72500000 0.42280529
0.72600000 0.39142548
0.72700000 0.36209000
0.72800000 0.33470556
0.72900000 0.30917602
0.73000000 0.28540404
0.73100000 0.26329228
0.73200000 0.24274455
0.73300000 0.22366661
0.73400000 0.20596690
0.73500000 0.18955704
0.73600000 0.17435224
0.73700000 0.16027154
0.73800000 0.14723798
0.73900000 0.13517871
0.74000000 0.12402497
0.74100000 0.11371206
0.74200000 0.10417929
0.74300000 0.09536981
0.74400000 0.08723050
0.74500000 0.07971184
0.74600000 0.07276767
0.74700000 0.06635509
0.74800000 0.06043424
0.74900000 0.05496812
0.75000000 0.04992242
0.75100000 0.04526538
0.75200000 0.04096757
0.75300000 0.03700176
0.75400000 0.03334276
0.75500000 0.02996731
0.75600000 0.02685388
0.75700000 0.02398260
0.75800000 0.02133509
0.75900000 0.01889439
0.76000000 0.01664483
0.76100000 0.01457195
0.76200000 0.01266239
0.76300000 0.01090380
0.76400000 0.00928479
0.76500000 0.00779485
0.76600000 0.00642424
0.76700000 0.00516400
0.76800000 0.00400584
0.76900000 0.00294208
0.77000000 0.00196565
0.77100000 0.00107001
0.77200000 0.00024911
0.77300000 -0.00050264
0.77400000 -0.00119041
0.77500000 -0.00181898
0.77600000 -0.00239278
0.77700000 -0.00291589
0.77800000 -0.00339210
0.77900000 -0.00382492
0.78000000 -0.00421758
0.78100000 -0.00457309
0.78200000 -0.00489423
0.78300000 -0.00518358
0.78400000 -0.00544353
0.78500000 -0.00567627
0.78600000 -0.00588386
0.78700000 -0.00606821
0.78800000 -0.00623106
0.78900000 -0.00637406
0.79000000 -0.00649870
0.79100000 -0.00660641
0.79200000 -0.00669848
0.79300000 -0.00677611
0.79400000 -0.00684042
0.79500000 -0.00689247
0.79600000 -0.00693320
0.79700000 -0.00696352
0.79800000 -0.00698426
0.79900000 -0.00699618
0.80000000 -0.00700000
0.80100000 -0.00699639
0.80200000 -0.00698596
0.80300000 -0.00696929
0.80400000 -0.00694691
0.80500000 -0.00691930
0.80600000 -0.00688693
0.80700000 -0.00685022
0.80800000 -0.00680957
0.80900000 -0.00676534
0.81000000 -0.00671788
0.81100000 -0.00666749
0.81200000 -0.00661446
0.81300000 -0.00655908
0.81400000 -0.00650159
0.81500000 -0.00644222
0.81600000 -0.00638119
0.81700000 -0.00631869
0.81800000 -0.00625493
0.81900000 -0.00619005
0.82000000 -0.00612423
0.82100000 -0.00605762
0.82200000 -0.00599033
0.82300000 -0.00592251
0.82400000 -0.00585427
0.82500000 -0.00578571
0.82600000 -0.00571693
0.82700000 -0.00564802
0.82800000 -0.00557907
0.82900000 -0.00551016
0.83000000 -0.00544135
0.83100000 -0.00537270
0.83200000 -0.00530429
0.83300000 -0.00523616
0.83400000 -0.00516836
0.83500000 -0.00510093
0.83600000 -0.00503393
0.83700000 -0.00496738
0.83800000 -0.00490132
0.83900000 -0.00483578
0.84000000 -0.00477079
0.84100000 -0.00470637
0.84200000 -0.00464255
0.84300000 -0.00457935
0.84400000 -0.00451677
0.84500000 -0.00445485
0.84600000 -0.00439358
0.84700000 -0.00433299
0.84800000 -0.00427309
0.84900000 -0.00421387
0.85000000 -0.00415536
0.85100000 -0.00409755
0.85200000 -0.00404045
0.85300000 -0.00398406
0.85400000 -0.00392838
0.85500000 -0.00387343
0.85600000 -0.00381919
0.85700000 -0.00376566
0.85800000 -0.00371285
0.85900000 -0.00366076
0.86000000 -0.00360937
0.86100000 -0.00355870
0.86200000 -0.00350873
0.86300000 -0.00345945
0.86400000 -0.00341088
0.86500000 -0.00336300
0.86600000 -0.00331580
0.86700000 -0.00326928
0.86800000 -0.00322343
0.86900000 -0.00317826
0.87000000 -0.00313374
0.87100000 -0.00308988
0.87200000 -0.00304667
0.87300000 -0.00300410
0.87400000 -0.00296216
0.87500000 -0.00292085
0.87600000 -0.00288016
0.87700000 -0.00284008
0.87800000 -0.00280061
0.87900000 -0.00276173
0.88000000 -0.00272344
0.88100000 -0.00268574
0.88200000 -0.00264860
0.88300000 -0.00261203
0.88400000 -0.00257602
0.88500000 -0.00254057
0.88600000 -0.00250565
0.88700000 -0.00247127
0.88800000 -0.00243741
0.88900000 -0.00240408
0.89000000 -0.00237126
0.89100000 -0.00233894
0.89200000 -0.00230712
0.89300000 -0.00227579
0.89400000 -0.00224494
0.89500000 -0.00221456
0.89600000 -0.00218466
0.89700000 -0.00215521
0.89800000 -0.00212622
0.89900000 -0.00209767
0.90000000 -0.00206956
0.90100000 -0.00204189
0.90200000 -0.00201464
0.90300000 -0.00198781
0.90400000 -0.00196139
0.90500000 -0.00193538
0.90600000 -0.00190976
0.90700000 -0.00188454
0.90800000 -0.00185970
0.90900000 -0.00183525
0.91000000 -0.00181117
0.91100000 -0.00178746
0.91200000 -0.00176410
0.91300000 -0.00174111
0.91400000 -0.00171846
0.91500000 -0.00169616
0.91600000 -0.00167420
0.91700000 -0.00165257
0.91800000 -0.00163127
0.91900000 -0.00161029
0.92000000 -0.00158963
0.92100000 -0.00156929
0.92200000 -0.00154924
0.92300000 -0.00152950
0.92400000 -0.00151006
0.92500000 -0.00149091
0.92600000 -0.00147204
0.92700000 -0.00145346
0.92800000 -0.00143516
0.92900000 -0.00141713
0.93000000 -0.00139936
0.93100000 -0.00138186
0.93200000 -0.00136463
0.93300000 -0.00134764
0.93400000 -0.00133091
0.93500000 -0.00131443
0.93600000 -0.00129819
0.93700000 -0.00128218
0.93800000 -0.00126642
0.93900000 -0.00125088
0.94000000 -0.00123557
0.94100000 -0.00122049
0.94200000 -0.00120562
0.94300000 -0.00119097
0.94400000 -0.00117654
0.94500000 -0.00116231
0.94600000 -0.00114829
0.94700000 -0.00113448
0.94800000 -0.00112086
0.94900000 -0.00110744
0.95000000 -0.00109421
0.95100000 -0.00108117
0.95200000 -0.00106832
0.95300000 -0.00105565
0.95400000 -0.00104316
0.95500000 -0.00103085
0.95600000 -0.00101872
0.95700000 -0.00100675
0.95800000 -0.00099496
0.95900000 -0.00098333
0.96000000 -0.00097187
0.96100000 -0.00096057
0.96200000 -0.00094942
0.96300000 -0.00093843
0.96400000 -0.00092760
0.96500000 -0.00091692
0.96600000 -0.00090638
0.96700000 -0.00089599
0.96800000 -0.00088575
0.96900000 -0.00087565
0.97000000 -0.00086568
0.97100000 -0.00085586
0.97200000 -0.00084617
0.97300000 -0.00083661
0.97400000 -0.00082718
0.97500000 -0.00081788
0.97600000 -0.00080871
0.97700000 -0.00079966
0.97800000 -0.00079074
0.97900000 -0.00078193
0.98000000 -0.00077325
0.98100000 -0.00076468
0.98200000 -0.00075623
0.98300000 -0.00074789
0.98400000 -0.00073967
0.98500000 -0.00073155
0.98600000 -0.00072354
0.98700000 -0.00071564
0.98800000 -0.00070784
0.98900000 -0.00070015
0.99000000 -0.00069256
0.99100000 -0.00068506
0.99200000 -0.00067767
0.99300000 -0.00067037
0.99400000 -0.00066317
0.99500000 -0.00065607
0.99600000 -0.00064906
0.99700000 -0.00064213
0.99800000 -0.00063530
0.99900000 -0.00062856
1.00000000 -0.00062190
1.00100000 -0.00061533
1.00200000 -0.00060885
1.00300000 -0.00060245
1.00400000 -0.00059613
1.00500000 -0.00058989
1.00600000 -0.00058373
1.00700000 -0.00057765
1.00800000 -0.00057164
1.00900000 -0.00056572
1.01000000 -0.00055987
1.01100000 -0.00055409
1.01200000 -0.00054838
1.01300000 -0.00054275
1.01400000 -0.00053719
1.01500000 -0.00053170
1.01600000 -0.00052627
1.01700000 -0.00052092
1.01800000 -0.00051563
1.01900000 -0.00051040
1.02000000 -0.00050524
1.02100000 -0.00050015
1.02200000 -0.00049512
1.02300000 -0.00049015
1.02400000 -0.00048524
1.02500000 -0.00048039
1.02600000 -0.00047560
1.02700000 -0.00047087
1.02800000 -0.00046620
1.02900000 -0.00046158
1.03000000 -0.00045702
1.03100000 -0.00045251
1.03200000 -0.00044806
1.03300000 -0.00044367
1.03400000 -0.00043932
1.03500000 -0.00043503
1.03600000 -0.00043079
1.03700000 -0.00042660
1.03800000 -0.00042246
1.03900000 -0.00041837
1.04000000 -0.00041433
1.04100000 -0.00041034
1.04200000 -0.00040639
1.04300000 -0.00040249
1.04400000 -0.00039864
1.04500000 -0.00039483
1.04600000 -0.00039106
1.04700000 -0.00038734
1.04800000 -0.00038367
1.04900000 -0.00038003
1.05000000 -0.00037644
1.05100000 -0.00037289
1.05200000 -0.00036938
1.05300000 -0.00036592
1.05400000 -0.00036249
1.05500000 -0.00035910
1.05600000 -0.00035575
1.05700000 -0.00035244
1.05800000 -0.00034917
1.05900000 -0.00034593
1.06000000 -0.00034273
1.06100000 -0.00033957
1.06200000 -0.00033645
1.06300000 -0.00033335
1.06400000 -0.00033030
1.06500000 -0.00032728
1.06600000 -0.00032429
1.06700000 -0.00032134
1.06800000 -0.00031842
1.06900000 -0.00031553
1.07000000 -0.00031267
1.07100000 -0.00030985
1.07200000 -0.00030706
1.07300000 -0.00030429
1.07400000 -0.00030156
1.07500000 -0.00029886
1.07600000 -0.00029619
1.07700000 -0.00029355
1.07800000 -0.00029094
1.07900000 -0.00028835
1.08000000 -0.00028580
1.08100000 -0.00028327
1.08200000 -0.00028077
1.08300000 -0.00027830
1.08400000 -0.00027585
1.08500000 -0.00027343
1.08600000 -0.00027104
1.08700000 -0.00026867
1.08800000 -0.00026633
1.08900000 -0.00026401
1.09000000 -0.00026172
1.09100000 -0.00025945
1.09200000 -0.00025721
1.09300000 -0.00025499
1.09400000 -0.00025279
1.09500000 -0.00025062
1.09600000 -0.00024847
1.09700000 -0.00024635
1.09800000 -0.00024424
1.09900000 -0.00024216
1.10000000 -0.00024010
1.10100000 -0.00023806
1.10200000 -0.00023605
1.10300000 -0.00023405
1.10400000 -0.00023208
1.10500000 -0.00023012
1.10600000 -0.00022819
1.10700000 -0.00022627
1.10800000 -0.00022438
1.10900000 -0.00022250
1.11000000 -0.00022065
1.11100000 -0.00021881
1.11200000 -0.00021700
1.11300000 -0.00021520
1.11400000 -0.00021342
1.11500000 -0.00021165
1.11600000 -0.00020991
1.11700000 -0.00020818
1.11800000 -0.00020648
1.11900000 -0.00020478
1.12000000 -0.00020311
1.12100000 -0.00020145
1.12200000 -0.00019981
1.12300000 -0.00019819
1.12400000 -0.00019658
1.12500000 -0.00019499
1.12600000 -0.00019341
1.12700000 -0.00019185
1.12800000 -0.00019031
1.12900000 -0.00018878
1.13000000 -0.00018726
1.13100000 -0.00018577
1.13200000 -0.00018428
1.13300000 -0.00018281
1.13400000 -0.00018136
1.13500000 -0.00017992
1.13600000 -0.00017849
1.13700000 -0.00017708
1.13800000 -0.00017568
1.13900000 -0.00017429
1.14000000 -0.00017292
1.14100000 -0.00017157
1.14200000 -0.00017022
1.14300000 -0.00016889
1.14400000 -0.00016757
1.14500000 -0.00016626
1.14600000 -0.00016497
1.14700000 -0.00016369
1.14800000 -0.00016242
1.14900000 -0.00016116
1.15000000 -0.00015992
1.15100000 -0.00015869
1.15200000 -0.00015747
1.15300000 -0.00015626
1.15400000 -0.00015506
1.15500000 -0.00015387
1.15600000 -0.00015270
1.15700000 -0.00015153
1.15800000 -0.00015038
1.15900000 -0.00014924
1.16000000 -0.00014811
1.16100000 -0.00014698
1.16200000 -0.00014587
1.16300000 -0.00014477
1.16400000 -0.00014368
1.16500000 -0.00014261
1.16600000 -0.00014154
1.16700000 -0.00014048
1.16800000 -0.00013943
1.16900000 -0.00013839
1.17000000 -0.00013736
1.17100000 -0.00013634
1.17200000 -0.00013532
1.17300000 -0.00013432
1.17400000 -0.00013333
1.17500000 -0.00013234
1.17600000 -0.00013137
1.17700000 -0.00013040
1.17800000 -0.00012945
1.17900000 -0.00012850
1.18000000 -0.00012756
1.18100000 -0.00012663
1.18200000 -0.00012570
1.18300000 -0.00012479
1.18400000 -0.00012388
1.18500000 -0.00012298
1.18600000 -0.00012209
1.18700000 -0.00012121
1.18800000 -0.00012034
1.18900000 -0.00011947
1.19000000 -0.00011861
1.19100000 -0.00011776
1.19200000 -0.00011692
1.19300000 -0.00011608
1.19400000 -0.00011525
1.19500000 -0.00011443
1.19600000 -0.00011362
1.19700000 -0.00011281
1.19800000 -0.00011201
1.19900000 -0.00011122
1.20000000 -0.00011043
1.20100000 -0.00010965
1.20200000 -0.00010888
1.20300000 -0.00010812
1.20400000 -0.00010736
1.20500000 -0.00010661
1.20600000 -0.00010586
1.20700000 -0.00010512
1.20800000 -0.00010439
1.20900000 -0.00010366
1.21000000 -0.00010294
1.21100000 -0.00010223
1.21200000 -0.00010152
1.21300000 -0.00010082
1.21400000 -0.00010013
1.21500000 -0.00009944
1.21600000 -0.00009875
1.21700000 -0.00009807
1.21800000 -0.00009740
1.21900000 -0.00009674
1.22000000 -0.00009607
1.22100000 -0.00009542
1.22200000 -0.00009477
1.22300000 -0.00009413
1.22400000 -0.00009349
1.22500000 -0.00009285
1.22600000 -0.00009223
1.22700000 -0.00009160
1.22800000 -0.00009099
1.22900000 -0.00009037
1.23000000 -0.00008977
1.23100000 -0.00008916
1.23200000 -0.00008857
1.23300000 -0.00008797
1.23400000 -0.00008739
1.23500000 -0.00008680
1.23600000 -0.00008623
1.23700000 -0.00008565
1.23800000 -0.00008509
1.23900000 -0.00008452
1.24000000 -0.00008396
1.24100000 -0.00008341
1.24200000 -0.00008286
1.24300000 -0.00008232
1.24400000 -0.00008177
1.24500000 -0.00008124
1.24600000 -0.00008071
1.24700000 -0.00008018
1.24800000 -0.00007966
1.24900000 -0.00007914
1.25000000 -0.00007862
1.25100000 -0.00007811
1.25200000 -0.00007760
1.25300000 -0.00007710
1.25400000 -0.00007660
1.25500000 -0.00007611
1.25600000 -0.00007562
1.25700000 -0.00007513
1.25800000 -0.00007465
1.25900000 -0.00007417
1.26000000 -0.00007370
1.26100000 -0.00007322
1.26200000 -0.00007276
1.26300000 -0.00007229
1.26400000 -0.00007183
1.26500000 -0.00007138
1.26600000 -0.00007092
1.26700000 -0.00007047
1.26800000 -0.00007003
1.26900000 -0.00006959
1.27000000 -0.00006915
1.27100000 -0.00006871
1.27200000 -0.00006828
1.27300000 -0.00006785
1.27400000 -0.00006743
1.27500000 -0.00006700
1.27600000 -0.00006659
1.27700000 -0.00006617
1.27800000 -0.00006576
1.27900000 -0.00006535
1.28000000 -0.00006494
1.28100000 -0.00006454
1.28200000 -0.00006414
1.28300000 -0.00006374
1.28400000 -0.00006335
1.28500000 -0.00006296
1.28600000 -0.00006257
1.28700000 -0.00006219
1.28800000 -0.00006181
1.28900000 -0.00006143
1.29000000 -0.00006105
1.29100000 -0.00006068
1.29200000 -0.00006031
1.29300000 -0.00005994
1.29400000 -0.00005958
1.29500000 -0.00005922
1.29600000 -0.00005886
1.29700000 -0.00005850
1.29800000 -0.00005815
1.29900000 -0.00005780
1.30000000 -0.00005745
1.30100000 -0.00005710
1.30200000 -0.00005676
1.30300000 -0.00005642
1.30400000 -0.00005608
1.30500000 -0.00005574
1.30600000 -0.00005541
1.30700000 -0.00005508
1.30800000 -0.00005475
1.30900000 -0.00005443
1.31000000 -0.00005410
1.31100000 -0.00005378
1.31200000 -0.00005346
1.31300000 -0.00005315
1.31400000 -0.00005283
1.31500000 -0.00005252
1.31600000 -0.00005221
1.31700000 -0.00005191
1.31800000 -0.00005160
1.31900000 -0.00005130
1.32000000 -0.00005100
1.32100000 -0.00005070
1.32200000 -0.00005040
1.32300000 -0.00005011
1.32400000 -0.00004982
1.32500000 -0.00004953
1.32600000 -0.00004924
1.32700000 -0.00004896
1.32800000 -0.00004867
1.32900000 -0.00004839
1.33000000 -0.00004811
1.33100000 -0.00004784
1.33200000 -0.00004756
1.33300000 -0.00004729
1.33400000 -0.00004702
1.33500000 -0.00004675
1.33600000 -0.00004648
1.33700000 -0.00004621
1.33800000 -0.00004595
1.33900000 -0.00004569
1.34000000 -0.00004543
1.34100000 -0.00004517
1.34200000 -0.00004491
1.34300000 -0.00004466
1.34400000 -0.00004441
1.34500000 -0.00004415
1.34600000 -0.00004391
1.34700000 -0.00004366
1.34800000 -0.00004341
1.34900000 -0.00004317
1.35000000 -0.00004293
1.35100000 -0.00004269
1.35200000 -0.00004245
1.35300000 -0.00004221
1.35400000 -0.00004197
1.35500000 -0.00004174
1.35600000 -0.00004151
1.35700000 -0.00004128
1.35800000 -0.00004105
1.35900000 -0.00004082
1.36000000 -0.00004059
1.36100000 -0.00004037
1.36200000 -0.00004015
1.36300000 -0.00003993
1.36400000 -0.00003971
1.36500000 -0.00003949
1.36600000 -0.00003927
1.36700000 -0.00003906
1.36800000 -0.00003884
1.36900000 -0.00003863
1.37000000 -0.00003842
1.37100000 -0.00003821
1.37200000 -0.00003800
1.37300000 -0.00003779
1.37400000 -0.00003759
1.37500000 -0.00003738
1.37600000 -0.00003718
1.37700000 -0.00003698
1.37800000 -0.00003678
1.37900000 -0.00003658
1.38000000 -0.00003639
1.38100000 -0.00003619
1.38200000 -0.00003599
1.38300000 -0.00003580
1.38400000 -0.00003561
1.38500000 -0.00003542
1.38600000 -0.00003523
1.38700000 -0.00003504
1.38800000 -0.00003485
1.38900000 -0.00003467
1.39000000 -0.00003448
1.39100000 -0.00003430
1.39200000 -0.00003412
1.39300000 -0.00003394
1.39400000 -0.00003376
1.39500000 -0.00003358
1.39600000 -0.00003340
1.39700000 -0.00003323
1.39800000 -0.00003305
1.39900000 -0.00003288
1.40000000 -0.00003271
1.40100000 -0.00003253
1.40200000 -0.00003236
1.40300000 -0.00003220
1.40400000 -0.00003203
1.40500000 -0.00003186
1.40600000 -0.00003169
1.40700000 -0.00003153
1.40800000 -0.00003137
1.40900000 -0.00003120
1.41000000 -0.00003104
1.41100000 -0.00003088
1.41200000 -0.00003072
1.41300000 -0.00003056
1.41400000 -0.00003040
1.41500000 -0.00003025
1.41600000 -0.00003009
1.41700000 -0.00002994
1.41800000 -0.00002978
1.41900000 -0.00002963
1.42000000 -0.00002948
1.42100000 -0.00002933
1.42200000 -0.00002918
1.42300000 -0.00002903
1.42400000 -0.00002888
1.42500000 -0.00002874
1.42600000 -0.00002859
1.42700000 -0.00002844
1.42800000 -0.00002830
1.42900000 -0.00002816
1.43000000 -0.00002802
1.43100000 -0.00002787
1.43200000 -0.00002773
1.43300000 -0.00002759
1.43400000 -0.00002745
1.43500000 -0.00002732
1.43600000 -0.00002718
1.43700000 -0.00002704
1.43800000 -0.00002691
1.43900000 -0.00002677
1.44000000 -0.00002664
1.44100000 -0.00002651
1.44200000 -0.00002638
1.44300000 -0.00002624
1.44400000 -0.00002611
1.44500000 -0.00002598
1.44600000 -0.00002586
1.44700000 -0.00002573
1.44800000 -0.00002560
1.44900000 -0.00002547
1.45000000 -0.00002535
1.45100000 -0.00002522
1.45200000 -0.00002510
1.45300000 -0.00002498
1.45400000 -0.00002485
1.45500000 -0.00002473
1.45600000 -0.00002461
1.45700000 -0.00002449
1.45800000 -0.00002437
1.45900000 -0.00002425
1.46000000 -0.00002413
1.46100000 -0.00002402
1.46200000 -0.00002390
1.46300000 -0.00002378
1.46400000 -0.00002367
1.46500000 -0.00002355
1.46600000 -0.00002344
1.46700000 -0.00002333
1.46800000 -0.00002321
1.46900000 -0.00002310
1.47000000 -0.00002299
1.47100000 -0.00002288
1.47200000 -0.00002277
1.47300000 -0.00002266
1.47400000 -0.00002255
1.47500000 -0.00002244
1.47600000 -0.00002234
1.47700000 -0.00002223
1.47800000 -0.00002212
1.47900000 -0.00002202
1.48000000 -0.00002191
1.48100000 -0.00002181
1.48200000 -0.00002171
1.48300000 -0.00002160
1.48400000 -0.00002150
1.48500000 -0.00002140
1.48600000 -0.00002130
1.48700000 -0.00002120
1.48800000 -0.00002110
1.48900000 -0.00002100
1.49000000 -0.00002090
1.49100000 -0.00002080
1.49200000 -0.00002070
1.49300000 -0.00002061
1.49400000 -0.00002051
1.49500000 -0.00002042
1.49600000 -0.00002032
1.49700000 -0.00002023
1.49800000 -0.00002013
1.49900000 -0.00002004
1.50000000 -0.00001994
1.50100000 -0.00001985
1.50200000 -0.00001976
1.50300000 -0.00001967
1.50400000 -0.00001958
1.50500000 -0.00001949
1.50600000 -0.00001940
1.50700000 -0.00001931
1.50800000 -0.00001922
1.50900000 -0.00001913
1.51000000 -0.00001904
1.51100000 -0.00001895
1.51200000 -0.00001887
1.51300000 -0.00001878
1.51400000 -0.00001870
1.51500000 -0.00001861
1.51600000 -0.00001853
1.51700000 -0.00001844
1.51800000 -0.00001836
1.51900000 -0.00001827
1.52000000 -0.00001819
1.52100000 -0.00001811
1.52200000 -0.00001803
1.52300000 -0.00001794
1.52400000 -0.00001786
1.52500000 -0.00001778
1.52600000 -0.00001770
1.52700000 -0.00001762
1.52800000 -0.00001754
1.52900000 -0.00001746
1.53000000 -0.00001739
1.53100000 -0.00001731
1.53200000 -0.00001723
1.53300000 -0.00001715
1.53400000 -0.00001708
1.53500000 -0.00001700
1.53600000 -0.00001692
1.53700000 -0.00001685
1.53800000 -0.00001677
1.53900000 -0.00001670
1.54000000 -0.00001662
1.54100000 -0.00001655
1.54200000 -0.00001648
1.54300000 -0.00001640
1.54400000 -0.00001633
1.54500000 -0.00001626
1.54600000 -0.00001619
1.54700000 -0.00001612
1.54800000 -0.00001605
1.54900000 -0.00001597
1.55000000 -0.00001590
1.55100000 -0.00001583
1.55200000 -0.00001577
1.55300000 -0.00001570
1.55400000 -0.00001563
1.55500000 -0.00001556
1.55600000 -0.00001549
1.55700000 -0.00001542
1.55800000 -0.00001536
1.55900000 -0.00001529
1.56000000 -0.00001522
1.56100000 -0.00001516
1.56200000 -0.00001509
1.56300000 -0.00001503
1.56400000 -0.00001496
1.56500000 -0.00001490
1.56600000 -0.00001483
1.56700000 -0.00001477
1.56800000 -0.00001470
1.56900000 -0.00001464
1.57000000 -0.00001458
1.57100000 -0.00001451
1.57200000 -0.00001445
1.57300000 -0.00001439
1.57400000 -0.00001433
1.57500000 -0.00001427
1.57600000 -0.00001421
1.57700000 -0.00001415
1.57800000 -0.00001409
1.57900000 -0.00001403
1.58000000 -0.00001397
1.58100000 -0.00001391
1.58200000 -0.00001385
1.58300000 -0.00001379
1.58400000 -0.00001373
1.58500000 -0.00001367
1.58600000 -0.00001361
1.58700000 -0.00001356
1.58800000 -0.00001350
1.58900000 -0.00001344
1.59000000 -0.00001339
1.59100000 -0.00001333
1.59200000 -0.00001327
1.59300000 -0.00001322
1.59400000 -0.00001316
1.59500000 -0.00001311
1.59600000 -0.00001305
1.59700000 -0.00001300
1.59800000 -0.00001294
1.59900000 -0.00001289
1.60000000 -0.00001284
1.60100000 -0.00001278
1.60200000 -0.00001273
1.60300000 -0.00001268
1.60400000 -0.00001262
1.60500000 -0.00001257
1.60600000 -0.00001252
1.60700000 -0.00001247
1.60800000 -0.00001242
1.60900000 -0.00001236
1.61000000 -0.00001231
1.61100000 -0.00001226
1.61200000 -0.00001221
1.61300000 -0.00001216
1.61400000 -0.00001211
1.61500000 -0.00001206
1.61600000 -0.00001201
1.61700000 -0.00001196
1.61800000 -0.00001191
1.61900000 -0.00001187
1.62000000 -0.00001182
1.62100000 -0.00001177
1.62200000 -0.00001172
1.62300000 -0.00001167
1.62400000 -0.00001163
1.62500000 -0.00001158
1.62600000 -0.00001153
1.62700000 -0.00001149
1.62800000 -0.00001144
1.62900000 -0.00001139
1.63000000 -0.00001135
1.63100000 -0.00001130
1.63200000 -0.00001126
1.63300000 -0.00001121
1.63400000 -0.00001116
1.63500000 -0.00001112
1.63600000 -0.00001107
1.63700000 -0.00001103
1.63800000 -0.00001099
1.63900000 -0.00001094
1.64000000 -0.00001090
1.64100000 -0.00001085
1.64200000 -0.00001081
1.64300000 -0.00001077
1.64400000 -0.00001073
1.64500000 -0.00001068
1.64600000 -0.00001064
1.64700000 -0.00001060
1.64800000 -0.00001056
1.64900000 -0.00001051
1.65000000 -0.00001047
1.65100000 -0.00001043
1.65200000 -0.00001039
1.65300000 -0.00001035
1.65400000 -0.00001031
1.65500000 -0.00001027
1.65600000 -0.00001023
1.65700000 -0.00001019
1.65800000 -0.00001015
1.65900000 -0.00001011
1.66000000 -0.00001007
1.66100000 -0.00001003
1.66200000 -0.00000999
1.66300000 -0.00000995
1.66400000 -0.00000991
1.66500000 -0.00000987
1.66600000 -0.00000983
1.66700000 -0.00000979
1.66800000 -0.00000976
1.66900000 -0.00000972
1.67000000 -0.00000968
1.67100000 -0.00000964
1.67200000 -0.00000961
1.67300000 -0.00000957
1.67400000 -0.00000953
1.67500000 -0.00000949
1.67600000 -0.00000946
1.67700000 -0.00000942
1.67800000 -0.00000938
1.67900000 -0.00000935
1.68000000 -0.00000931
1.68100000 -0.00000928
1.68200000 -0.00000924
1.68300000 -0.00000921
1.68400000 -0.00000917
1.68500000 -0.00000914
1.68600000 -0.00000910
1.68700000 -0.00000907
1.68800000 -0.00000903
1.68900000 -0.00000900
1.69000000 -0.00000896
1.69100000 -0.00000893
1.69200000 -0.00000889
1.69300000 -0.00000886
1.69400000 -0.00000883
1.69500000 -0.00000879
1.69600000 -0.00000876
1.69700000 -0.00000873
1.69800000 -0.00000869
1.69900000 -0.00000866
1.70000000 -0.00000863
1.70100000 -0.00000860
1.70200000 -0.00000856
1.70300000 -0.00000853
1.70400000 -0.00000850
1.70500000 -0.00000847
1.70600000 -0.00000843
1.70700000 -0.00000840
1.70800000 -0.00000837
1.70900000 -0.00000834
1.71000000 -0.00000831
1.71100000 -0.00000828
1.71200000 -0.00000825
1.71300000 -0.00000822
1.71400000 -0.00000819
1.71500000 -0.00000815
1.71600000 -0.00000812
1.71700000 -0.00000809
1.71800000 -0.00000806
1.71900000 -0.00000803
1.72000000 -0.00000800
1.72100000 -0.00000797
1.72200000 -0.00000795
1.72300000 -0.00000792
1.72400000 -0.00000789
1.72500000 -0.00000786
1.72600000 -0.00000783
1.72700000 -0.00000780
1.72800000 -0.00000777
1.72900000 -0.00000774
1.73000000 -0.00000771
1.73100000 -0.00000769
1.73200000 -0.00000766
1.73300000 -0.00000763
1.73400000 -0.00000760
1.73500000 -0.00000757
1.73600000 -0.00000755
1.73700000 -0.00000752
1.73800000 -0.00000749
1.73900000 -0.00000746
1.74000000 -0.00000744
1.74100000 -0.00000741
1.74200000 -0.00000738
1.74300000 -0.00000736
1.74400000 -0.00000733
1.74500000 -0.00000730
1.74600000 -0.00000728
1.74700000 -0.00000725
1.74800000 -0.00000722
1.74900000 -0.00000720
1.75000000 -0.00000717
1.75100000 -0.00000715
1.75200000 -0.00000712
1.75300000 -0.00000709
1.75400000 -0.00000707
1.75500000 -0.00000704
1.75600000 -0.00000702
1.75700000 -0.00000699
1.75800000 -0.00000697
1.75900000 -0.00000694
1.76000000 -0.00000692
1.76100000 -0.00000689
1.76200000 -0.00000687
1.76300000 -0.00000684
1.76400000 -0.00000682
1.76500000 -0.00000680
1.76600000 -0.00000677
1.76700000 -0.00000675
1.76800000 -0.00000672
1.76900000 -0.00000670
1.77000000 -0.00000668
1.77100000 -0.00000665
1.77200000 -0.00000663
1.77300000 -0.00000661
1.77400000 -0.00000658
1.77500000 -0.00000656
1.77600000 -0.00000654
1.77700000 -0.00000651
1.77800000 -0.00000649
1.77900000 -0.00000647
1.78000000 -0.00000644
1.78100000 -0.00000642
1.78200000 -0.00000640
1.78300000 -0.00000638
1.78400000 -0.00000635
1.78500000 -0.00000633
1.78600000 -0.00000631
1.78700000 -0.00000629
1.78800000 -0.00000627
1.78900000 -0.00000624
1.79000000 -0.00000622
1.79100000 -0.00000620
1.79200000 -0.00000618
1.79300000 -0.00000616
1.79400000 -0.00000614
1.79500000 -0.00000611
1.79600000 -0.00000609
1.79700000 -0.00000607
1.79800000 -0.00000605
1.79900000 -0.00000603
1.80000000 -0.00000601
1.80100000 -0.00000599
1.80200000 -0.00000597
1.80300000 -0.00000595
1.80400000 -0.00000593
1.80500000 -0.00000591
1.80600000 -0.00000589
1.80700000 -0.00000587
1.80800000 -0.00000585
1.80900000 -0.00000583
1.81000000 -0.00000581
1.81100000 -0.00000579
1.81200000 -0.00000577
1.81300000 -0.00000575
1.81400000 -0.00000573
1.81500000 -0.00000571
1.81600000 -0.00000569
1.81700000 -0.00000567
1.81800000 -0.00000565
1.81900000 -0.00000563
1.82000000 -0.00000561
1.82100000 -0.00000559
1.82200000 -0.00000557
1.82300000 -0.00000555
1.82400000 -0.00000554
1.82500000 -0.00000552
1.82600000 -0.00000550
1.82700000 -0.00000548
1.82800000 -0.00000546
1.82900000 -0.00000544
1.83000000 -0.00000542
1.83100000 -0.00000541
1.83200000 -0.00000539
1.83300000 -0.00000537
1.83400000 -0.00000535
1.83500000 -0.00000533
1.83600000 -0.00000532
1.83700000 -0.00000530
1.83800000 -0.00000528
1.83900000 -0.00000526
1.84000000 -0.00000525
1.84100000 -0.00000523
1.84200000 -0.00000521
1.84300000 -0.00000519
1.84400000 -0.00000518
1.84500000 -0.00000516
1.84600000 -0.00000514
1.84700000 -0.00000512
1.84800000 -0.00000511
1.84900000 -0.00000509
1.85000000 -0.00000507
1.85100000 -0.00000506
1.85200000 -0.00000504
1.85300000 -0.00000502
1.85400000 -0.00000501
1.85500000 -0.00000499
1.85600000 -0.00000497
1.85700000 -0.00000496
1.85800000 -0.00000494
1.85900000 -0.00000493
1.86000000 -0.00000491
1.86100000 -0.00000489
1.86200000 -0.00000488
1.86300000 -0.00000486
1.86400000 -0.00000484
1.86500000 -0.00000483
1.86600000 -0.00000481
1.86700000 -0.00000480
1.86800000 -0.00000478
1.86900000 -0.00000477
1.87000000 -0.00000475
1.87100000 -0.00000474
1.87200000 -0.00000472
1.87300000 -0.00000470
1.87400000 -0.00000469
1.87500000 -0.00000467
1.87600000 -0.00000466
1.87700000 -0.00000464
1.87800000 -0.00000463
1.87900000 -0.00000461
1.88000000 -0.00000460
1.88100000 -0.00000458
1.88200000 -0.00000457
1.88300000 -0.00000455
1.88400000 -0.00000454
1.88500000 -0.00000453
1.88600000 -0.00000451
1.88700000 -0.00000450
1.88800000 -0.00000448
1.88900000 -0.00000447
1.89000000 -0.00000445
1.89100000 -0.00000444
1.89200000 -0.00000442
1.89300000 -0.00000441
1.89400000 -0.00000440
1.89500000 -0.00000438
1.89600000 -0.00000437
1.89700000 -0.00000435
1.89800000 -0.00000434
1.89900000 -0.00000433
1.90000000 -0.00000431
1.90100000 -0.00000430
1.90200000 -0.00000429
1.90300000 -0.00000427
1.90400000 -0.00000426
1.90500000 -0.00000424
1.90600000 -0.00000423
1.90700000 -0.00000422
1.90800000 -0.00000420
1.90900000 -0.00000419
1.91000000 -0.00000418
1.91100000 -0.00000417
1.91200000 -0.00000415
1.91300000 -0.00000414
1.91400000 -0.00000413
1.91500000 -0.00000411
1.91600000 -0.00000410
1.91700000 -0.00000409
1.91800000 -0.00000407
1.91900000 -0.00000406
1.92000000 -0.00000405
1.92100000 -0.00000404
1.92200000 -0.00000402
1.92300000 -0.00000401
1.92400000 -0.00000400
1.92500000 -0.00000399
1.92600000 -0.00000397
1.92700000 -0.00000396
1.92800000 -0.00000395
1.92900000 -0.00000394
1.93000000 -0.00000392
1.93100000 -0.00000391
1.93200000 -0.00000390
1.93300000 -0.00000389
1.93400000 -0.00000388
1.93500000 -0.00000386
1.93600000 -0.00000385
1.93700000 -0.00000384
1.93800000 -0.00000383
1.93900000 -0.00000382
1.94000000 -0.00000380
1.94100000 -0.00000379
1.94200000 -0.00000378
1.94300000 -0.00000377
1.94400000 -0.00000376
1.94500000 -0.00000375
1.94600000 -0.00000373
1.94700000 -0.00000372
1.94800000 -0.00000371
1.94900000 -0.00000370
1.95000000 -0.00000369
1.95100000 -0.00000368
1.95200000 -0.00000367
1.95300000 -0.00000366
1.95400000 -0.00000364
1.95500000 -0.00000363
1.95600000 -0.00000362
1.95700000 -0.00000361
1.95800000 -0.00000360
1.95900000 -0.00000359
1.96000000 -0.00000358
1.96100000 -0.00000357
1.96200000 -0.00000356
1.96300000 -0.00000355
1.96400000 -0.00000354
1.96500000 -0.00000352
1.96600000 -0.00000351
1.96700000 -0.00000350
1.96800000 -0.00000349
1.96900000 -0.00000348
1.97000000 -0.00000347
1.97100000 -0.00000346
1.97200000 -0.00000345
1.97300000 -0.00000344
1.97400000 -0.00000343
1.97500000 -0.00000342
1.97600000 -0.00000341
1.97700000 -0.00000340
1.97800000 -0.00000339
1.97900000 -0.00000338
1.98000000 -0.00000337
1.98100000 -0.00000336
1.98200000 -0.00000335
1.98300000 -0.00000334
1.98400000 -0.00000333
1.98500000 -0.00000332
1.98600000 -0.00000331
1.98700000 -0.00000330
1.98800000 -0.00000329
1.98900000 -0.00000328
1.99000000 -0.00000327
1.99100000 -0.00000326
1.99200000 -0.00000325
1.99300000 -0.00000324
1.99400000 -0.00000323
1.99500000 -0.00000322
1.99600000 -0.00000321
1.99700000 -0.00000320
1.99800000 -0.00000319
1.99900000 -0.00000318
2.00000000 -0.00000317
