0.10000000 2124132074.08659911
0.10100000 1885051566.96962190
0.10200000 1674849438.54592657
0.10300000 1489804063.36064529
0.10400000 1326702961.24167657
0.10500000 1182769176.03228235
0.10600000 1055598862.99920666
0.10700000 943108294.20625818
0.10800000 843488790.44479179
0.10900000 755168335.41828525
0.11000000 676778832.26263368
0.11100000 607128131.83511162
0.11200000 545176102.77443147
0.11300000 490014130.21443474
0.11400000 440847527.38132781
0.11500000 396980425.51780957
0.11600000 357802775.44138920
0.11700000 322779150.84377199
0.11800000 291439091.05207676
0.11900000 263368760.94802892
0.12000000 238203739.35452947
0.12100000 215622775.50483379
0.12200000 195342377.08098274
0.12300000 177112113.46882385
0.12400000 160710534.92791468
0.12500000 145941622.81555867
0.12600000 132631698.25150076
0.12700000 120626727.01061457
0.12800000 109789967.27536897
0.12900000 99999914.41066422
0.13000000 91148503.34412906
0.13100000 83139534.61578575
0.13200000 75887294.84546891
0.13300000 69315346.37513578
0.13400000 63355464.27783524
0.13500000 57946701.87133116
0.13600000 53034568.40460446
0.13700000 48570304.76092974
0.13800000 44510244.89379497
0.13900000 40815252.32558278
0.14000000 37450222.43098997
0.14100000 34383642.42936013
0.14200000 31587202.04944757
0.14300000 29035448.72962498
0.14400000 26705481.99581910
0.14500000 24576682.33526680
0.14600000 22630470.47085565
0.14700000 20850093.45061319
0.14800000 19220434.41034246
0.14900000 17727843.25348289
0.15000000 16359985.82874095
0.15100000 15105709.47953904
0.15200000 13954923.09559430
0.15300000 12898490.02089339
0.15400000 11928132.36822329
0.15500000 11036345.46192228
0.15600000 10216321.28079553
0.15700000 9461879.90493966
0.15800000 8767408.08590985
0.15900000 8127804.16129728
0.16000000 7538428.62414622
0.16100000 6995059.73627523
0.16200000 6493853.64381969
0.16300000 6031308.51435134
0.16400000 5604232.26877241
0.16500000 5209713.52871188
0.16600000 4845095.44214260
0.16700000 4507952.08706422
0.16800000 4196067.18594572
0.16900000 3907414.89270816
0.17000000 3640142.43980264
0.17100000 3392554.45579361
0.17200000 3163098.78413989
0.17300000 2950353.65187611
0.17400000 2753016.05290320
0.17500000 2569891.22482897
0.17600000 2399883.11096555
0.17700000 2241985.71036899
0.17800000 2095275.22885596
0.17900000 1958902.95289363
0.18000000 1832088.77625432
0.18100000 1714115.31646517
0.18200000 1604322.56446032
0.18300000 1502103.01654474
0.18400000 1406897.24287840
0.18500000 1318189.85125444
0.18600000 1235505.80903314
0.18700000 1158407.08975733
0.18800000 1086489.61426003
0.18900000 1019380.45902286
0.19000000 956735.30718998
0.19100000 898236.12001920
0.19200000 843589.00868849
0.19300000 792522.28829754
0.19400000 744784.69763231
0.19500000 700143.76981764
0.19600000 658384.34038421
0.19700000 619307.18054054
0.19800000 582727.74457943
0.19900000 548475.02137694
0.20000000 516390.48086972
0.20100000 486327.10723489
0.20200000 458148.51125409
0.20300000 431728.11502811
0.20400000 406948.40282820
0.20500000 383700.23243060
0.20600000 361882.20178856
0.20700000 341400.06635618
0.20800000 322166.20279499
0.20900000 304099.11517240
0.21000000 287122.98010391
0.21100000 271167.22760240
0.21200000 256166.15468028
0.21300000 242058.56900723
0.21400000 228787.46015956
0.21500000 216299.69620951
0.21600000 204545.74359589
0.21700000 193479.40839308
0.21800000 183057.59725569
0.21900000 173240.09646154
0.22000000 163989.36760899
0.22100000 155270.35864512
0.22200000 147050.32901236
0.22300000 139298.68780157
0.22400000 131986.84389165
0.22500000 125088.06714003
0.22600000 118577.35976484
0.22700000 112431.33713002
0.22800000 106628.11720862
0.22900000 101147.21805836
0.23000000 95969.46269712
0.23100000 91076.89081534
0.23200000 86452.67680723
0.23300000 82081.05364397
0.23400000 77947.24215002
0.23500000 74037.38527809
0.23600000 70338.48701038
0.23700000 66838.35554272
0.23800000 63525.55043500
0.23900000 60389.33343609
0.24000000 57419.62271369
0.24100000 54606.95024071
0.24200000 51942.42210847
0.24300000 49417.68155488
0.24400000 47024.87451168
0.24500000 44756.61748976
0.24600000 42605.96763529
0.24700000 40566.39480191
0.24800000 38631.75549575
0.24900000 36796.26856100
0.25000000 35054.49248327
0.25100000 33401.30419735
0.25200000 31831.87929406
0.25300000 30341.67352896
0.25400000 28926.40554247
0.25500000 27582.04070775
0.25600000 26304.77602880
0.25700000 25091.02601658
0.25800000 23937.40947659
0.25900000 22840.73714560
0.26000000 21798.00012027
0.26100000 20806.35902389
0.26200000 19863.13386175
0.26300000 18965.79451897
0.26400000 18111.95185773
0.26500000 17299.34937425
0.26600000 16525.85537813
0.26700000 15789.45565984
0.26800000 15088.24661397
0.26900000 14420.42878850
0.27000000 13784.30083229
0.27100000 13178.25381467
0.27200000 12600.76589321
0.27300000 12050.39730706
0.27400000 11525.78567485
0.27500000 11025.64157774
0.27600000 10548.74440922
0.27700000 10093.93847480
0.27800000 9660.12932565
0.27900000 9246.28031140
0.28000000 8851.40933826
0.28100000 8474.58581963
0.28200000 8114.92780708
0.28300000 7771.59929039
0.28400000 7443.80765637
0.28500000 7130.80129627
0.28600000 6831.86735293
0.28700000 6546.32959888
0.28800000 6273.54643739
0.28900000 6012.90901900
0.29000000 5763.83946646
0.29100000 5525.78920150
0.29200000 5298.23736724
0.29300000 5080.68934054
0.29400000 4872.67532886
0.29500000 4673.74904645
0.29600000 4483.48646537
0.29700000 4301.48463663
0.29800000 4127.36057748
0.29900000 3960.75022083
0.30000000 3801.30742319
0.30100000 3648.70302766
0.30200000 3502.62397881
0.30300000 3362.77248628
0.30400000 3228.86523447
0.30500000 3100.63263544
0.30600000 2977.81812270
0.30700000 2860.17748336
0.30800000 2747.47822662
0.30900000 2639.49898639
0.31000000 2536.02895608
0.31100000 2436.86735387
0.31200000 2341.82291657
0.31300000 2250.71342055
0.31400000 2163.36522818
0.31500000 2079.61285836
0.31600000 1999.29857977
0.31700000 1922.27202564
0.31800000 1848.38982866
0.31900000 1777.51527520
0.32000000 1709.51797749
0.32100000 1644.27356293
0.32200000 1581.66337958
0.32300000 1521.57421686
0.32400000 1463.89804067
0.32500000 1408.53174225
0.32600000 1355.37689980
0.32700000 1304.33955241
0.32800000 1255.32998548
0.32900000 1208.26252708
0.33000000 1163.05535465
0.33100000 1119.63031144
0.33200000 1077.91273226
0.33300000 1037.83127795
0.33400000 999.31777823
0.33500000 962.30708228
0.33600000 926.73691692
0.33700000 892.54775170
0.33800000 859.68267080
0.33900000 828.08725118
0.34000000 797.70944676
0.34100000 768.49947831
0.34200000 740.40972872
0.34300000 713.39464341
0.34400000 687.41063553
0.34500000 662.41599588
0.34600000 638.37080706
0.34700000 615.23686189
0.34800000 592.97758570
0.34900000 571.55796235
0.35000000 550.94446380
0.35100000 531.10498309
0.35200000 512.00877047
0.35300000 493.62637257
0.35400000 475.92957443
0.35500000 458.89134437
0.35600000 442.48578133
0.35700000 426.68806477
0.35800000 411.47440687
0.35900000 396.82200704
0.36000000 382.70900844
0.36100000 369.11445662
0.36200000 356.01826004
0.36300000 343.40115240
0.36400000 331.24465673
0.36500000 319.53105115
0.36600000 308.24333616
0.36700000 297.36520343
0.36800000 286.88100608
0.36900000 276.77573022
0.37000000 267.03496787
0.37100000 257.64489101
0.37200000 248.59222691
0.37300000 239.86423449
0.37400000 231.44868177
0.37500000 223.33382435
0.37600000 215.50838483
0.37700000 207.96153314
0.37800000 200.68286776
0.37900000 193.66239778
0.38000000 186.89052576
0.38100000 180.35803130
0.38200000 174.05605536
0.38300000 167.97608533
0.38400000 162.10994064
0.38500000 156.44975910
0.38600000 150.98798374
0.38700000 145.71735034
0.38800000 140.63087541
0.38900000 135.72184470
0.39000000 130.98380222
0.39100000 126.41053980
0.39200000 121.99608695
0.39300000 117.73470128
0.39400000 113.62085931
0.39500000 109.64924761
0.39600000 105.81475436
0.39700000 102.11246131
0.39800000 98.53763599
0.39900000 95.08572432
0.40000000 91.75234349
0.40100000 88.53327517
0.40200000 85.42445899
0.40300000 82.42198630
0.40400000 79.52209414
0.40500000 76.72115959
0.40600000 74.01569418
0.40700000 71.40233869
0.40800000 68.87785805
0.40900000 66.43913652
0.41000000 64.08317307
0.41100000 61.80707687
0.41200000 59.60806305
0.41300000 57.48344862
0.41400000 55.43064852
0.41500000 53.44717184
0.41600000 51.53061823
0.41700000 49.67867442
0.41800000 47.88911089
0.41900000 46.15977867
0.42000000 44.48860626
0.42100000 42.87359674
0.42200000 41.31282489
0.42300000 39.80443448
0.42400000 38.34663571
0.42500000 36.93770265
0.42600000 35.57597091
0.42700000 34.25983524
0.42800000 32.98774741
0.42900000 31.75821402
0.43000000 30.56979448
0.43100000 29.42109903
0.43200000 28.31078687
0.43300000 27.23756436
0.43400000 26.20018324
0.43500000 25.19743896
0.43600000 24.22816912
0.43700000 23.29125186
0.43800000 22.38560440
0.43900000 21.51018164
0.44000000 20.66397473
0.44100000 19.84600977
0.44200000 19.05534655
0.44300000 18.29107733
0.44400000 17.55232565
0.44500000 16.83824520
0.44600000 16.14801873
0.44700000 15.48085701
0.44800000 14.83599783
0.44900000 14.21270502
0.45000000 13.61026752
0.45100000 13.02799848
0.45200000 12.46523440
0.45300000 11.92133431
0.45400000 11.39567893
0.45500000 10.88766997
0.45600000 10.39672930
0.45700000 9.92229833
0.45800000 9.46383723
0.45900000 9.02082434
0.46000000 8.59275552
0.46100000 8.17914348
0.46200000 7.77951726
0.46300000 7.39342164
0.46400000 7.02041655
0.46500000 6.66007661
0.46600000 6.31199055
0.46700000 5.97576078
0.46800000 5.65100289
0.46900000 5.33734517
0.47000000 5.03442824
0.47100000 4.74190453
0.47200000 4.45943798
0.47300000 4.18670356
0.47400000 3.92338693
0.47500000 3.66918406
0.47600000 3.42380089
0.47700000 3.18695301
0.47800000 2.95836527
0.47900000 2.73777152
0.48000000 2.52491430
0.48100000 2.31954451
0.48200000 2.12142116
0.48300000 1.93031110
0.48400000 1.74598872
0.48500000 1.56823573
0.48600000 1.39684092
0.48700000 1.23159987
0.48800000 1.07231479
0.48900000 0.91879425
0.49000000 0.77085300
0.49100000 0.62831173
0.49200000 0.49099691
0.49300000 0.35874056
0.49400000 0.23138011
0.49500000 0.10875817
0.49600000 -0.00927759
0.49700000 -0.12287466
0.49800000 -0.23217580
0.49900000 -0.33731922
0.50000000 -0.43843874
0.50100000 -0.53566390
0.50200000 -0.62912014
0.50300000 -0.71892890
0.50400000 -0.80520778
0.50500000 -0.88807064
0.50600000 -0.96762774
0.50700000 -1.04398585
0.50800000 -1.11724836
0.50900000 -1.18751539
0.51000000 -1.25488390
0.51100000 -1.31944781
0.51200000 -1.38129805
0.51300000 -1.44052270
0.51400000 -1.49720707
0.51500000 -1.55143379
0.51600000 -1.60328288
0.51700000 -1.65283186
0.51800000 -1.70015580
0.51900000 -1.74532744
0.52000000 -1.78841722
0.52100000 -1.82949338
0.52200000 -1.86862201
0.52300000 -1.90586716
0.52400000 -1.94129086
0.52500000 -1.97495319
0.52600000 -2.00691238
0.52700000 -2.03722481
0.52800000 -2.06594512
0.52900000 -2.09312624
0.53000000 -2.11881946
0.53100000 -2.14307445
0.53200000 -2.16593934
0.53300000 -2.18746076
0.53400000 -2.20768390
0.53500000 -2.22665253
0.53600000 -2.24440904
0.53700000 -2.26099454
0.53800000 -2.27644883
0.53900000 -2.29081048
0.54000000 -2.30411686
0.54100000 -2.31640417
0.54200000 -2.32770751
0.54300000 -2.33806085
0.54400000 -2.34749713
0.54500000 -2.35604826
0.54600000 -2.36374515
0.54700000 -2.37061775
0.54800000 -2.37669507
0.54900000 -2.38200525
0.55000000 -2.38657551
0.55100000 -2.39043225
0.55200000 -2.39360104
0.55300000 -2.39610665
0.55400000 -2.39797309
0.55500000 -2.39922360
0.55600000 -2.39988072
0.55700000 -2.39996626
0.55800000 -2.39950137
0.55900000 -2.39850653
0.56000000 -2.39700159
0.56100000 -2.39500575
0.56200000 -2.39253765
0.56300000 -2.38961532
0.56400000 -2.38625623
0.56500000 -2.38247729
0.56600000 -2.37829491
0.56700000 -2.37372495
0.56800000 -2.36878280
0.56900000 -2.36348335
0.57000000 -2.35784101
0.57100000 -2.35186976
0.57200000 -2.34558312
0.57300000 -2.33899419
0.57400000 -2.33211566
0.57500000 -2.32495980
0.57600000 -2.31753851
0.57700000 -2.30986331
0.57800000 -2.30194533
0.57900000 -2.29379537
0.58000000 -2.28542387
0.58100000 -2.27684095
0.58200000 -2.26805640
0.58300000 -2.25907968
0.58400000 -2.24991998
0.58500000 -2.24058616
0.58600000 -2.23108680
0.58700000 -2.22143022
0.58800000 -2.21162446
0.58900000 -2.20167729
0.59000000 -2.19159624
0.59100000 -2.18138859
0.59200000 -2.17106138
0.59300000 -2.16062141
0.59400000 -2.15007528
0.59500000 -2.13942935
0.59600000 -2.12868977
0.59700000 -2.11786250
0.59800000 -2.10695330
0.59900000 -2.09596772
0.60000000 -2.08491115
0.60100000 -2.07378877
0.60200000 -2.06260561
0.60300000 -2.05136651
0.60400000 -2.04007617
0.60500000 -2.02873910
0.60600000 -2.01735968
0.60700000 -2.00594213
0.60800000 -1.99449051
0.60900000 -1.98300877
0.61000000 -1.97150069
0.61100000 -1.95996995
0.61200000 -1.94842007
0.61300000 -1.93685446
0.61400000 -1.92527642
0.61500000 -1.91368911
0.61600000 -1.90209559
0.61700000 -1.89049880
0.61800000 -1.87890159
0.61900000 -1.86730668
0.62000000 -1.85571672
0.62100000 -1.84413425
0.62200000 -1.83256169
0.62300000 -1.82100141
0.62400000 -1.80945567
0.62500000 -1.79792665
0.62600000 -1.78641643
0.62700000 -1.77492702
0.62800000 -1.76346037
0.62900000 -1.75201833
0.63000000 -1.74060268
0.63100000 -1.72921514
0.63200000 -1.71785734
0.63300000 -1.70653087
0.63400000 -1.69523723
0.63500000 -1.68397787
0.63600000 -1.67275419
0.63700000 -1.66156750
0.63800000 -1.65041909
0.63900000 -1.63931016
0.64000000 -1.62824187
0.64100000 -1.61721535
0.64200000 -1.60623164
0.64300000 -1.59529175
0.64400000 -1.58439666
0.64500000 -1.57354727
0.64600000 -1.56274446
0.64700000 -1.55198907
0.64800000 -1.54128187
0.64900000 -1.53062362
0.65000000 -1.52001503
0.65100000 -1.50945677
0.65200000 -1.49894948
0.65300000 -1.48849374
0.65400000 -1.47809015
0.65500000 -1.46773921
0.65600000 -1.45744144
0.65700000 -1.44719731
0.65800000 -1.43700725
0.65900000 -1.42687168
0.66000000 -1.41679097
0.66100000 -1.40676550
0.66200000 -1.39679558
0.66300000 -1.38688152
0.66400000 -1.37702361
0.66500000 -1.36722209
0.66600000 -1.35747720
0.66700000 -1.34778916
0.66800000 -1.33815815
0.66900000 -1.32858434
0.67000000 -1.31906789
0.67100000 -1.30960893
0.67200000 -1.30020756
0.67300000 -1.29086389
0.67400000 -1.28157798
0.67500000 -1.27234991
0.67600000 -1.26317971
0.67700000 -1.25406742
0.67800000 -1.24501304
0.67900000 -1.23601658
0.68000000 -1.22707802
0.68100000 -1.21819734
0.68200000 -1.20937450
0.68300000 -1.20060944
0.68400000 -1.19190210
0.68500000 -1.18325240
0.68600000 -1.17466026
0.68700000 -1.16612558
0.68800000 -1.15764824
0.68900000 -1.14922814
0.69000000 -1.14086514
0.69100000 -1.13255911
0.69200000 -1.12430990
0.69300000 -1.11611736
0.69400000 -1.10798133
0.69500000 -1.09990164
0.69600000 -1.09187811
0.69700000 -1.08391057
0.69800000 -1.07599880
0.69900000 -1.06814264
0.70000000 -1.06034186
0.70100000 -1.05259626
0.70200000 -1.04490562
0.70300000 -1.03726973
0.70400000 -1.02968836
0.70500000 -1.02216128
0.70600000 -1.01468826
0.70700000 -1.00726905
0.70800000 -0.99990341
0.70900000 -0.99259110
0.71000000 -0.98533187
0.71100000 -0.97812545
0.71200000 -0.97097160
0.71300000 -0.96387004
0.71400000 -0.95682052
0.71500000 -0.94982277
0.71600000 -0.94287651
0.71700000 -0.93598148
0.71800000 -0.92913740
0.71900000 -0.92234399
0.72000000 -0.91560097
0.72100000 -0.90890807
0.72200000 -0.90226499
0.72300000 -0.89567145
0.72400000 -0.88912718
0.72500000 -0.88263187
0.72600000 -0.87618524
0.72700000 -0.86978700
0.72800000 -0.86343686
0.72900000 -0.85713453
0.73000000 -0.85087970
0.73100000 -0.84467210
0.73200000 -0.83851142
0.73300000 -0.83239737
0.73400000 -0.82632965
0.73500000 -0.82030798
0.73600000 -0.81433204
0.73700000 -0.80840154
0.73800000 -0.80251620
0.73900000 -0.79667570
0.74000000 -0.79087976
0.74100000 -0.78512808
0.74200000 -0.77942036
0.74300000 -0.77375631
0.74400000 -0.76813562
0.74500000 -0.76255801
0.74600000 -0.75702318
0.74700000 -0.75153084
0.74800000 -0.74608068
0.74900000 -0.74067242
0.75000000 -0.73530576
0.75100000 -0.72998042
0.75200000 -0.72469610
0.75300000 -0.71945250
0.75400000 -0.71424935
0.75500000 -0.70908634
0.75600000 -0.70396320
0.75700000 -0.69887963
0.75800000 -0.69383536
0.75900000 -0.68883008
0.76000000 -0.68386353
0.76100000 -0.67893541
0.76200000 -0.67404544
0.76300000 -0.66919335
0.76400000 -0.66437885
0.76500000 -0.65960167
0.76600000 -0.65486152
0.76700000 -0.65015814
0.76800000 -0.64549124
0.76900000 -0.64086055
0.77000000 -0.63626581
0.77100000 -0.63170673
0.77200000 -0.62718306
0.77300000 -0.62269452
0.77400000 -0.61824084
0.77500000 -0.61382176
0.77600000 -0.60943701
0.77700000 -0.60508634
0.77800000 -0.60076948
0.77900000 -0.59648617
0.78000000 -0.59223615
0.78100000 -0.58801916
0.78200000 -0.58383496
0.78300000 -0.57968329
0.78400000 -0.57556388
0.78500000 -0.57147650
0.78600000 -0.56742090
0.78700000 -0.56339682
0.78800000 -0.55940401
0.78900000 -0.55544225
0.79000000 -0.55151127
0.79100000 -0.54761084
0.79200000 -0.54374072
0.79300000 -0.53990067
0.79400000 -0.53609045
0.79500000 -0.53230982
0.79600000 -0.52855856
0.79700000 -0.52483643
0.79800000 -0.52114320
0.79900000 -0.51747864
0.80000000 -0.51384251
0.80100000 -0.51023461
0.80200000 -0.50665469
0.80300000 -0.50310254
0.80400000 -0.49957793
0.80500000 -0.49608065
0.80600000 -0.49261048
0.80700000 -0.48916719
0.80800000 -0.48575058
0.80900000 -0.48236042
0.81000000 -0.47899652
0.81100000 -0.47565865
0.81200000 -0.47234660
0.81300000 -0.46906017
0.81400000 -0.46579916
0.81500000 -0.46256335
0.81600000 -0.45935254
0.81700000 -0.45616654
0.81800000 -0.45300514
0.81900000 -0.44986814
0.82000000 -0.44675534
0.82100000 -0.44366656
0.82200000 -0.44060158
0.82300000 -0.43756023
0.82400000 -0.43454231
0.82500000 -0.43154763
0.82600000 -0.42857600
0.82700000 -0.42562723
0.82800000 -0.42270114
0.82900000 -0.41979755
0.83000000 -0.41691626
0.83100000 -0.41405711
0.83200000 -0.41121991
0.83300000 -0.40840447
0.83400000 -0.40561063
0.83500000 -0.40283821
0.83600000 -0.40008703
0.83700000 -0.39735692
0.83800000 -0.39464771
0.83900000 -0.39195922
0.84000000 -0.38929130
0.84100000 -0.38664376
0.84200000 -0.38401646
0.84300000 -0.38140921
0.84400000 -0.37882185
0.84500000 -0.37625423
0.84600000 -0.37370619
0.84700000 -0.37117755
0.84800000 -0.36866818
0.84900000 -0.36617789
0.85000000 -0.36370655
0.85100000 -0.36125400
0.85200000 -0.35882008
0.85300000 -0.35640464
0.85400000 -0.35400752
0.85500000 -0.35162859
0.85600000 -0.34926770
0.85700000 -0.34692468
0.85800000 -0.34459941
0.85900000 -0.34229172
0.86000000 -0.34000149
0.86100000 -0.33772857
0.86200000 -0.33547281
0.86300000 -0.33323408
0.86400000 -0.33101223
0.86500000 -0.32880713
0.86600000 -0.32661865
0.86700000 -0.32444664
0.86800000 -0.32229098
0.86900000 -0.32015152
0.87000000 -0.31802814
0.87100000 -0.31592071
0.87200000 -0.31382909
0.87300000 -0.31175316
0.87400000 -0.30969279
0.87500000 -0.30764785
0.87600000 -0.30561822
0.87700000 -0.30360377
0.87800000 -0.30160437
0.87900000 -0.29961992
0.88000000 -0.29765027
0.88100000 -0.29569532
0.88200000 -0.29375494
0.88300000 -0.29182902
0.88400000 -0.28991744
0.88500000 -0.28802008
0.88600000 -0.28613682
0.88700000 -0.28426755
0.88800000 -0.28241216
0.88900000 -0.28057054
0.89000000 -0.27874257
0.89100000 -0.27692814
0.89200000 -0.27512714
0.89300000 -0.27333947
0.89400000 -0.27156501
0.89500000 -0.26980366
0.89600000 -0.26805532
0.89700000 -0.26631987
0.89800000 -0.26459721
0.89900000 -0.26288724
0.90000000 -0.26118986
0.90100000 -0.25950496
0.90200000 -0.25783245
0.90300000 -0.25617222
0.90400000 -0.25452417
0.90500000 -0.25288821
0.90600000 -0.25126424
0.90700000 -0.24965216
0.90800000 -0.24805188
0.90900000 -0.24646330
0.91000000 -0.24488633
0.91100000 -0.24332087
0.91200000 -0.24176683
0.91300000 -0.24022412
0.91400000 -0.23869264
0.91500000 -0.23717232
0.91600000 -0.23566305
0.91700000 -0.23416475
0.91800000 -0.23267734
0.91900000 -0.23120072
0.92000000 -0.22973480
0.92100000 -0.22827951
0.92200000 -0.22683475
0.92300000 -0.22540045
0.92400000 -0.22397651
0.92500000 -0.22256286
0.92600000 -0.22115942
0.92700000 -0.21976609
0.92800000 -0.21838281
0.92900000 -0.21700949
0.93000000 -0.21564605
0.93100000 -0.21429242
0.93200000 -0.21294851
0.93300000 -0.21161424
0.93400000 -0.21028955
0.93500000 -0.20897435
0.93600000 -0.20766857
0.93700000 -0.20637214
0.93800000 -0.20508497
0.93900000 -0.20380701
0.94000000 -0.20253816
0.94100000 -0.20127837
0.94200000 -0.20002756
0.94300000 -0.19878565
0.94400000 -0.19755259
0.94500000 -0.19632829
0.94600000 -0.19511269
0.94700000 -0.19390572
0.94800000 -0.19270731
0.94900000 -0.19151740
0.95000000 -0.19033592
0.95100000 -0.18916279
0.95200000 -0.18799797
0.95300000 -0.18684137
0.95400000 -0.18569294
0.95500000 -0.18455260
0.95600000 -0.18342031
0.95700000 -0.18229599
0.95800000 -0.18117958
0.95900000 -0.18007103
0.96000000 -0.17897026
0.96100000 -0.17787722
0.96200000 -0.17679184
0.96300000 -0.17571407
0.96400000 -0.17464385
0.96500000 -0.17358112
0.96600000 -0.17252582
0.96700000 -0.17147789
0.96800000 -0.17043728
0.96900000 -0.16940392
0.97000000 -0.16837776
0.97100000 -0.16735875
0.97200000 -0.16634683
0.97300000 -0.16534194
0.97400000 -0.16434404
0.97500000 -0.16335306
0.97600000 -0.16236895
0.97700000 -0.16139166
0.97800000 -0.16042113
0.97900000 -0.15945732
0.98000000 -0.15850017
0.98100000 -0.15754963
0.98200000 -0.15660565
0.98300000 -0.15566818
0.98400000 -0.15473717
0.98500000 -0.15381256
0.98600000 -0.15289432
0.98700000 -0.15198238
0.98800000 -0.15107671
0.98900000 -0.15017725
0.99000000 -0.14928396
0.99100000 -0.14839678
0.99200000 -0.14751568
0.99300000 -0.14664060
0.99400000 -0.14577150
0.99500000 -0.14490833
0.99600000 -0.14405106
0.99700000 -0.14319962
0.99800000 -0.14235398
0.99900000 -0.14151410
1.00000000 -0.14067992
1.00100000 -0.13985141
1.00200000 -0.13902853
1.00300000 -0.13821123
1.00400000 -0.13739946
1.00500000 -0.13659319
1.00600000 -0.13579237
1.00700000 -0.13499697
1.00800000 -0.13420694
1.00900000 -0.13342224
1.01000000 -0.13264283
1.01100000 -0.13186867
1.01200000 -0.13109972
1.01300000 -0.13033594
1.01400000 -0.12957730
1.01500000 -0.12882375
1.01600000 -0.12807525
1.01700000 -0.12733177
1.01800000 -0.12659327
1.01900000 -0.12585972
1.02000000 -0.12513106
1.02100000 -0.12440728
1.02200000 -0.12368833
1.02300000 -0.12297417
1.02400000 -0.12226477
1.02500000 -0.12156009
1.02600000 -0.12086011
1.02700000 -0.12016477
1.02800000 -0.11947406
1.02900000 -0.11878793
1.03000000 -0.11810634
1.03100000 -0.11742928
1.03200000 -0.11675669
1.03300000 -0.11608856
1.03400000 -0.11542484
1.03500000 -0.11476550
1.03600000 -0.11411051
1.03700000 -0.11345984
1.03800000 -0.11281345
1.03900000 -0.11217132
1.04000000 -0.11153342
1.04100000 -0.11089970
1.04200000 -0.11027014
1.04300000 -0.10964471
1.04400000 -0.10902339
1.04500000 -0.10840613
1.04600000 -0.10779291
1.04700000 -0.10718369
1.04800000 -0.10657846
1.04900000 -0.10597718
1.05000000 -0.10537982
1.05100000 -0.10478635
1.05200000 -0.10419674
1.05300000 -0.10361097
1.05400000 -0.10302900
1.05500000 -0.10245082
1.05600000 -0.10187639
1.05700000 -0.10130568
1.05800000 -0.10073867
1.05900000 -0.10017532
1.06000000 -0.09961562
1.06100000 -0.09905954
1.06200000 -0.09850705
1.06300000 -0.09795812
1.06400000 -0.09741273
1.06500000 -0.09687085
1.06600000 -0.09633246
1.06700000 -0.09579753
1.06800000 -0.09526604
1.06900000 -0.09473796
1.07000000 -0.09421326
1.07100000 -0.09369193
1.07200000 -0.09317394
1.07300000 -0.09265925
1.07400000 -0.09214786
1.07500000 -0.09163974
1.07600000 -0.09113486
1.07700000 -0.09063319
1.07800000 -0.09013473
1.07900000 -0.08963943
1.08000000 -0.08914729
1.08100000 -0.08865827
1.08200000 -0.08817236
1.08300000 -0.08768953
1.08400000 -0.08720977
1.08500000 -0.08673304
1.08600000 -0.08625933
1.08700000 -0.08578861
1.08800000 -0.08532087
1.08900000 -0.08485608
1.09000000 -0.08439422
1.09100000 -0.08393528
1.09200000 -0.08347922
1.09300000 -0.08302604
1.09400000 -0.08257570
1.09500000 -0.08212819
1.09600000 -0.08168349
1.09700000 -0.08124158
1.09800000 -0.08080244
1.09900000 -0.08036605
1.10000000 -0.07993239
1.10100000 -0.07950144
1.10200000 -0.07907318
1.10300000 -0.07864759
1.10400000 -0.07822466
1.10500000 -0.07780436
1.10600000 -0.07738668
1.10700000 -0.07697160
1.10800000 -0.07655909
1.10900000 -0.07614915
1.11000000 -0.07574175
1.11100000 -0.07533688
1.11200000 -0.07493451
1.11300000 -0.07453464
1.11400000 -0.07413724
1.11500000 -0.07374229
1.11600000 -0.07334978
1.11700000 -0.07295970
1.11800000 -0.07257202
1.11900000 -0.07218672
1.12000000 -0.07180380
1.12100000 -0.07142323
1.12200000 -0.07104501
1.12300000 -0.07066910
1.12400000 -0.07029550
1.12500000 -0.06992418
1.12600000 -0.06955515
1.12700000 -0.06918837
1.12800000 -0.06882383
1.12900000 -0.06846152
1.13000000 -0.06810142
1.13100000 -0.06774352
1.13200000 -0.06738779
1.13300000 -0.06703424
1.13400000 -0.06668283
1.13500000 -0.06633357
1.13600000 -0.06598642
1.13700000 -0.06564138
1.13800000 -0.06529843
1.13900000 -0.06495756
1.14000000 -0.06461876
1.14100000 -0.06428200
1.14200000 -0.06394728
1.14300000 -0.06361458
1.14400000 -0.06328389
1.14500000 -0.06295520
1.14600000 -0.06262848
1.14700000 -0.06230373
1.14800000 -0.06198094
1.14900000 -0.06166008
1.15000000 -0.06134115
1.15100000 -0.06102414
1.15200000 -0.06070903
1.15300000 -0.06039580
1.15400000 -0.06008445
1.15500000 -0.05977496
1.15600000 -0.05946732
1.15700000 -0.05916152
1.15800000 -0.05885754
1.15900000 -0.05855538
1.16000000 -0.05825502
1.16100000 -0.05795644
1.16200000 -0.05765964
1.16300000 -0.05736460
1.16400000 -0.05707132
1.16500000 -0.05677977
1.16600000 -0.05648996
1.16700000 -0.05620186
1.16800000 -0.05591547
1.16900000 -0.05563077
1.17000000 -0.05534775
1.17100000 -0.05506641
1.17200000 -0.05478672
1.17300000 -0.05450869
1.17400000 -0.05423229
1.17500000 -0.05395752
1.17600000 -0.05368436
1.17700000 -0.05341281
1.17800000 -0.05314286
1.17900000 -0.05287448
1.18000000 -0.05260769
1.18100000 -0.05234245
1.18200000 -0.05207877
1.18300000 -0.05181663
1.18400000 -0.05155602
1.18500000 -0.05129694
1.18600000 -0.05103936
1.18700000 -0.05078329
1.18800000 -0.05052871
1.18900000 -0.05027561
1.19000000 -0.05002398
1.19100000 -0.04977382
1.19200000 -0.04952511
1.19300000 -0.04927784
1.19400000 -0.04903201
1.19500000 -0.04878760
1.19600000 -0.04854460
1.19700000 -0.04830301
1.19800000 -0.04806282
1.19900000 -0.04782401
1.20000000 -0.04758659
1.20100000 -0.04735053
1.20200000 -0.04711583
1.20300000 -0.04688248
1.20400000 -0.04665048
1.20500000 -0.04641980
1.20600000 -0.04619046
1.20700000 -0.04596243
1.20800000 -0.04573571
1.20900000 -0.04551028
1.21000000 -0.04528615
1.21100000 -0.04506330
1.21200000 -0.04484172
1.21300000 -0.04462141
1.21400000 -0.04440236
1.21500000 -0.04418456
1.21600000 -0.04396799
1.21700000 -0.04375266
1.21800000 -0.04353856
1.21900000 -0.04332567
1.22000000 -0.04311400
1.22100000 -0.04290352
1.22200000 -0.04269424
1.22300000 -0.04248614
1.22400000 -0.04227923
1.22500000 -0.04207348
1.22600000 -0.04186890
1.22700000 -0.04166547
1.22800000 -0.04146319
1.22900000 -0.04126206
1.23000000 -0.04106205
1.23100000 -0.04086318
1.23200000 -0.04066542
1.23300000 -0.04046878
1.23400000 -0.04027324
1.23500000 -0.04007879
1.23600000 -0.03988544
1.23700000 -0.03969318
1.23800000 -0.03950199
1.23900000 -0.03931187
1.24000000 -0.03912281
1.24100000 -0.03893481
1.24200000 -0.03874786
1.24300000 -0.03856196
1.24400000 -0.03837709
1.24500000 -0.03819325
1.24600000 -0.03801044
1.24700000 -0.03782864
1.24800000 -0.03764785
1.24900000 -0.03746807
1.25000000 -0.03728928
1.25100000 -0.03711149
1.25200000 -0.03693468
1.25300000 -0.03675886
1.25400000 -0.03658400
1.25500000 -0.03641011
1.25600000 -0.03623718
1.25700000 -0.03606521
1.25800000 -0.03589419
1.25900000 -0.03572411
1.26000000 -0.03555496
1.26100000 -0.03538675
1.26200000 -0.03521946
1.26300000 -0.03505309
1.26400000 -0.03488764
1.26500000 -0.03472309
1.26600000 -0.03455945
1.26700000 -0.03439670
1.26800000 -0.03423484
1.26900000 -0.03407387
1.27000000 -0.03391378
1.27100000 -0.03375457
1.27200000 -0.03359622
1.27300000 -0.03343874
1.27400000 -0.03328211
1.27500000 -0.03312634
1.27600000 -0.03297142
1.27700000 -0.03281733
1.27800000 -0.03266409
1.27900000 -0.03251168
1.28000000 -0.03236009
1.28100000 -0.03220933
1.28200000 -0.03205938
1.28300000 -0.03191025
1.28400000 -0.03176192
1.28500000 -0.03161440
1.28600000 -0.03146767
1.28700000 -0.03132173
1.28800000 -0.03117658
1.28900000 -0.03103221
1.29000000 -0.03088862
1.29100000 -0.03074581
1.29200000 -0.03060376
1.29300000 -0.03046247
1.29400000 -0.03032194
1.29500000 -0.03018217
1.29600000 -0.03004315
1.29700000 -0.02990487
1.29800000 -0.02976733
1.29900000 -0.02963053
1.30000000 -0.02949445
1.30100000 -0.02935911
1.30200000 -0.02922449
1.30300000 -0.02909058
1.30400000 -0.02895739
1.30500000 -0.02882491
1.30600000 -0.02869314
1.30700000 -0.02856206
1.30800000 -0.02843168
1.30900000 -0.02830199
1.31000000 -0.02817300
1.31100000 -0.02804468
1.31200000 -0.02791705
1.31300000 -0.02779009
1.31400000 -0.02766380
1.31500000 -0.02753818
1.31600000 -0.02741323
1.31700000 -0.02728893
1.31800000 -0.02716529
1.31900000 -0.02704230
1.32000000 -0.02691996
1.32100000 -0.02679826
1.32200000 -0.02667721
1.32300000 -0.02655678
1.32400000 -0.02643700
1.32500000 -0.02631784
1.32600000 -0.02619930
1.32700000 -0.02608139
1.32800000 -0.02596409
1.32900000 -0.02584741
1.33000000 -0.02573134
1.33100000 -0.02561587
1.33200000 -0.02550101
1.33300000 -0.02538675
1.33400000 -0.02527308
1.33500000 -0.02516000
1.33600000 -0.02504751
1.33700000 -0.02493561
1.33800000 -0.02482429
1.33900000 -0.02471355
1.34000000 -0.02460338
1.34100000 -0.02449379
1.34200000 -0.02438476
1.34300000 -0.02427630
1.34400000 -0.02416840
1.34500000 -0.02406105
1.34600000 -0.02395427
1.34700000 -0.02384803
1.34800000 -0.02374234
1.34900000 -0.02363720
1.35000000 -0.02353260
1.35100000 -0.02342853
1.35200000 -0.02332501
1.35300000 -0.02322201
1.35400000 -0.02311955
1.35500000 -0.02301761
1.35600000 -0.02291619
1.35700000 -0.02281529
1.35800000 -0.02271491
1.35900000 -0.02261505
1.36000000 -0.02251569
1.36100000 -0.02241685
1.36200000 -0.02231851
1.36300000 -0.02222067
1.36400000 -0.02212333
1.36500000 -0.02202648
1.36600000 -0.02193013
1.36700000 -0.02183427
1.36800000 -0.02173890
1.36900000 -0.02164401
1.37000000 -0.02154961
1.37100000 -0.02145568
1.37200000 -0.02136223
1.37300000 -0.02126926
1.37400000 -0.02117675
1.37500000 -0.02108472
1.37600000 -0.02099315
1.37700000 -0.02090204
1.37800000 -0.02081139
1.37900000 -0.02072120
1.38000000 -0.02063147
1.38100000 -0.02054218
1.38200000 -0.02045335
1.38300000 -0.02036496
1.38400000 -0.02027702
1.38500000 -0.02018952
1.38600000 -0.02010246
1.38700000 -0.02001584
1.38800000 -0.01992965
1.38900000 -0.01984390
1.39000000 -0.01975857
1.39100000 -0.01967367
1.39200000 -0.01958920
1.39300000 -0.01950514
1.39400000 -0.01942151
1.39500000 -0.01933830
1.39600000 -0.01925550
1.39700000 -0.01917311
1.39800000 -0.01909113
1.39900000 -0.01900956
1.40000000 -0.01892840
1.40100000 -0.01884764
1.40200000 -0.01876728
1.40300000 -0.01868732
1.40400000 -0.01860776
1.40500000 -0.01852859
1.40600000 -0.01844981
1.40700000 -0.01837143
1.40800000 -0.01829343
1.40900000 -0.01821581
1.41000000 -0.01813858
1.41100000 -0.01806174
1.41200000 -0.01798527
1.41300000 -0.01790917
1.41400000 -0.01783346
1.41500000 -0.01775811
1.41600000 -0.01768314
1.41700000 -0.01760853
1.41800000 -0.01753429
1.41900000 -0.01746041
1.42000000 -0.01738690
1.42100000 -0.01731375
1.42200000 -0.01724096
1.42300000 -0.01716852
1.42400000 -0.01709643
1.42500000 -0.01702470
1.42600000 -0.01695332
1.42700000 -0.01688229
1.42800000 -0.01681161
1.42900000 -0.01674126
1.43000000 -0.01667127
1.43100000 -0.01660161
1.43200000 -0.01653229
1.43300000 -0.01646331
1.43400000 -0.01639466
1.43500000 -0.01632635
1.43600000 -0.01625837
1.43700000 -0.01619072
1.43800000 -0.01612339
1.43900000 -0.01605639
1.44000000 -0.01598972
1.44100000 -0.01592337
1.44200000 -0.01585734
1.44300000 -0.01579162
1.44400000 -0.01572623
1.44500000 -0.01566115
1.44600000 -0.01559638
1.44700000 -0.01553193
1.44800000 -0.01546779
1.44900000 -0.01540395
1.45000000 -0.01534042
1.45100000 -0.01527720
1.45200000 -0.01521428
1.45300000 -0.01515166
1.45400000 -0.01508934
1.45500000 -0.01502732
1.45600000 -0.01496560
1.45700000 -0.01490417
1.45800000 -0.01484304
1.45900000 -0.01478220
1.46000000 -0.01472164
1.46100000 -0.01466138
1.46200000 -0.01460141
1.46300000 -0.01454172
1.46400000 -0.01448231
1.46500000 -0.01442319
1.46600000 -0.01436435
1.46700000 -0.01430578
1.46800000 -0.01424750
1.46900000 -0.01418949
1.47000000 -0.01413176
1.47100000 -0.01407430
1.47200000 -0.01401711
1.47300000 -0.01396020
1.47400000 -0.01390355
1.47500000 -0.01384717
1.47600000 -0.01379106
1.47700000 -0.01373521
1.47800000 -0.01367962
1.47900000 -0.01362430
1.48000000 -0.01356924
1.48100000 -0.01351444
1.48200000 -0.01345989
1.48300000 -0.01340560
1.48400000 -0.01335157
1.48500000 -0.01329779
1.48600000 -0.01324426
1.48700000 -0.01319098
1.48800000 -0.01313796
1.48900000 -0.01308518
1.49000000 -0.01303265
1.49100000 -0.01298036
1.49200000 -0.01292832
1.49300000 -0.01287652
1.49400000 -0.01282496
1.49500000 -0.01277364
1.49600000 -0.01272257
1.49700000 -0.01267173
1.49800000 -0.01262112
1.49900000 -0.01257076
1.50000000 -0.01252062
1.50100000 -0.01247072
1.50200000 -0.01242105
1.50300000 -0.01237161
1.50400000 -0.01232240
1.50500000 -0.01227342
1.50600000 -0.01222467
1.50700000 -0.01217614
1.50800000 -0.01212783
1.50900000 -0.01207975
1.51000000 -0.01203189
1.51100000 -0.01198425
1.51200000 -0.01193684
1.51300000 -0.01188964
1.51400000 -0.01184265
1.51500000 -0.01179589
1.51600000 -0.01174933
1.51700000 -0.01170300
1.51800000 -0.01165687
1.51900000 -0.01161096
1.52000000 -0.01156526
1.52100000 -0.01151976
1.52200000 -0.01147448
1.52300000 -0.01142940
1.52400000 -0.01138453
1.52500000 -0.01133987
1.52600000 -0.01129541
1.52700000 -0.01125115
1.52800000 -0.01120709
1.52900000 -0.01116324
1.53000000 -0.01111958
1.53100000 -0.01107613
1.53200000 -0.01103287
1.53300000 -0.01098981
1.53400000 -0.01094694
1.53500000 -0.01090427
1.53600000 -0.01086179
1.53700000 -0.01081951
1.53800000 -0.01077741
1.53900000 -0.01073551
1.54000000 -0.01069380
1.54100000 -0.01065228
1.54200000 -0.01061094
1.54300000 -0.01056979
1.54400000 -0.01052883
1.54500000 -0.01048805
1.54600000 -0.01044746
1.54700000 -0.01040705
1.54800000 -0.01036682
1.54900000 -0.01032677
1.55000000 -0.01028690
1.55100000 -0.01024722
1.55200000 -0.01020771
1.55300000 -0.01016837
1.55400000 -0.01012922
1.55500000 -0.01009024
1.55600000 -0.01005143
1.55700000 -0.01001280
1.55800000 -0.00997434
1.55900000 -0.00993606
1.56000000 -0.00989794
1.56100000 -0.00986000
1.56200000 -0.00982222
1.56300000 -0.00978462
1.56400000 -0.00974718
1.56500000 -0.00970991
1.56600000 -0.00967280
1.56700000 -0.00963586
1.56800000 -0.00959908
1.56900000 -0.00956247
1.57000000 -0.00952602
1.57100000 -0.00948973
1.57200000 -0.00945360
1.57300000 -0.00941764
1.57400000 -0.00938183
1.57500000 -0.00934618
1.57600000 -0.00931069
1.57700000 -0.00927536
1.57800000 -0.00924018
1.57900000 -0.00920516
1.58000000 -0.00917029
1.58100000 -0.00913557
1.58200000 -0.00910101
1.58300000 -0.00906661
1.58400000 -0.00903235
1.58500000 -0.00899824
1.58600000 -0.00896429
1.58700000 -0.00893048
1.58800000 -0.00889682
1.58900000 -0.00886331
1.59000000 -0.00882995
1.59100000 -0.00879673
1.59200000 -0.00876366
1.59300000 -0.00873074
1.59400000 -0.00869795
1.59500000 -0.00866531
1.59600000 -0.00863282
1.59700000 -0.00860046
1.59800000 -0.00856825
1.59900000 -0.00853618
1.60000000 -0.00850425
1.60100000 -0.00847245
1.60200000 -0.00844080
1.60300000 -0.00840928
1.60400000 -0.00837790
1.60500000 -0.00834666
1.60600000 -0.00831555
1.60700000 -0.00828458
1.60800000 -0.00825374
1.60900000 -0.00822304
1.61000000 -0.00819247
1.61100000 -0.00816203
1.61200000 -0.00813172
1.61300000 -0.00810154
1.61400000 -0.00807150
1.61500000 -0.00804158
1.61600000 -0.00801180
1.61700000 -0.00798214
1.61800000 -0.00795261
1.61900000 -0.00792321
1.62000000 -0.00789393
1.62100000 -0.00786478
1.62200000 -0.00783576
1.62300000 -0.00780686
1.62400000 -0.00777808
1.62500000 -0.00774943
1.62600000 -0.00772090
1.62700000 -0.00769250
1.62800000 -0.00766421
1.62900000 -0.00763605
1.63000000 -0.00760800
1.63100000 -0.00758008
1.63200000 -0.00755228
1.63300000 -0.00752459
1.63400000 -0.00749703
1.63500000 -0.00746958
1.63600000 -0.00744225
1.63700000 -0.00741503
1.63800000 -0.00738793
1.63900000 -0.00736095
1.64000000 -0.00733408
1.64100000 -0.00730733
1.64200000 -0.00728069
1.64300000 -0.00725416
1.64400000 -0.00722774
1.64500000 -0.00720144
1.64600000 -0.00717525
1.64700000 -0.00714917
1.64800000 -0.00712320
1.64900000 -0.00709734
1.65000000 -0.00707159
1.65100000 -0.00704595
1.65200000 -0.00702041
1.65300000 -0.00699499
1.65400000 -0.00696967
1.65500000 -0.00694446
1.65600000 -0.00691936
1.65700000 -0.00689436
1.65800000 -0.00686946
1.65900000 -0.00684467
1.66000000 -0.00681999
1.66100000 -0.00679541
1.66200000 -0.00677093
1.66300000 -0.00674655
1.66400000 -0.00672228
1.66500000 -0.00669811
1.66600000 -0.00667404
1.66700000 -0.00665007
1.66800000 -0.00662620
1.66900000 -0.00660243
1.67000000 -0.00657876
1.67100000 -0.00655519
1.67200000 -0.00653172
1.67300000 -0.00650835
1.67400000 -0.00648507
1.67500000 -0.00646189
1.67600000 -0.00643881
1.67700000 -0.00641582
1.67800000 -0.00639293
1.67900000 -0.00637013
1.68000000 -0.00634743
1.68100000 -0.00632482
1.68200000 -0.00630231
1.68300000 -0.00627989
1.68400000 -0.00625756
1.68500000 -0.00623533
1.68600000 -0.00621318
1.68700000 -0.00619113
1.68800000 -0.00616917
1.68900000 -0.00614730
1.69000000 -0.00612553
1.69100000 -0.00610384
1.69200000 -0.00608224
1.69300000 -0.00606073
1.69400000 -0.00603931
1.69500000 -0.00601797
1.69600000 -0.00599673
1.69700000 -0.00597557
1.69800000 -0.00595450
1.69900000 -0.00593351
1.70000000 -0.00591262
1.70100000 -0.00589180
1.70200000 -0.00587108
1.70300000 -0.00585044
1.70400000 -0.00582988
1.70500000 -0.00580940
1.70600000 -0.00578902
1.70700000 -0.00576871
1.70800000 -0.00574849
1.70900000 -0.00572835
1.71000000 -0.00570829
1.71100000 -0.00568831
1.71200000 -0.00566842
1.71300000 -0.00564860
1.71400000 -0.00562887
1.71500000 -0.00560922
1.71600000 -0.00558964
1.71700000 -0.00557015
1.71800000 -0.00555074
1.71900000 -0.00553140
1.72000000 -0.00551215
1.72100000 -0.00549297
1.72200000 -0.00547387
1.72300000 -0.00545484
1.72400000 -0.00543590
1.72500000 -0.00541703
1.72600000 -0.00539824
1.72700000 -0.00537952
1.72800000 -0.00536088
1.72900000 -0.00534231
1.73000000 -0.00532382
1.73100000 -0.00530540
1.73200000 -0.00528706
1.73300000 -0.00526879
1.73400000 -0.00525060
1.73500000 -0.00523248
1.73600000 -0.00521443
1.73700000 -0.00519645
1.73800000 -0.00517855
1.73900000 -0.00516071
1.74000000 -0.00514295
1.74100000 -0.00512526
1.74200000 -0.00510765
1.74300000 -0.00509010
1.74400000 -0.00507262
1.74500000 -0.00505521
1.74600000 -0.00503788
1.74700000 -0.00502061
1.74800000 -0.00500341
1.74900000 -0.00498628
1.75000000 -0.00496921
1.75100000 -0.00495222
1.75200000 -0.00493529
1.75300000 -0.00491843
1.75400000 -0.00490164
1.75500000 -0.00488492
1.75600000 -0.00486826
1.75700000 -0.00485166
1.75800000 -0.00483514
1.75900000 -0.00481868
1.76000000 -0.00480228
1.76100000 -0.00478595
1.76200000 -0.00476968
1.76300000 -0.00475348
1.76400000 -0.00473735
1.76500000 -0.00472127
1.76600000 -0.00470526
1.76700000 -0.00468931
1.76800000 -0.00467343
1.76900000 -0.00465761
1.77000000 -0.00464185
1.77100000 -0.00462615
1.77200000 -0.00461052
1.77300000 -0.00459495
1.77400000 -0.00457944
1.77500000 -0.00456399
1.77600000 -0.00454860
1.77700000 -0.00453327
1.77800000 -0.00451800
1.77900000 -0.00450279
1.78000000 -0.00448764
1.78100000 -0.00447255
1.78200000 -0.00445752
1.78300000 -0.00444254
1.78400000 -0.00442763
1.78500000 -0.00441278
1.78600000 -0.00439798
1.78700000 -0.00438324
1.78800000 -0.00436856
1.78900000 -0.00435393
1.79000000 -0.00433937
1.79100000 -0.00432486
1.79200000 -0.00431040
1.79300000 -0.00429600
1.79400000 -0.00428166
1.79500000 -0.00426738
1.79600000 -0.00425315
1.79700000 -0.00423897
1.79800000 -0.00422485
1.79900000 -0.00421079
1.80000000 -0.00419678
1.80100000 -0.00418282
1.80200000 -0.00416892
1.80300000 -0.00415507
1.80400000 -0.00414128
1.80500000 -0.00412754
1.80600000 -0.00411385
1.80700000 -0.00410021
1.80800000 -0.00408663
1.80900000 -0.00407310
1.81000000 -0.00405962
1.81100000 -0.00404620
1.81200000 -0.00403282
1.81300000 -0.00401950
1.81400000 -0.00400623
1.81500000 -0.00399301
1.81600000 -0.00397984
1.81700000 -0.00396672
1.81800000 -0.00395365
1.81900000 -0.00394064
1.82000000 -0.00392767
1.82100000 -0.00391475
1.82200000 -0.00390188
1.82300000 -0.00388906
1.82400000 -0.00387629
1.82500000 -0.00386357
1.82600000 -0.00385090
1.82700000 -0.00383827
1.82800000 -0.00382570
1.82900000 -0.00381317
1.83000000 -0.00380069
1.83100000 -0.00378826
1.83200000 -0.00377587
1.83300000 -0.00376353
1.83400000 -0.00375124
1.83500000 -0.00373900
1.83600000 -0.00372680
1.83700000 -0.00371465
1.83800000 -0.00370254
1.83900000 -0.00369049
1.84000000 -0.00367847
1.84100000 -0.00366650
1.84200000 -0.00365458
1.84300000 -0.00364271
1.84400000 -0.00363087
1.84500000 -0.00361909
1.84600000 -0.00360734
1.84700000 -0.00359565
1.84800000 -0.00358399
1.84900000 -0.00357238
1.85000000 -0.00356082
1.85100000 -0.00354929
1.85200000 -0.00353781
1.85300000 -0.00352638
1.85400000 -0.00351499
1.85500000 -0.00350364
1.85600000 -0.00349233
1.85700000 -0.00348106
1.85800000 -0.00346984
1.85900000 -0.00345866
1.86000000 -0.00344752
1.86100000 -0.00343643
1.86200000 -0.00342537
1.86300000 -0.00341436
1.86400000 -0.00340339
1.86500000 -0.00339246
1.86600000 -0.00338157
1.86700000 -0.00337072
1.86800000 -0.00335991
1.86900000 -0.00334914
1.87000000 -0.00333841
1.87100000 -0.00332773
1.87200000 -0.00331708
1.87300000 -0.00330647
1.87400000 -0.00329590
1.87500000 -0.00328537
1.87600000 -0.00327488
1.87700000 -0.00326443
1.87800000 -0.00325402
1.87900000 -0.00324365
1.88000000 -0.00323331
1.88100000 -0.00322301
1.88200000 -0.00321276
1.88300000 -0.00320254
1.88400000 -0.00319235
1.88500000 -0.00318221
1.88600000 -0.00317210
1.88700000 -0.00316203
1.88800000 -0.00315200
1.88900000 -0.00314201
1.89000000 -0.00313205
1.89100000 -0.00312213
1.89200000 -0.00311224
1.89300000 -0.00310239
1.89400000 -0.00309258
1.89500000 -0.00308281
1.89600000 -0.00307307
1.89700000 -0.00306336
1.89800000 -0.00305369
1.89900000 -0.00304406
1.90000000 -0.00303446
1.90100000 -0.00302490
1.90200000 -0.00301538
1.90300000 -0.00300588
1.90400000 -0.00299643
1.90500000 -0.00298700
1.90600000 -0.00297762
1.90700000 -0.00296826
1.90800000 -0.00295894
1.90900000 -0.00294966
1.91000000 -0.00294041
1.91100000 -0.00293119
1.91200000 -0.00292201
1.91300000 -0.00291286
1.91400000 -0.00290374
1.91500000 -0.00289466
1.91600000 -0.00288561
1.91700000 -0.00287659
1.91800000 -0.00286761
1.91900000 -0.00285865
1.92000000 -0.00284974
1.92100000 -0.00284085
1.92200000 -0.00283200
1.92300000 -0.00282317
1.92400000 -0.00281438
1.92500000 -0.00280562
1.92600000 -0.00279690
1.92700000 -0.00278820
1.92800000 -0.00277954
1.92900000 -0.00277091
1.93000000 -0.00276231
1.93100000 -0.00275374
1.93200000 -0.00274520
1.93300000 -0.00273669
1.93400000 -0.00272822
1.93500000 -0.00271977
1.93600000 -0.00271135
1.93700000 -0.00270297
1.93800000 -0.00269461
1.93900000 -0.00268629
1.94000000 -0.00267799
1.94100000 -0.00266973
1.94200000 -0.00266149
1.94300000 -0.00265329
1.94400000 -0.00264511
1.94500000 -0.00263696
1.94600000 -0.00262885
1.94700000 -0.00262076
1.94800000 -0.00261270
1.94900000 -0.00260467
1.95000000 -0.00259666
1.95100000 -0.00258869
1.95200000 -0.00258075
1.95300000 -0.00257283
1.95400000 -0.00256494
1.95500000 -0.00255708
1.95600000 -0.00254925
1.95700000 -0.00254145
1.95800000 -0.00253367
1.95900000 -0.00252592
1.96000000 -0.00251820
1.96100000 -0.00251051
1.96200000 -0.00250284
1.96300000 -0.00249521
1.96400000 -0.00248759
1.96500000 -0.00248001
1.96600000 -0.00247245
1.96700000 -0.00246492
1.96800000 -0.00245742
1.96900000 -0.00244994
1.97000000 -0.00244249
1.97100000 -0.00243507
1.97200000 -0.00242767
1.97300000 -0.00242030
1.97400000 -0.00241295
1.97500000 -0.00240563
1.97600000 -0.00239834
1.97700000 -0.00239107
1.97800000 -0.00238383
1.97900000 -0.00237661
1.98000000 -0.00236942
1.98100000 -0.00236226
1.98200000 -0.00235512
1.98300000 -0.00234800
1.98400000 -0.00234091
1.98500000 -0.00233385
1.98600000 -0.00232681
1.98700000 -0.00231979
1.98800000 -0.00231280
1.98900000 -0.00230583
1.99000000 -0.00229889
1.99100000 -0.00229197
1.99200000 -0.00228508
1.99300000 -0.00227821
1.99400000 -0.00227137
1.99500000 -0.00226455
1.99600000 -0.00225775
1.99700000 -0.00225098
1.99800000 -0.00224423
1.99900000 -0.00223750
2.00000000 -0.00223080
